,900,897,894,891,888,885,882,879,876,873,870,867,864,861,858,855,852,849,846,843,840,837,834,831,828,825,822,819,816,813,810,807,804,801,798,795,792,789,786,783,780,777,774,771,768,765,762,759,756,753,750,747,744,741,738,735,732,729,726,723,720,717,714,711,708,705,702,699,696,693,690,687,684,681,678,675,672,669,666,663,660,657,654,651,648,645,642,639,636,633,630,627,624,621,618,615,612,609,606,603,600,597,594,591,588,585,582,579,576,573,570,567,564,561,558,555,552,549,546,543,540,537,534,531,528,525,522,519,516,513,510,507,504,501,498,495,492,489,486,483,480,477,474,471,468,465,462,459,456,453,450,447,444,441,438,435,432,429,426,423,420,417,414,411,408,405,402,399,396,393,390,387,384,381,378,375,372,369,366,363,360,357,354,351,348,345,342,339,336,333,330,327,324,321,318,315,312,309,306,303,300,297,294,291,288,285,282,279,276,273,270,267,264,261,258,255,252,249,246,243,240,237,234,231,228,225,222,219,216,213,210,207,204,201,198,195,192,189,186,183,180,177,174,171,168,165,162,159,156,153,150,147,144,141,138,135,132,129,126,123,120,117,114,111,108,105,102,99,96,93,90,87,84,81,78,75,72,69,66,63,60,57,54,51,48,45,42,39,36,33,30,27,24,21,18,15,12,9,6,3,0
7705.0,-139616169186029.1,-138921566269861.25,-138226272940076.52,-137530310084174.33,-136833698884930.1,-136136460820947.75,-135438617667174.69,-134740191495380.67,-134041204674597.55,-133341679871520.97,-132641640050872.11,-131941108475720.0,-131240108707761.58,-130538664607561.0,-129836800334746.03,-129134540348160.98,-128431909405974.89,-127728932565745.23,-127025635184435.52,-126322042918385.34,-125618181723233.12,-124914077853789.45,-124209757863860.72,-123505248606022.1,-122800577231338.06,-122095771189029.88,-121390858226089.47,-120685866386836.8,-119980824012421.94,-119275759740268.27,-118570702503456.9,-117865681530051.19,-117160726342358.36,-116455866756129.3,-115751132879692.34,-115046555113021.62,-114342164146737.78,-113637990961038.48,-112934066824559.06,-112230423293159.17,-111527092208635.88,-110824105697359.31,-110121496168831.11,-109419296314161.03,-108717539104462.45,-108016257789162.38,-107315485894224.67,-106615257220284.53,-105915605840690.97,-105216566099455.25,-104518172609102.69,-103820460248425.47,-103123464160132.55,-102427219748394.84,-101731762676283.14,-101037128863093.5,-100343354481559.17,-99650475954945.0,-98958529954019.55,-98267553393903.73,-97577583430790.14,-96888657458529.84,-96200813105083.9,-95514088228832.7,-94828520914741.66,-94144149470377.3,-93461012421769.11,-92779148509112.53,-92098596682309.06,-91419396096336.27,-90741586106444.84,-90065206263174.67,-89390296307186.75,-88716896163903.25,-88045045937949.58,-87374785907393.77,-86706156517775.1,-86039198375915.83,-85373952243508.78,-84710459030474.23,-84048759788077.97,-83388895701803.19,-82730908083968.3,-82074838366082.78,-81420728090931.66,-80768618904381.7,-80118552546898.55,-79470570844766.97,-78824715701004.14,-78181029085956.55,-77539553027570.03,-76900329601323.62,-76263400919815.6,-75628809121991.84,-74996596362004.66,-74366804797691.48,-73739476578660.94,-73114653833974.98,-72492378659414.75,-71872693104317.66,-71255639157972.42,-70641258735560.27,-70029593663627.17,-69420685665076.234,-68814576343662.48,-68211307167980.61,-67610919454927.38,-67013454352627.03,-66418952822802.58,-65827455622580.15,-65239003285709.805,-64653636103188.08,-64071394103266.18,-63492317030829.33,-62916444326130.48,-62343815102862.23,-61774468125552.516,-61208441786266.5,-60645774080599.445,-60086502582944.086,-59530664421017.19,-58978296249628.31,-58429434223675.84,-57884113970354.164,-57342370560556.77,-56804238479459.38,-56269751596268.74,-55738943133122.18,-55211845633123.33,-54688490927500.55,-54168910101874.2,-53653133461620.35,-53141190496318.36,-52633109843270.59,-52128919250084.01,-51628645536302.88,-51132314554084.35,-50639951147907.58,-50151579113310.46,-49667221154647.34,-49186898841862.89,-48710632566279.24,-48238441495393.79,-47770343526687.63,-47306355240445.21,-46846491851588.53,-46390767160530.016,-45939193503051.016,-45491781699214.055,-45048541001319.81,-44609479040921.695,-44174601774913.336,-43743913430706.42,-43317416450519.98,-42895111434803.32,-42476997084819.54,-42063070144417.21,-41653325341023.57,-41247755325893.414,-40846350613652.516,-40449099521177.34,-40055988105856.98,-39667000103285.65,-39282116864439.695,-38901317292395.12,-38524577778647.266,-38151872139097.54,-37783171549776.55,-37418444482377.47,-37057656639678.83,-36700770890938.414,-36347747207347.945,-35998542597640.11,-35653111043946.75,-35311403438011.45,-34973367517865.28,-34638947805079.996,-34308085542719.402,-33980718634114.887,-33656781582598.05,-33336205432329.45,-33018917710370.15,-32704842370148.746,-32393899736485.91,-32086006452344.688,-31781075427484.98,-31479015789209.074,-31179732835394.79,-30883127990023.887,-30589098761424.742,-30297538703459.98,-30008337379904.574,-29721380332273.227,-29436549051373.047,-29153720952874.363,-28872769357212.777,-28593563474155.727,-28315968392391.71,-28039845074525.066,-27765050357888.277,-27491436961615.527,-27218853500455.438,-26947144505839.57,-26676150454765.38,-26405707807098.586,-26135649051951.152,-25865802763846.33,-25595993669443.93,-25326042725665.23,-25055767210129.875,-24784980824895.664,-24513493814577.746,-24241113100015.746,-23967642428756.594,-23692882543726.35,-23416631371577.887,-23138684232320.93,-22858834071966.797,-22576871720053.387,-22292586174052.92,-22005764912807.156,-21716194241279.92,-21423659669063.113,-21127946325217.93,-20828839412175.918,-20526124701560.582,-20219589074916.246,-19909021112443.793,-19594211732934.74,-19274954888163.305,-18951048315031.496,-18622294348758.145,-18288500800351.027,-17949481901490.816,-17605059319777.25,-17255063247029.637,-16899333562982.262,-16537721076259.111,-16170088843935.377,-15796313570283.51,-15416287084443.934,-15029917895741.25,-14637132824175.797,-14237878702244.844,-13832124142683.992,-13419861364962.967,-13001108071427.24,-12575909361857.625,-12144339672950.395,-11706504726832.414,-11262543470275.912,-10812629983834.482,-10356975337785.363,-9895829369656.523,-9429482356402.256,-8958266553167.309,-8482557570297.415,-8002775561115.604,-7519386195362.561,-7032901397541.235,-6543879836255.611,-6052927160646.684,-5560695994003.249,-5067885713541.819,-4575242070420.124,-4083556736797.6562,-3593666909119.719,-3106455151268.4673,-2622849731022.4336,-2143825792578.3584,-1670407822117.299,-1203674009391.909,-744763294509.6665,-294886125332.18115,144659752376.0542,572466783851.208,986986246755.5695,1386485419439.9978,1768990131034.1162,2132209103559.0657,2473436314110.1265,2789428026001.4634,3076252735406.007,3329115961196.904,3542168905735.7954,3708322331192.882,3819106647662.6895,3864648144051.5317,3833870335071.199,3715077211009.1265,3497129181634.4126,3171487437345.1465,2735515568625.8716,2197691667868.6987,1585871619571.7869,959603993436.0895,421382318399.0324,94472222911.29794,3644277508.1221423,91651.13754053642,0.0
7702.5,-144213689558172.0,-143504319795129.56,-142794114018830.8,-142083092795653.12,-141371277006099.72,-140658687845626.62,-139945346825434.73,-139231275773226.06,-138516496833922.0,-137801032470345.17,-137084905463862.4,-136368138914989.27,-135650756243953.67,-134932781191220.2,-134214237817972.9,-133495150506555.52,-132775543960869.03,-132055443206725.69,-131334873592158.36,-130613860787684.45,-129892430786523.28,-129170609904766.44,-128448424781499.92,-127725902378876.69,-127003069982139.84,-126279955199593.55,-125556585962522.75,-124832990525058.62,-124109197463990.25,-123385235678520.14,-122661134389963.25,-121936923141387.62,-121212631797195.83,-120488290542646.39,-119763929883311.62,-119039580644473.56,-118315273970454.42,-117591041323880.33,-116866914484877.66,-116142925550199.39,-115419106932280.58,-114695491358220.2,-113972111868689.19,-113249001816760.61,-112526194866662.27,-111803724992448.27,-111081626476587.44,-110359933908468.16,-109638682182814.38,-108917906498013.75,-108197642354352.95,-107477925552158.9,-106758792189843.1,-106040278661845.67,-105322421656478.38,-104605258153659.98,-103888825422544.97,-103173161019039.84,-102458302783204.44,-101744288836534.95,-101031157579125.55,-100318947686703.39,-99607698107535.89,-98897448059202.52,-98188237025231.12,-97480104751591.5,-96773091243042.95,-96067236759331.1,-95362581811229.36,-94659167156419.58,-93957033795207.64,-93256222966067.11,-92556776141007.39,-91858735020759.47,-91162141529772.84,-90467037811018.62,-89773466220592.6,-89081469322109.4,-88391089880884.39,-87702370857892.92,-87015355403501.84,-86330086850964.86,-85646608709673.6,-84964964658157.19,-84285198536820.98,-83607354340416.84,-82931476210234.84,-82257608426008.4,-81585795397522.44,-80916081655915.31,-80248511844664.14,-79583130710243.08,-78919983092443.98,-78259113914348.8,-77600568171941.0,-76944390923346.39,-76290627277689.33,-75639322383552.95,-74990521417031.27,-74344269569359.02,-73700612034106.55,-73059593993925.95,-72421260606834.58,-71785656992021.86,-71152828215163.38,-70522819273229.7,-69895675078771.98,-69271440443671.07,-68650160062332.38,-68031878494311.33,-67416640146352.84,-66804489253827.44,-66195469861547.43,-65589625803946.02,-64987000684601.31,-64387637855087.266,-63791580393134.62,-63198871080082.664,-62609552377603.76,-62023666403682.195,-61441254907829.13,-60862359245514.18,-60287020351795.48,-59715278714129.54,-59147174344341.82,-58582746749739.36,-58022034903347.15,-57465077213249.59,-56911911491018.664,-56362574919211.234,-55817104017916.85,-55275534610339.766,-54737901787397.234,-54204239871317.83,-53674582378223.8,-53148961979682.16,-52627410463209.32,-52109958691715.49,-51596636561875.625,-51087472961414.57,-50582495725294.77,-50081731590796.74,-49585206151482.7,-49092943810035.9,-48604967729968.69,-48121299786194.68,-47641960514460.9,-47166969059638.9,-46696343122873.94,-46230098907594.11,-45768251064383.93,-45310812634726.984,-44857794993627.1,-44409207791117.3,-43965058892669.93,-43525354318524.23,-43090098181947.25,-42659292626452.164,-42232937761995.59,-41811031600181.83,-41393569988504.65,-40980546543659.6,-40571952583964.33,-40167777060927.49,-39768006490010.555,-39372624880630.94,-38981613665458.51,-38594951629061.984,-38212614835965.62,-37834576558181.51,-37460807202286.21,-37091274236116.91,-36725942115165.02,-36364772208751.81,-36007722726074.5,-35654748642217.56,-35305801624228.65,-34960829957364.7,-34619778471619.223,-34282588468648.65,-33949197649221.06,-33619540041318.22,-33293545929027.89,-32971141782372.285,-32652250188224.633,-32336789782475.65,-32024675183620.008,-31715816927942.504,-31410121406494.29,-31107490804060.56,-30807823040333.027,-30511011713514.65,-30216946046597.44,-29925510836571.473,-29636586406839.52,-29350048563132.406,-29065768553240.582,-28783613030901.938,-28503444024211.805,-28225118908950.402,-27948490387255.434,-27673406472103.46,-27399710478103.332,-27127241019149.336,-26855832013530.418,-26585312697145.8,-26315507645537.1,-26046236805512.355,-25777315537210.082,-25508554667530.41,-25239760555947.22,-24970735173809.617,-24701276198344.934,-24431177122686.54,-24160227383370.9,-23888212506879.043,-23614914276936.8,-23340110924437.58,-23063577342009.965,-22785085325419.664,-22504403844171.082,-22221299343856.305,-21935536082988.6,-21646876507250.3,-21355081664280.4,-21059911662321.125,-20761126176233.605,-20458485004574.098,-20151748681590.734,-19840679148150.13,-19525040485725.68,-19204599717667.8,-18879127682021.07,-18548399980143.184,-18212198005304.41,-17870310055290.125,-17522532532778.256,-17168671236901.14,-16808542748911.465,-16441975914233.97,-16068813422380.932,-15688913485218.264,-15302151612873.451,-14908422485154.287,-14507641914685.568,-14099748896053.104,-13684707733064.396,-13262510233789.912,-12833177960347.97,-12396764517458.385,-11953357860653.543,-11503082601756.266,-11046102285894.389,-10582621611035.75,-10112888557945.264,-9637196395784.104,-9155885526541.64,-8669345130427.063,-8178014574643.176,-7682384550100.13,-7182997905192.718,-6680450153481.266,-6175389643861.148,-5668517398656.31,-5160586648355.18,-4652402123076.942,-4144819202399.22,-3638743079558.02,-3135128166692.8623,-2634978059235.619,-2139346495586.2856,-1649339900479.6484,-1166122296628.6177,-690923621347.8665,-225052806986.7646,230082609001.12646,672948074264.7274,1101841937452.7588,1514840130199.0242,1909721356154.8818,2283867966437.4214,2634137578592.066,2956701357116.871,3246847629465.6587,3498755585328.0215,3705255244238.9937,3857609303506.3545,3945382696173.0303,3956508660367.4053,3877715478382.338,3695542885853.0293,3398253418152.916,2979067066696.394,2441444781111.952,1807825198159.2046,1133832448591.9365,525549561911.3674,129037797396.70657,5973422058.481532,259280.89325977437,0.0
7700.0,-148984542696534.34,-148260692540766.38,-147535854169742.3,-146810047697077.4,-146083293569117.44,-145355612566057.16,-144627025803023.3,-143897554731124.1,-143167221138461.8,-142436047151109.56,-141704055234050.94,-140971268192081.9,-140237709170674.06,-139503401656798.77,-138768369479711.58,-138032636811695.52,-137296228168762.77,-136559168411314.53,-135821482744757.45,-135083196720076.05,-134344336234360.62,-133604927531289.1,-132864997201562.3,-132124572183292.22,-131383679762341.3,-130642347572612.64,-129900603596289.72,-129158476164024.34,-128415993955073.25,-127673185997379.53,-126930081667600.89,-126186710691080.94,-125443103141764.45,-124699289442054.0,-123955300362606.88,-123211167022071.22,-122466920886761.23,-121722593770266.69,-120978217832999.58,-120233825581673.0,-119489449868712.83,-118745123891598.73,-118000881192135.62,-117256755655650.14,-116512781510114.0,-115768993325189.64,-115025426011197.73,-114282114818004.45,-113539095333825.28,-112796403483944.97,-112054075529349.4,-111312148065269.52,-110570658019631.81,-109829642651415.78,-109089139548914.11,-108349186627892.77,-107609822129649.31,-106871084618965.44,-106133012981950.89,-105395646423776.05,-104659024466289.48,-103923186945516.92,-103188174009038.53,-102454026113240.0,-101720784020434.67,-100988488795851.3,-100257181804485.11,-99526904707805.11,-98797699460316.53,-98069608305970.16,-97342673774417.08,-96616938677100.23,-95892446103181.05,-95169239415292.92,-94447362245117.17,-93726858488775.08,-93007772302030.55,-92290148095296.02,-91574030528435.81,-90859464505359.56,-90146495168399.08,-89435167892460.95,-88725528278947.0,-88017622149435.62,-87311495539114.36,-86607194689956.9,-85904766043634.3,-85204256234151.62,-84505712080201.78,-83809180577224.9,-83114708889164.72,-82422344339910.89,-81732134404416.53,-81044126699480.4,-80358368974181.27,-79674909099954.11,-78993795060294.56,-78315074940079.77,-77638796914493.03,-76965009237538.58,-76293760230132.22,-75625098267755.44,-74959071767656.38,-74295729175585.36,-73635118952046.77,-72977289558054.73,-72322289440373.95,-71670167016231.6,-71020970657481.16,-70374748674203.12,-69731549297723.8,-69091420663034.43,-68454410790592.484,-67820567567486.87,-67189938727947.15,-66562571833177.87,-65938514250498.75,-65317813131769.875,-64700515391082.26,-64086667681692.86,-63476316372183.53,-62869507521822.164,-62266286855105.875,-61666699735463.45,-61070791138096.73,-60478605621938.055,-59890187300702.59,-59305579813013.62,-58724826291578.664,-58147969331394.68,-57575050956960.56,-57006112588475.336,-56441195007000.4,-55880338318564.73,-55323581917191.766,-54770964446827.95,-54222523762152.125,-53678296888246.31,-53138319979108.68,-52602628274990.49,-52071256058538.4,-51544236609726.06,-51021602159558.055,-50503383842531.78,-49989611647842.21,-49480314369317.414,-48975519554072.62,-48475253449872.73,-47979540951194.17,-47488405543978.91,-47001869249074.914,-46519952564359.23,-46042674405541.63,-45570052045649.08,-45102101053192.88,-44638835229023.805,-44180266541880.53,-43726405062642.72,-43277258897299.09,-42832834118646.266,-42393134696735.4,-41958162428088.0,-41527916863703.93,-41102395235889.42,-40681592383934.984,-40265500678677.805,-39854109945985.71,-39447407389204.695,-39045377510614.805,-38648002031944.52,-38255259813996.055,-37867126775440.9,-37483575810846.766,-37104576708003.086,-36730096064617.195,-36360097204457.195,-35994540093023.336,-35633381252834.74,-35276573678423.625,-34924066751135.47,-34575806153838.312,-34231733785652.062,-33891787676813.746,-33555901903802.848,-33224006504857.082,-32896027396017.38,-32571886287849.03,-32251500602994.633,-31934783394724.445,-31621643266660.305,-31311984293859.945,-31005705945462.34,-30702703009107.1,-30402865517357.258,-30106078676370.684,-29812222797084.984,-29521173229200.16,-29232800298267.836,-28946969246220.66,-28663540175704.258,-28382367998607.08,-28103302389218.125,-27826187742483.62,-27550863137877.86,-27277162309453.234,-27004913622690.477,-26733940058831.19,-26464059207443.785,-26195083268049.68,-25926819061720.92,-25659068053652.887,-25391626387817.848,-25124284934917.805,-24856829354977.31,-24589040176051.215,-24320692890668.49,-24051558071790.91,-23781401510236.434,-23509984375700.47,-23237063403705.086,-22962391111014.473,-22685716042277.047,-22406783050886.67,-22125333617298.492,-21841106208285.83,-21553836680882.098,-21263258735012.086,-20969104419076.68,-20671104693010.156,-20368990053572.402,-20062491226864.8,-19751339933258.41,-19435269730087.832,-19114016937581.816,-18787321653560.17,-18454928862410.547,-18116589643751.008,-17772062485967.703,-17421114709468.504,-17063524003992.328,-16699080083633.754,-16327586462358.018,-15948862351665.305,-15562744680685.883,-15169090237323.44,-14767777927085.082,-14358711143919.994,-13941820244716.746,-13517065116070.855,-13084437818528.107,-12643965289751.904,-12195712083984.896,-11739783120837.541,-11276326411926.041,-10805535729330.42,-10327653175426.22,-9842971609599.244,-9351836883989.283,-8854649838124.11,-8351868001596.851,-7844006955434.957,-7331641307281.647,-6815405243917.732,-6295992638174.236,-5774156707383.494,-5250709249003.914,-4726519518209.879,-4202512864952.3623,-3679669317982.312,-3159022395406.769,-2641658541828.907,-2128717749287.604,-1621396123863.8518,-1120951425829.1602,-628712955807.2308,-146097602805.61737,325365566671.4739,783999098906.6945,1227925404142.844,1654994607426.4773,2062686201421.2727,2447978022800.366,2807176139929.1133,3135700933016.22,3427829429924.939,3676404068535.746,3872536588177.163,4005366401150.944,4061978867905.033,4027651447402.203,3886672049625.793,3624062923259.3745,3228674744760.91,2698429010809.3926,2049312787263.793,1331085696348.8843,650392713641.4658,174503925687.1884,9652928124.543434,713962.9850432903,0.0
7697.5,-153932801461317.38,-153194818979261.84,-152455689858787.78,-151715433621592.5,-150974070140351.72,-150231619640143.7,-149488102699840.62,-148743540253466.53,-147997953591519.75,-147251364362260.97,-146503794572965.34,-145755266591138.44,-145005803145693.5,-144255427328092.75,-143504162593448.72,-142752032761586.56,-141999062018065.94,-141245274915162.1,-140490696372805.58,-139735351679478.81,-138979266493069.73,-138222466841681.14,-137464979124394.75,-136706830111989.92,-135948046947615.06,-135188657147411.66,-134428688601089.6,-133668169572452.75,-132907128699874.5,-132145594996720.78,-131383597851721.47,-130621167029287.48,-129858332669773.28,-129095125289683.78,-128331575781823.6,-127567715415388.19,-126803575835996.28,-126039189065659.78,-125274587502693.67,-124509803921560.61,-123744871472651.8,-122979823682000.62,-122214694450929.31,-121449518055625.02,-120684329146645.94,-119919162748353.73,-119154054258271.58,-118389039446366.36,-117624154454251.8,-116859435794311.86,-116094920348741.56,-115330645368503.52,-114566648472197.45,-113802967644841.4,-113039641236560.77,-112276707961184.31,-111514206894742.83,-110752177473869.34,-109990659494097.06,-109229693108052.17,-108469318823539.11,-107709577501514.25,-106950510353945.83,-106192158941554.64,-105434565171434.67,-104677771294547.58,-103921819903088.44,-103166753927717.78,-102412616634656.92,-101659451622640.69,-100907302819724.53,-100156214479939.48,-99406231179791.62,-98657397814600.55,-97909759594669.95,-97163362041286.83,-96418250982542.61,-95674472548969.31,-94932073168986.17,-94191099564148.56,-93451598744193.36,-92713618001873.5,-91977204907573.9,-91242407303702.25,-90509273298844.97,-89777851261682.39,-89048189814652.4,-88320337827354.98,-87594344409688.73,-86870258904708.62,-86148130881196.1,-85428010125931.14,-84709946635655.61,-83993990608716.92,-83280192436380.6,-82568602693800.6,-81859272130634.47,-81152251661291.19,-80447592354799.19,-79745345424280.88,-79045562216018.94,-78348294198102.66,-77653592948636.5,-76961510143499.14,-76272097543634.19,-75585406981859.34,-74901490349175.66,-74220399580561.64,-73542186640233.0,-72866903506351.53,-72194602155164.94,-71525334544557.83,-70859152596995.27,-70196108181839.586,-69536253097019.875,-68879639050032.96,-68226317638256.73,-67576340328552.0,-66929758436133.2,-66286623102683.85,-65646985273695.55,-65010895675006.35,-64378404788515.84,-63749562827052.805,-63124419708371.54,-62503025028252.21,-61885428032680.91,-61271677589084.445,-60661822156594.46,-60055909755316.27,-59453987934576.17,-58856103740122.55,-58262303680254.87,-57672633690854.7,-57087139099293.914,-56505864587194.29,-55928854152013.43,-55356151067431.81,-54787797842516.33,-54223836179636.29,-53664306931107.3,-53109250054540.086,-52558704566871.11,-52012708497053.07,-51471298837383.4,-50934511493450.49,-50402381232677.695,-49874941631446.54,-49352225020781.664,-48834262430580.67,-48321083532374.68,-47812716580605.03,-47309188352404.9,-46810524085874.875,-46316747416844.07,-45827880314110.42,-45343943013154.12,-44864953948323.43,-44390929683490.9,-43921884841182.8,-43457832030185.89,-42998781771638.78,-42544742423617.51,-42095720104228.14,-41651718613221.69,-41212739352150.43,-40778781243087.27,-40349840645933.414,-39925911274342.89,-39506984110296.8,-39093047317361.83,-38684086152674.52,-38280082877693.55,-37881016667768.11,-37486863520574.67,-37097596163477.86,-36713183959875.98,-36333592814597.04,-35958785078414.586,-35588719451758.89,-35223350887703.28,-34862630494311.42,-34506505436436.645,-34154918837070.68,-33807809678345.105,-33465112702296.137,-33126758311510.023,-32792672469774.54,-32462776602870.188,-32136987499644.215,-31815217213520.125,-31497372964607.19,-31183357042585.79,-30873066710558.92,-30566394110074.547,-30263226167541.2,-29963444502277.414,-29666925336457.88,-29373539407242.31,-29083151881400.496,-28795622272777.555,-28510804362977.72,-28228546125683.12,-27948689655068.543,-27671071098821.082,-27395520596329.645,-27121862222670.055,-26849913939081.527,-26579487550706.96,-26310388672456.586,-26042416703949.83,-25775364814597.54,-25509019940005.324,-25243162791009.137,-24977567876798.47,-24712003543741.37,-24446232031698.715,-24180009549804.32,-23913086373893.78,-23645206967987.59,-23376110132474.254,-23105529181897.34,-22833192155525.1,-22558822064173.543,-22282137177061.4,-22002851352797.223,-21720674418932.97,-21435312604860.875,-21146469033178.836,-20853844274996.84,-20557136974999.184,-20256044552404.89,-19950263984273.5,-19639492677873.766,-19323429439055.957,-19001775543728.402,-18674235919618.754,-18340520445478.285,-18000345374741.215,-17653434890354.152,-17299522797012.803,-16938354356353.486,-16569688269710.242,-16193298811826.1,-15808978117362.22,-15416538620139.47,-15015815642735.176,-14606670131304.812,-14188991527273.219,-13762700763813.572,-13327753370795.836,-12884142667135.248,-12431903014235.953,-11971113098553.285,-11501899205286.287,-11024438438997.398,-10538961840744.684,-10045757345380.502,-9545172517396.375,-9037616999566.537,-8523564606295.828,-8003554993816.469,-7478194843217.047,-6948158500998.485,-6414188037024.889,-5877092703362.979,-5337747812082.415,-4797093098787.536,-4256130705520.089,-3715923006946.1724,-3177590624258.3022,-2642311130979.636,-2111319165708.2568,-1585908944321.9414,-1067440528284.1371,-557351681355.6652,-57177763339.05348,431417103432.8042,906593378602.1532,1366268571763.9539,1808022147677.969,2228964943145.2466,2625564406550.5796,2993417495451.5146,3326966321665.4756,3619159971566.247,3861082851173.3354,4041599985618.949,4147117752742.119,4161627496878.408,4067287689812.7153,3845903791937.4946,3481804390484.8467,2966926733750.149,2309843234640.967,1552491000733.05,798599530583.278,233632223852.4408,15377305100.81606,1913429.619329047,0.0
7695.0,-159062259421615.28,-158310555928790.1,-157557541608282.47,-156803235243465.47,-156047655986459.44,-155290823359879.44,-154532757258549.88,-153773477951188.12,-153013006082053.62,-152251362672563.53,-151488569122874.16,-150724647213426.53,-149959619106456.5,-149193507347467.66,-148426334866667.56,-147658124980365.03,-146888901392329.28,-146118688195108.56,-145347509871309.78,-144575391294835.38,-143802357732079.38,-143028434843080.53,-142253648682631.22,-141478025701343.03,-140701592746665.81,-139924377063862.05,-139146406296933.11,-138367708489498.11,-137588312085623.98,-136808245930605.47,-136027539271694.95,-135246221758779.77,-134464323445007.31,-133681874787356.89,-132898906647155.0,-132115450290536.6,-131331537388848.12,-130547200018991.86,-129762470663712.33,-128977382211820.2,-128191967958355.38,-127406261604685.7,-126620297258542.14,-125834109433986.11,-125047733051310.56,-124261203436871.17,-123474556322846.55,-122687827846926.22,-121901054551924.42,-121114273385317.88,-120327521698705.39,-119540837247188.25,-118754258188668.23,-117967823083061.86,-117181570891429.45,-116395540975014.36,-115609773094192.72,-114824307407329.8,-114039184469540.14,-113254445231350.22,-112470131037259.25,-111686283624196.38,-110902945119870.75,-110120158041011.14,-109337965291492.52,-108556410160345.38,-107775536319644.98,-106995387822275.67,-106216009099568.06,-105437444958803.17,-104659740580581.14,-103882941516047.81,-103107093683977.6,-102332243367704.92,-101558437211900.9,-100785722219189.52,-100014145746598.36,-99243755501837.31,-98474599539400.31,-97706726256483.36,-96940184388712.47,-96175023005675.42,-95411291506249.39,-94649039613718.45,-93888317370672.16,-93129175133678.42,-92371663567722.06,-91615833640400.22,-90861736615867.06,-90109424048516.94,-89358947776397.94,-88610359914345.34,-87863712846824.5,-87119059220473.27,-86376451936332.1,-85635944141751.34,-84897589221962.77,-84161440791303.73,-83427552684081.62,-82695978945064.7,-81966773819585.52,-81239991743244.03,-80515687331194.38,-79793915367002.1,-79074730791053.4,-78358188688503.77,-77644344276746.7,-76933252892387.17,-76224969977701.16,-75519551066563.45,-74817051769825.72,-74117527760124.19,-73421034756098.66,-72727628506001.58,-72037364770677.36,-71350299305888.48,-70666487843969.38,-69985986074783.336,-69308849625960.234,-68635134042391.42,-67964894764958.195,-67298187108468.46,-66635066238776.82,-65975587149063.04,-65319804635242.05,-64667773270479.28,-64019547378784.54,-63375181007656.82,-62734727899752.4,-62098241463547.95,-61465774742970.46,-60837380385964.82,-60213110611970.42,-59593017178277.04,-58977151345230.82,-58365563840260.79,-57758304820696.164,-57155423835344.164,-56556969784799.42,-55962990880454.945,-55373534602184.516,-54788647654668.305,-54208375922331.34,-53632764422867.43,-53061857259318.69,-52495697570684.22,-51934327481029.52,-51377788047070.92,-50826119204208.57,-50279359710983.11,-49737547091932.12,-49200717578823.086,-48668906050241.12,-48142145969510.695,-47620469320931.98,-47103906544314.516,-46592486467790.67,-46086236238895.96,-45585181253901.94,-45089345085391.44,-44598749408067.2,-44113413922787.08,-43633356278820.875,-43158591994327.42,-42689134375050.98,-42224994431241.03,-41766180792799.78,-41312699622666.49,-40864554528448.91,-40421746472316.68,-39984273679173.164,-39552131543126.43,-39125312532282.695,-38703806091889.266,-38287598545857.17,-37876672996697.72,-37471009223910.01,-37070583580861.23,-36675368890204.586,-36285334337884.29,-35900445365780.63,-35520663563053.5,-35145946556245.504,-34776247898212.703,-34411516955954.336,-34051698797418.777,-33696734077369.188,-33346558922397.527,-33001104815183.184,-32660298478099.305,-32324061756277.81,-31992311500253.953,-31664959448319.914,-31341912108729.562,-31023070641907.83,-30708330742833.67,-30397582523780.78,-30090710397619.25,-29787592961902.27,-29488102883985.695,-29192106787455.87,-28899465140172.188,-28610032144266.08,-28323655628479.027,-28040176943267.676,-27759430859157.047,-27481245468881.21,-27205442093918.77,-26931835196105.797,-26660232295094.73,-26390433892523.453,-26122233403867.062,-25855417099065.742,-25589764053156.594,-25325046108287.69,-25061027848659.33,-24797466590121.438,-24534112386359.81,-24270708053827.152,-24006989217819.426,-23742684382365.35,-23477515026886.44,-23211195732898.746,-22943434344364.918,-22673932165666.344,-22402384201549.46,-22128479443806.48,-21851901209877.477,-21572327539003.582,-21289431652018.21,-21002882481327.637,-20712345278098.684,-20417482304130.668,-20117953616330.785,-19813417952124.754,-19503533724502.145,-19187960135700.625,-18866358418754.01,-18538393216241.164,-18203734105547.58,-17862057279756.383,-17513047392883.826,-17156399577525.076,-16791821642032.992,-16419036453067.092,-16037784507667.951,-15647826696878.979,-15248947260294.154,-14840956927702.002,-14423696240166.922,-13997039038393.629,-13560896101020.955,-13115218909569.62,-12660003510129.451,-12195294434553.979,-11721188636019.057,-11237839385441.854,-10745460066668.65,-10244327799845.041,-9734786814423.967,-9217251486445.537,-8692208949826.822,-8160221189459.913,-7621926526252.257,-7078040412542.24,-6529355472727.42,-5976740751175.557,-5421140171014.603,-4863570267660.289,-4305117345670.5425,-3746934324189.7764,-3190237694685.7163,-2636305227877.357,-2086475351900.1396,-1542149503454.2778,-1004799257095.2059,-475980701219.7103,42640605196.68755,549249650873.37946,1041821137327.2448,1518030319354.073,1975126263258.7568,2409756659786.655,2817732611182.0815,3193723343217.04,3530876954933.3384,3820377905655.736,4050980336681.0195,4208604940068.763,4276161210575.979,4233856847280.463,4060375880399.6733,3735456258411.039,3244701184457.9595,2588408973584.692,1798788335634.321,972832016738.685,309642617588.9838,24145985462.892445,4990423.6399176065,0.0
7692.5,-164376395296899.22,-163611446602059.94,-162845017655917.38,-162077126350189.1,-161307790962500.6,-160537030158472.44,-159764862993776.16,-158991308916160.25,-158216387767443.22,-157440119785474.53,-156662525606062.06,-155883626264866.06,-155103443199257.72,-154321998250143.0,-153539313663750.1,-152755412093379.94,-151970316601119.5,-151184050659515.94,-150396638153212.88,-149608103380546.12,-148818471055098.72,-148027766307214.56,-147236014685470.78,-146443242158105.66,-145649475114403.97,-144854740366036.84,-144059065148356.9,-143262477121646.28,-142465004372317.97,-141666675414069.0,-140867519188984.47,-140067565068591.06,-139266842854860.8,-138465382781162.28,-137663215513158.5,-136860372149651.61,-136056884223372.62,-135252783701713.83,-134448102987406.03,-133642874919135.67,-132837132772103.42,-132030910258521.69,-131224241528050.27,-130417161168168.5,-129609704204483.22,-128801906100970.02,-127993802760147.67,-127185430523183.5,-126376826169927.61,-125568026918875.95,-124759070427059.06,-123949994789855.39,-123140838540727.34,-122331640650877.94,-121522440528827.3,-120713278019904.34,-119904193405654.98,-119095227403161.58,-118286421164273.53,-117477816274744.8,-116669454753277.92,-115861379050469.97,-115053632047659.06,-114246257055667.73,-113439297813440.61,-112632798486573.83,-111826803665731.92,-111021358364948.94,-110216508019811.83,-109412298485519.84,-108608776034818.69,-107805987355803.2,-107003979549586.33,-106202800127828.61,-105402497010123.97,-104603118521237.19,-103804713388188.55,-103007330737179.2,-102211020090353.16,-101415831362389.05,-100621814856916.66,-99829021262751.66,-99037501649941.9,-98247307465619.0,-97458490529647.67,-96671103030065.92,-95885197518308.17,-95100826904203.56,-94318044450741.05,-93536903768592.44,-92757458810384.92,-91979763864713.23,-91203873549881.47,-90429842807365.88,-89657726894985.3,-88887581379771.98,-88119462130527.75,-87353425310055.98,-86589527367056.52,-85827825027670.52,-85068375286661.94,-84311235398222.38,-83556462866384.48,-82804115435030.08,-82054251077475.7,-81306927985622.81,-80562204558652.95,-79820139391253.78,-79080791261356.2,-78344219117365.98,-77610482064870.67,-76879639352801.92,-76151750359034.52,-75426874575400.34,-74705071592097.4,-73986401081470.39,-73270922781142.34,-72558696476473.03,-71849781982320.72,-71144239124082.78,-70442127717991.23,-69743507550635.664,-69048438357689.23,-68356979801809.64,-67669191449688.38,-66985132748219.38,-66304862999758.83,-65628441336447.086,-64955926693562.195,-64287377781875.305,-63622853058976.18,-62962410699538.445,-62306108564491.75,-61654004169068.62,-61006154649693.61,-60362616729681.234,-59723446683709.12,-59088700301032.664,-58458432847406.83,-57832699025681.34,-57211552935034.016,-56595048028808.26,-55983237070919.58,-55376172090797.29,-54773904336825.42,-54176484228250.445,-53583961305519.266,-52996384179015.97,-52413800476161.83,-51836256786846.555,-51263798607158.445,-50696470281380.43,-50134314942222.07,-49577374449256.375,-49025689325532.06,-48479298692333.54,-47938240202059.484,-47402549969196.24,-46872262499359.04,-46347410616378.664,-45828025387411.34,-45314136046051.38,-44805769913427.77,-44302952317268.01,-43805706508913.8,-43314053578275.76,-42828012366715.875,-42347599377848.98,-41872828686256.1,-41403711844105.87,-40940257785681.086,-40482472729811.54,-40030360080215.305,-39583920323754.04,-39143150926610.04,-38708046228396.15,-38278597334210.7,-37854792004654.6,-37436614543828.43,-37024045685331.63,-36617062476288.25,-36215638159426.59,-35819742053243.47,-35429339430287.07,-35044391393595.332,-34664854751330.926,-34290681889657.152,-33921820643903.605,-33558214168074.82,-33199800802759.93,-32846513941506.94,-32498281895731.668,-32155027758237.938,-31816669265434.215,-31483118658340.668,-31154282542491.656,-30830061746850.65,-30510351181869.332,-30195039696838.94,-29884009936701.688,-29577138198512.113,-29274294287765.207,-28975341374837.402,-28680135851823.066,-28388527190088.438,-28100357798913.008,-27815462885641.406,-27533670317831.473,-27254800487954.773,-26978666181287.008,-26705072447717.883,-26433816478314.656,-26164687487592.746,-25897466602580.01,-25631926759912.31,-25367832612367.37,-25104940446432.94,-24842998112715.934,-24581744971234.516,-24320911853893.72,-24060221046732.664,-23799386294845.36,-23538112833222.723,-23276097447138.734,-23013028566111.535,-22748586395910.867,-22482443093555.94,-22214262990752.746,-21943702871755.316,-21670412312199.242,-21394034086043.562,-21114204648365.62,-20830554702373.742,-20542709859628.25,-20250291403078.785,-19952917163124.535,-19650202517462.93,-19341761525995.723,-19027208212479.516,-18706158004916.82,-18378229346845.332,-18043045491659.613,-17700236491846.242,-17349441394476.336,-16990310653422.969,-16622508767488.938,-16245717151872.94,-15859637248092.629,-15463993874542.273,-15058538816205.547,-14643054647591.053,-14217358777627.49,-13781307698981.514,-13334801416988.164,-12877788025086.756,-12410268384342.23,-11932300854366.615,-11444006011869.172,-10945571281385.846,-10437255390817.982,-9919392552758.096,-9392396261910.14,-8856762590193.348,-8313072855650.583,-7761995540769.595,-7204287342495.341,-6640793252948.04,-6072445600394.494,-5500262029180.228,-4925342471388.194,-4348865270147.496,-3772082765562.0674,-3196316863458.774,-2622955393577.704,-2053450452708.1868,-1489320452897.1333,-932158298172.6937,-383649048470.28436,154398342252.68494,679999045718.2634,1190912000671.6084,1684520726062.2915,2157662414291.1812,2606390413169.757,3025654867374.5615,3408889921957.4707,3747507442848.6836,4030322744243.7876,4242985322001.742,4367565083757.1187,4382555356845.087,4263691704761.491,3986147828167.883,3528954913197.4316,2883412434948.8896,2070220169376.5994,1175609099795.9614,406206947908.135,37368716114.17959,12664968.050081292,0.0
7690.0,-169878337468304.75,-169100684677843.78,-168321377589041.8,-167540433042097.1,-166757868279528.75,-165973700948621.4,-165187949103840.53,-164400631209218.3,-163611766140709.1,-162821373188513.3,-162029472059370.1,-161236082878817.06,-160441226193416.44,-159644922972947.72,-158847194612565.2,-158048062934920.34,-157247550192246.88,-156445679068410.44,-155642472680919.3,-154837954582896.75,-154032148765014.4,-153225079657385.53,-152416772131417.1,-151607251501620.25,-150796543527378.78,-149984674414673.6,-149171670817763.94,-148357559840822.47,-147542369039526.1,-146726126422598.84,-145908860453307.53,-145090600050909.6,-144271374592050.8,-143451213912113.7,-142630148306513.47,-141808208531942.84,-140985425807563.88,-140161831816144.17,-139337458705139.89,-138512339087720.94,-137686506043739.98,-136859993120641.89,-136032834334315.11,-135205064169880.45,-134376717582419.53,-133547829997639.17,-132718437312471.17,-131888575895606.75,-131058282587963.38,-130227594703082.88,-129396550027459.8,-128565186820797.52,-127733543816191.3,-126901660220236.25,-126069575713059.39,-125237330448271.69,-124404965052841.12,-123572520626882.8,-122740038743364.8,-121907561447727.7,-121075131257415.28,-120242791161314.47,-119410584619101.97,-118578555560494.52,-117746748384401.19,-116915207957974.33,-116083979615556.52,-115253109157519.62,-114422642848995.17,-113592627418489.62,-112763110056383.88,-111934138413311.48,-111105760598412.92,-110278025177462.39,-109450981170860.61,-108624678051492.56,-107799165742443.62,-106974494614569.78,-106150715483917.22,-105327879608986.1,-104506038687833.03,-103685244855006.6,-102865550678310.14,-102047009155385.86,-101229673710112.61,-100413598188813.03,-99598836856260.14,-98785444391478.11,-97973475883328.84,-97162986825875.98,-96354033113518.72,-95546671035885.88,-94740957272481.92,-93936948887075.02,-93134703321816.55,-92334278391083.52,-91535732275031.02,-90739123512844.67,-89944510995681.9,-89151953959288.16,-88361511976276.98,-87573244948060.2,-86787213096413.95,-86003476954668.44,-85222097358502.8,-84443135436334.4,-83666652599282.75,-82892710530693.53,-82121371175205.67,-81352696727342.19,-80586749619608.33,-79823592510076.66,-79063288269439.52,-78305899967509.42,-77551490859145.42,-76800124369583.42,-76051864079149.27,-75306773707330.1,-74564917096181.22,-73826358193042.3,-73091161032539.73,-72359389717846.72,-71631108401175.95,-70906381263476.47,-70185272493306.64,-69467846264853.9,-68754166715071.75,-68044297919903.36,-67338303869560.13,-66636248442823.805,-65938195380338.89,-65244208256862.195,-64554350452435.48,-63868685122446.16,-63187275166540.89,-62510183196356.086,-61837471502028.71,-61169202017449.96,-60505436284224.46,-59846235414297.09,-59191660051207.83,-58541770329937.03,-57896625835300.555,-57256285558855.96,-56620807854279.28,-55990250391172.58,-55364670107262.21,-54744123158947.086,-54128664870157.0,-53518349679480.53,-52913231085522.82,-52313361590452.62,-51718792641700.12,-51129574571765.164,-50545756536097.67,-49967386449012.64,-49394510917600.25,-48827175173596.56,-48265423003176.555,-47709296674635.62,-47158836863924.22,-46614082578003.29,-46075071075987.414,-45541837788045.2,-45014416232026.84,-44492837927790.67,-43977132309201.33,-43467326633774.38,-42963445889942.44,-42465512701921.34,-41973547232153.914,-41487567081313.41,-41007587185847.516,-40533619713047.37,-40065673953626.945,-39603756211799.65,-39147869692841.05,-38698014388127.63,-38254186957643.8,-37816380609950.08,-37384584979607.625,-36958786002055.414,-36538965785937.66,-36125102482880.88,-35717170154721.6,-35315138638186.42,-34918973407028.703,-34528635431627.36,-34144081036054.83,-33765261752624.367,-33392124173927.746,-33024609802379.21,-32662654897283.0,-32306190319447.63,-31955141373373.875,-31609427647050.547,-31268962849398.58,-30933654645414.49,-30603404489073.76,-30278107454069.445,-29957652062476.812,-29641920111454.49,-29330786498115.91,-29024119042732.54,-28721778310463.125,-28423617431842.75,-28129481922309.926,-27839209501104.76,-27552629909932.742,-27269564731861.746,-26989827211003.56,-26713222073627.58,-26439545351466.547,-26168584208100.355,-25900116769449.465,-25633911959574.734,-25369729343166.695,-25107318976318.504,-24846421267413.688,-24586766850225.68,-24328076471622.355,-24070060896599.258,-23812420833730.27,-23554846884528.55,-23297019520653.598,-23038609093386.137,-22779275880320.535,-22518670174798.305,-22256432424222.88,-21992193424057.91,-21725574575015.82,-21456188211686.773,-21183638011638.297,-20907519494823.664,-20627420623966.574,-20342922517427.41,-20053600286889.066,-19759024013009.336,-19458759872948.97,-19152371434373.04,-18839421131104.14,-18519471936038.766,-18192089247178.074,-17856843002613.668,-17513310039986.12,-17161076715226.377,-16799741794214.512,-16428919629255.822,-16048243629879.8,-15657370034302.883,-15255981983845.229,-14843793897533.227,-14420556137933.443,-13986059951831.299,-13540142660590.213,-13082693064820.338,-12613657016314.066,-12133043097079.842,-11640928330826.064,-11137463836618.477,-10622880318018.08,-10097493264360.812,-9561707724787.69,-9016022501340.316,-8461033596508.686,-7897436745236.135,-7326028864465.541,-6747708268721.829,-6163473533084.483,-5574420941958.08,-4981740552220.764,-4386711034449.045,-3790693651734.949,-3195126013188.9556,-2601516626750.035,-2011441811021.8276,-1426547258157.768,-848557533282.9108,-279298129309.73596,279263541898.08484,824949568008.0494,1355263892050.6833,1867230871780.4263,2357162013573.8105,2820330545599.102,3250534308872.5483,3639535323744.1196,3976385870794.844,4246695459838.099,4431971604312.18,4509287263125.031,4451684496026.375,4229903915466.898,3816294429189.2275,3192595383753.7,2366415187431.842,1409163811195.1145,527408866532.44403,56992970605.41138,31272524.963943776,0.0
7687.5,-175570828914648.7,-174781078749535.0,-173989496307925.66,-173196097212566.56,-172400897504040.47,-171603913643587.9,-170805162515899.44,-170004661431881.38,-169202428131391.94,-168398480785947.47,-167592838001398.56,-166785518820575.97,-165976542725903.22,-165165929641977.5,-164353699938117.2,-163539874430874.94,-162724474386515.75,-161907521523460.1,-161089038014689.78,-160269046490116.97,-159447570038915.3,-158624632211812.12,-157800257023340.5,-156974468954052.1,-156147292952687.88,-155318754438306.7,-154488879302372.22,-153657693910794.7,-152825225105929.25,-151991500208528.53,-151156547019648.94,-150320393822510.16,-149483069384306.4,-148644602957969.5,-147805024283881.25,-146964363591535.75,-146122651601150.5,-145279919525223.56,-144436199070039.44,-143591522437118.03,-142745922324610.25,-141899431928635.44,-141052084944562.22,-140203915568230.69,-139354958497113.9,-138505248931419.72,-137654822575129.44,-136803715636974.16,-135951964831345.64,-135099607379142.36,-134246681008547.22,-133393223955738.3,-132539274965528.08,-131684873291931.95,-130830058698664.95,-129974871459561.6,-129119352358921.83,-128263542691777.64,-127407484264080.95,-126551219392809.48,-125694790905989.52,-124838242142633.1,-123981616952587.83,-123124959696296.67,-122268315244466.08,-121411728977639.58,-120555246785674.52,-119698915067118.88,-118842780728486.7,-117986891183427.19,-117131294351786.94,-116276038658559.6,-115421173032721.86,-114566746905951.56,-113712810211222.72,-112859413381276.48,-112006607346962.4,-111154443535445.28,-110302973868275.17,-109452250759313.58,-108602327112513.4,-107753256319545.45,-106905092257268.2,-106057889285033.53,-105211702241823.56,-104366586443213.08,-103522597678149.38,-102679792205544.77,-101838226750673.9,-100997958501368.12,-100159045104000.58,-99321544659252.17,-98485515717652.52,-97651017274884.48,-96818108766844.61,-95986850064450.53,-95157301468183.5,-94329523702356.61,-93503577909098.64,-92679525642040.84,-91857428859694.72,-91037349918510.08,-90219351565597.97,-89403496931108.58,-88589849520244.94,-87778473204903.83,-86969432214923.55,-86162791128926.38,-85358614864736.81,-84556968669360.1,-83757918108502.78,-82961529055616.67,-82167867680447.03,-81377000437066.02,-80588994051369.8,-79803915508018.27,-79021832036795.73,-78242811098369.44,-77466920369422.39,-76694227727135.3,-75924801232994.03,-75158709115894.89,-74396019754521.34,-73636801658964.92,-72881123451561.38,-72129053846912.02,-71380661631060.9,-70636015639796.17,-69895184736043.49,-69158237786318.77,-68425243636206.336,-67696271084827.91,-66971388858267.27,-66250665581913.36,-65534169751685.61,-64821969704103.13,-64114133585159.19,-63410729317960.58,-62711824569093.04,-62017486713670.53,-61327782799026.66,-60642779507006.8,-59962543114816.55,-59287139454384.15,-58616633870191.48,-57951091175529.67,-57290575607134.14,-56635150778152.85,-55984879629402.56,-55339824378865.984,-54700046469384.375,-54065606514497.555,-53436564242385.72,-52812978437865.27,-52194906882392.02,-51582406292025.65,-50975532253306.75,-50374339157002.734,-49778880129673.94,-49189206963015.46,-48605370040928.42,-48027418264276.52,-47455398973282.53,-46889357867521.305,-46329338923465.84,-45775384309543.89,-45227534298663.016,-44685827178163.18,-44150299157156.055,-43620984271212.06,-43097914284355.03,-42581118588327.984,-42070624099091.08,-41566455150515.766,-41068633385238.75,-40577177642640.59,-40092103843913.17,-39613424874181.77,-39141150461647.27,-38675287053714.15,-38215837690069.57,-37762801872680.04,-37316175432669.66,-36875950394046.01,-36442114834237.05,-36014652741402.78,-35593543868484.41,-35178763583952.504,-34770282719214.707,-34368067412642.83,-33972078950177.332,-33582273602467.406,-33198602458503.164,-32821011255696.8,-32449440206369.535,-32083823820601.766,-31724090725406.246,-31370163480186.273,-31021958388445.844,-30679385305724.34,-30342347443737.61,-30010741170717.152,-29684455807954.73,-29363373422577.004,-29047368616597.97,-28736308312325.246,-28430051534230.27,-28128449187434.332,-27831343833012.887,-27538569460379.844,-27249951257085.086,-26965305376441.227,-26684438703494.973,-26407148619971.39,-26133222768952.652,-25862438820206.117,-25594564237252.23,-25329356047464.492,-25066560616723.812,-24805913430410.293,-24547138882810.957,-24289950077354.438,-24034048640457.074,-23779124552181.87,-23524855997376.68,-23270909241472.316,-23016938535689.91,-22762586057031.51,-22507481889110.55,-22251244050621.746,-21993478579054.69,-21733779678119.438,-21471729938277.355,-21206900640749.984,-20938852156410.324,-20667134452034.66,-20391287717498.727,-20110843128626.184,-19825323761517.97,-19534245675288.066,-19237119181170.35,-18933450316907.8,-18622742546143.797,-18304498703149.633,-17978223203580.195,-17643424541973.387,-17299618096310.47,-16946329259031.373,-16583096912335.738,-16209477263264.928,-15825048050807.916,-15429413132945.139,-15022207455969.209,-14603102401420.27,-14171811497367.729,-13728096470382.184,-13271773602216.697,-12802720340831.031,-12320882098880.96,-11826279154177.566,-11319013546045.123,-10799275839296.357,-10267351604270.145,-9723627437944.521,-9168596328897.89,-8602862149792.555,-8027143047834.021,-7442273500098.055,-6849204811882.247,-6249003869329.672,-5642850021948.372,-5032030079064.017,-4417931573900.711,-3802034703128.1694,-3185903719745.713,-2571179085459.6104,-1959572432020.364,-1352867414299.7898,-752930957488.624,-161741324007.8379,418558018531.5415,985566448673.0948,1536479823847.6956,2067868769762.6523,2575356367031.1914,3053167751126.532,3493527792571.065,3885899309142.597,4216093838085.243,4465363801795.651,4609711329877.655,4619824558509.065,4462255492666.932,4102702886699.802,3512973754994.8574,2686269261015.0225,1675275964355.3313,677660241139.7203,85650816829.63606,75120890.12384905,0.0
7685.0,-181456192958751.97,-180655017536060.0,-179851828703032.12,-179046640693500.66,-178239468173593.44,-177430326244950.12,-176619230447910.72,-175806196764680.44,-174991241622465.66,-174174381896583.2,-173355634913540.16,-172535018454085.28,-171712550756228.7,-170888250518232.2,-170062136901566.88,-169234229533838.06,-168404548511677.28,-167573114403599.38,-166739948252825.53,-165905071580069.34,-165068506386287.16,-164230275155390.3,-163390400856919.34,-162548906948678.75,-161705817379332.38,-160861156590957.62,-160014949521557.94,-159167221607532.9,-158317998786105.5,-157467307497704.6,-156615174688302.3,-155761627811706.25,-154906694831804.38,-154050404224762.97,-153192784981174.53,-152333866608158.38,-151473679131409.5,-150612253097196.22,-149749619574306.94,-148885810155941.84,-148020856961552.75,-147154792638625.97,-146287650364410.66,-145419463847589.25,-144550267329889.97,-143680095587640.97,-142808983933263.12,-141936968216702.8,-141064084826801.22,-140190370692600.84,-139315863284586.78,-138440600615862.81,-137564621243258.83,-136687964268371.11,-135810669338532.78,-134932776647711.31,-134054326937335.48,-133175361497046.62,-132295922165374.72,-131416051330337.25,-130535791929958.44,-129655187452708.48,-128774281937859.81,-127893119975758.28,-127011746708009.1,-126130207827573.33,-125248549578773.98,-124366818757208.94,-123485062709569.14,-122603329333358.02,-121721667076511.78,-120840124936915.28,-119958752461812.83,-119077599747110.25,-118196717436563.48,-117316156720853.45,-116435969336541.31,-115556207564901.0,-114676924230626.31,-113798172700406.9,-112920006881370.45,-112042481219385.66,-111165650697221.38,-110289570832558.58,-109414297675847.2,-108539887808005.56,-107666398337954.48,-106793886899981.17,-105922411650926.88,-105052031267190.8,-104182804941544.6,-103314792379749.25,-102448053796967.9,-101582649913965.5,-100718641953087.86,-99856091634011.83,-98995061169255.73,-98135613259442.45,-97277811088304.62,-96421718317421.06,-95567399080673.73,-94714917978414.16,-93864340071326.78,-93015730873978.22,-92169156348036.5,-91324682895150.27,-90482377349470.89,-89642306969804.34,-88804539431376.52,-87969142817196.31,-87136185608999.58,-86305736677756.4,-85477865273723.48,-84652641016022.94,-83830133881727.97,-83010414194433.34,-82193552612292.4,-81379620115495.94,-80568687993170.64,-79760827829674.23,-78956111490262.0,-78154611106098.8,-77356399058591.02,-76561547963010.48,-75770130651382.8,-74982220154609.36,-74197889683795.03,-73417212610748.53,-72640262447624.39,-71867112825673.14,-71097837473065.23,-70332510191754.664,-69571204833345.04,-68813995273921.766,-68060955387811.766,-67312159020232.57,-66567679958789.53,-65827591903781.14,-65091968437269.67,-64360882990875.38,-63634408812248.59,-62912618930176.945,-62195586118280.23,-61483382857248.26,-60776081295572.09,-60073753208722.695,-59376469956726.43,-58684302440088.64,-57997321054014.57,-57315595640876.4,-56639195440875.4,-55968189040846.24,-55302644321151.305,-54642628400611.44,-53988207579419.6,-53339447279984.02,-52696411985645.25,-52059165177214.18,-51427769267275.016,-50802285532199.016,-50182774041813.34,-49569293586670.95,-48961901602864.87,-48360654094333.36,-47765605552599.43,-47176808873890.74,-46594315273583.92,-46018174197919.24,-45448433232929.78,-44885138010531.29,-44328332111716.2,-43778056966798.78,-43234351752654.37,-42697253286898.54,-42166795918949.664,-41643011417919.03,-41125928857271.52,-40615574496198.586,-40111971657645.64,-39615140602932.93,-39125098402908.88,-38641858805572.414,-38165432100098.56,-37695824977200.07,-37233040385754.01,-36777077385619.75,-36327930996571.805,-35885592043265.984,-35450046996154.44,-35021277808260.41,-34599261747717.816,-34183971225977.836,-33775373621577.22,-33373431099359.98,-32978100425037.08,-32589332774965.562,-32207073541021.918,-31831262130442.367,-31461831760497.938,-31098709247870.883,-30741814792598.332,-30391061756449.82,-30046356435609.86,-29707597827542.78,-29374677391928.117,-29047478805569.418,-28725877711199.72,-28409741460133.97,-28098928848752.504,-27793289848843.234,-27492665331883.4,-27196886787406.797,-26905776035682.227,-26619144935023.125,-26336795084161.293,-26058517520251.195,-25784092413227.78,-25513288757422.94,-25245864061557.68,-24981564038472.12,-24720122296235.066,-24461260032597.215,-24204685735116.55,-23950094889699.266,-23697169700766.203,-23445578826780.418,-23194977135458.184,-22945005483639.992,-22695290527523.547,-22445444569760.574,-22195065450798.945,-21943736492811.457,-21691026505596.715,-21436489864964.52,-21179666675328.215,-20920083029514.453,-20657251380162.76,-20390671038511.516,-20119828817840.516,-19844199840346.246,-19563248527736.11,-19276429797314.21,-18983190486751.953,-18682971032041.258,-18375207424258.03,-18059333471641.83,-17734783394037.46,-17400994776840.076,-17057411911111.973,-16703489545355.652,-16338697072365.1,-15962523171451.127,-15574480921933.92,-15174113397884.72,-14760999746428.107,-14334761742216.645,-13895070798690.516,-13441655402163.693,-12974308917392.38,-12492897692880.658,-11997369370651.033,-11487761278571.686,-10964208753808.676,-10426953214067.71,-9876349759928.041,-9312874058242.633,-8737128225567.559,-8149845405251.403,-7551892716999.112,-6944272260258.227,-6328119882217.159,-5704701490816.645,-5075406821271.831,-4441740776399.873,-3805312791170.3555,-3167825167734.6523,-2531062053234.7275,-1896881775780.976,-1267216728860.004,-644087047638.2198,-29637128089.799965,573792212307.2117,1163538306153.3665,1736414449057.3555,2288401065823.041,2814194914341.9355,3306579969857.102,3755593668644.6245,4147494799947.6914,4463611239355.296,4679274969393.573,4763244747585.016,4678248574265.562,4383522748000.9062,3840780774749.6323,3027827675967.9546,1975083072107.7542,861564513360.8188,126818146764.3536,175525441.29338926,0.0
7682.5,-187536300239655.84,-186724436270838.25,-185910375462052.66,-185094130481853.25,-184275714444319.7,-183455140912686.16,-182632423902948.12,-181807577887445.2,-180980617798418.38,-180151559031541.8,-179320417449427.6,-178487209385104.38,-177651951645465.22,-176814661514688.97,-175975356757629.44,-175134055623174.97,-174290776847575.62,-173445539657737.34,-172598363774484.44,-171749269415785.06,-170898277299943.8,-170045408648756.9,-169190685190630.8,-168334129163663.2,-167475763318684.88,-166615610922262.47,-165753695759660.56,-164890042137762.72,-164024674887950.0,-163157619368936.66,-162288901469561.84,-161418547611536.84,-160546584752145.56,-159673040386900.38,-158797942552148.22,-157921319827630.06,-157043201338990.47,-156163616760236.34,-155282596316146.16,-154400170784625.38,-153516371499010.5,-152631230350317.84,-151744779789438.62,-150857052829277.44,-149968083046834.38,-149077904585229.25,-148186552155666.75,-147294061039342.62,-146400467089287.97,-145505806732152.06,-144610116969922.75,-143713435381581.6,-142815800124694.72,-141917249936936.5,-141017824137546.72,-140117562628717.39,-139216505896910.73,-138314695014105.0,-137412171638967.8,-136508978017955.19,-135605156986334.78,-134700751969132.53,-133795806981999.88,-132890366632000.98,-131984476118317.98,-131078181232872.22,-130171528360860.36,-129264564481201.73,-128357337166897.77,-127449894585297.97,-126542285498274.11,-125634559262295.53,-124726765828408.44,-123818955742112.81,-122911180143135.23,-122003490765095.44,-121095939935064.03,-120188580573006.17,-119281466191110.69,-118374650892998.83,-117468189372811.1,-116562136914166.34,-115656549388991.23,-114751483256214.2,-113846995560320.22,-112943143929762.33,-112039986575223.39,-111137582287724.67,-110235990436574.83,-109335270967154.28,-108435484398527.9,-107536691820881.06,-106638954892771.7,-105742335838191.39,-104846897443428.1,-103952703053723.92,-103059816569717.66,-102168302443666.11,-101278225675433.31,-100389651808239.81,-99502646924160.83,-98617277639363.95,-97733611099075.02,-96851714972262.25,-95971657446023.48,-95093507219668.89,-94217333498480.88,-93343205987142.77,-92471194882817.64,-91601370867865.11,-90733805102179.7,-89868569215134.14,-89005735297111.42,-88145375890607.19,-87287563980884.97,-86432372986163.0,-85579876747315.39,-84730149517064.2,-83883265948642.47,-83039301083903.64,-82198330340856.56,-81360429500598.66,-80525674693623.88,-79694142385478.34,-78865909361736.42,-78041052712268.67,-77219649814772.53,-76401778317535.3,-75587516121397.75,-74776941360885.98,-73970132384477.78,-73167167733968.88,-72368126122902.83,-71573086414028.3,-70782127595744.81,-69995328757498.32,-69212769064086.2,-68434527728829.58,-67660683985570.93,-66891317059453.59,-66126506136436.6,-65366330331501.1,-64610868655499.1,-63860199980598.24,-63114403004271.42,-62373556211782.65,-61637737837116.414,-60907025822298.94,-60181497775057.82,-59461230924765.03,-58746302076609.23,-58036787563939.914,-57332763198727.55,-56634304220080.7,-55941485240762.234,-55254380191645.58,-54573062264049.27,-53897603849891.02,-53228076479598.5,-52564550757715.32,-51907096296139.1,-51255781644929.45,-50610674220620.6,-49971840231975.99,-49339344603118.6,-48713250893972.836,-48093621217951.36,-47480516156820.82,-46873994672679.086,-46274114016977.05,-45680929636514.93,-45094495076345.88,-44514861879515.0,-43942079483562.87,-43376195113721.35,-42817253672726.98,-42265297627176.69,-41720366890347.54,-41182498701400.91,-40651727500888.414,-40128084802474.02,-39611599060783.52,-39102295535288.57,-38600196150128.64,-38105319349768.8,-37617679950386.58,-37137288986874.74,-36664153555340.555,-36198276650974.625,-35739657001155.38,-35288288893645.484,-34844161999728.95,-34407261192126.58,-33977566357518.285,-33555052203489.16,-33139688059705.7,-32731437673116.5,-32330258996960.83,-31936103973356.4,-31548918309226.582,-31168641245317.17,-30795205318042.58,-30428536113893.945,-30068552016134.49,-29715163943505.13,-29368275080661.816,-29027780600070.93,-28693567375097.062,-28365513684033.67,-28043488904848.984,-27727353200451.48,-27416957194321.242,-27112141636408.492,-26812737059269.41,-26518563424495.34,-26229429759597.297,-25945133785635.285,-25665461536035.28,-25390186967219.145,-25119071561888.44,-24851863926054.723,-24588299381203.62,-24328099553320.043,-24070971960894.027,-23816609604476.223,-23564690560864.34,-23314877585583.516,-23066817727980.47,-22820141963990.17,-22574464852460.46,-22329384221841.527,-22084480895068.34,-21839318461591.203,-21593443106746.324,-21346383510008.11,-21097650825129.9,-20846738756757.848,-20593123749793.18,-20336265309570.08,-20075606472803.64,-19810574451222.82,-19540581471818.473,-19265025839671.312,-18983293251340.395,-18694758388735.363,-18398786825200.836,-18094737277125.387,-17781964235651.293,-17459821013883.588,-17127663245230.291,-16784852867980.816,-16430762629739.11,-16064781142641.66,-15686318516131.137,-15294812588123.812,-14889735767351.906,-14470602489110.182,-14036977273177.734,-13588483355901.658,-13124811847892.842,-12645731344098.791,-12151097883852.867,-11640865124645.941,-11115094554825.176,-10573965527517.629,-10017784851612.52,-9446995627135.729,-8862184964357.588,-8264090182495.253,-7653603050961.202,-7031771622715.456,-6399799228375.571,-5759040269916.6875,-5110992600452.168,-4457286538925.544,-3799670997641.731,-3139997868752.5225,-2480206822529.0757,-1822314150136.8735,-1168411414539.3926,-520682680559.7001,118546755935.78674,746711664082.259,1360832604943.4763,1957232016881.812,2531097828635.2197,3075845645361.0957,3582233395020.6235,4037206009376.7466,4422511311631.26,4713255770603.482,4876775767560.596,4872464483252.468,4653450397597.9795,4171421303433.105,3388173260648.51,2308874219265.3335,1083718723421.1716,184972979578.66122,398876962.4276279,0.0
7680.0,-193812537355350.12,-192990784713905.22,-192166650452264.06,-191340145493151.78,-190511281216632.94,-189680069464176.53,-188846522542698.4,-188010653228583.97,-187172474771687.3,-186332000899306.88,-185489245820138.06,-184644224228198.66,-183796951306729.38,-182947442732067.44,-182095714677491.22,-181241783817037.3,-180385667329285.5,-179527382901115.75,-178666948731431.25,-177804383534850.06,-176939706545362.78,-176072937519955.34,-175204096742197.1,-174333205025792.34,-173460283718093.9,-172585354703579.6,-171708440407288.78,-170829563798218.78,-169948748392681.16,-169066018257614.97,-168181398013858.12,-167294912839374.2,-166406588472434.97,-165516451214757.62,-164624527934594.5,-163730846069775.97,-162835433630705.6,-161938319203303.5,-161039531951903.06,-160139101622092.56,-159237058543508.12,-158333433632570.8,-157428258395171.5,-156521564929299.62,-155613385927616.56,-154703754679972.16,-153792705075862.25,-152880271606829.34,-151966489368801.06,-151051394064369.53,-150135022005007.56,-149217410113223.1,-148298595924648.28,-147378617590064.3,-146457513877360.25,-145535324173423.94,-144612088485964.5,-143687847445265.97,-142762642305869.28,-141836514948182.25,-140909507880017.12,-139981664238052.22,-139053027789218.88,-138123642932009.73,-137193554697709.12,-136262808751542.84,-135331451393746.0,-134399529560546.89,-133467090825066.6,-132534183398130.53,-131600856128992.36,-130667158505965.42,-129733140656962.9,-128798853349942.77,-127864347993254.7,-126929676635888.19,-125994891967619.16,-125060047319050.6,-124125196661547.89,-123190394607062.14,-122255696407841.94,-121321157956027.7,-120386835783127.12,-119452787059367.47,-118519069592920.33,-117585741828996.8,-116652862848806.69,-115720492368379.02,-114788690737238.75,-113857518936934.8,-112927038579414.02,-111997311905236.47,-111068401781625.58,-110140371700347.67,-109213285775413.94,-108287208740599.56,-107362205946771.03,-106438343359015.52,-105515687553564.95,-104594305714505.36,-103674265630263.34,-102755635689861.02,-101838484878929.31,-100922882775470.62,-100008899545357.83,-99096605937562.06,-98186073279094.53,-97277373469652.3,-96370578975953.47,-95465762825749.52,-94562998601500.97,-93662360433699.73,-92763922993824.6,-91867761486913.17,-90973951643732.67,-90082569712532.0,-89193692450357.3,-88307397113911.03,-87423761449934.16,-86542863685090.55,-85664782515331.84,-84789597094719.78,-83917387023680.94,-83048232336670.83,-82182213489220.38,-81319411344337.27,-80459907158235.66,-79603782565363.6,-78751119562699.16,-77902000493283.0,-77056508028955.72,-76214725152265.23,-75376735137510.95,-74542621530886.75,-73712468129686.77,-72886358960535.48,-72064378256601.75,-71246610433755.7,-70433140065627.12,-69624051857520.71,-68819430619144.01,-68019361236101.51,-67223928640108.016,-66433217777872.055,-65647313578599.664,-64866300920067.41,-64090264593211.92,-63319289265182.49,-62553459440801.82,-61792859422378.13,-61037573267812.66,-60287684746942.27,-59543277296059.266,-58804433970546.28,-58071237395564.875,-57343769714735.43,-56622112536742.83,-55906346879804.62,-55196553113934.33,-54492810900933.39,-53795199132043.31,-53103795863189.586,-52418678247746.734,-51739922466753.93,-51067603656508.92,-50401795833467.805,-49742571816375.79,-49090003145554.97,-48444159999271.43,-47805111107106.0,-47172923660247.41,-46547663218630.1,-45929393614832.66,-45318176854653.95,-44714073014281.2,-44117140133961.32,-43527434108085.41,-42945008571592.03,-42369914782593.05,-41802201501120.73,-41241914863891.71,-40689098254977.82,-40143792172269.22,-39606034089608.625,-39075858314469.516,-38553295841043.01,-38038374198590.45,-37531117294909.77,-37031545254752.56,-36539674253019.76,-36055516342549.516,-35579079276300.0,-35110366323713.844,-34649376081037.24,-34196102275349.11,-33750533562039.887,-33312653315459.31,-32882439412435.38,-32459864008345.12,-32044893305397.836,-31637487312770.824,-31237599598215.87,-30845177030734.457,-30460159513899.43,-30082479709381.895,-29712062750225.066,-29348825943392.34,-28992678461105.63,-28643521020483.98,-28301245550990.61,-27965734849203.97,-27636862220441.67,-27314491106792.95,-26998474701151.938,-26688655546896.934,-26384865122931.383,-26086923413892.44,-25794638465447.54,-25507805924741.33,-25226208566229.312,-24949615803343.59,-24677783186687.81,-24410451889755.57,-24147348183517.258,-23888182901629.227,-23632650898494.55,-23380430502953.85,-23131182971013.945,-22884551941741.77,-22640162901268.69,-22397622660774.26,-22156518855358.5,-21916419471876.44,-21676872415105.824,-21437405123057.184,-21197524243821.277,-20956715388088.215,-20714442973368.24,-20470150177997.133,-20223259025217.984,-19973170619986.152,-19719265563635.72,-19460904574151.15,-19197429342480.59,-18928163658066.613,-18652414839504.676,-18369475508900.992,-18078625751003.074,-17779135700409.312,-17470268601993.373,-17151284390940.242,-16821443839281.521,-16480013315299.045,-16126270200349.463,-15759509004212.875,-15379048214591.344,-14984237908426.244,-14574468141753.615,-14149178120298.5,-13707866134294.402,-13250100217432.023,-12775529460705.156,-12283895876565.957,-11775046666650.252,-11248946696989.826,-10705690928027.172,-10145516483360.922,-9568813972297.266,-8976137609578.658,-8368213605646.788,-7745946239858.661,-7110420988726.518,-6462904078977.713,-5804837897047.014,-5137831850671.566,-4463648599791.705,-3784186131995.6724,-3101457063921.1533,-2417567959637.9844,-1734703581624.527,-1055124108804.4171,-381187819612.21857,284582053682.6989,939359271933.4532,1579767752653.5234,2201476171524.029,2798572673941.208,3362653156482.15,3881569468567.421,4337835646528.4116,4706810640010.794,4954991832671.389,5039052729276.88,4906544680732.358,4499440420055.846,3763325548053.7437,2675873705816.7554,1348448474964.4968,265731786286.91504,881434376.0129315,0.0
7677.5,-200285777648364.25,-199454997260476.88,-198621650152357.1,-197785745316977.0,-196947292214850.8,-196106300778552.94,-195262781417218.6,-194416745021026.66,-193568202965661.94,-192717167116757.28,-191863649834314.0,-191007663977100.34,-190149222907024.9,-189288340493487.22,-188425031117701.44,-187559309676994.4,-186691191589075.25,-185820692796276.8,-184947829769767.6,-184072619513733.03,-183195079569524.9,-182315228019778.3,-181433083492494.9,-180548665165091.34,-179661992768412.47,-178773086590707.56,-177881967481568.88,-176988656855831.16,-176093176697432.53,-175195549563233.56,-174295798586795.0,-173393947482113.2,-172490020547311.1,-171584042668285.72,-170676039322308.34,-169766036581579.28,-168854061116735.12,-167940140200305.78,-167024301710123.9,-166106574132682.0,-165186986566439.3,-164265568725075.12,-163342350940688.84,-162417364166946.0,-161490639982167.66,-160562210592364.53,-159632108834212.75,-158700368177971.62,-157767022730341.34,-156832107237261.38,-155895657086645.78,-154957708311057.62,-154018297590318.8,-153077462254055.7,-152135240284179.6,-151191670317300.28,-150246791647071.47,-149300644226468.6,-148353268669995.47,-147404706255821.06,-146454998927843.94,-145504189297682.62,-144552320646592.9,-143599436927308.1,-142645582765803.4,-141690803462981.28,-140735144996278.1,-139778654021188.42,-138821377872708.62,-137863364566695.14,-136904662801138.61,-135945321957349.03,-134985392101054.58,-134024923983408.52,-133063969041903.47,-132102579401192.16,-131140807873812.42,-130178707960812.03,-129216333852275.0,-128253740427743.1,-127290983256533.44,-126328118597946.94,-125365203401366.75,-124402295306242.84,-123439452641959.44,-122476734427583.64,-121514200371489.47,-120551910870855.88,-119589927011033.81,-118628310564778.55,-117667123991343.05,-116706430435427.97,-115746293725983.23,-114786778374857.11,-113827949575285.38,-112869873200218.4,-111912615800476.19,-110956244602728.06,-110000827507289.62,-109046433085729.5,-108093130578278.3,-107140989891033.69,-106190081592950.28,-105240476912610.27,-104292247734759.6,-103345466596606.02,-102400206683864.75,-101456541826543.06,-100514546494451.47,-99574295792430.38,-98635865455279.33,-97699331842375.8,-96764771931969.5,-95832263315138.42,-94901884189390.67,-93973713351895.97,-93047830192331.1,-92124314685320.98,-91203247382456.95,-90284709403872.78,-89368782429359.6,-88455548688997.12,-87545090953279.48,-86637492522713.33,-85732837216863.94,-84831209362823.52,-83932693783076.23,-83037375782733.08,-82145341136107.16,-81256676072601.05,-80371467261874.28,-79489801798260.3,-78611767184399.19,-77737451314051.14,-76866942454056.17,-76000329225402.62,-75137700583365.83,-74279145796677.53,-73424754425685.47,-72574616299460.62,-71728821491807.22,-70887460296132.8,-70050623199129.266,-69218400853218.98,-68390884047714.984,-67568163678646.05,-66750330717192.984,-65937476176683.9,-65129691078092.516,-64327066413983.3,-63529693110846.336,-62737661989761.43,-61951063725332.57,-61169988802829.15,-60394527473471.836,-59624769707798.61,-58860805147043.42,-58102723052462.84,-57350612252539.875,-56604561087996.336,-55864657354542.2,-55130988243290.21,-54403640278760.96,-53682699254404.516,-52968250165561.44,-52260377139786.21,-51559163364453.09,-50864691011564.6,-50177041159679.695,-49496293712878.62,-48822527316677.24,-48155819270805.2,-47496245438756.45,-46843880154020.67,-46198796122900.77,-45561064323818.83,-44930753903009.0,-44307932066493.57,-43692663968232.83,-43085012594335.52,-42485038643211.77,-41892800401543.7,-41308353615943.125,-40731751360158.42,-40163043897683.734,-39602278539615.875,-39049499497592.484,-38504747731635.59,-37968060792710.31,-37439472659796.64,-36919013571255.01,-36406709850251.9,-35902583723991.43,-35406653136481.15,-34918931554536.777,-34439427766709.79,-33968145674794.406,-33505084077546.23,-33050236446215.105,-32603590691465.46,-32165128921226.32,-31734827188980.0,-31312655231965.266,-30898576198736.41,-30492546365484.355,-30094514840491.89,-29704423256060.85,-29322205447216.594,-28947787116465.367,-28581085483853.184,-28222008921553.094,-27870456572191.27,-27526317950115.277,-27189472524808.496,-26859789285668.785,-26537126287398.16,-26221330175295.277,-25912235689809.96,-25609665149809.76,-25313427914129.3,-25023319821126.57,-24739122606163.285,-24460603297163.79,-24187513588695.875,-23919589195363.63,-23656549185715.902,-23398095298361.473,-23143911242553.22,-22893661986168.98,-22646993034785.164,-22403529706423.496,-22162876407561.45,-21924615917146.918,-21688308686657.16,-21453492165706.152,-21219680164343.363,-20986362265012.98,-20753003299165.973,-20519042905747.24,-20283895191223.33,-20046948513474.82,-19807565414753.156,-19565082731985.508,-19318811915991.438,-19068039594628.28,-18812028418475.043,-18550018231348.25,-18281227611653.773,-18004855834228.34,-17720085305802.21,-17426084530377.031,-17122011663480.357,-16807018716208.012,-16480256470919.92,-16140880170082.656,-15788056037642.818,-15420968687988.771,-15038829470436.645,-14640885786587.387,-14226431403064.02,-13794817762161.945,-13345466266831.773,-12877881483074.52,-12391665161113.451,-11886530925465.486,-11362319422226.111,-10819013638732.47,-10256754026047.379,-9675852959126.484,-9076807965366.715,-8460313044255.881,-7827267297677.046,-7178780006570.36,-6516171248417.799,-5840967187689.128,-5154889343216.525,-4459837524935.835,-3757866858522.864,-3051160554374.8467,-2342002072724.3296,-1632753426252.8762,-925850989510.7584,-223836900187.6053,470546456648.3485,1154158809158.7385,1823105434226.6638,2472148608767.01,3093799933535.4214,3677006660203.956,4205381479077.657,4655032417670.643,4992267035493.153,5171777591247.85,5136251289123.822,4818509274134.418,4148156434100.1313,3074023360546.6387,1659474128316.6218,375933926877.0069,1893736948.7200449,0.0
7675.0,-206956354632461.88,-206117465645592.47,-205275825634705.78,-204431441476649.0,-203584320524188.28,-202734470611001.62,-201881900056656.6,-201026617671574.78,-200168632761978.97,-199307955134823.28,-198444595102705.2,-197578563488758.06,-196709871631523.28,-195838531389800.38,-194964555147475.22,-194087955818324.25,-193208746850792.97,-192326942232749.53,-191442556496211.3,-190555604722042.2,-189666102544621.94,-188774066156483.9,-187879512312922.34,-186982458336566.1,-186082922121919.66,-185180922139868.12,-184276477442147.78,-183369607665777.9,-182460333037455.97,-181548674377912.38,-180634653106226.06,-179718291244097.2,-178799611420078.78,-177878636873763.9,-176955391459928.2,-176029899652626.56,-175102186549243.94,-174172277874496.12,-173240199984383.97,-172305979870095.47,-171369645161858.47,-170431224132739.16,-169490745702389.44,-168548239440738.62,-167603735571630.16,-166657264976402.25,-165708859197410.0,-164758550441491.2,-163806371583370.3,-162852356169003.2,-161896538418860.7,-160938953231148.16,-159979636184962.84,-159018623543385.56,-158055952256508.16,-157091659964392.44,-156125784999962.84,-155158366391829.66,-154189443867042.56,-153219057853773.44,-152247249483927.34,-151274060595679.53,-150299533735940.25,-149323712162742.3,-148346639847553.16,-147368361477509.88,-146388922457575.1,-145408368912612.2,-144426747689381.0,-143444106358449.5,-142460493216023.16,-141475957285687.84,-140490548320067.17,-139504316802392.05,-138517313947979.52,-137529591705621.75,-136541202758882.19,-135552200527296.38,-134562639167477.98,-133572573574125.08,-132582059380927.81,-131591152961372.83,-130599911429443.73,-129608392640214.92,-128616655190335.8,-127624758418404.0,-126632762405223.27,-125640727973944.38,-124648716690086.02,-123656790861431.19,-122665013537796.92,-121673448510673.61,-120682160312728.98,-119691214217174.14,-118700676236985.94,-117710613123982.55,-116721092367745.98,-115732182194386.84,-114743951565146.72,-113756470174831.22,-112769808450067.89,-111784037547383.0,-110799229351089.28,-109815456470979.45,-108832792239813.72,-107851310710598.39,-106871086653642.36,-105892195553385.64,-104914713604987.28,-103938717710665.48,-102964285475777.23,-101991495204626.22,-101020425895987.66,-100051157238337.62,-99083769604772.81,-98118344047606.12,-97154962292625.8,-96193706733000.05,-95234660422812.11,-94277907070207.75,-93323531030138.8,-92371617296681.88,-91422251494914.08,-90475519872323.42,-89531509289734.3,-88590307211722.7,-87652001696499.42,-86716681385235.45,-85784435490803.56,-84855353785908.89,-83929526590580.77,-83007044758995.52,-82087999665599.83,-81172483190502.34,-80260587704100.73,-79352406050908.84,-78448031532548.6,-77547557889868.53,-76651079284150.83,-75758690277366.64,-74870485811437.08,-73986561186458.3,-73107012037844.88,-72231934312346.28,-71361424242888.05,-70495578322189.28,-69634493275105.86,-68778266029646.71,-67926993686610.27,-67080773487785.19,-66239702782659.45,-65403878993578.76,-64573399579295.86,-63748361996847.484,-62928863661698.26,-62115001906086.37,-61306873935504.53,-60504576783250.73,-59708207262978.414,-58917861919176.77,-58133636975508.8,-57355628280934.914,-56583931253545.914,-55818640822030.64,-55059851364698.94,-54307656645982.03,-53562149750327.734,-52823423013409.05,-52091567950560.08,-51366675182354.45,-50648834357235.26,-49938134071108.13,-49234661783802.2,-48538503732303.76,-47849744840663.56,-47168468626475.41,-46494757103820.336,-45828690682565.87,-45170348063906.75,-44519806132026.13,-43877139841753.125,-43242422102083.69,-42615723655426.016,-41997112952422.914,-41386656022194.37,-40784416337833.27,-40190454676975.76,-39604828977254.98,-39027594186431.75,-38458802106981.48,-37898501234896.86,-37346736592448.27,-36803549554621.07,-36268977668925.8,-35743054468251.695,-35225809276405.44,-34717267005946.145,-34217447947895.43,-33726367552864.527,-33244036203102.535,-32770458974929.33,-32305635390972.086,-31849559161579.176,-31402217914736.68,-30963592913761.74,-30533658761995.914,-30112383093666.902,-29699726250033.89,-29295640939876.867,-28900071883336.793,-28512955438062.184,-28134219206568.418,-27763781623672.785,-27401551522830.207,-27047427680164.926,-26701298334975.793,-26363040685487.18,-26032520358629.125,-25709590852663.516,-25394092951528.758,-25085854109862.797,-24784687807783.637,-24490392874669.613,-24202752781389.492,-23921534900696.535,-23646489735827.77,-23377350117748.85,-23113830371966.734,-22855625456407.35,-22602410072536.137,-22353837752697.992,-22109539927583.977,-21869124978810.355,-21632177282835.203,-21398256253857.58,-21166895394958.473,-20937601368570.406,-20709853099420.2,-20483100925392.617,-20256765814330.066,-20030238667624.812,-19802879734591.89,-19574018165036.797,-19342951731157.06,-19108946753937.285,-18871238273500.4,-18629030507438.61,-18381497645931.69,-18127785037406.562,-17867010823526.39,-17598268087310.156,-17320627583033.977,-17033141121069.861,-16734845684738.646,-16424768359294.324,-16101932154939.596,-15765362805833.568,-15414096624815.71,-15047189488336.605,-14663727017003.527,-14262836003202.66,-13843697117238.34,-13405558895922.506,-12947752980927.105,-12469710526652.037,-11970979636873.8,-11451243613974.084,-10910339712158.107,-10348277975243.375,-9765259609745.824,-9161694196309.04,-8538214881300.615,-7895690525067.5205,-7235233631576.632,-6558202776563.061,-5866198238250.969,-5161049696310.957,-4444795324841.663,-3719652550626.198,-2987982453556.125,-2252252645199.807,-1515008017460.9998,-778865720988.1698,-46560980359.00653,678915221833.3978,1394026391066.6106,2094165213007.4348,2772785451302.515,3420069630923.383,4021028257443.367,4553013763774.811,4982842542356.852,5264079299049.406,5335444810239.622,5121431162734.431,4536327916540.952,3499774324070.514,2019512022465.6982,523635312095.5246,3955008145.9222574,0.0
7672.5,-213824038582561.7,-212978014768869.8,-212129057623959.25,-211277171720771.1,-210422362114490.8,-209564634348034.84,-208703994457526.12,-207840448977760.56,-206974004947660.4,-206104669915714.38,-205232451945403.94,-204357359620613.75,-203479402051024.4,-202598588877489.12,-201714930277389.94,-200828436969973.84,-199939120221667.2,-199046991851367.62,-198152064235712.8,-197254350314321.88,-196353863595012.78,-195450618158990.34,-194544628666006.7,-193635910359490.25,-192724479071645.03,-191810351228516.0,-190893543855021.62,-189974074579950.62,-189051961640923.75,-188127223889316.4,-187199880795144.38,-186269952451908.4,-185337459581398.06,-184402423538454.2,-183464866315686.12,-182524810548145.75,-181582279517955.06,-180637297158886.06,-179689888060893.8,-178740077474598.16,-177787891315716.9,-176833356169444.8,-175876499294782.22,-174917348628807.06,-173955932790893.5,-172992281086872.84,-172026423513137.7,-171058390760687.62,-170088214219113.38,-169115925980522.8,-168141558843402.6,-167165146316417.84,-166186722622147.16,-165206322700752.4,-164223982213583.0,-163239737546711.22,-162253625814400.03,-161265684862501.56,-160275953271783.8,-159284470361186.5,-158291276191004.44,-157296411565995.97,-156299918038417.78,-155301837910982.5,-154302214239740.38,-153301090836881.94,-152298512273462.5,-151294523882044.4,-150289171759260.72,-149282502768293.03,-148274564541268.8,-147265405481570.6,-146255074766061.7,-145243622347223.47,-144231098955203.1,-143217556099772.66,-142203046072196.88,-141187621947006.12,-140171337583678.55,-139154247628222.84,-138136407514666.47,-137117873466443.05,-136098702497680.05,-135078952414383.12,-134058681815516.5,-133037950093976.16,-132016817437455.1,-130995344829196.39,-129973594048634.12,-128951627671917.5,-127929509072316.5,-126907302420506.38,-125885072684726.83,-124862885630814.58,-123840807822103.3,-122818906619190.08,-121797250179562.61,-120775907457082.84,-119754948201324.94,-118734442956760.39,-117714463061786.34,-116695080647592.44,-115676368636859.27,-114658400742284.6,-113641251464927.83,-112624996092369.52,-111609710696676.28,-110595472132165.11,-109582358032957.84,-108570446810318.05,-107559817649761.56,-106550550507930.33,-105542726109219.5,-104536425942148.5,-103531732255462.73,-102528728053955.25,-101527497093995.16,-100528123878750.5,-99530693653089.9,-98535292398148.86,-97542006825546.02,-96550924371231.11,-95562133188948.62,-94575722143298.06,-93591780802372.9,-92610399429955.86,-91631668977251.9,-90655681074134.48,-89682528019883.64,-88712302773390.16,-87745098942801.02,-86781010774579.27,-85820133141950.38,-84862561532705.8,-83908392036333.66,-82957721330444.27,-82010646666458.47,-81067265854522.86,-80127677247616.97,-79191979724816.27,-78260272673668.94,-77332655971650.5,-76409229966651.14,-75490095456454.98,-74575353667164.72,-73665106230526.95,-72759455160109.5,-71858502826281.47,-70962351929945.61,-70071105474969.586,-69184866739263.02,-68303739244443.67,-67427826724036.414,-66557233090144.97,-65692062398536.914,-64832418812079.85,-63978406562463.65,-63130129910145.766,-62287693102451.15,-61451200329758.68,-60620755679704.64,-59796463089331.234,-58978426295107.04,-58166748780744.74,-57361533722739.414,-56562883933549.94,-55770901802342.46,-54985689233215.89,-54207347580824.08,-53435977583311.016,-52671679292469.37,-51914552001034.164,-51164694167018.4,-50422203334994.93,-49687176054227.4,-48959707793548.04,-48239892852877.43,-47527824271276.266,-46823593731416.18,-46127291460348.74,-45439006126448.836,-44758824732399.21,-44086832504077.54,-43423112775197.0,-42767746867543.41,-42120813966639.375,-41482390992655.23,-40852552466371.57,-40231370369983.17,-39618914002517.45,-39015249829619.86,-38420441327438.91,-37834548820317.875,-37257629311975.734,-36689736309828.68,-36130919642073.35,-35581225267115.99,-35040695074894.91,-34509366679599.504,-33987273203245.48,-33474443049515.062,-32970899667218.19,-32476661302673.56,-31991740740246.92,-31516145030219.63,-31049875203091.01,-30592925969346.832,-30145285403649.746,-29706934612330.668,-29277847382978.984,-28857989814848.785,-28447319928715.5,-28045787254737.625,-27653332396798.746,-27269886571730.383,-26895371121748.836,-26529696998378.41,-26172764216086.21,-25824461273819.836,-25484664542626.066,-25153237617536.93,-24830030631948.035,-24514879532786.3,-24207605314877.49,-23908013213086.76,-23615891851024.504,-23331012345396.01,-23053127365437.37,-22781970147331.926,-22517253464056.1,-22258668551773.984,-22005883994701.38,-21758544571310.92,-21516270065865.87,-21278654050573.246,-21045262645155.867,-20815633262381.02,-20589273350071.9,-20365659142391.746,-20144234435754.15,-19924409407595.86,-19705559499481.07,-19487024389602.438,-19268107083728.773,-19048073158034.625,-18826150192044.215,-18601527435132.75,-18373355755644.75,-18140747927690.543,-17902779317028.88,-17658489034076.875,-17406881628914.684,-17146929410049.496,-16877575475494.818,-16597737551179.436,-16306312737520.117,-16002183269781.1,-15684223401094.258,-15351307518082.361,-15002319597098.654,-14636164103147.148,-14251778422308.227,-13848146900394.45,-13424316533689.943,-12979414319675.47,-12512666223879.324,-12023417650255.664,-11511155213225.654,-10975529495944.648,-10416378337787.924,-9833750021502.47,-9227925525772.287,-8599438774545.809,-7949093559472.636,-7277975556701.207,-6587457643445.942,-5879196612595.533,-5155119501450.462,-4417398280480.397,-3668412880779.095,-2910704913071.484,-2146928584415.4644,-1379812139478.819,-612153805434.5874,153107919857.52322,912687421563.0043,1662517002073.9993,2396958091056.4653,3107502399416.94,3780800824198.0,4395918296688.763,4920904532884.412,5309150451567.208,5496490083896.549,5400170643209.5625,4920257394740.21,3947900625282.0215,2429821403320.924,717964856022.901,8027575550.397639,0.0
7670.0,-220888016831134.56,-220035882185097.1,-219180635180077.62,-218322277897086.6,-217460812903412.16,-216596243258617.8,-215728572520536.4,-214857804751257.7,-213983944523108.9,-213106996924625.9,-212226967566516.28,-211343862587610.06,-210457688660798.34,-209568452998959.12,-208676163360867.03,-207780828057088.44,-206882455955857.2,-205981056488932.53,-205076639657437.38,-204169216037674.1,-203258796786917.8,-202345393649185.4,-201429018960979.44,-200509685657004.3,-199587407275854.9,-198662197965675.5,-197734072489787.22,-196803046232283.62,-195869135203592.5,-194932356046002.12,-193992726039151.88,-193050263105484.34,-192104985815658.0,-191156913393921.03,-190206065723441.16,-189252463351592.84,-188296127495201.66,-187337080045739.22,-186375343574474.7,-185410941337574.5,-184443897281154.44,-183474236046279.06,-182501982973908.97,-181527164109794.38,-180549806209313.62,-179569936742254.62,-178587583897539.1,-177602776587887.94,-176615544454425.97,-175625917871225.28,-174633927949786.12,-173639606543453.66,-172642986251769.38,-171644100424756.47,-170642983167137.75,-169639669342484.6,-168634194577296.06,-167626595265007.03,-166616908569923.8,-165605172431087.34,-164591425566061.1,-163575707474643.3,-162558058442504.0,-161538519544741.56,-160517132649363.4,-159493940420684.56,-158468986322646.5,-157442314622052.25,-156413970391720.66,-155383999513553.6,-154352448681520.25,-153319365404552.62,-152284798009355.44,-151248795643126.1,-150211408276184.7,-149172686704513.2,-148132682552203.44,-147091448273809.16,-146049037156606.5,-145005503322755.7,-143960901731367.38,-142915288180469.62,-141868719308874.66,-140821252597944.8,-139772946373254.56,-138723859806148.94,-137674052915194.72,-136623586567523.97,-135572522480067.98,-134520923220678.72,-133468852209136.48,-132416373718041.92,-131363552873588.92,-130310455656216.69,-129257148901138.64,-128203700298744.8,-127150178394874.45,-126096652590956.45,-125043193144014.02,-123989871166530.14,-122936758626168.61,-121883928345348.69,-120831454000667.3,-119779410122166.08,-118727872092434.44,-117676916145548.72,-116626619365836.95,-115577059686465.98,-114528315887844.08,-113480467595830.86,-112433595279749.12,-111387780250189.66,-110343104656600.55,-109299651484653.95,-108257504553378.94,-107216748512051.05,-106177468836829.4,-105139751827128.94,-104103684601716.11,-103069355094515.45,-102036852050115.12,-101006265018955.53,-99977684352187.55,-98951201196183.94,-97926907486689.3,-96904895942587.7,-95885260059273.72,-94868094101604.47,-93853493096414.52,-92841552824570.73,-91832369812545.81,-90826041323486.52,-89822665347752.1,-88822340592896.84,-87825166473069.8,-86831243097803.67,-85840671260163.25,-84853552424221.45,-83869988711832.3,-82890082888666.2,-81913938349472.47,-80941659102533.17,-79973349753269.62,-79009115486962.86,-78049062050546.69,-77093295733430.44,-76141923347308.9,-75195052204911.78,-74252790097647.64,-73315245272091.92,-72382526405269.92,-71454742578682.06,-70532003251019.02,-69614418229509.89,-68702097639848.664,-67795151894640.055,-66893691660303.75,-65997827822377.75,-65107671449156.62,-64223333753599.68,-63344926053444.516,-62472559729457.11,-61606346181749.3,-60746396784094.1,-59892822836164.586,-59045735513624.48,-58205245815993.086,-57371464512208.53,-56544502083809.555,-55724468665655.555,-54911473984100.86,-54105627292540.08,-53307037304235.66,-52515812122338.56,-51732059167009.71,-50955885099546.31,-50187395743414.43,-49426696002084.234,-48673889773562.125,-47929079861505.87,-47192367882806.43,-46463854171511.484,-45743637678959.9,-45031815869986.5,-44328484615049.21,-43633738078117.65,-42947668600151.85,-42270366577984.914,-41601920338408.375,-40942416007241.15,-40291937373143.2,-39650565745912.92,-39018379808981.64,-38395455465792.06,-37781865679714.32,-37177680307121.19,-36582965923203.17,-35997785640064.15,-35422198916589.79,-34856261359530.61,-34300024515185.99,-33753535651012.848,-33216837526417.883,-32689968151919.438,-32172960535787.76,-31665842417189.53,-31168635984773.23,-30681357579537.45,-30204017380724.695,-29736619073377.418,-29279159496083.914,-28831628267327.0,-28394007388732.7,-27966270823395.465,-27548384047337.89,-27140303572043.508,-26741976435885.52,-26353339662164.086,-25974319681363.14,-25604831715148.082,-25244779119551.797,-24894052684744.33,-24552529888754.426,-24220074102519.105,-23896533743682.46,-23581741376661.215,-23275512756646.797,-22977645815434.812,-22687919587274.62,-22406093073326.043,-22131904043814.293,-21865067777601.418,-21605275739663.9,-21352194197898.75,-21105462781798.258,-20864692986857.867,-20629466630140.188,-20399334264234.855,-20173813558961.023,-19952387662584.836,-19734503557100.43,-19519570425283.54,-19306958050804.676,-19095995276716.12,-18885968552138.266,-18676120601995.754,-18465649260217.21,-18253706512940.81,-18039397804970.56,-17821781670011.246,-17599869753062.227,-17372627301738.303,-17138974212156.137,-16897786724279.348,-16647899871123.633,-16388110795779.26,-16117183059544.52,-15833852073198.041,-15536831791068.807,-15224822813413.99,-14896522045800.785,-14550634063547.496,-14185884323306.014,-13801034350624.188,-13394899009340.918,-12966365922819.344,-12514417064431.498,-12038152460617.64,-11536815848583.465,-11009821995721.85,-10456785212012.336,-9877548362876.605,-9272211412572.88,-8641158195396.249,-7985079730127.066,-7304991984214.409,-6602245607205.273,-5878524882756.325,-5135833163899.323,-4376462641037.374,-3602947903782.6343,-2818006103447.2256,-2024472650145.8616,-1225251758083.6628,-423317699753.00214,378172471434.2866,1175558921056.847,1964011028605.592,2736321958068.9365,3480942982028.688,4179059760652.605,4800672748734.883,5300028011015.517,5611324262872.029,5645908267727.907,5291115671733.642,4411347833689.502,2889715630285.9775,968793303458.9521,15831876102.212381,0.0
7667.5,-228146878332376.4,-227289701825051.7,-226429238573214.62,-225565487978978.66,-224698449932220.72,-223828124817108.1,-222954513518626.56,-222077617429109.06,-221197438454762.03,-220313979022189.72,-219427242084913.0,-218537231129884.8,-217643950183995.94,-216747403820574.38,-215847597165874.28,-214944535905553.94,-214038226291140.25,-213128675146480.38,-212215889874176.88,-211299878462007.16,-210380649489322.06,-209458212133427.28,-208532576175941.47,-207603752009132.0,-206671750642226.4,-205736583707697.6,-204798263467522.0,-203856802819407.7,-202912215302994.22,-201964515106017.47,-201013717070443.25,-200059836698564.8,-199102890159063.78,-198142894293033.38,-197179866619961.6,-196213825343672.47,-195244789358226.94,-194272778253775.8,-193297812322371.0,-192319912563725.8,-191339100690929.28,-190355399136108.06,-189368831056038.22,-188379420337702.34,-187387191603792.8,-186392170218158.72,-185394382291194.12,-184393854685168.7,-183390615019496.84,-182384691675944.25,-181376113803772.88,-180364911324819.25,-179351114938507.12,-178334756126793.03,-177315867159042.72,-176294481096836.38,-175270631798704.2,-174244353924786.62,-173215682941422.22,-172184655125659.22,-171151307569690.62,-170115678185210.8,-169077805707693.97,-168037729700590.6,-166995490559443.16,-165951129515919.28,-164904688641760.44,-163856210852644.62,-162805739911964.88,-161753320434517.4,-160698997890104.66,-159642818607044.62,-158584829775592.72,-157525079451270.56,-156463616558100.66,-155400490891748.1,-154335753122567.1,-153269454798550.2,-152201648348181.3,-151132387083188.6,-150061725201198.66,-148989717788289.4,-147916420821440.84,-146841891170882.6,-145766186602336.3,-144689365779153.12,-143611488264342.8,-142532614522494.9,-141452805921589.62,-140372124734697.16,-139290634141564.05,-138208398230083.78,-137125481997651.84,-136041951352402.02,-134957873114321.44,-133873315016244.45,-132788345704720.52,-131703034740755.08,-130617452600421.92,-129531670675341.67,-128445761273025.98,-127359797617083.02,-126273853847281.05,-125188005019468.4,-124102327105341.86,-123016896992064.73,-121931792481725.52,-120847092290636.7,-119762876048464.83,-118679224297189.3,-117596218489883.5,-116513940989311.66,-115432475066335.02,-114351904898121.52,-113272315566150.67,-112193793054004.66,-111116424244940.03,-110040296919228.7,-108965499751259.81,-107892122306391.02,-106820255037541.0,-105749989281508.81,-104681417255009.56,-103614632050413.11,-102549727631172.84,-101486798826927.95,-100425941328266.45,-99367251681130.78,-98310827280850.25,-97256766365780.67,-96205168010534.05,-95156132118776.03,-94109759415572.52,-93066151439260.25,-92025410532820.45,-90987639834729.64,-89952943269262.56,-88921425536219.22,-87893192100048.78,-86868349178340.62,-85847003729650.72,-84829263440632.23,-83815236712435.92,-82805032646345.81,-81798761028612.94,-80796532314450.02,-79798457611146.98,-78804648660266.66,-77815217818878.81,-76830278039786.77,-75849942850703.94,-74874326332330.72,-73903543095285.0,-72937708255835.22,-71976937410385.05,-71021346608657.2,-70071052325519.914,-69126171431403.0,-68186821161243.5,-67253119081903.586,-66325183057999.87,-65403131216082.6,-64487081907101.38,-63577153667093.44,-62673465176028.016,-61776135214740.15,-60885282619884.77,-60001026236841.37,-59123484870497.67,-58252777233839.48,-57389021894271.44,-56532337217593.445,-55682841309554.086,-54840651954900.87,-54005886553845.43,-53178662055858.88,-52359094890710.02,-51547300896654.81,-50743395245684.83,-49947492365734.266,-49159705859744.01,-48380148421473.09,-47608931747943.555,-46846166448395.22,-46091961949621.3,-45346426397542.48,-44609666554869.63,-43881787694689.36,-43162893489793.4,-42453085897556.586,-41752465040146.93,-41061129079831.734,-40379174089117.64,-39706693915435.25,-39043780040047.336,-38390521430824.36,-37747004388491.85,-37113312385909.68,-36489525899894.555,-35875722235042.43,-35271975338947.55,-34678355608148.06,-34094929684055.9,-33521760238047.734,-32958905744808.14,-32406420242919.848,-31864353081594.652,-31332748652326.953,-30811646104133.96,-30301079040919.15,-29801075199360.316,-29311656105581.18,-28832836708714.83,-28364624989310.664,-27907021540372.926,-27460019118652.43,-27023602163641.88,-26597746281553.51,-26182417691387.777,-25777572630035.457,-25383156713196.62,-24999104248754.0,-24625337499107.668,-24261765888871.574,-23908285154253.453,-23564776430399.74,-23231105272991.18,-22907120610436.754,-22592653623141.723,-22287516546535.367,-21991501394849.312,-21704378603053.715,-21425895584906.855,-21155775205771.21,-20893714169721.605,-20639381321540.516,-20392415865492.14,-20152425504317.465,-19918984503731.867,-19691631689867.895,-19469868389627.38,-19253156326827.09,-19040915490385.84,-18832521994648.164,-18627305956320.87,-18424549417457.473,-18223484349511.855,-18023290779741.703,-17823095088221.316,-17621968531462.996,-17418926057182.648,-17212925484104.945,-17002867130899.49,-16787593989363.95,-16565892548791.58,-16336494391001.623,-16098078688649.275,-15849275752964.424,-15588671790695.535,-15314815043318.098,-15026223493882.426,-14721394337346.586,-14398815417655.627,-14056978837526.367,-13694396942624.88,-13309620867559.764,-12901261802843.416,-12468015094438.35,-12008687213928.555,-11522225529170.691,-11007750651974.068,-10464590928521.633,-9892318356148.707,-9290784843187.307,-8660157266690.714,-8000949225279.843,-7314046750769.843,-6600724591211.571,-5862649137306.518,-5101863878536.232,-4320753878402.6978,-3521987875455.1587,-2708441402578.054,-1883113513919.8198,-1049065783782.0576,-209438372834.74072,632362421578.4944,1472155425494.9668,2303936825985.2104,3118010307735.4956,3897992141005.17,4616499925217.645,5229700951819.419,5671560649912.484,5849123223654.888,5638862236158.718,4881130286742.009,3396064557171.303,1286166165463.0881,30330654165.707355,0.0
7665.0,-235598603069844.03,-234737492525995.97,-233872926933572.78,-233004902831330.7,-232133417244458.6,-231258467691649.44,-230380052192178.53,-229498169272989.88,-228612817975786.7,-227723997864125.53,-226831709030513.88,-225935952103507.62,-225036728254807.56,-224134039206355.47,-223227887237424.22,-222318275191704.8,-221405206484384.94,-220488685109220.28,-219568715645595.62,-218645303265574.72,-217718453740936.5,-216788173450196.72,-215854469385613.94,-214917349160176.28,-213976821014570.0,-213032893824124.97,-212085577105739.03,-211134881024776.12,-210180816401939.06,-209223394720113.47,-208262628131182.72,-207298529462810.28,-206331112225190.16,-205360390617761.53,-204386379535886.47,-203409094577490.38,-202428552049661.8,-201444768975208.84,-200457763099175.38,-199467552895308.22,-198474157572480.53,-197477597081064.06,-196477892119252.4,-195475064139331.06,-194469135353894.8,-193460128742008.6,-192448068055311.03,-191432977824060.25,-190414883363117.72,-189393810777870.53,-188369786970089.72,-187342839643723.5,-186312997310621.88,-185280289296194.56,-184244745744997.12,-183206397626245.8,-182165276739258.88,-181121415718822.5,-180074848040481.44,-179025608025749.84,-177973730847244.78,-176919252533736.4,-175862209975118.72,-174802640927293.3,-173740584016970.6,-172676078746383.44,-171609165497912.97,-170539885538624.53,-169468281024715.2,-168394395005866.94,-167318271429508.7,-166239955144983.03,-165159491907617.56,-164076928382700.6,-162992312149357.06,-161905691704326.38,-160817116465641.16,-159726636776201.84,-158634303907251.7,-157540170061745.72,-156444288377617.12,-155346712930935.5,-154247498738960.03,-153146701763083.4,-152044378911666.6,-150940588042764.2,-149835387966736.62,-148728838448751.03,-147621000211167.6,-146511934935810.78,-145401705266124.22,-144290374809207.6,-143178008137735.03,-142064670791752.62,-140950429280353.22,-139835351083229.28,-138719504652098.98,-137602959412005.66,-136485785762489.0,-135368055078625.12,-134249839711933.22,-133131212991147.81,-132012249222852.4,-130893023691974.92,-129773612662137.47,-128654093375862.78,-127534544054629.9,-126415043898778.64,-125295673087256.95,-124176512777208.58,-123057645103396.83,-121939153177459.02,-120821121086986.77,-119703633894428.69,-118586777635807.3,-117470639319245.48,-116355306923296.11,-115240869395067.64,-114127416648138.28,-113015039560250.02,-111903829970776.14,-110793880677950.5,-109685285435850.98,-108578138951125.2,-107472536879449.89,-106368575821708.55,-105266353319878.83,-104165967852613.62,-103067518830503.48,-101971106591004.53,-100876832393016.4,-99784798411094.4,-98695107729276.5,-97607864334508.25,-96523173109645.1,-95441139826011.27,-94361871135494.88,-93285474562153.7,-92212058493310.25,-91141732170109.77,-90074605677513.62,-89010789933702.45,-87950396678858.55,-86893538463297.47,-85840328634917.72,-84790881325935.03,-83745311438866.78,-82703734631731.78,-81666267302427.34,-80633026572245.11,-79604130268487.23,-78579696906139.34,-77559845668560.33,-76544696387141.94,-75534369519895.83,-74528986128919.36,-73528667856692.16,-72533536901155.27,-71543715989521.88,-70559328350766.31,-69580497686740.61,-68607348141863.07,-67640004271323.03,-66678591007747.13,-65723233626267.71,-64774057707936.164,-63831189101421.12,-62894753882931.336,-61964878314301.39,-61041688799178.69,-60125311837246.87,-59215873976422.945,-58313501762961.75,-57418321689400.445,-56530460140276.305,-55650043335547.07,-54777197271643.516,-53912047660079.56,-53054719863545.695,-52205338829405.625,-51364029020515.22,-50530914343276.84,-49706118072838.96,-48889762775343.734,-48081970227120.164,-47282861330710.76,-46492556027612.12,-45711173207597.24,-44938830614475.91,-44175644748134.26,-43421730762676.93,-42677202360476.37,-41942171681910.37,-41216749190543.2,-40501043553475.31,-39795161516553.79,-39099207774095.664,-38413284832734.75,-37737492868951.48,-37071929579792.35,-36416690026222.875,-35771866468489.625,-35137548192791.594,-34513821328475.402,-33900768654877.4,-33298469396832.453,-32706999007757.117,-32126428939092.574,-31556826394760.27,-30998254069137.52,-30450769866906.06,-29914426602958.17,-29389271680367.36,-28875346744239.703,-28372687309060.676,-27881322356941.312,-27401273903946.164,-26932556531456.3,-26475176879284.99,-26029133097024.06,-25594414249857.22,-25170999674837.53,-24758858283392.145,-24357947805595.89,-23968213971548.496,-23589589625008.97,-23221993764290.418,-22865330505308.754,-22519487961622.996,-22184337036309.934,-21859730120603.254,-21545499694405.227,-21241456824071.78,-20947389553295.49,-20663061183490.01,-20388208440839.195,-20122539528140.11,-19865732060775.363,-19617430887627.297,-19377245799533.17,-19144749130016.137,-18919473255555.336,-18700908005626.746,-18488497996205.062,-18281639904420.727,-18079679706673.223,-17881909907772.3,-17687566794680.344,-17495827755227.615,-17305808709839.836,-17116561712928.225,-16927072790218.688,-16736260089014.963,-16542972430268.156,-16345988364429.531,-16144015847440.973,-15935692668900.334,-15719587781418.45,-15494203698400.451,-15257980146791.459,-15009299181458.232,-14746491988380.98,-14467847623987.559,-14171623956675.85,-13856061092199.094,-13519397574736.146,-13159889656691.053,-12775833917701.111,-12365593480230.14,-11927628006275.635,-11460527554835.586,-10963050216871.086,-10434163203469.344,-9873086719714.432,-9279339484832.557,-8652784133233.813,-7993669935496.337,-7302669323209.619,-6580903651704.243,-5829952659192.6045,-5051841534340.2295,-4249000052962.569,-3424191050861.7695,-2580412470749.9185,-1720791294409.2441,-848513034274.276,33127585023.64591,920405305688.3179,1808335547288.9973,2689000647820.4556,3548618505916.6523,4362983944757.966,5091233634910.049,5668615005563.076,5999705783694.71,5952321639486.999,5346289730528.6875,3942822914185.1934,1679463462530.0962,56429963901.03947,0.0
7662.5,-243240556893303.66,-242376651962094.9,-241509131270882.1,-240637988314710.12,-239763217070629.0,-238884812005321.1,-238002768082742.84,-237117080771783.22,-236227746053932.62,-235334760430965.22,-234438120932630.12,-233537825124352.06,-232633871114936.84,-231726257564284.72,-230814983691104.88,-229900049280633.44,-228981454692350.9,-228059200867698.7,-227133289337792.25,-226203722231129.62,-225270502281293.16,-224333632834642.7,-223393117857999.3,-222448961946316.6,-221501170330338.28,-220549748884240.03,-219594704133255.12,-218636043261278.66,-217673774118453.0,-216707905228727.94,-215738445797398.22,-214765405718612.5,-213788795582853.6,-212808626684390.16,-211824911028692.9,-210837661339817.97,-209846891067754.12,-208852614395729.56,-207854846247481.2,-206853602294478.47,-205848898963105.88,-204840753441796.6,-203829183688119.7,-202814208435816.06,-201795847201783.0,-200774120293004.25,-199749048813423.5,-198720654670761.38,-197688960583270.44,-196653990086430.44,-195615767539577.75,-194574318132471.4,-193529667891788.78,-192481843687554.1,-191430873239495.12,-190376785123325.62,-189319608776953.7,-188259374506613.16,-187196113492916.34,-186129857796825.78,-185060640365544.78,-183988495038323.22,-182913456552178.38,-181835560547527.28,-180754843573731.84,-179671343094551.66,-178585097493505.75,-177496146079139.56,-176404529090197.47,-175310287700697.5,-174213464024908.38,-173114101122225.9,-172012243001948.62,-170907934627950.84,-169801221923250.38,-168692151774471.97,-167580772036203.7,-166467131535243.84,-165351280074740.88,-164233268438219.84,-163113148393499.25,-161990972696492.84,-160866795094898.25,-159740670331770.34,-158612654148976.1,-157482803290533.6,-156351175505831.56,-155217829552727.3,-154082825200526.0,-152946223232834.9,-151808085450296.6,-150668474673195.03,-149527454743938.2,-148385090529411.9,-147241447923206.1,-146096593847712.1,-144950596256088.5,-143803524134094.47,-142655447501791.03,-141506437415106.34,-140356565967264.19,-139205906290075.06,-138054532555086.52,-136902519974593.45,-135749944802501.73,-134596884335049.17,-133443416911375.69,-132289621913945.05,-131135579768812.0,-129981371945733.77,-128827080958123.2,-127672790362838.48,-126518584759807.39,-125364549791482.72,-124210772142123.05,-123057339536895.02,-121904340740793.58,-120751865557373.62,-119600004827288.16,-118448850426626.1,-117298495265045.38,-116149033283691.94,-115000559452899.16,-113853169769658.5,-112706961254854.28,-111562031950251.67,-110418480915229.92,-109276408223249.52,-108135914958042.23,-106997103209512.94,-105860076069339.28,-104724937626257.92,-103591792961021.06,-102460748141009.45,-101331910214485.52,-100205387204469.89,-99081288102224.17,-97959722860318.66,-96840802385268.53,-95724638529715.77,-94611344084133.66,-93501032768033.75,-92393819220648.22,-91289818991064.12,-90189148527781.48,-89091925167668.48,-87998267124284.42,-86908293475540.14,-85822124150664.47,-84739879916443.81,-83661682362701.62,-82587653886981.94,-81517917678401.2,-80452597700630.17,-79391818673967.8,-78335706056467.64,-77284386024074.12,-76237985449729.22,-75196631881404.53,-74160453519015.36,-73129579190172.58,-72104138324725.97,-71084260928052.44,-70070077553042.67,-69061719270737.37,-68059317639566.41,-67063004673139.625,-66072912806542.96,-65089174861087.68,-64111924007464.92,-63141293727253.91,-62177417772734.63,-61220430124954.56,-60270464949997.49,-59327656553405.34,-58392139332700.47,-57464047727957.79,-56543516170373.336,-55630679028777.84,-54725670554039.484,-53828624821301.32,-52939675669994.95,-52058956641570.42,-51186600914878.35,-50322741239136.6,-49467509864407.69,-48621038469508.1,-47783458087260.47,-46954899026992.45,-46135490794172.586,-45325362007060.51,-44524640310232.766,-43733452284825.14,-42951923355311.48,-42180177692610.93,-41418338113286.95,-40666525974564.6,-39924861064854.164,-39193461489421.25,-38472443550793.16,-37761921623429.88,-37062008022122.875,-36372812863508.016,-35694443919994.555,-35027006465318.777,-34370603110823.53,-33725333631450.574,-33091294780301.43,-32468580090482.676,-31857279662794.39,-31257479937651.098,-30669263449439.047,-30092708561313.85,-29527889178225.434,-28974874435724.48,-28433728361856.82,-27904509509187.508,-27387270553716.008,-26882057857151.457,-26388910988708.85,-25907862202269.816,-25438935864425.293,-24982147828584.89,-24537504750005.098,-24105003336257.492,-23684629527337.574,-23276357599309.2,-22880149185098.56,-22495952205804.55,-22123699705689.703,-21763308583870.93,-21414678215657.48,-21077688956500.715,-20752200521645.348,-20438050234828.535,-20135051139781.492,-19842989968881.02,-19561624964098.992,-19290683546445.043,-19029859831425.418,-18778811989689.4,-18537159454049.38,-18304479976488.74,-18080306541665.727,-17864124146839.426,-17655366462147.074,-17453412389818.146,-17257582546293.473,-17067135697407.072,-16881265183870.781,-16699095382374.145,-16519678256776.695,-16341990064244.678,-16164928292890.994,-15987308920660.744,-15807864100008.916,-15625240389509.566,-15437997672084.41,-15244608920213.81,-15043460991452.715,-14832856662937.367,-14611018141377.826,-14376092315191.523,-14126158047613.496,-13859235843109.09,-13573300252918.602,-13266295416886.158,-12936154164354.889,-12580821111423.137,-12198280187129.588,-11786586985335.908,-11343906255409.992,-10868554690129.453,-10359048912656.17,-9814158166586.203,-9232960626750.48,-8614901422721.566,-7959849358080.224,-7268147902987.19,-6540654397389.781,-5778759745635.361,-4984379723455.606,-4159909385585.3525,-3308135839017.3545,-2432115023815.1895,-1535040139238.557,-620170155153.8491,309044690552.7811,1248399761539.7288,2191557553740.5796,3127336331187.3506,4035098723688.5713,4877905790604.889,5593854697628.588,6087101014902.839,6219303865871.541,5793926602300.789,4520626039421.759,2156271048226.2256,101924303261.14156,0.0
7660.0,-251069492375729.94,-250203956570988.34,-249334653464927.84,-248461573334398.56,-247584706930439.47,-246704045486468.97,-245819580726500.5,-244931304873382.25,-244039210657058.78,-243143291322852.56,-242243540639764.7,-241339952908792.75,-240432522971263.7,-239521246217181.62,-238606118593585.97,-237687136612922.47,-236764297361419.94,-235837598507475.38,-234907038310044.75,-233972615627034.9,-233034329923698.94,-232092181281028.6,-231146170404146.44,-230196298630691.75,-229242567939200.62,-228284980957477.8,-227323540970958.03,-226358251931053.53,-225389118463489.78,-224416145876621.62,-223439340169732.53,-222458708041312.38,-221474256897312.2,-220485994859374.97,-219493930773036.97,-218498074215901.75,-217498435505782.16,-216495025708807.12,-215487856647494.7,-214476940908785.06,-213462291852034.47,-212443923616965.0,-211421851131571.75,-210396090119980.34,-209366657110257.25,-208333569442166.88,-207296845274876.0,-206256503594601.9,-205212564222201.2,-204165047820699.94,-203113975902758.97,-202059370838075.97,-201001255860718.97,-199939655076390.8,-198874593469622.88,-197806096910893.56,-196734192163671.38,-195658906891380.25,-194580269664283.72,-193498309966287.28,-192413058201655.9,-191324545701644.9,-190232804731042.5,-189137868494620.5,-188039771143493.84,-186938547781383.5,-185834234470784.78,-184726868239034.38,-183616487084279.4,-182503129981341.47,-181386836887479.34,-180267648748042.03,-179145607502016.7,-178020756087466.16,-176893138446853.8,-175762799532256.84,-174629785310464.9,-173494142767960.38,-172355919915783.8,-171215165794277.44,-170071930477708.72,-168926265078771.6,-167778221752963.62,-166627853702838.25,-165475215182129.8,-164320361499751.66,-163163349023664.25,-162004235184612.5,-160843078479732.88,-159679938476025.75,-158514875813695.0,-157347952209350.88,-156179230459077.97,-155008774441364.34,-153836649119891.8,-152662920546187.16,-151487655862131.4,-150310923302326.44,-149132792196319.22,-147953332970680.5,-146772617150937.5,-145590717363359.62,-144407707336595.1,-143223661903158.62,-142038657000765.9,-140852769673516.44,-139666078072921.19,-138478661458773.86,-137290600199863.67,-136101975774527.98,-134912870771042.66,-133723368887847.47,-132533554933603.52,-131343514827082.55,-130153335596881.84,-128963105380963.19,-127772913426013.39,-126582850086620.92,-125393006824266.19,-124203476206119.34,-123014351903643.52,-121825728690995.98,-120637702443223.47,-119450370134244.42,-118263829834614.14,-117078180709062.83,-115893523013802.03,-114709958093590.33,-113527588378549.98,-112346517380725.83,-111166849690376.05,-109988690971985.97,-108812147959992.08,-107637328454205.81,-106464341314923.62,-105293296457711.28,-104124304847847.12,-102957478494409.53,-101792930443993.36,-100630774774037.81,-99471126585748.28,-98314101996593.9,-97159818132360.33,-96008393118738.03,-94859946072423.55,-93714597091711.6,-92572467246554.03,-91433678568060.83,-90298354037417.56,-89166617574191.61,-88038594024000.69,-86914409145512.81,-85794189596749.88,-84678062920661.64,-83566157529940.5,-82458602691042.84,-81355528507383.38,-80257065901669.16,-79163346597337.39,-78074503099061.25,-76990668672287.66,-75911977321770.67,-74838563769062.44,-73770563428925.39,-72708112384627.42,-71651347362083.05,-70600405702802.73,-69555425335614.07,-68516544747116.79,-67483902950837.055,-66457639455043.47,-65437894229191.94,-64424807668964.55,-63418520559869.125,-62419174039368.76,-61426909557509.71,-60441868836018.76,-59464193825840.664,-58494026663089.64,-57531509623387.36,-56576785074562.26,-55629995427684.83,-54691283086413.734,-53760790394626.58,-52838659582309.65,-51925032709676.26,-51020051609484.13,-50123857827514.13,-49236592561170.72,-48358396596155.15,-47489410241153.88,-46629773260473.516,-45779624804539.27,-44939103338156.86,-44108346566416.35,-43287491358093.68,-42476673666373.64,-41676028446686.29,-40885689571407.03,-40105789741124.414,-39336460392126.44,-38577831599693.25,-37830031976714.71,-37093188567069.695,-36367426733114.09,-35652870036520.375,-34949640111597.48,-34257856530089.027,-33577636656305.195,-32909095491282.375,-32252345504488.625,-31607496451396.76,-30974655175034.31,-30353925389384.473,-29745407442257.18,-29149198054975.246,-28565390035920.05,-27994071964663.453,-27435327843069.773,-26889236709388.707,-26355872210976.13,-25835302130876.96,-25327587863083.965,-24832783830852.277,-24350936842003.754,-23882085374703.92,-23426258786742.08,-22983476440898.223,-22553746738548.934,-22137066053255.19,-21733417555702.254,-21342769921035.66,-20965075909377.18,-20600270810121.543,-20248270740536.516,-19908970789230.203,-19582242995241.613,-19267934153877.195,-18965863440991.8,-18675819848230.164,-18397559422843.08,-18130802307113.043,-17875229574214.035,-17630479859537.215,-17396145789195.72,-17171770210635.79,-16956842234093.484,-16750793098118.598,-16552991877617.818,-16362741058936.533,-16179272013501.418,-16001740409594.695,-15829221611056.752,-15660706122262.021,-15495095150764.348,-15331196372763.807,-15167720002259.17,-15003275282708.908,-14836367540576.348,-14665395963687.148,-14488652294342.486,-14304320658121.166,-14110478784805.955,-13905100918388.828,-13686062759033.787,-13451148831303.836,-13198062729460.453,-12924440750849.062,-12627869489405.611,-12305908017872.283,-11956115330500.828,-11576083733654.846,-11163478838109.348,-10716086692067.756,-10231868352770.293,-9709021765759.846,-9146050125845.303,-8541834840006.504,-7895709706489.799,-7207530904497.689,-6477734894209.417,-5707373629261.487,-4898114324284.097,-4052191004196.176,-3172300272659.812,-2261449584550.2046,-1322801479719.866,-359624181062.8645,624427689490.7511,1624309256630.512,2631255898174.4253,3628359404404.423,4583372960950.103,5438771145570.565,6100484696757.781,6426770571807.969,6209312636563.792,5116498296661.579,2720982679091.412,178660321657.61642,0.0
7657.5,-259081556280963.4,-258215568073187.7,-257345671829858.0,-256471854442951.7,-255594103267127.84,-254712406128486.44,-253826751333362.12,-252937127677152.8,-252043524453180.38,-251145931461580.84,-250244339018225.4,-249338737963667.56,-248429119672114.84,-247515476060427.5,-246597799597135.25,-245676083311477.62,-244750320802460.22,-243820506247928.28,-242886634413655.84,-241948700662445.34,-241006700963239.25,-240060631900240.34,-239110490682037.22,-238156275150735.28,-237197983791090.1,-236235615739640.16,-235269170793838.03,-234298649421177.5,-233324052768314.44,-232345382670177.6,-231362641659070.56,-230375832973758.5,-229384960568540.7,-228390029122304.53,-227391044047558.88,-226388011499445.53,-225380938384725.1,-224369832370734.25,-223354701894315.7,-222335556170712.75,-221312405202430.2,-220285259788057.8,-219254131531054.03,-218219032848485.66,-217179976979724.34,-216136977995094.28,-215090050804470.0,-214039211165821.22,-212984475693702.72,-211925861867686.2,-210863388040731.0,-209797073447493.06,-208726938212566.38,-207653003358657.72,-206575290814690.28,-205493823423833.28,-204408624951455.72,-203319720093002.3,-202227134481787.66,-201130894696706.53,-200031028269859.44,-198927563694087.22,-197820530430417.34,-196709958915413.94,-195595880568433.2,-194478327798780.12,-193357334012764.72,-192232933620653.22,-191105162043515.88,-189974055719965.38,-188839652112785.97,-187701989715448.44,-186561108058512.66,-185417047715911.6,-184269850311116.34,-183119558523180.28,-181966216092660.8,-180809867827413.5,-179650559608261.56,-178488338394534.22,-177323252229474.53,-176155350245514.53,-174984682669414.28,-173811300827266.2,-172635257149358.72,-171456605174902.34,-170275399556611.62,-169091696065145.28,-167905551593401.16,-166717024160664.72,-165526172916609.2,-164333058145146.97,-163137741268130.47,-161940284848900.12,-160740752595679.12,-159539209364814.8,-158335721163861.5,-157130355154507.97,-155923179655346.1,-154714264144479.22,-153503679261969.97,-152291496812125.28,-151077789765618.34,-149862632261446.9,-148646099608723.0,-147428268288297.9,-146209215954217.34,-144989021435006.62,-143767764734784.94,-142545527034205.97,-141322390691224.47,-140098439241686.47,-138873757399740.72,-137648431058071.39,-136422547287947.94,-135196194339089.92,-133969461639346.64,-132742439794186.34,-131515220585993.72,-130287896973171.42,-129060563089044.64,-127833314240562.02,-126606246906791.38,-125379458737204.94,-124153048549750.69,-122927116328702.66,-121701763222287.56,-120477091540080.12,-119253204750161.58,-118030207476034.62,-116808205493287.67,-115587305726000.31,-114367616242882.77,-113149246253138.44,-111932306102042.14,-110716907266222.55,-109503162348638.83,-108291185073238.7,-107081090279286.88,-105872993915350.61,-104667013032927.2,-103463265779700.83,-102261871392411.6,-101062950189321.42,-99866623562259.08,-98673013968226.81,-97482244920548.92,-96294440979543.53,-95109727742696.45,-93928231834314.64,-92750080894639.6,-91575403568393.94,-90404329492741.31,-89236989284630.94,-88073514527504.8,-86914037757339.45,-85758692447996.72,-84607612995855.97,-83460934703701.05,-82318793763833.03,-81181327240381.94,-80048673050789.36,-78920969946432.62,-77798357492365.25,-76680976046143.6,-75568966735715.8,-74462471436343.95,-73361632746537.66,-72266593962971.89,-71177499054369.7,-70094492634325.69,-69017719933053.98,-67947326768042.13,-66883459513595.805,-65826265069263.43,-64775890827129.83,-63732484637973.055,-62696194776280.02,-61667169904121.51,-60645559033888.0,-59631511489893.73,-58625176868857.6,-57626704999273.47,-56636245899685.3,-55653949735885.164,-54679966777054.18,-53714447350867.555,-52757541797586.04,-51809400423155.46,-50870173451334.22,-49940010974865.25,-49019062905704.234,-48107478924307.53,-47205408427974.22,-46313000478222.56,-45430403747164.81,-44557766462822.984,-43695236353302.75,-42842960589710.6,-42001085727662.56,-41169757647187.9,-40349121490777.82,-39539321599269.61,-38740501445182.83,-37952803563043.81,-37176369476138.69,-36411339619027.805,-35657853255030.64,-34916048387752.54,-34186061665566.83,-33468028277791.01,-32762081841099.312,-32068354274496.484,-31386975660936.156,-30718074093400.68,-30061775502968.504,-29418203466074.598,-28787478987822.953,-28169720257833.17,-27565042374697.723,-26973557034690.387,-26395372179902.37,-25830591600488.383,-25279314485185.82,-24741634913724.08,-24217641284175.24,-23707415667712.527,-23211033082646.07,-22728560679002.77,-22260056824316.027,-21805570080701.63,-21365138062728.8,-20938786165065.39,-20526526148395.445,-20128354571697.973,-19744251058654.12,-19374176385740.426,-19018070379495.273,-18675849610539.39,-18347404872225.02,-18032598432312.54,-17731261046869.715,-17443188726695.764,-17168139248036.672,-16905828401225.953,-16655925973211.18,-16418051462763.328,-16191769530577.879,-15976585190528.137,-15771938753094.92,-15577200537559.164,-15391665375994.3,-15214546939551.217,-15044971926117.525,-14881974158325.906,-14724488652283.01,-14571345730555.348,-14421265268211.74,-14272851178508.107,-14124586265650.73,-13974827596671.639,-13821802573645.213,-13663605922311.893,-13498197854889.096,-13323403714864.992,-13136915471420.16,-12936295502319.36,-12718983187871.85,-12482304935329.549,-12223488361811.162,-11939681480735.465,-11627977853556.201,-11285448769964.545,-10909183579607.781,-10496339275186.89,-10044200257501.027,-9550248806615.105,-9012246015639.768,-8428321657309.533,-7797069472079.743,-7117641538184.832,-6389831686194.699,-5614133673412.895,-4791756105083.025,-3924575402917.813,-3015015588510.499,-2065868569590.587,-1080126221768.4025,-61007515914.36155,987446275863.5634,2058561065661.231,3139057199847.062,4201859267751.046,5195177492749.937,6028971996207.909,6561048014294.366,6576090105010.475,5713719866662.253,3373198073019.104,303794727890.2966,0.0
7655.0,-267272304225717.88,-266407047175082.4,-265537753850044.62,-264664407600944.47,-263786992225300.22,-262905491977133.88,-262019891576343.84,-261130176218122.72,-260236331582419.84,-259338343843444.72,-258436199679213.1,-257529886281129.28,-256619391363607.53,-255704703173728.5,-254785810500927.56,-253862702686717.1,-252935369634436.3,-252003801819029.53,-251067990296850.16,-250127926715488.4,-249183603323620.47,-248235012980876.0,-247282149167725.03,-246325005995377.34,-245363578215696.72,-244397861231124.6,-243427851104612.38,-242453544569558.66,-241474939039751.56,-240492032619310.28,-239504824112626.88,-238513313034302.53,-237517499619078.3,-236517384831757.16,-235512970377113.28,-234504258709788.16,-233491253044169.75,-232473957364250.47,-231452376433466.0,-230426515804505.53,-229396381829097.6,-228361981667762.3,-227323323299532.8,-226280415531638.78,-225233268009151.4,-224181891224587.1,-223126296527464.94,-222066496133818.12,-221002503135653.2,-219934331510356.5,-218861996130044.0,-217785512770851.84,-216704898122163.25,-215620169795771.16,-214531346334972.16,-213438447223588.72,-212341492894916.7,-211240504740596.12,-210135505119400.8,-209026517365945.0,-207913565799303.56,-206796675731542.0,-205675873476155.78,-204551186356412.12,-203422642713595.2,-202290271915149.6,-201154104362719.47,-200014171500080.12,-198870505820961.75,-197723140876756.94,-196572111284116.8,-195417452732424.5,-194259201991150.97,-193097396917084.75,-191932076461436.22,-190763280676811.12,-189591050724054.94,-188415428878959.28,-187236458538833.88,-186054184228938.0,-184868651608769.88,-183679907478211.0,-182487999783525.16,-181292977623207.06,-180094891253679.47,-178893792094837.66,-177689732735437.3,-176482766938323.75,-175272949645503.38,-174060336983050.47,-172844986265851.47,-171626956002183.12,-170406305898122.66,-169183096861788.44,-167957391007408.88,-166729251659219.47,-165498743355183.78,-164265931850538.06,-163030884121159.62,-161793668366754.1,-160554354013862.12,-159313011718684.25,-158069713369720.56,-156824532090228.0,-155577542240486.6,-154328819419881.75,-153078440468794.8,-151826483470303.7,-150573027751691.0,-149318153885757.9,-148061943691944.72,-146804480237253.3,-145545847836971.2,-144286132055197.4,-143025419705166.66,-141763798849368.6,-140501358799464.6,-139238190115995.89,-137974384607883.48,-136710035331715.78,-135445236590823.73,-134180083934138.33,-132914674154829.73,-131649105288723.08,-130383476612490.33,-129117888641611.1,-127852443128101.66,-126587243058005.86,-125322392648644.92,-124057997345620.05,-122794163819563.11,-121530999962629.56,-120268614884727.61,-119007118909476.84,-117746623569888.47,-116487241603761.28,-115229086948783.55,-113972274737332.25,-112716921290961.19,-111463144114567.55,-110211061890225.05,-108960794470674.8,-107712462872460.03,-106466189268692.64,-105222096981438.5,-103980310473707.1,-102740955341030.88,-101504158302619.27,-100270047192070.97,-99038750947627.11,-97810399601949.47,-96585124271404.06,-95363057144832.72,-94144331471792.4,-92929081550243.94,-91717442713669.47,-90509551317597.4,-89305544725516.8,-88105561294158.31,-86909740358121.44,-85718222213828.83,-84531148102786.5,-83348660194130.06,-82170901566438.98,-80998016188799.69,-79830148901101.64,-78667445393549.62,-77510052185378.95,-76358116602761.47,-75211786755892.5,-74071211515250.39,-72936540487026.14,-71807923987720.22,-70685513017909.23,-69569459235189.42,-68459914926306.8,-67357032978489.734,-66260966850003.7,-65171870539954.96,-64089898557373.42,-63015205889613.17,-61947947970114.03,-60888280645574.055,-59836360142590.29,-58792343033831.23,-57756386203809.85,-56728646814334.94,-55709282269721.47,-54698450181848.22,-53696308335154.44,-52703014651670.8,-51718727156182.75,-50743603941623.695,-49777803134795.59,-48821482862507.87,-47874801218221.52,-46937916229271.61,-46010985824728.91,-45094167803939.73,-44187619805758.75,-43291499278457.18,-42405963450248.836,-41531169300329.266,-40667273530264.58,-39814432535499.36,-38972802376670.15,-38142538750319.555,-37323796958493.1,-36516731876578.03,-35721497918595.78,-34938248998996.613,-34167138489816.758,-33408319171848.168,-32661943178233.19,-31928161928631.88,-31207126051814.973,-30498985294208.414,-29803888411556.05,-29121983040470.766,-28453415546213.766,-27798330842570.066,-27156872179182.21,-26529180891154.41,-25915396105155.055,-25315654395619.805,-24730089383997.016,-24158831273282.68,-23602006309365.637,-23059736159953.65,-22532137201078.344,-22019319700395.645,-21521386885710.277,-21038433886376.98,-20570546534474.016,-20117800011926.527,-19680257329093.125,-19257967619741.184,-18850964236846.453,-18459262633286.64,-18082858011285.773,-17721722724435.055,-17375803416303.174,-17045017880087.832,-16729251624489.11,-16428354132045.395,-16142134797603.37,-15870358536439.611,-15612741053855.646,-15368943770877.697,-15138568404053.238,-14921151201302.459,-14716156840407.18,-14522972002072.727,-14340898635657.596,-14169146942739.01,-14006828111807.527,-13852946846756.447,-13706393742717.78,-13565937575571.912,-13430217586640.86,-13297735862377.586,-13166849931250.64,-13035765727782.025,-12902531108505.816,-12765030148628.193,-12620978504060.678,-12467920194485.463,-12303226252885.758,-12124095799486.504,-11927560237040.61,-11710491432525.047,-11469614947661.89,-11201529602335.684,-10902734887264.709,-10569667957188.941,-10198752083124.492,-9786458438914.39,-9329382814831.895,-8824338102192.908,-8268461924289.434,-7659336291270.75,-6995112321052.773,-6274627740095.019,-5497498401385.244,-4664158969545.009,-3775826227829.469,-2834369744293.0015,-1842115100444.5955,-801701524561.5245,283693806480.125,1409133447672.2087,2564636574952.5923,3728413120332.261,4855438828803.661,5861859654000.4,6608086476180.851,6876559020984.131,6291893389157.995,4106036760063.969,500870327422.02954,0.0
7652.5,-275636723105765.4,-274773375033492.75,-273905876673430.62,-273034207689719.28,-272158348173868.03,-271278278654639.66,-270393980107994.22,-269505433967091.84,-268612622132353.2,-267715526981573.97,-266814131380093.9,-265908418691018.28,-264998372785487.44,-264083978052997.53,-263165219411765.38,-262242082319138.78,-261314552782049.94,-260382617367508.06,-259446263213132.12,-258505478037718.34,-257560250151843.6,-256610568468498.88,-255656422513754.53,-254697802437451.72,-253734699023919.47,-252767103702713.53,-251795008559377.56,-250818406346219.94,-249837290493107.44,-248851655118270.38,-247861495039118.75,-246866805783065.28,-245867583598353.6,-244863825464888.22,-243855529105063.25,-242842692994588.03,-241825316373306.56,-240803399256005.6,-239776942443213.3,-238745947531979.56,-237710416926640.22,-236670353849558.0,-235625762351840.53,-234576647324028.75,-233523014506756.38,-232464870501373.75,-231402222780535.12,-230335079698745.75,-229263450502863.4,-228187345342555.2,-227106775280701.47,-226021752303747.94,-224932289331998.78,-223838400229849.84,-222740099815958.44,-221637403873344.3,-220530329159420.6,-219418893415949.75,-218303115378922.34,-217183014788353.2,-216058612397993.97,-214929929984956.4,-213796990359244.56,-212659817373190.4,-211518435930791.72,-210372871996946.88,-209223152606584.9,-208069305873683.7,-206911361000178.53,-205749348284751.88,-204583299131504.97,-203413246058505.03,-202239222706207.06,-201061263845745.25,-199879405387090.72,-198693684387072.88,-197504139057261.66,-196310808771704.88,-195113734074521.22,-193912956687341.66,-192708519516599.8,-191500466660664.72,-190288843416816.47,-189073696288058.56,-187855072989765.4,-186633022456162.78,-185407594846636.94,-184178841551869.4,-182946815199797.66,-181711569661393.88,-180473160056264.16,-179231642758062.8,-177987075399718.72,-176739516878474.78,-175489027360732.5,-174235668286705.66,-172979502374875.25,-171720593626246.1,-170459007328404.2,-169194810059369.7,-167928069691244.78,-166658855393655.66,-165387237636984.2,-164113288195390.6,-162837080149620.62,-161558687889600.8,-160278187116815.94,-158995654846468.53,-157711169409419.22,-156424810453904.0,-155136658947030.7,-153846797176047.78,-152555308749388.2,-151262278597484.6,-149967792973354.7,-148671939452953.5,-147374806935293.8,-146076485642329.9,-144777067118604.7,-143476644230655.94,-142175311166183.25,-140873163432969.34,-139570297857556.08,-138266812583671.38,-136962807070406.17,-135658382090135.4,-134353639726182.89,-133048683370225.81,-131743617719434.92,-130438548773346.62,-129133583830464.06,-127828831484580.94,-126524401620825.31,-125220405411416.28,-123916955311129.48,-122614165052465.48,-121312149640513.9,-120011025347506.8,-118710909707054.7,-117411921508057.28,-116114180788279.05,-114817808827583.9,-113522928140817.16,-112229662470326.4,-110938136778109.38,-109648477237579.98,-108360811224939.0,-107075267310138.95,-105791975247429.19,-104511065965469.33,-103232671556996.94,-101956925268034.81,-100683961486625.45,-99413915731075.03,-98146924637694.42,-96883125948021.47,-95622658495507.19,-94365662191653.84,-93112278011587.44,-91862647979050.16,-90616915150798.75,-89375223600395.16,-88137718401375.36,-86904545609786.4,-85675852246078.55,-84451786276345.92,-83232496592907.33,-82018132994222.16,-80808846164140.03,-79604787650484.36,-78406109842973.22,-77212965950487.0,-76025509977694.06,-74843896701050.89,-73668281644200.6,-72498821052796.45,-71335671868786.45,-70178991704198.97,-69028938814480.3,-67885672071440.33,-66749350935873.055,-65620135429927.055,-64498186109311.414,-63383664035432.555,-62276730747568.74,-61177548235199.03,-60086278910616.64,-59003085581966.54,-57928131426859.3,-56861579966725.234,-55803595042082.516,-54754340788904.56,-53713981616280.055,-52682682185568.41,-51660607391258.6,-50647922343744.19,-49644792354228.21,-48651382921970.61,-47667859724083.75,-46694388608072.1,-45731135587295.3,-44778266839510.555,-43835948708620.62,-42904347709713.125,-41983630537428.56,-41073964077631.38,-40175515422286.445,-39288451887351.43,-38412941033392.01,-37549150688501.016,-36697248972958.125,-35857404324897.984,-35029785526062.73,-34214561726492.848,-33411902466760.15,-32621977696063.195,-31844957784186.688,-31081013524970.004,-30330316128533.395,-29593037199071.543,-28869348694539.05,-28159422864022.887,-27463432158015.91,-26781549106177.96,-26113946156490.53,-25460795468982.15,-24822268656422.496,-24198536463556.152,-23589768375576.46,-22996132145627.33,-22417793230175.113,-21854914120117.914,-21307653554509.0,-20776165602770.78,-20260598600284.715,-19761093921272.016,-19277784571951.457,-18810793586092.227,-18360232204297.492,-17926197817680.91,-17508771656064.287,-17108016200457.496,-16723972299414.906,-16356655968925.629,-16006054855822.695,-15672124345317.598,-15354783294213.17,-15053909372643.81,-14769333998862.041,-14500836853649.03,-14248139963388.111,-14010901343706.96,-13788708198871.535,-13581069675798.002,-13387409175649.557,-13207056230515.63,-13039237957688.252,-12883070109651.668,-12737547744278.904,-12601535547201.707,-12473757847401.633,-12352788378550.717,-12237039853678.607,-12124753441042.785,-12013988256980.268,-11902611030224.1,-11788286145917.396,-11668466351804.01,-11540384510596.934,-11401046919385.896,-11247228898166.947,-11075473584315.533,-10882095165687.756,-10663188145081.053,-10414644646458.535,-10132182224457.682,-9811385069330.35,-9447761808619.229,-9036823123639.115,-8574181855511.476,-8055676784035.818,-7477518313229.323,-6836449322629.001,-6129907039287.312,-5356162261918.705,-4514402839182.944,-3604725388815.0034,-2628017453740.985,-1585780224495.042,-480107754194.9823,685633705897.7402,1904351486998.226,3159295888527.599,4412757342106.433,5588904864388.682,6553765232412.052,7092049367047.322,6827242606069.479,4904544362654.963,800238783782.823,0.0
7650.0,-284169261834096.4,-283308983038751.1,-282444455928422.75,-281575656351159.1,-280702560557955.3,-279825145213181.66,-278943387405083.97,-278057264656360.28,-277166754934806.2,-276271836664032.0,-275372488734247.47,-274468690513113.0,-273560421856656.06,-272647663120251.06,-271730395169658.72,-270808599392127.2,-269882257707548.16,-268951352579669.5,-268015867027361.1,-267075784635930.7,-266131089568490.6,-265181766577367.84,-264227801015561.88,-263269178848242.44,-262305886664286.84,-261337911687854.75,-260365241789998.0,-259387865500300.56,-258405772018550.28,-257418951226434.44,-256427393699261.34,-255431090717701.72,-254430034279548.7,-253424217111492.94,-252413632680909.72,-251398275207655.75,-250378139675872.5,-249353221845790.22,-248323518265536.0,-247289026282934.0,-246249744057302.53,-245205670571238.34,-244156805642390.5,-243103149935214.78,-242044704972709.25,-240981473148126.3,-239913457736656.3,-238840662907081.53,-237763093733394.2,-236680756206377.94,-235593657245145.78,-234501804708633.8,-233405207407043.62,-232303875113232.88,-231197818574048.78,-230087049521599.1,-228971580684459.03,-227851425798809.88,-226726599619502.8,-225597117931047.72,-224462997558519.72,-223324256378381.66,-222180913329216.94,-221032988422368.66,-219880502752483.2,-218723478507950.75,-217561938981242.0,-216395908579133.16,-215225412832819.84,-214050478407910.72,-212871133114301.7,-211687405915921.22,-210499326940348.3,-209306927488294.6,-208110240042948.28,-206909298279175.53,-205704137072577.2,-204494792508391.34,-203281301890245.56,-202063703748747.4,-200842037849914.2,-199616345203435.28,-198386668070765.44,-197153049973042.4,-195915535698827.47,-194674171311664.06,-193429004157451.22,-192180082871626.53,-190927457386158.25,-189671178936338.84,-188411300067380.4,-187147874640805.1,-185880957840629.8,-184610606179340.28,-183336877503650.94,-182059831000049.3,-180779527200119.44,-179496027985641.5,-178209396593467.6,-176919697620166.34,-175626997026435.97,-174331362141283.06,-173032861665961.9,-171731565677676.7,-170427545633036.0,-169120874371266.2,-167811626117172.5,-166499876483852.6,-165185702475154.94,-163869182487881.5,-162550396313733.72,-161229425140997.22,-159906351555963.22,-158581259544086.88,-157254234490877.12,-155925363182516.88,-154594733806212.6,-153262435950269.03,-151928560603888.62,-150593200156691.3,-149256448397954.6,-147918400515569.22,-146579153094710.12,-145238804116218.5,-143897452954692.97,-142555200376287.0,-141212148536209.72,-139868400975926.81,-138524062620058.75,-137179239772972.2,-135834040115061.77,-134488572698717.48,-133142947943974.73,-131797277633841.31,-130451674909297.64,-129106254263964.6,-127761131538434.89,-126416423914260.25,-125072249907589.6,-123728729362453.28,-122385983443682.39,-121044134629460.86,-119703306703498.44,-118363624746819.67,-117025215129157.98,-115688205499946.97,-114352724778899.5,-113018903146164.31,-111686872032050.23,-110356764106306.2,-109028713266948.47,-107702854628620.23,-106379324510475.83,-105058260423573.4,-103739801057768.16,-102424086268091.6,-101111257060604.66,-99801455577714.75,-98494825082943.3,-97191509945133.72,-95891655622088.8,-94595408643629.03,-93302916594061.6,-92014328094055.12,-90729792781912.33,-89449461294239.25,-88173485246008.08,-86902017210016.19,-85635210695745.2,-84373220127629.19,-83116200822742.11,-81864308967924.61,-80617701596369.28,-79376536563693.66,-78140972523535.4,-76911168902710.6,-75687285875985.6,-74469484340519.8,-73257925890047.89,-72052772788879.84,-70854187945807.94,-69662334888022.766,-68477377735153.2,-67299481173558.86,-66128810431019.46,-64965531251979.53,-63809809873525.43,-62661813002287.266,-61521707792476.72,-60389661825290.98,-59265843089929.9,-58150419966494.41,-57043561211051.125,-55945435943168.07,-54856213636242.72,-53776064110961.26,-52705157532241.695,-51643664410027.26,-50591755604305.305,-49549602334734.63,-48517376195264.46,-47495249174126.516,-46483393679571.17,-45481982571700.625,-44491189200728.02,-43511187451951.93,-42542151797690.055,-41584257356350.51,-40637679958744.13,-39702596221642.55,-38779183628472.305,-37867620616895.45,-36968086672863.43,-36080762430539.38,-35205829777258.73,-34343471962443.363,-33493873709087.188,-32657221326097.547,-31833702819396.094,-31023507999257.742,-30226828580887.52,-29443858274706.45,-28674792862228.92,-27919830252769.637,-27179170515510.23,-26453015880686.65,-25741570702825.71,-25045041378062.87,-24363636206615.86,-23697565190469.566,-23047039755255.72,-22412272384185.07,-21793476150723.867,-21190864135505.176,-20604648711743.367,-20035040682190.184,-19482248249449.49,-18946475800275.887,-18427922483339.414,-17926780558872.42,-17443233497647.367,-16977453805898.553,-16529600552122.637,-16099816571202.98,-15688225321027.79,-15294927366739.318,-14919996467978.295,-14563475244988.287,-14225370400222.021,-13905647473134.072,-13604225107125.895,-13320968809081.977,-13055684183533.62,-12808109625112.678,-12577908454500.637,-12364660484397.457,-12167853002986.334,-11986871162809.838,-11820987762789.137,-11669352410271.996,-11530980048579.77,-11404738833852.537,-11289337343720.586,-11183311100617.518,-11085008396276.322,-10992575413988.95,-10903940665771.766,-10816798798608.717,-10728593885564.514,-10636502414516.582,-10537416333253.596,-10427926721484.363,-10304308957219.512,-10162510647431.19,-9998144119076.947,-9806485926368.53,-9582486614486.266,-9320794843458.883,-9015800810687.246,-8661704508220.39,-8252614353702.905,-7782680582342.91,-7246264689736.248,-6638140208293.84,-5953710351737.664,-5189214740751.52,-4341883728827.9595,-3409995196481.4873,-2392820242283.182,-1290561919059.889,-104680690493.2402,1160435310075.4194,2492648400694.9746,3861571306327.3306,5200653196993.66,6384242235372.83,7203371242787.196,7293160701100.571,5744417848674.427,1238156593713.62,0.0
7647.5,-292863870908117.6,-292007791443714.2,-291147383401961.06,-290282618702234.9,-289413469637525.94,-288539908885383.94,-287661909518954.4,-286779445018105.94,-285892489280642.4,-285001016633603.75,-284105001844649.75,-283204420133527.75,-282299247183620.06,-281389459153573.16,-280475032689001.88,-279555944934271.6,-278632173544353.25,-277703696696749.38,-276770493103492.5,-275832542023207.53,-274889823273243.12,-273942317241863.72,-272990004900503.84,-272032867816080.06,-271070888163359.34,-270104048737381.03,-269132332965929.62,-268155724922055.25,-267174209336641.16,-266187771611011.97,-265196397829583.8,-264200074772549.8,-263198789928600.8,-262192531507677.06,-261181288453746.2,-260165050457608.06,-259143807969720.0,-258117552213039.34,-257086275195883.06,-256049969724796.22,-255008629417429.94,-253962248715423.22,-252910822897285.16,-251854348091274.56,-250792821288272.38,-249726240354644.25,-248654604045087.75,-247577912015462.22,-246496164835595.38,-245409364002064.6,-244317511950946.53,-243220612070533.88,-242118668714010.78,-241011687212088.16,-239899673885589.75,-238782636057986.88,-237660582067878.03,-236533521281406.12,-235401464104613.12,-234264421995723.38,-233122407477353.44,-231975434148643.75,-230823516697306.16,-229666670911584.22,-228504913692119.97,-227338263063724.97,-226166738187046.84,-224990359370130.84,-223809148079868.88,-222623126953331.72,-221432319808980.72,-220236751657751.84,-219036448714010.16,-217831438406367.1,-216621749388357.44,-215407411548969.38,-214188456023026.66,-212964915201411.0,-211736822741128.2,-210504213575205.28,-209267123922420.8,-208025591296856.75,-206779654517273.34,-205529353716297.25,-204274730349420.75,-203015827203807.56,-201752688406898.22,-200485359434812.28,-199213887120542.56,-197938319661935.3,-196658706629454.16,-195375098973719.94,-194087549032825.8,-192796110539420.06,-191500838627553.03,-190201789839285.78,-188899022131052.62,-187592594879775.62,-186282568888728.22,-184969006393139.3,-183651971065539.22,-182331528020838.53,-181007743821139.5,-179680686480275.78,-178350425468072.47,-177017031714330.22,-175680577612521.97,-174341137023204.44,-172998785277137.84,-171653599178111.03,-170305657005468.94,-168955038516338.78,-167601824947550.88,-166246099017252.72,-164887944926211.28,-163527448358799.9,-162164696483669.12,-160799777954095.72,-159432782908008.06,-158063802967683.84,-156692931239118.06,-155320262311056.94,-153945892253695.3,-152569918617033.47,-151192440428891.7,-149813558192576.6,-148433373884197.75,-147051990949631.1,-145669514301123.44,-144286050313536.78,-142901706820226.3,-141516593108549.44,-140130819915000.58,-138744499419967.8,-137357745242105.61,-135970672432319.95,-134583397467360.03,-133196038243009.81,-131808714066875.48,-130421545650761.45,-129034655102628.22,-127648165918126.08,-126262202971696.36,-124876892507233.9,-123492362128301.16,-122108740787886.95,-120726158777700.28,-119344747716990.42,-117964640540883.98,-116585971488228.23,-115208876088932.1,-113833491150792.38,-112459954745797.47,-111088406195894.06,-109718986058209.55,-108351836109717.5,-106987099331334.97,-105624919891442.53,-104265443128816.73,-102908815534963.9,-101555184735847.9,-100204699473004.56,-98857509584033.2,-97513765982464.02,-96173620636993.78,-94837226550092.4,-93504737735978.7,-92176309197970.92,-90852096905219.45,-89532257768833.64,-88216949617417.42,-86906331172036.98,-85600562020646.44,-84299802592005.19,-83004214129128.47,-81713958662320.23,-80429198981847.12,-79150098610321.2,-77876821774873.28,-76609533379206.53,-75348398975638.05,-74093584737247.8,-72845257430271.02,-71603584386888.25,-70368733478584.82,-69140873090271.266,-67920172095379.336,-66706799832167.9,-65500926081500.484,-64302721046377.9,-63112355333538.52,-61929999937464.78,-60755826227162.46,-59590005936109.57,-58432711155799.31,-57284114333332.28,-56144388273541.01,-55013706146159.0,-53892241498572.65,-52780168274719.72,-51677660840719.88,-50584894017841.18,-49502043123420.48,-48429284020363.18,-47366793175849.69,-46314747729866.805,-45273325574166.25,-44242705442220.43,-43223067010704.62,-42214591012971.89,-41217459364909.56,-40231855303466.04,-39257963538011.14,-38295970414542.97,-37346064092569.11,-36408434734276.11,-35483274705342.99,-34570778786460.074,-33671144394269.594,-32784571810052.742,-31911264414038.387,-31051428922704.676,-30205275625873.83,-29373018619766.598,-28554876031477.03,-27751070229549.414,-26961828014486.227,-26187380782083.91,-25427964651485.234,-24683820548749.58,-23955194235581.934,-23242336271627.04,-22545501897436.527,-21864950823858.504,-21200946912193.74,-20553757728022.35,-19923653950144.76,-19310908614621.62,-18715796172458.773,-18138591338093.04,-17579567704516.395,-17038996099663.162,-16517142657605.904,-16014266577191.586,-15530617540031.19,-15066432759257.004,-14621933630202.004,-14197321954143.984,-13792775706485.637,-13408444321185.844,-13044443463863.992,-12700849266680.436,-12377691998728.564,-12074949146076.195,-11792537875539.09,-11530306855455.383,-11288027404800.613,-11065383938508.965,-10861963671371.86,-10677245534859.99,-10510588250166.4,-10361217486284.992,-10228212013802.977,-10110488743431.717,-10006786513842.295,-9915648467720.578,-9835402831042.645,-9764141893203.107,-9699698982192.242,-9639623250332.35,-9581152147381.928,-9521181579767.617,-9456233964322.873,-9382424715994.627,-9295428201500.633,-9190444888371.438,-9062172361882.404,-8904784096483.936,-8711921341385.294,-8476705125501.385,-8191776987330.351,-7849378160774.129,-7441476857331.638,-6959950839828.618,-6396826173460.077,-5744561380380.891,-4996349089808.699,-4146389352944.195,-3190087165497.997,-2124185132304.0137,-947051532482.4708,340146764030.51855,1729706978934.3792,3198205846043.735,4688855091936.026,6086351020182.479,7191332298465.503,7661007123898.437,6591307822083.967,1853744857988.5503,0.0
7645.0,-301714051282227.9,-300863257326598.9,-300008074078108.4,-299148469435012.94,-298284411634648.25,-297415869264861.8,-296542811275551.44,-295665206990312.56,-294783026118188.25,-293896238765526.06,-293004815447933.3,-292108727102337.9,-291207945099143.2,-290302441254484.94,-289392187842581.75,-288477157608179.94,-287557323779090.75,-286632660078818.25,-285703140739275.2,-284768740513584.6,-283829434688967.1,-282885199099708.06,-281936010140205.4,-280981844778094.75,-280022680567449.34,-279058495662051.6,-278089268828735.1,-277114979460793.2,-276135607591452.16,-275151133907405.25,-274161539762406.56,-273166807190918.78,-272166918921814.9,-271161858392129.5,-270151609760853.88,-269136157922777.53,-268115488522367.56,-267089587967682.1,-266058443444321.66,-265022042929403.5,-263980375205566.1,-262933429874992.2,-261881197373451.22,-260823668984355.34,-259760836852824.5,-258692693999758.56,-257619234335910.16,-256540452675956.2,-255456344752560.9,-254366907230429.38,-253272137720344.22,-252172034793184.0,-251066597993914.38,-249955827855552.56,-248839725913096.2,-247718294717414.0,-246591537849093.2,-245459459932237.72,-244322066648213.1,-243179364749333.66,-242031362072484.97,-240878067552678.38,-239719491236531.62,-238555644295669.22,-237386539040039.06,-236212188931140.3,-235032608595153.47,-233847813835971.22,-232657821648123.2,-231462650229587.84,-230262318994488.44,-229056848585663.7,-227846260887111.78,-226630579036299.56,-225409827436330.62,-224184031767967.62,-222953219001505.0,-221717417408480.06,-220476656573225.97,-219230967404250.8,-217980382145445.03,-216724934387105.72,-215464659076775.6,-214199592529889.84,-212929772440221.66,-211655237890127.75,-210376029360579.84,-209092188740982.2,-207803759338767.53,-206510785888763.2,-205213314562326.44,-203911392976238.75,-202605070201356.0,-201294396771007.56,-199979424689138.6,-198660207438192.16,-197336799986721.22,-196009258796728.3,-194677641830727.88,-193342008558522.1,-192002419963688.9,-190658938549773.6,-189311628346180.4,-187960554913759.8,-186605785350081.78,-185247388294396.28,-183885433932270.34,-182519993999899.94,-181151141788089.72,-179778952145897.0,-178403501483934.97,-177024867777328.72,-175643130568320.88,-174258370968522.6,-172870671660802.88,-171480116900812.84,-170086792518141.84,-168690785917097.2,-167292186077107.03,-165891083552737.7,-164487570473324.5,-163081740542208.97,-161673689035579.34,-160263512800908.34,-158851310254985.7,-157437181381537.78,-156021227728432.03,-154603552404460.84,-153184260075698.66,-151763456961428.97,-150341250829634.44,-148917750992046.8,-147493068298748.84,-146067315132324.72,-144640605401551.25,-143213054534625.53,-141784779471921.84,-140355898658271.1,-138926532034756.12,-137496801030017.23,-136066828551057.16,-134636738973541.86,-133206658131585.6,-131776713307014.45,-130347033218097.27,-128917748007737.03,-127488989231111.02,-126060889842752.12,-124633584183058.84,-123207207964225.11,-121781898255578.17,-120357793468313.23,-118935033339614.69,-117513758916150.19,-116094112536927.92,-114676237815504.47,-113260279621530.6,-111846384061625.58,-110434698459567.1,-109025371335786.16,-107618552386158.3,-106214392460080.44,-104813043537826.06,-103414658707172.11,-102019392139292.69,-100627399063916.92,-99238835743750.36,-97853859448163.56,-96472628426153.06,-95095301878586.05,-93722039929742.42,-92353003598176.05,-90988354766920.81,-89628256153074.72,-88272871276803.78,-86922364429815.72,-85576900643363.64,-84236645655850.05,-82901765880115.72,-81572428370509.64,-80248800789852.98,-78931051376424.98,-77619348911118.73,-76313862684932.5,-75014762466986.97,-73722218473277.83,-72436401336404.25,-71157482076535.4,-69885632073910.83,-68621023043200.01,-67363827010079.2,-66114216290421.55,-64872363472529.84,-63638441402884.74,-62412623175917.445,-61195082128361.69,-59985991838779.97,-58785526132905.17,-57593859095480.7,-56411165089328.664,-55237618782416.04,-54073395183732.93,-52918669688833.51,-51773618135927.69,-50638416873441.016,-49513242839984.65,-48398273657696.23,-47293687739915.266,-46199664414158.47,-45116384061337.1,-44044028272127.43,-42982780021350.29,-41932823861142.12,-40894346133597.21,-39867535203431.65,-38852581711057.33,-37849678846252.48,-36859022642375.11,-35880812290775.8,-34915250474728.117,-33962543721797.41,-33022902773112.254,-32096542967476.844,-31183684637667.086,-30284553515578.582,-29399381142139.258,-28528405277058.68,-27671870302554.79,-26830027614176.758,-26003135990726.35,-25191461934072.01,-24395279968348.082,-23614872886644.69,-22850531931822.805,-22102556896548.133,-21371256126034.484,-20656946405340.113,-19959952711388.215,-19280607808207.22,-18619251662236.434,-17976230652946.637,-17351896552518.719,-16746605246944.793,-16160715169697.926,-15594585418103.371,-15048573521765.545,-14523032831891.857,-14018309500123.826,-13534739015539.506,-13072642268805.77,-12632321112980.111,-12214053391088.63,-11818087401186.342,-11444635769908.127,-11093868705229.912,-10765906597857.492,-10460811937798.545,-10178580507564.146,-9919131805248.408,-9682298638446.424,-9467815812443.242,-9275307812068.12,-9104275344740.604,-8954080571273.896,-8823930799936.797,-8712860357624.48,-8619710280216.852,-8543105384312.297,-8481428198869.532,-8432789155662.9375,-8394992374502.959,-8365496352148.606,-8341368900704.53,-8319235821014.351,-8295223091308.083,-8264892868022.214,-8223174415509.518,-8164292295599.462,-8081695846551.307,-7967996228267.521,-7814920101105.965,-7613292188070.882,-7353062130039.001,-7023393339993.867,-6612831550374.53,-6109566322455.913,-5501787646430.165,-4778121402587.545,-3928108927135.75,-2942705440356.832,-1814885488548.1318,-540820351018.2253,877026691746.5946,2422065805613.4766,4047080421428.043,5648061187701.178,7037309831903.405,7901129771359.693,7400956861095.803,2683041154146.711,0.0
7642.5,-310712912970666.1,-309868432325370.44,-309019522987627.5,-308166148765226.0,-307308273765032.75,-306445862404869.1,-305578879425506.4,-304707289902793.44,-303831059259903.5,-302950153279706.44,-302064538117262.6,-301174180312435.44,-300279046802624.4,-299379104935615.7,-298474322482546.56,-297564667650986.2,-296650109098128.6,-295730615944094.56,-294806157785344.56,-293876704708197.25,-292942227302453.56,-292002696675122.6,-291058084464248.5,-290108362852836.1,-289153504582871.6,-288193482969437.3,-287228271914916.56,-286257845923287.56,-285282180114503.3,-284301250238952.5,-283315032692001.56,-282323504528614.56,-281326643478043.94,-280324427958596.22,-279316837092460.97,-278303850720606.22,-277285449417735.25,-276261614507297.38,-275232328076556.72,-274197572991706.72,-273157332913033.78,-272111592310121.1,-271060336477092.1,-270003551547887.4,-268941224511571.22,-267873343227665.22,-266799896441501.72,-265720873799595.56,-264636265865026.75,-263546064132832.5,-262450261045401.22,-261348850007865.53,-260241825403487.8,-259129182609034.38,-258010918010134.22,-256887029016613.4,-255757514077805.03,-254622372697824.12,-253481605450807.38,-252335213996106.66,-251183201093436.1,-250025570617962.78,-248862327575337.6,-247693478116660.06,-246519029553370.5,-245338990372064.56,-244153370249223.38,-242962180065852.6,-241765431922026.75,-240563139151328.1,-239355316335179.38,-238141979317058.03,-236923145216590.62,-235698832443517.7,-234469060711523.56,-233233851051923.56,-231993225827205.97,-230747208744413.1,-229495824868366.88,-228239100634719.9,-226977063862834.94,-225709743768479.16,-224437170976330.12,-223159377532285.0,-221876396915565.84,-220588264050614.9,-219295015318771.7,-217996688569725.44,-216693323132736.44,-215384959827617.5,-214071640975470.22,-212753410409167.12,-211430313483574.84,-210102397085508.72,-208769709643413.7,-207432301136763.0,-206090223105169.12,-204743528657197.1,-203392272478877.16,-202036510841906.0,-200676301611531.78,-199311704254114.16,-197942779844354.6,-196569591072188.72,-195192202249331.94,-193810679315476.6,-192425089844126.78,-191035503048071.1,-189641989784481.2,-188244622559631.47,-186843475533234.38,-185438624522381.72,-184030147005087.22,-182618122123424.75,-181202630686252.88,-179783755171520.03,-178361579728146.16,-176936190177470.7,-175507674014262.94,-174076120407286.28,-172641620199412.38,-171204265907275.78,-169764151720464.4,-168321373500238.56,-166876028777772.72,-165428216751911.44,-163978038286434.75,-162525595906825.3,-161070993796530.2,-159614337792710.5,-158155735381472.2,-156695295692570.03,-155233129493577.4,-153769349183515.06,-152304068785929.84,-150837403941415.97,-149369471899571.94,-147900391510380.94,-146430283215009.8,-144959269036015.9,-143487472566950.66,-142015018961353.8,-140542034921124.34,-139068648684260.52,-137594990011955.92,-136121190175041.69,-134647381939762.19,-133173699552872.5,-131700278726045.11,-130227256619571.95,-128754771825350.0,-127282964349133.9,-125811975592045.75,-124341948331322.08,-122873026700287.75,-121405356167540.78,-119939083515330.44,-118474356817117.44,-117011325414299.23,-115550139892084.89,-114090952054508.03,-112633914898561.6,-111179182587443.64,-109726910422902.02,-108277254816666.95,-106830373260965.98,-105386424298111.89,-103945567489163.56,-102507963381657.36,-101073773476415.08,-99643160193433.67,-98216286836873.75,-96793317559163.61,-95374417324245.81,-93959751870000.92,-92549487669890.98,-91143791893875.78,-89742832368666.39,-88346777537393.97,-86955796418784.25,-85570058565946.58,-84189734024901.75,-82814993292994.34,-81446007277355.52,-80082947253607.61,-78725984825025.88,-77375291882403.77,-76031040564897.34,-74693403222158.44,-73362552378104.33,-72038660696708.08,-70721900950239.45,-69412445990427.445,-68110468723068.17,-66816142086647.984,-65529639035609.695,-64251132528942.58,-62980795524839.15,-61718800982218.766,-60465321869984.64,-59220531184942.13,-57984601979372.055,-56757707399317.055,-55540020734703.13,-54331715482479.4,-53132965424018.31,-51943944718072.72,-50764828010631.97,-49595790563061.305,-48437008399934.93,-47288658477991.414,-46150918877638.766,-45023969018419.2,-43907989899803.164,-42803164368613.98,-41709677414290.2,-40627716493058.55,-39557471881921.06,-38499137063142.516,-37452909139658.54,-36418989281499.68,-35397583202943.23,-34388901669646.883,-33393161034489.88,-32410583800233.254,-31441399206411.234,-30485843837070.36,-29544162245078.98,-28616607587731.29,-27703442267263.336,-26804938568684.03,-25921379285996.19,-25053058326449.645,-24200281280929.145,-23363365946945.254,-22542642788975.832,-21738455319115.477,-20951160379149.523,-20181128303302.758,-19428742939051.945,-18694401501569.562,-17978514235626.168,-17281503857167.666,-16603804745347.975,-15945861854594.947,-15308129315367.283,-14691068691675.088,-14095146863227.654,-13520833500269.062,-12968598099768.234,-12438906552622.787,-11932217212832.531,-11448976441069.826,-10989613596484.025,-10554535451600.684,-10144120005327.5,-9758709667711.963,-9398603786341.572,-9064050477019.562,-8755237709170.737,-8472283577592.676,-8215225664564.287,-7984009357499.227,-7778474934497.01,-7598343160275.353,-7443199044972.248,-7312473305335.009,-7205420929734.886,-7121096084576.754,-7058322411850.269,-7015657561647.973,-6991350591400.878,-6983290666138.09,-6988945344413.877,-7005286682543.174,-7028703507109.01,-7054898591172.9,-7078770253896.458,-7094279251042.864,-7094303929772.106,-7070489693798.827,-7013103047885.188,-6910905945042.973,-6751072687159.647,-6519178613988.316,-6199295899274.943,-5774234660557.588,-5225964512431.497,-4536242215332.208,-3687466308513.739,-2663825784382.537,-1453034952953.5247,-49613162039.4856,1537917445992.82,3271799732152.073,5059064103465.116,6723867147626.994,7984066674216.679,8120392651185.7705,3749705323940.4175,0.0
7640.0,-319853243742196.1,-319016030519409.8,-318174372258345.25,-317328228633192.44,-316477559571515.5,-315622325266511.56,-314762486189412.2,-313898003102035.3,-313028837069476.5,-312154949472947.5,-311276302022755.75,-310392856771424.9,-309504576126955.6,-308611422866226.7,-307713360148530.94,-306810351529250.25,-305902360973662.56,-304989352870882.8,-304071292047936.25,-303148143783959.0,-302219873824528.9,-301286448396119.1,-300347834220677.6,-299403998530327.75,-298454909082186.8,-297500534173303.5,-296540842655709.0,-295575803951578.94,-294605388068507.5,-293629565614885.8,-292648307815385.56,-291661586526543.0,-290669374252441.56,-289671644160489.2,-288668370097287.25,-287659526604587.9,-286645088935336.6,-285625033069795.1,-284599335731745.5,-283567974404762.8,-282530927348563.8,-281488173615417.9,-280439693066622.1,-279385466389033.75,-278325475111657.34,-277259701622279.66,-276188129184151.1,-275110741952707.12,-274027524992324.0,-272938464293106.97,-271843546787703.0,-270742760368135.22,-269636093902652.28,-268523537252587.6,-267405081289225.06,-266280717910662.7,-265150440058670.8,-264014241735537.75,-262872118020898.88,-261724065088540.72,-260570080223175.94,-259410161837182.8,-258244309487302.3,-257072523891286.47,-255894806944491.4,-254711161736410.66,-253521592567138.28,-252326104963758.1,-251124705696651.28,-249917402795713.75,-248704205566480.4,-247485124606143.22,-246260171819461.75,-245029360434554.5,-243792705018566.1,-242550221493200.75,-241301927150118.3,-240047840666178.34,-238787982118533.62,-237522372999555.5,-236251036231591.88,-234973996181542.97,-233691278675251.53,-232402911011697.53,-231108921976987.7,-229809341858135.38,-228504202456618.66,-227193537101710.2,-225877380663570.97,-224555769566097.56,-223228741799516.12,-221896336932713.94,-220558596125299.22,-219215562139382.8,-217867279351069.75,-216513793761654.9,-215155153008513.4,-213791406375674.22,-212422604804074.12,-211048800901476.22,-209670048952050.44,-208286404925602.25,-206897926486443.88,-205504673001899.97,-204106705550433.25,-202704086929389.0,-201296881662343.97,-199885156006053.22,-198468977956985.3,-197048417257437.25,-195623545401220.12,-194194435638907.66,-192761162982636.06,-191323804210450.56,-189882437870185.84,-188437144282872.62,-186988005545664.03,-185535105534268.3,-184078529904883.9,-182618366095622.9,-181154703327418.75,-179687632604405.78,-178217246713762.88,-176743640225011.38,-175266909488760.75,-173787152634887.5,-172304469570143.97,-170818961975182.62,-169330733300989.5,-167839888764716.06,-166346535344898.03,-164850781776055.06,-163352738542655.78,-161852517872442.9,-160350233729103.62,-158846001804277.28,-157339939508887.7,-155832165963788.16,-154322801989708.56,-152811970096492.3,-151299794471607.84,-149786400967926.8,-148271917090749.22,-146756471984067.72,-145240196416051.62,-143723222763739.3,-142205684996920.34,-140687718661195.27,-139169460860192.67,-137651050236928.05,-136132626954287.81,-134614332674617.55,-133096310538398.72,-131578705141991.5,-130061662514425.73,-128545330093220.1,-127029856699206.12,-125515392510338.97,-124002089034472.28,-122490099081075.4,-120979576731872.55,-119470677310382.7,-117963557350338.66,-116458374562966.58,-114955287803106.1,-113454457034153.77,-111956043291813.25,-110460208646639.78,-108967116165365.08,-107476929870998.05,-105989814701692.84,-104505936468388.88,-103025461811224.94,-101548558154741.2,-100075393661887.4,-98606137186865.31,-97140958226842.25,-95680026872583.36,-94223513758064.34,-92771590009138.23,-91324427191347.84,-89882197256991.81,-88445072491573.47,-87013225459782.73,-85586828951188.4,-84166055925842.19,-82751079460030.31,-81342072692438.7,-79939208771036.05,-78542660801019.3,-77152601794208.92,-75769204620329.73,-74392641960664.22,-73023086264620.2,-71660709709815.5,-70305684166345.32,-68958181165965.375,-67618371876998.02,-66286427085842.33,-64962517186051.49,-63646812176022.51,-62339481666431.43,-61040694898636.1,-59750620775359.98,-58469427905063.05,-57197284661498.97,-55934359260049.08,-54680819852512.49,-53436834642117.22,-52202572020595.72,-50978200729237.62,-49763890045891.83,-48559809999934.484,-47366131617246.65,-46183027197249.055,-45010670624023.55,-43849237713495.97,-42698906598571.79,-41559858153983.805,-40432276462437.25,-39316349323404.76,-38212268805633.086,-37120231844060.5,-36040440881407.54,-34973104554180.266,-33918438422211.367,-32876665740149.13,-31848018268482.043,-30832737120749.688,-29831073642532.63,-28843290316632.062,-27869661687538.027,-26910475296846.07,-25966032619714.41,-25036649990766.54,-24122659506042.496,-23224409885704.574,-22342267280227.305,-21476616000773.105,-20627859152410.008,-19796419146804.19,-18982738069068.734,-18187277871629.8,-17410520366345.424,-16652966984755.582,-15915138275335.701,-15197573106048.365,-14500827540424.398,-13825473355929.047,-13172096174539.816,-12541293177316.324,-11933670377267.615,-11349839427953.268,-10790413948832.068,-10256005352127.123,-9747218159471.883,-9264644799206.21,-8808859876000.637,-8380413902269.952,-7979826473952.527,-7607578859545.481,-7264105948076.148,-6949787465565.641,-6664938316355.163,-6409797830478.72,-6184517595337.15,-5989147412824.01,-5823618744868.811,-5687724784186.777,-5581096006687.512,-5503169723292.418,-5453151751404.925,-5429967875965.416,-5432202283054.126,-5458019656828.4375,-5505067186779.178,-5570352421491.924,-5650092854153.961,-5739533516597.676,-5832729946665.644,-5922296019631.896,-5999119741211.107,-6052055736112.053,-6067611467876.784,-6029655846986.006,-5919194339291.346,-5714274073505.053,-5390105156031.529,-4919509492000.569,-4273838090341.724,-3424550783777.7983,-2345800389416.21,-1018801402306.5017,560163192652.1244,2364517805349.558,4311673654601.618,6235419840390.018,7881860731776.623,8690306913839.374,5052664390093.958,0.0
7637.5,-329127588191975.5,-328298506759329.4,-327464988682631.06,-326626989488797.0,-325784464906503.56,-324937370878760.8,-324085663575652.56,-323229299407243.4,-322368235036651.94,-321502427393289.25,-320631833686261.5,-319756411417936.8,-318876118397674.2,-317990912755716.1,-317100752957238.9,-316205597816565.2,-315305406511534.44,-314400138598028.8,-313489754024656.25,-312574213147587.44,-311653476745544.3,-310727506034939.75,-309796262685166.8,-308859708834033.8,-307917807103345.1,-306970520614625.1,-306017813004981.8,-305059648443109.94,-304095991645428.94,-303126807892355.3,-302152063044705.0,-301171723560223.6,-300185756510243.06,-299194129596459.06,-298196811167827.56,-297193770237577.94,-296184976500339.1,-295170400349371.75,-294150012893910.8,-293123785976604.7,-292091692191057.06,-291053704899458.56,-290009798250312.44,-288959947196242.5,-287904127511884.94,-286842315811856.6,-285774489568794.9,-284700627131466.56,-283620707742939.25,-282534711558810.56,-281442619665490.47,-280344414098531.72,-279240077861001.78,-278129594941891.9,-277012950334558.6,-275890130055188.72,-274761121161285.9,-273625911770169.6,-272484491077481.56,-271336849375694.38,-270182978072613.62,-269022869709869.38,-267856517981388.47,-266683917751841.53,-265505065075058.03,-264319957212402.34,-263128592651102.62,-261930971122526.0,-260727093620392.75,-259516962418921.16,-258300581090896.6,-257077954525654.44,-255849088946972.2,-254613991930860.4,-253372672423244.47,-252125140757528.94,-250871408672038.72,-249611489327321.44,-248345397323312.53,-247073148716343.28,-245794761035992.6,-244510253301765.53,-243219646039595.7,-241922961298158.78,-240620222664987.03,-239311455282379.97,-237996685863095.47,-236675942705817.03,-235349255710384.56,-234016656392778.22,-232678177899848.94,-231333855023781.6,-229983724216282.62,-228627823602483.1,-227266192994543.56,-225898873904954.5,-224525909559518.38,-223147344910004.47,-221763226646466.94,-220373603209213.47,-218978524800414.4,-217578043395342.88,-216172212753233.12,-214761088427749.78,-213344727777050.1,-211923189973437.97,-210496536012589.4,-209064828722345.6,-207628132771057.3,-206186514675472.28,-204740042808154.25,-203288787404421.34,-201832820568791.8,-200372216280929.6,-198907050401073.66,-197437400674941.34,-195963346738096.5,-194484970119766.28,-193002354246100.3,-191515584442854.22,-190024747937492.53,-188529933860693.16,-187031233247245.3,-185528739036326.34,-184022546071148.16,-182512751097956.22,-180999452764373.88,-179482751617075.44,-177962750098777.25,-176439552544533.1,-174913265177320.03,-173383996102902.56,-171851855303960.16,-170316954633465.5,-168779407807296.12,-167239330396069.34,-165696839816181.97,-164152055320040.28,-162605097985464.25,-161056090704251.53,-159505158169881.0,-157952426864342.1,-156398025044069.53,-154842082724966.4,-153284731666495.6,-151726105354820.78,-150166338984974.97,-148605569442037.25,-147043935281295.0,-145481576707367.38,-143918635552268.94,-142355255252387.25,-140791580824350.34,-139227758839756.33,-137663937398739.28,-136100266102344.98,-134536896023683.64,-132973979677835.03,-131411670990473.31,-129850125265180.27,-128289499149418.23,-126729950599128.72,-125171638841925.62,-123614724338852.47,-122059368744669.39,-120505734866641.36,-118953986621795.56,-117404288992619.67,-115856807981173.02,-114311710561586.27,-112769164630925.42,-111229338958402.95,-109692403132920.31,-108158527508931.75,-106627883150626.03,-105100641774430.11,-103576975689846.36,-102057057738643.8,-100541061232438.81,-99029159888709.17,-97521527765304.19,-96018339193527.6,-94519768709891.52,-93025990986660.11,-91537180761327.28,-90053512765198.14,-88575161651278.33,-87102301921704.58,-85635107854992.83,-84173753433418.52,-82718412270891.3,-81269257541737.4,-79826461910857.72,-78390197465790.97,-76960635651276.88,-75537947206986.16,-74122302109160.47,-72713869516989.8,-71312817724642.45,-69919314119958.61,-68533525150918.7,-67155616301104.5,-65785752075483.38,-64424095997962.445,-63070810622281.65,-61726057557939.734,-60389997512977.15,-59062790355566.055,-57744595196493.87,-56435570494749.57,-55135874188552.33,-53845663854278.49,-52565096895855.0,-51294330767286.54,-50033523231064.734,-48782832655273.86,-47542418352241.95,-46312440961597.375,-45093062880560.31,-43884448744229.31,-42686765958499.63,-41500185288074.29,-40324881501780.29,-39161034077084.92,-38008827965300.766,-36868454418470.69,-35740111878320.36,-34624006926951.305,-33520355298108.113,-32429382946882.4,-31351327174607.477,-30286437804440.69,-29234978401726.703,-28197227531677.117,-27173480045197.797,-26164048381847.32,-25169263876931.754,-24189478057652.125,-23225063911044.88,-22276417104230.96,-21343957135256.918,-20428128390632.023,-19529401083607.074,-18648272045381.94,-17785265339872.066,-16940932671513.8,-16115853554967.93,-15310635215620.912,-14525912190623.102,-13762345601973.33,-13020622075991.406,-12301452287504.63,-11605569112275.479,-10933725377590.879,-10286691208405.805,-9665250974708.85,-9070199854384.545,-8502340034027.67,-7962476576799.813,-7451412989911.181,-6969946522457.448,-6518863214184.781,-6098932693402.288,-5710902682695.096,-5355493107968.282,-5033389611803.148,-4745236136562.064,-4491626054770.699,-4273091070878.353,-4090086784843.3413,-3942973378391.328,-3831989343578.0527,-3757215506577.1724,-3718525798113.5776,-3715520285155.622,-3747434920784.4556,-3813021328775.349,-3910388790910.218,-4036799577193.0503,-4188408060715.495,-4359934016389.209,-4544261617161.906,-4731958675559.513,-4910716791541.778,-5064724016418.816,-5174000063291.977,-5213753849542.51,-5153869669446.296,-4958698778600.533,-4587437065410.4,-3995521392006.067,-3137710206623.5327,-1973917790333.3972,-479634441316.9967,1336081345451.0503,3402549317298.021,5559020690143.075,7569406723618.699,9048616804418.908,6552098991838.721,0.0
7635.0,-338528337385946.9,-337708145657185.94,-336883552031103.9,-336054507906449.5,-335220964826049.06,-334382874489614.06,-333540188766735.5,-332692859710068.9,-331840839568706.3,-330984080801737.5,-330122536091998.56,-329256158360007.6,-328384900778088.1,-327508716784677.44,-326627560098821.4,-325741384734853.3,-324850145017256.7,-323953795595710.44,-323052291460316.1,-322145587957005.1,-321233640803125.56,-320316406103206.4,-319393840364896.94,-318465900515083.56,-317532543916175.9,-316593728382567.44,-315649412197262.4,-314699554128671.7,-313744113447573.2,-312783049944233.94,-311816323945693.7,-310843896333205.7,-309865728559832.75,-308881782668195.8,-307892021308370.56,-306896407755933.25,-305894905930147.4,-304887480412290.7,-303874096464120.56,-302854720046470.25,-301829317837975.8,-300797857253928.2,-299760306465246.9,-298716634417571.56,-297666810850465.6,-296610806316730.9,-295548592201823.6,-294480140743373.8,-293405425050795.1,-292324419124988.7,-291237097878128.9,-290143437153529.8,-289043413745584.7,-287937005419775.0,-286824190932742.06,-285704950052413.56,-284579263578183.5,-283447113361134.44,-282308482324299.1,-281163354482952.7,-280011714964931.03,-278853550030965.9,-277688847095032.2,-276517594744697.22,-275339782761468.97,-274155402141131.6,-272964445114063.06,-271766905165524.94,-270562777055920.47,-269352056841006.44,-268134741892058.2,-266910830915970.97,-265680323975296.9,-264443222508203.1,-263199529348344.47,-261949248744641.84,-260692386380956.9,-259428949395650.66,-258158946401022.88,-256882387502615.22,-255599284318373.94,-254309649997658.34,-253013499240087.06,-251710848314211.34,-250401715076003.16,-249086118987151.62,-247764081133150.66,-246435624241173.88,-245100772697720.3,-243759552566022.8,-242411991603206.03,-241058119277184.16,-239697966783284.7,-238331567060589.38,-236958954807976.94,-235580166499859.3,-234195240401596.16,-232804216584576.66,-231407136940956.94,-230004045198040.12,-228594986932285.2,-227180009582933.62,-225759162465239.94,-224332496783295.44,-222900065642426.5,-221461924061161.94,-220018128982749.5,-218568739286212.75,-217113815796931.06,-215653421296732.2,-214187620533482.5,-212716480230160.44,-211240069093399.38,-209758457821487.94,-208271719111810.75,-206779927667715.6,-205283160204796.2,-203781495456570.22,-202275014179543.5,-200763799157640.8,-199247935205992.88,-197727509174059.75,-196202609948079.1,-194673328452821.7,-193139757652640.06,-191601992551791.62,-190060130194024.44,-188514269661404.47,-186964512072372.16,-185410960579008.47,-183853720363493.75,-182292898633743.56,-180728604618201.5,-179160949559772.22,-177590046708874.84,-176016011315599.38,-174438960620945.44,-172859013847122.44,-171276292186892.62,-169690918791934.97,-168103018760206.5,-166512719122281.84,-164920148826644.56,-163325438723908.3,-161728721549941.7,-160130131907872.47,-158529806248943.53,-156927882852192.72,-155324501802929.34,-153719804969975.84,-152113935981645.28,-150507040200421.62,-148899264696310.47,-147290758218824.22,-145681671167567.47,-144072155561385.5,-142462365006035.06,-140852454660341.16,-139242581200796.28,-137632902784560.19,-136023579010816.92,-134414770880444.73,-132806640753951.66,-131199352307631.58,-129593070487891.72,-127987961463704.39,-126384192577134.4,-124781932291893.02,-123181350139871.4,-121582616665605.69,-119985903368626.89,-118391382643653.28,-116799227718582.34,-115209612590244.16,-113622711957883.47,-112038701154340.3,-110457756074908.45,-108880053103856.31,-107305769038606.17,-105735081011576.66,-104168166409708.84,-102605202791707.95,-101046367803053.33,-99491839088846.3,-97941794204590.5,-96396410525023.3,-94855865151147.89,-93320334815646.28,-91789995786893.84,-90265023771834.1,-88745593818021.06,-87231880215187.7,-85724056396754.81,-84222294841759.48,-82726766977750.05,-81237643085272.22,-79755092204651.7,-78279282045872.42,-76810378902444.58,-75348547570264.81,-73893951272585.08,-72446751592328.3,-71007108413121.31,-69575179870553.625,-68151122315318.88,-66735090290049.53,-65327236521819.31,-63927711932453.0,-62536665668960.92,-61154245156588.94,-59780596177157.51,-58415862975540.91,-57060188397317.32,-55713714060791.75,-54376580566757.01,-53048927749510.52,-51730894972776.04,-50422621474292.06,-49124246762909.14,-47835911072085.51,-46557755873672.09,-45289924455832.24,-44032562568828.01,-42785819142229.36,-41549847076837.234,-40324804114260.69,-39110853786627.18,-37908166448332.164,-36716920391028.81,-35537303042215.14,-34369512246778.63,-33213757629699.727,-32070262036786.445,-30939263048805.68,-29821014562691.77,-28715788431650.754,-27623876153945.91,-26545590597964.09,-25481267748842.54,-24431268459520.848,-23395980186613.047,-22375818689035.805,-21371229664955.695,-20382690300425.574,-19410710701185.08,-18455835177643.57,-17518643352200.52,-16599751057980.1,-15699810998964.947,-14819513143633.453,-13959584827773.26,-13120790547393.602,-12303931429817.822,-11509844380283.441,-10739400912833.262,-9993505687941.822,-9273094795028.96,-8579133835341.88,-7912615878885.335,-7274559386906.685,-6666006207032.237,-6088019758801.969,-5541683529285.873,-5028099986542.746,-4548389986043.253,-4103692682859.7183,-3695165858905.887,-3323986415245.1064,-2991350546428.943,-2698472784985.835,-2446582653306.0605,-2236917056650.9165,-2070705760161.8857,-1949146276649.0947,-1873363211223.2913,-1844345525709.0203,-1862853269004.3135,-1929283052329.158,-2043478940857.452,-2204472543529.0957,-2410133052502.2617,-2656705103117.668,-2938210156132.263,-3245686712878.0454,-3566248072798.768,-3881947294330.9834,-4168464435395.6045,-4393683324466.963,-4516324885402.131,-4484984363161.569,-4238227995651.3438,-3706899836434.1113,-2820527662008.0737,-1520689810829.4016,214991842743.6732,2336424431379.1035,4685540766009.178,7025751310377.714,9135034811028.959,8156533246065.146,0.0
7632.5,-348047829167998.06,-347237161345634.75,-346422154239380.7,-345602755175085.06,-344778911558822.44,-343950570889835.6,-343117680773688.56,-342280188935632.5,-341438043234182.8,-340591191674909.2,-339739582424436.2,-338883163824657.7,-338021884407160.0,-337155692907861.06,-336284538281856.56,-335408369718480.9,-334527136656574.6,-333640788799965.0,-332749276133154.06,-331852548937215.9,-330950557805900.0,-330043253661942.56,-329130587773583.2,-328212511771283.94,-327288977664653.6,-326359937859571.4,-325425345175511.9,-324485152863067.2,-323539314621666.2,-322587784617487.56,-321630517501565.5,-320667468428085.44,-319698593072868.7,-318723847652040.8,-317743188940884.1,-316756574292869.7,-315763961658867.8,-314765309606530.25,-313760577339847.3,-312749724718868.6,-311732712279592.44,-310709501254011.8,-309680053590321.1,-308644331973274.25,-307602299844690.9,-306553921424110.44,-305499161729583.25,-304437986598600.44,-303370362709153.6,-302296257600920.6,-301215639696573.1,-300128478323201.2,-299034743733846.0,-297934407129140.3,-296827440679046.9,-295713817544690.0,-294593511900275.1,-293466498955089.4,-292332754975575.8,-291192257307476.94,-290044984398036.5,-288890915818258.94,-287730032285213.2,-286562315684375.94,-285387749092006.56,-284206316797547.4,-283018004326038.06,-281822798460538.7,-280620687264552.25,-279411660104436.84,-278195707671801.75,-276972822005874.97,-275742996515834.75,-274506226003097.06,-273262506683546.5,-272011836209702.28,-270754213692811.84,-269489639724855.88,-268218116400462.0,-266939647338709.53,-265654237704819.44,-264361894231716.28,-263062625241452.16,-261756440666479.62,-260443352070764.06,-259123372670723.0,-257796517355979.47,-256462802709919.03,-255122247030037.28,-253774870348064.5,-252420694449856.9,-251059742895039.7,-249692041036389.12,-248317616038942.28,-246936496898818.1,-245548714461737.38,-244154301441230.44,-242753292436513.12,-241345723950022.22,-239931634404592.78,-238511064160263.84,-237084055530698.12,-235650652799199.84,-234210902234317.8,-232764852105013.84,-231312552695388.12,-229854056318938.44,-228389417332344.38,-226918692148753.53,-225441939250560.9,-223959219201659.22,-222470594659146.75,-220976130384474.72,-219475893254018.88,-217969952269056.8,-216458378565132.62,-214941245420795.4,-213418628265689.22,-211890604687981.16,-210357254441103.72,-208818659449800.4,-207274903815448.56,-205726073820646.66,-204172257933041.62,-202613546808383.2,-201050033292777.8,-199481812424128.94,-197908981432739.5,-196331639741057.06,-194749888962540.38,-193163832899626.12,-191573577540773.4,-189979231056564.62,-188380903794837.88,-186778708274829.75,-185172759180303.03,-183563173351635.97,-181950069776846.0,-180333569581523.62,-178713796017649.62,-177090874451266.8,-175464932348979.47,-173836099263249.97,-172204506816463.84,-170570288683729.53,-168933580574383.06,-167294520212162.12,-165653247314015.22,-164009903567509.78,-162364632606801.56,-160717579987125.47,-159068893157768.5,-157418721433480.44,-155767215964279.8,-154114529703608.25,-152460817374786.22,-150806235435718.72,-149150942041801.4,-147495097006971.78,-145838861762849.6,-144182399315909.44,-142525874202624.47,-140869452442519.47,-139213301489069.67,-137557590178377.36,-135902488675560.61,-134248168418782.36,-132594802060850.28,-130942563408313.44,-129291627357984.3,-127642169830809.06,-125994367703016.03,-124348398734465.78,-122704441494131.3,-121062675282637.81,-119423280051794.97,-117786436321056.31,-116152325090847.17,-114521127752710.23,-112893025996221.2,-111268201712642.08,-109646836895287.4,-108029113536595.39,-106415213521908.45,-104805318519993.97,-103199609870349.3,-101598268467369.95,-100001474641482.73,-98409408037383.84,-96822247489559.61,-95240170895309.8,-93663355085546.2,-92091975693690.69,-90526207023063.3,-88966221913216.64,-87412191605752.69,-85864285610240.6,-84322671570951.05,-82787515135222.92,-81258979824392.84,-79737226908341.66,-78222415284843.38,-76714701365051.1,-75214238966605.7,-73721179216025.77,-72235670462212.12,-70757858203094.61,-69287885027646.41,-67825890575707.46,-66372011518276.59,-64926381561164.18,-63489131475132.92,-62060389155896.9,-60640279717593.66,-59228925623585.72,-57826446858691.48,-56432961147171.31,-55048584221017.39,-53673430143289.91,-52307611691416.25,-50951240805506.83,-49604429106837.44,-48267288491689.18,-46939931805719.64,-45622473603940.68,-44315031001197.805,-43017724617760.22,-41730679624230.336,-40454026889449.805,-39187904234399.984,-37932457794254.33,-36687843489721.71,-35454228607611.18,-34231793489136.277,-33020733322854.434,-31821260037296.336,-30633604286283.49,-29458017517667.96,-28294774113770.535,-27144173589172.95,-26006542828776.47,-24882238346230.434,-23771648540044.742,-22675195922021.93,-21593339290215.555,-20526575816597.44,-19475443018191.594,-18440520579838.504,-17422431997264.52,-16421846011053.686,-15439477805812.299,-14476089954657.982,-13532493097576.904,-12609546353588.73,-11708157481458.559,-10829282822251.799,-9973927079612.414,-9143143020345.145,-8338031208532.08,-7559739920447.853,-6809465423832.336,-6088452841730.58,-5397997855151.722,-4739449525848.401,-4114214534334.464,-3523763120187.98,-2969636970006.2393,-2453459207493.3535,-1976946479674.5774,-1541922876867.2957,-1150335038426.5059,-804267239625.446,-505954475665.92645,-257790493713.00964,-62326297073.33244,77747233247.71178,159641391927.6877,180548290514.52353,137771946214.63773,28932613360.68141,-147728750020.48196,-392911569089.3078,-705639170787.1545,-1082411629465.8494,-1516064661374.77,-1994263737328.4888,-2497564537705.4766,-2996997723659.3716,-3451219691362.9883,-3803473143463.627,-3979030793437.1562,-3884621215319.8457,-3412759750104.2754,-2455983675212.2583,-937919166914.7148,1134206380087.444,3612123538513.5967,6235319477860.204,8896286718698.422,9715047045181.178,0.0
7630.0,-357678459099245.5,-356877807995025.8,-356072909476528.2,-355263706891529.56,-354450143597970.7,-353632162976921.2,-352809708445779.9,-351982723471712.1,-351151151585320.0,-350314936394551.0,-349474021598841.8,-348628351003502.06,-347777868534331.1,-346922518252478.7,-346062244369538.9,-345196991262884.9,-344326703491240.0,-343451325810490.06,-342570803189730.5,-341685080827552.44,-340794104168567.06,-339897818920164.7,-338996171069511.44,-338089106900781.0,-337176573012621.2,-336258516335853.6,-335334884151406.44,-334405624108477.56,-333470684242929.4,-332530012995910.5,-331583559232705.2,-330631272261807.1,-329673101854218.7,-328708998262968.6,-327738912242850.9,-326762795070379.44,-325780598563957.6,-324792275104259.56,-323797777654820.44,-322797059782832.1,-321790075680143.2,-320776780184457.44,-319757128800729.25,-318731077722752.7,-317698583854937.2,-316659604834270.4,-315614099052461.5,-314562025678261.44,-313503344679953.3,-312438016848014.56,-311366003817936.56,-310287268093207.0,-309201773068440.5,-308109483052659.2,-307010363292713.4,-305904379996837.5,-304791500358336.9,-303671692579396.3,-302544925895006.9,-301411170597002.2,-300270398058197.6,-299122580756627.5,-297967692299870.1,-296805707449453.1,-295636602145335.44,-294460353530452.44,-293276939975321.0,-292086341102691.0,-290888537812241.25,-289683512305302.6,-288471248109608.56,-287251730104054.56,-286024944543465.4,-284790879083353.4,-283549522804662.44,-282300866238484.3,-281044901390740.78,-279781621766813.94,-278511022396123.56,-277233099856629.7,-275947852299257.2,-274655279472226.4,-273355382745279.34,-272048165133788.12,-270733631322735.1,-269411787690550.06,-268082642332793.1,-266746205085668.66,-265402487549358.5,-264051503111158.66,-262693266968408.4,-261327796151194.9,-259955109544820.78,-258575227912019.16,-257188173914900.44,-255793972136619.34,-254392649102741.38,-252984233302296.8,-251568755208506.66,-250146247299161.7,-248716744076639.78,-247280282087546.38,-245836899941957.3,-244386638332252.34,-242929540051515.1,-241465650011489.6,-239995015260068.25,-238517684998299.03,-237033710596888.9,-235543145612188.34,-234046045801635.53,-232542469138642.44,-231032475826902.8,-229516128314102.9,-227993491305014.75,-226464631773949.94,-224929618976556.44,-223388524460936.38,-221841422078061.4,-220288387991467.47,-218729500686205.8,-217164840977026.06,-215594492015773.94,-214018539297973.66,-212437070668579.44,-210850176326865.75,-209257948830435.88,-207660483098324.66,-206057876413166.9,-204450228422410.44,-202837641138543.8,-201220218938315.0,-199598068560911.88,-197971299105078.03,-196340022025134.22,-194704351125877.16,-193064402556325.94,-191420294802283.66,-189772148677684.03,-188120087314690.3,-186464236152511.94,-184804722924905.25,-183141677646321.47,-181475232596666.38,-179805522304630.66,-178132683529555.25,-176456855241785.5,-174778178601475.44,-173096796935796.03,-171412855714499.84,-169726502523796.8,-168037887038487.72,-166347160992306.1,-164654478146410.78,-162959994255974.56,-161263867034809.03,-159566256117961.97,-157867323022224.34,-156167231104478.38,-154466145517815.94,-152764233165353.53,-151061662651668.38,-149358604231772.94,-147655229757547.8,-145951712621542.62,-144248227698059.6,-142544951281421.78,-140842061021333.34,-139139735855229.67,-137438155937517.9,-135737502565598.1,-134037958102562.33,-132339705896458.89,-130642930196010.9,-128947816062677.62,-127254549278945.55,-125563316252737.03,-123874303917825.12,-122187699630148.16,-120503691059918.53,-118822466079427.53,-117144212646455.31,-115469118683203.94,-113797371950682.36,-112129159918489.6,-110464669629954.72,-108804087562618.58,-107147599484061.81,-105495390303115.72,-103847643916524.81,-102204543051167.56,-100566269101988.73,-98933001965845.14,-97304919871525.45,-95682199206270.45,-94065014339193.78,-92453537442084.89,-90847938308170.45,-89248384169512.12,-87655039513833.38,-86068065901694.77,-84487621785075.9,-82913862328575.38,-81346939234605.48,-79787000574142.1,-78234190624784.06,-76688649718091.11,-75150514098393.94,-73619915795517.39,-72096982514112.36,-70581837542569.22,-69074599684770.414,-67575383218242.0,-66084297882574.555,-64601448902301.65,-63126937048752.766,-61660858745720.25,-60203306224106.77,-58754367731034.71,-57314127799200.21,-55882667582533.65,-54460065264477.695,-53046396545400.48,-51641735215818.12,-50246153822191.69,-48859724432074.36,-47482519505304.6,-46114612877744.89,-44756080863744.96,-43407003483034.99,-42067465817116.16,-40737559499385.52,-39417384342197.49,-38107050102796.47,-36806678388548.35,-35516404700128.28,-34236380609285.094,-32966776065495.023,-31707781823240.117,-30459611978823.996,-29222506602591.12,-27996734449200.977,-26782595725295.117,-25580424890575.555,-24390593465123.67,-23213512812893.094,-22049636868921.777,-20899464776188.875,-19763543397515.188,-18642469668851.613,-17536892763177.26,-16447516039556.803,-15375098760292.678,-14320457571209.473,-13284467756660.438,-12268064302600.96,-11272242828806.002,-10298060485723.217,-9346636953148.229,-8419155727228.751,-7516865939220.179,-6641085013294.036,-5793202540039.922,-4974685814359.8955,-4187087556768.8696,-3432056398886.0386,-2711350757207.8457,-2026856730039.5925,-1380610611309.3723,-774826495550.5446,-211929215427.2324,305407539593.7809,774218687971.9558,1191202480618.4827,1552675473009.62,1854532573306.39,2092219532088.654,2260728690838.7363,2354633459532.363,2368183234177.976,2295488817911.3477,2130839592376.6023,1869208663212.8625,1507022183385.498,1043295294603.426,481270149932.50305,-169271083008.50076,-888814132261.3439,-1643843280645.4114,-2381415445145.91,-3022895629420.482,-3458171118215.5566,-3543804261938.7817,-3112499775469.0107,-2006679307266.73,-150668651484.87625,2348239898895.879,5189286147630.926,8291445030196.214,11019271658381.707,0.0
7627.5,-367412801861046.6,-366622500940997.06,-365828074968775.6,-365029463451827.9,-364226605831528.1,-363419441496040.6,-362607909793440.44,-361791950045093.4,-360971501559294.06,-360146503645166.0,-359316895626823.75,-358482616857796.06,-357643606735716.3,-356799804717275.4,-355951150333441.1,-355097583204942.25,-354239043058022.5,-353375469740459.4,-352506803237851.3,-351632983690173.44,-350753951408601.25,-349869646892601.75,-348980010847294.2,-348084984201078.25,-347184508123530.6,-346278524043567.0,-345366973667874.3,-344449798999606.8,-343526942357348.1,-342598346394339.1,-341663954117967.4,-340723708909521.1,-339777554544203.1,-338825435211404.8,-337867295535236.9,-336903080595318.9,-335932735947820.8,-334956207646757.5,-333973442265534.3,-332984386918737.5,-331988989284173.44,-330987197625146.5,-329978960812978.06,-328964228349761.7,-327942950391350.25,-326915077770573.3,-325880562020679.2,-324839355399000.7,-323791410910835.1,-322736682333542.44,-321675124240847.25,-320606692027350.3,-319531341933234.6,-318449031069168.4,-317359717441397.25,-316263359977018.3,-315159918549432.6,-314049354003969.1,-312931628183674.5,-311806703955260.56,-310674545235205.0,-309535117015997.75,-308388385392523.75,-307234317588577.94,-306072881983502.25,-304904048138938.1,-303727786825685.94,-302544070050662.2,-301352871083947.2,-300154164485913.06,-298947926134423.25,-297734133252093.9,-296512764433608.1,-295283799673072.2,-294047220391403.56,-292803009463738.75,-291551151246855.94,-290291631606591.44,-289024437945248.75,-287749559228980.5,-286466986015136.5,-285176710479562.7,-283878726443840.2,-282573029402450.1,-281259616549851.97,-279938486807462.25,-278609640850517.94,-277273081134813.72,-275928811923294.94,-274576839312495.66,-273217171258802.5,-271849817604533.1,-270474790103810.7,-269092102448220.7,-267701770292231.34,-266303811278364.53,-264898245062097.22,-263485093336477.28,-262064379856438.22,-260636130462791.5,-259200373105881.7,-257757137868883.22,-256306456990722.88,-254848364888607.4,-253382898180134.62,-251910095704974.34,-250429998546092.2,-248942650050501.9,-247448095849520.12,-245946383878506.97,-244437564396068.94,-242921690002701.7,-241398815658852.2,-239868998702377.8,-238332298865377.62,-236788778290374.38,-235238501545822.66,-233681535640921.38,-232117950039701.34,-230547816674368.44,-228971209957874.94,-227388206795691.03,-225798886596755.06,-224203331283571.0,-222601625301430.75,-220993855626728.62,-219380111774343.66,-217760485804060.22,-216135072325995.03,-214503968505004.72,-212867274064039.2,-211225091286412.97,-209577525016959.78,-207924682662038.62,-206266674188357.7,-204603612120581.47,-202935611537686.28,-201262790068024.88,-199585267883066.44,-197903167689771.38,-196216614721559.6,-194525736727834.53,-192830663962016.9,-191131529168046.66,-189428467565305.66,-187721616831915.66,-186011117086360.75,-184297110867384.22,-182579743112107.03,-180859161132311.78,-179135514588835.72,-177408955464011.34,-175679638032094.34,-173947718827610.2,-172213356611553.8,-170476712335370.66,-168737949102640.88,-166997232128393.62,-165254728695965.28,-163510608111317.25,-161765041654723.4,-160018202529733.22,-158270265809310.9,-156521408379049.2,-154771808877346.9,-153021647632441.7,-151271106596175.6,-149520369274374.03,-147769620653707.84,-146019047124907.66,-144268836402188.28,-142519177438744.34,-140770260338165.4,-139022276261618.72,-137275417330642.61,-135529876525388.73,-133785847578148.8,-132043524861997.77,-130303103274385.8,-128564778115507.2,-126828744961278.3,-125095199530755.69,-123364337547831.69,-121636354597046.8,-119911445973371.6,-118189806525814.81,-116471630494734.16,-114757111342739.19,-113046441579098.94,-111339812577592.36,-109637414387769.34,-107939435539628.23,-106246062841756.03,-104557481173030.55,-102873873268037.5,-101195419496425.69,-99522297636495.25,-97854682643404.16,-96192746412471.42,-94536657538169.19,-92886581069515.81,-91242678262722.39,-89605106332095.83,-87974018200372.72,-86349562249844.78,-84731882075841.16,-83121116244359.64,-81517398055880.53,-79920855317665.55,-78331610127127.8,-76749778669169.23,-75175471030707.4,-73608791035966.16,-72049836106471.73,-70498697150082.42,-68955458483785.44,-67420197795407.61,-65892986149815.086,-64373888045605.21,-62862961528725.95,-61360258369877.414,-59865824312958.13,-58379699402197.28,-56901918395957.29,-55432511275484.03,-53971503857108.5,-52518918516549.92,-51074775034013.62,-49639091568701.14,-48211885771126.625,-46793176041245.65,-45382982939815.7,-43981330759604.33,-42588249262004.66,-41203775583290.73,-39827956313115.016,-38460849745897.836,-37102528303467.13,-35753081124662.63,-34412616814624.16,-33081266343148.137,-31759186077850.566,-30446560933971.99,-29143607618575.543,-27850577942740.03,-26567762171294.848,-25295492375884.22,-24034145753960.758,-22784147874030.24,-21545975806527.543,-20320161100620.7,-19107292570643.492,-17908018862500.598,-16723050781145.75,-15553163376120.586,-14399197804299.328,-13262063018679.863,-12142737370660.598,-11042270262157.113,-9961784044538.71,-8902476434965.53,-7865623808250.509,-6852585824295.784,-5864811967058.277,-4903850699185.994,-3971362073363.0083,-3069134780766.218,-2199108748926.29,-1363404510703.456,-564360631236.0159,195419530275.23175,913010575075.8805,1585096491453.2395,2207890470057.197,2777043748825.9863,3287545560541.7715,3733618392014.974,4108615872614.5786,4404935067491.861,4613961296401.217,4726072624946.517,4730744072352.33,4616810160069.776,4372971430421.9673,3988670013220.066,3455516651837.737,2769532869222.565,1934580043911.7969,967470232951.4248,-94664924204.9203,-1184301566662.4578,-2191071813103.824,-2949594719533.865,-3235820040073.4634,-2790734359441.44,-1403034164529.387,930483861638.6293,3888230203798.4893,7296729783873.418,11819290821598.957,0.0
7625.0,-377243742797934.06,-376463948120910.56,-375680182299073.9,-374892381183449.56,-374100480476706.06,-373304415745772.1,-372504122434733.5,-371699535878014.7,-370890591313839.4,-370077223897979.56,-369259368717791.5,-368436960806537.8,-367609935158003.6,-366778226741401.06,-365941770516570.2,-365100501449471.25,-364254354527975.8,-363403264777952.44,-362547167279652.3,-361685997184393.4,-360819689731542.44,-359948180265801.5,-359071404254791.75,-358189297306942.7,-357301795189680.3,-356408833847919.9,-355510349422861.44,-354606278271086.4,-353696556983958.75,-352781122407327.3,-351859911661530.94,-350932862161704.44,-349999911638386.0,-349060998158425.6,-348116060146190.56,-347165036405070.0,-346207866139278.2,-345244488975949.25,-344274844987529.8,-343298874714460.44,-342316519188149.1,-341327719954230.8,-340332419096115.56,-339330559258816.5,-338322083673059.3,-337306936179670.75,-336285061254238.9,-335256404032046.9,-334220910333272.0,-333178526688451.0,-332129200364202.5,-331072879389208.4,-330009512580442.75,-328939049569650.6,-327861440830067.44,-326776637703374.4,-325684592426886.3,-324585258160964.75,-323478589016651.06,-322364540083513.44,-321243067457701.1,-320114128270199.56,-318977680715280.44,-317833684079136.25,-316682098768697.2,-315522886340617.0,-314356009530424.8,-313181432281830.1,-311999119776176.8,-310809038462032.94,-309611156084911.9,-308405441717110.1,-307191865787656.2,-305970400112359.7,-304741017923948.3,-303503693902281.94,-302258404204638.56,-301005126496051.06,-299743839979693.0,-298474525427292.8,-297197165209571.75,-295911743326686.2,-294618245438666.56,-293316658895836.56,-292006972769199.25,-290689177880778.44,-289363266833896.9,-288029234043380.44,-286687075765669.9,-285336790128829.6,-283978377162429.94,-282611838827295.0,-281237179045094.34,-279854403727763.06,-278463520806733.0,-277064540261958.06,-275657474150714.56,-274242336636158.06,-272819144015619.72,-271387914748621.25,-269948669484588.5,-268501431090245.88,-267046224676669.2,-265583077625978.22,-264112019617643.3,-262633082654392.53,-261146301087687.16,-259651711642753.78,-258149353443140.03,-256639268034778.8,-255121499409532.7,-253596094028195.56,-252063100842926.9,-250522571319094.78,-248974559456500.0,-247419121809956.16,-245856317509200.4,-244286208278106.3,-242708858453172.34,-241124335001256.12,-239532707536529.66,-237934048336622.22,-236328432357924.03,-234715937250018.78,-233096643369216.03,-231470633791149.97,-229837994322412.84,-228198813511191.94,-226553182656873.47,-224901195818581.8,-223242949822617.3,-221578544268757.6,-219908081535383.97,-218231666783397.97,-216549407958885.75,-214861415794493.16,-213167803809470.62,-211468688308342.75,-209764188378163.03,-208054425884307.22,-206339525464758.62,-204619614522839.3,-202894823218337.3,-201165284456978.8,-199431133878192.5,-197692509841112.34,-195949553408760.6,-194202408330353.03,-192451221021665.4,-190696140543395.38,-188937318577455.25,-187174909401124.88,-185409069858992.44,-183639959332606.06,-181867739707758.53,-180092575339320.62,-178314633013535.03,-176534081907680.94,-174751093547012.78,-172965841758870.1,-171178502623856.28,-169389254423972.0,-167598277587586.6,-165805754631127.25,-164011870097352.4,-162216810490078.84,-160420764205215.44,-158623921457958.4,-156826474205987.78,-155028616068504.16,-153230542240930.9,-151432449405105.4,-149634535634768.28,-147837000296158.22,-146040043943506.25,-144243868209220.34,-142448675688539.34,-140654669818430.92,-138862054750501.03,-137071035217673.7,-135281816394398.08,-133494603750132.86,-131709602895856.48,-129927019423347.8,-128147058736986.2,-126369925877817.28,-124595825339640.83,-122824960876880.28,-121057535304009.55,-119293750286324.94,-117533806121871.38,-115777901514358.7,-114026233336931.72,-112278996386701.14,-110536383129982.44,-108798583438248.88,-107065784314865.27,-105338169612745.5,-103615919743161.7,-101899211376032.05,-100188217132128.28,-98483105267770.66,-96784039352724.98,-95091177942179.67,-93404674243863.81,-91724675781571.17,-90051324056583.72,-88384754208736.25,-86725094679142.55,-85072466876903.9,-83426984852450.6,-81788754980524.27,-80157875656195.55,-78534437007725.33,-76918520630518.52,-75310199346891.84,-73709536996868.06,-72116588265728.03,-70531398554588.02,-68954003900821.71,-67384430955702.95,-65822697027211.6,-64268810196493.53,-62722769517004.8,-61184565305872.625,-59654179537463.18,-58131586349541.69,-56616752672719.26,-55109638994084.93,-53610200265991.91,-52118386970878.69,-50634146352724.1,-49157423825229.03,-47688164566052.06,-46226315305360.71,-44771826315561.19,-43324653607296.66,-41884761334624.9,-40452124409667.51,-39026731323943.8,-37608587170046.12,-36197716853282.516,-34794168478430.492,-33398016891852.363,-32009367354005.4,-30628359311961.285,-29255170236101.047,-27890019479925.918,-26533172117239.965,-25184942707242.266,-23845698935854.227,-22515865081576.1,-21195925257153.156,-19886426385350.594,-18587980879413.21,-17301269017762.354,-16027041029855.098,-14766118947829.844,-13519398328784.812,-12287850017680.912,-11072522203518.54,-9874543124265.877,-8695124901609.205,-7535569137254.331,-6397275079904.182,-5281751376750.662,-4190632654173.682,-3125702425506.3926,-2088924091503.9358,-1082482068334.286,-108835327599.00577,829214168387.6716,1728435551022.249,2585063125249.8447,3394668236489.005,4152007417561.8955,4850846578266.025,5483763099336.903,6041931000319.185,6514899434050.464,6890382493728.948,7154090095003.245,7289647791148.246,7278681565659.748,7101188166618.167,6736382519498.04,6164326765347.82,5368822063050.169,4342307050081.321,3093856915489.7886,1661723326315.8457,131825977313.0824,-1337890399908.953,-2492930529340.1426,-2978030899752.529,-2402287674378.7725,-544979953115.56476,2350065456645.0195,5909168762871.453,11855436723330.443,0.0
7622.5,-387164619102881.6,-386395291344758.56,-385622178731496.5,-384845213690870.56,-384064328414186.0,-383279454868492.56,-382490524809100.06,-381697469792400.2,-380900221188992.5,-380098710197121.5,-379292867856424.56,-378482625061992.6,-377667912578749.56,-376848661056148.56,-376024801043189.0,-375196263003757.5,-374362977332291.1,-373524874369770.06,-372681884420037.7,-371833937766449.8,-370980964688857.75,-370122895480922.3,-369259660467764.7,-368391190023952.6,-367517414591823.8,-366638264700146.94,-365753670983123.56,-364863564199729.2,-363967875253395.44,-363066535212033.3,-362159475328398.9,-361246627060800.8,-360327922094150.1,-359403292361353.9,-358472670065047.4,-357535987699672.44,-356593178073894.8,-355644174333361.9,-354688909983802.9,-353727318914464.7,-352759335421888.8,-351784894234021.8,-350803930534663.25,-349816379988244.6,-348822178764941.9,-347821263566114.1,-346813571650071.7,-345799040858167.2,-344777609641207.94,-343749217086187.0,-342713802943329.6,-341671307653450.56,-340621672375620.2,-339564839015134.4,-338500750251783.56,-337429349568418.1,-336350581279803.9,-335264390561763.3,-334170723480596.6,-333069527022779.2,-331960749124926.06,-330844338704021.1,-329720245687902.56,-328588421045996.8,-327448816820297.75,-326301386156580.0,-325146083335841.25,-323982863805964.3,-322811684213591.3,-321632502436201.56,-320445277614384.3,-319249970184296.56,-318046541910296.9,-316834955917745.9,-315615176725961.94,-314387170281322.25,-313150903990499.5,-311906346753819.0,-310653468998730.8,-309392242713378.6,-308122641480256.75,-306844640509941.1,-305558216674882.4,-304263348543245.6,-302960016412783.8,-301648202344731.5,-300327890197702.25,-298999065661576.6,-297661716291363.0,-296315831541017.94,-294961402797206.0,-293598423412987.25,-292226888741410.75,-290846796168997.94,-289458145149098.94,-288060937235102.25,-286655176113477.75,-285240867636636.1,-283818019855583.0,-282386643052348.0,-280946749772167.88,-279498354855402.12,-278041475469160.72,-276576131138620.3,-275102343778005.8,-273620137721216.28,-272129539752069.16,-270630579134141.6,-269123287640179.06,-267607699581052.7,-266083851834233.97,-264551783871763.72,-263011537787687.0,-261463158324927.75,-259906692901575.34,-258342191636551.2,-256769707374632.7,-255189295710798.34,-253601015013868.47,-252004926449406.9,-250401094001856.28,-248789584495870.22,-247170467616813.12,-245543815930390.9,-243909704901382.72,-242268212911432.84,-240619421275870.9,-238963414259523.78,-237300279091478.53,-235630105978761.5,-233952988118891.9,-232269021711270.4,-230578305967361.72,-228880943119627.56,-227177038429168.12,-225466700192025.53,-223750039744105.2,-222027171464665.8,-220298212778330.56,-218563284155569.2,-216822509111597.75,-215076014203644.72,-213323929026525.94,-211566386206472.34,-209803521393150.97,-208035473249817.03,-206262383441533.12,-204484396621390.72,-202701660414662.3,-200914325400813.25,-199122545093298.8,-197326475917066.62,-195526277183683.84,-193722111064000.9,-191914142558264.12,-190102539463583.66,-188287472338653.38,-186469114465623.4,-184647641809015.1,-182823232971560.9,-180996069146852.03,-179166334068664.2,-177334213956828.1,-175499897459504.1,-173663575591710.2,-171825441669949.7,-169985691242769.53,-168144522017078.0,-166302133780035.5,-164458728316328.06,-162614509320615.88,-160769682304945.5,-158924454500900.03,-157079034756248.2,-155233633425846.2,-153388462256531.28,-151543734265734.38,-149699663613525.44,-147856465467798.72,-146014355862284.3,-144173551547069.6,-142334269831295.28,-140496728417686.7,-138661145228566.25,-136827738222988.8,-134996725204630.14,-133168323620060.3,-131342750347022.7,-129520221472347.78,-127700952059128.69,-125885155902794.77,-124073045275731.34,-122264830660110.64,-120460720468621.27,-118660920752815.81,-116865634898832.19,-115075063310291.3,-113289403078233.73,-111508847638023.11,-109733586413228.28,-107963804446590.8,-106199682018296.4,-104441394251898.67,-102689110708390.89,-100942994969092.89,-99203204208210.39,-97469888756144.9,-95743191654872.39,-94023248206987.23,-92310185520307.56,-90604122050277.31,-88905167142770.0,-87213420580305.9,-85528972135138.56,-83851901133144.94,-82182276032976.03,-80520154025478.36,-78865580658990.53,-77218589496748.12,-75579201813287.58,-73947426337426.84,-72323259050109.36,-70706683046117.83,-69097668469392.33,-67496172532403.6,-65902139630731.23,-64315501564651.62,-62736177880140.63,-61164076342209.23,-59599093553895.28,-58041115734497.27,-56490019670719.29,-54945673854266.93,-53407939819040.805,-51876673690376.01,-50351727957720.32,-48832953480677.055,-47320201736408.94,-45813327313951.47,-44312190657968.83,-42816661060856.734,-41326619897817.945,-39841964094592.75,-38362609811910.01,-36888496324471.266,-35419590065457.766,-33955888800272.914,-32497425885688.37,-31044274563016.117,-29596552226745.766,-28154424603766.29,-26718109773474.863,-25287881956603.43,-23864075001511.516,-22447085502320.676,-21037375495210.707,-19635474699424.555,-18241982300378.246,-16857568316529.732,-15482974652553.826,-14119016022624.691,-12766581033407.09,-11426633851326.65,-10100217047785.803,-8788456424336.678,-7492568872425.559,-6213874623655.397,-4953815599885.751,-3713981979169.9,-2496149551504.811,-1302330940650.4253,-134844300585.28421,1003596367194.5447,2109764625767.0164,3179773685104.714,4208891869559.996,5191316274563.124,6119900015117.546,6985829869102.359,7778253774013.793,8483862276845.603,9086435889031.43,9566383495573.238,9900319323287.832,10060764392825.69,10016125347430.678,9731221244778.81,9168835202754.37,8293122727591.455,7076292994685.25,5510857371554.862,3630799006926.702,1545465604510.019,-512988781388.2255,-2141849362654.4338,-2773458149605.8164,-1862270387430.05,634223777235.721,4149157551036.7485,10904227969647.57,0.0
7620.0,-397169369954731.6,-396410256734477.75,-395647577918721.06,-394881262797267.06,-394111240329838.56,-393337439157715.44,-392559787615696.0,-391778213744384.25,-390992645302806.3,-390203009781357.4,-389409234415085.06,-388611246197309.75,-387808971893587.1,-387002338056016.0,-386191271037891.0,-385375697008707.3,-384555541969518.5,-383730731768648.75,-382901192117765.3,-382066848608310.75,-381227626728298.9,-380383451879476.56,-379534249394854.0,-378679944556605.25,-377820462614341.06,-376955728803755.6,-376085668365651.25,-375210206565338.94,-374329268712420.06,-373442780180948.8,-372550666429976.56,-371652853024480.9,-370749265656678.6,-369839830167725.3,-368924472569800.4,-368003119068579.6,-367075696086096.7,-366142130283989.75,-365202348587139.1,-364256278207691.3,-363303846669469.94,-362344981832776.25,-361379611919575.6,-360407665539068.4,-359429071713647.94,-358443759905241.44,-357451660042032.0,-356452702545564.06,-355446818358224.0,-354433938971101.5,-353413996452221.25,-352386923475149.56,-351352653347968.25,-350311120042614.75,-349262258224585.3,-348206003282995.7,-347142291360999.25,-346071059386553.44,-344992245103534.4,-343905787103192.5,-342811624855945.44,-341709698743501.2,-340599950091309.6,-339482321201329.94,-338356755385115.06,-337223196997202.44,-336081591468803.2,-334931885341786.1,-333774026302946.25,-332607963218549.9,-331433646169151.25,-330251026484665.9,-329060056779699.0,-327860690989113.3,-326652884403830.8,-325436593706854.3,-324211777009505.0,-322978393887854.56,-321736405419352.2,-320485774219624.94,-319226464479447.06,-317958442001858.4,-316681674239426.1,-315396130331630.5,-314101781142363.25,-312798599297526.5,-311486559222711.94,-310165637180949.7,-308835811310510.75,-307497061662743.56,-306149370239932.5,-304792721033157.25,-303427100060138.9,-302052495403051.94,-300668897246285.3,-299276297914132.7,-297874691908393.2,-296464075945860.0,-295044448995681.3,-293615812316566.25,-292178169493819.8,-290731526476178.94,-289275891612433.3,-287811275687802.6,-286337691960047.75,-284855156195293.06,-283363686703531.9,-281863304373794.0,-280354032708943.25,-278835897860082.88,-277308928660540.62,-275773156659402.97,-274228616154572.8,-272675344225319.88,-271113380764294.38,-269542768508972.72,-267963553072504.62,-266375782973929.4,-264779509667729.4,-263174787572684.34,-261561674099998.06,-259940229680655.06,-258310517791979.38,-256672604983351.6,-255026560901053.1,-253372458312194.1,-251710373127690.0,-250040384424243.84,-248362574465295.28,-246677028720892.25,-244983835886444.38,-243283087900312.28,-241574879960187.97,-239859310538220.62,-238136481394836.97,-236406497591212.47,-234669467500337.2,-232925502816627.44,-231174718564029.25,-229417233102557.66,-227653168133215.3,-225882648701231.38,-224105803197559.66,-222322763358573.84,-220533664263892.5,-218738644332269.03,-216937845315473.12,-215131412290093.16,-213319493647181.88,-211502241079667.53,-209679809567445.53,-207852357360067.06,-206020045956932.3,-204183040084894.62,-202341507673176.66,-200495619825495.03,-198645550789282.7,-196791477921897.2,-194933581653691.97,-193072045447824.38,-191207055756667.34,-189338801974682.7,-187467476387607.62,-185593274117796.53,-183716393065552.47,-181837033846273.78,-179955399723226.1,-178071696535749.44,-176186132622686.44,-174298918740817.25,-172410267978063.88,-170520395661222.5,-168629519257961.53,-166737858272811.06,-164845634136854.94,-162953070090819.5,-161060391061236.12,-159167823529338.0,-157275595392336.28,-155383935816697.72,-153493075083033.5,-151603244422186.1,-149714675842085.5,-147827601944925.94,-145942255734200.0,-144058870411104.44,-142177679159822.47,-140298914921168.47,-138422810154070.19,-136549596584352.66,-134679504940281.38,-132812764674316.72,-130949603670534.33,-129090247937169.12,-127234921283752.69,-125383844982333.23,-123537237412290.27,-121695313688295.4,-119858285271013.33,-118026359560197.6,-116199739469905.67,-114378622985646.77,-112563202703379.02,-110753665350397.62,-108950191288301.55,-107152953998393.39,-105362119550068.08,-103577846052962.92,-101800283093907.06,-100029571159989.52,-98265841049399.72,-96509213272055.33,-94759797442444.28,-93017691667559.55,-91282981933303.94,-89555741493292.61,-87836030264574.75,-86123894235448.08,-84419364891233.7,-82722458664630.2,-81033176418056.25,-79351502966232.33,-77677406648124.42,-76010838958280.0,-74351734248512.53,-72700009511824.27,-71055564261383.77,-69418280518274.63,-67788022922579.68,-66164638983135.78,-64547959481955.77,-62937799049823.31,-61333956929887.66,-59736217946160.61,-58144353693599.66,-56558123965881.164,-54977278435962.1,-53401558603024.85,-51830700017319.055,-50264434791680.08,-48702494405034.75,-47144612798924.04,-45590529762915.13,-44039994598677.58,-42492770045430.984,-40948636441425.55,-39407396087126.016,-37868877765925.086,-36332941367681.31,-34799482549415.68,-33268437356498.133,-31739786717144.156,-30213560713758.176,-28689842527567.434,-27168771949350.49,-25650548350476.414,-24135433016964.45,-22623750767349.51,-21115890805889.113,-19612306809798.523,-18113516317243.04,-16620099577045.613,-15132698147687.496,-13652013699330.799,-12178807686362.043,-10713902828346.307,-9258187674046.303,-7812625936569.445,-6378272788108.038,-4956300899910.37,-3548039715325.6436,-2155032256415.1558,-779114688451.616,577475104779.965,1911952565548.5312,3220796585169.6504,4499504990429.5205,5742284590868.765,6941664122943.963,8088018022495.609,9168989406939.16,10168802677929.723,11067461151092.383,11839835829275.219,12454673397429.842,12873595922870.541,13050254003477.453,12929973162375.492,12450583326979.523,11545791533559.469,10153684009176.19,8235003845159.345,5808725496931.722,3014478934661.481,205149975273.9571,-1964213035629.5938,-2598830812696.2954,-1095238454191.5157,2065364783376.3213,8831925064915.707,0.0
7617.5,-407252694705758.2,-406503313454394.0,-405750619140340.3,-404994538255347.7,-404234996862419.0,-403471920606687.94,-402705234726638.2,-401934864065669.8,-401160733084011.7,-400382765870988.8,-399600886157645.1,-398815017329728.94,-398025082441042.5,-397231004227160.1,-396432705119519.0,-395630107259887.94,-394823132515213.75,-394011702492852.4,-393195738556190.2,-392375161840650.5,-391549893270099.4,-390719853573646.75,-389884963302848.6,-389045142849314.0,-388200312462717.44,-387350392269223.9,-386495302290324.3,-385634962462087.8,-384769292654833.3,-383898212693219.56,-383021642376760.06,-382139501500763.9,-381251709877701.94,-380358187359006.44,-379458853857297.9,-378553629369047.6,-377642433997675.56,-376725187977081.8,-375801811695617.75,-374872225720494.44,-373936350822630.9,-372994108001941.0,-372045418513063.3,-371090203891529.06,-370128385980372.94,-369159886957183.06,-368184629361592.9,-367202536123211.94,-366213530589996.3,-365217536557056.94,-364214478295904.75,-363204280584131.94,-362186868735525.8,-361162168630615.4,-360130106747647.0,-359090610193986.75,-358043606737947.1,-356989024841034.7,-355926793690615.7,-354856843232995.4,-353779104206906.7,-352693508177405.94,-351599987570168.75,-350498475706181.6,-349388906836825.44,-348271216179343.25,-347145339952687.56,-346011215413741.25,-344868780893903.25,-343717975836033.94,-342558740831753.56,-341391017659082.0,-340214749320416.6,-339029880080835.75,-337836355506720.6,-336634122504686.0,-335423129360809.44,-334203325780148.44,-332974662926537.6,-331737093462649.1,-330490571590311.1,-329235053091066.44,-327970495366964.9,-326696857481570.4,-325414100201172.2,-324122186036188.5,-322821079282742.9,-321510746064401.94,-320191154374060.4,-318862274115951.8,-317524077147774.1,-316176537322910.44,-314819630532728.8,-313453334748939.3,-312077630065995.4,-310692498743516.2,-309297925248710.4,-307893896298782.6,-306480400903302.5,-305057430406509.75,-303624978529539.3,-302183041412540.6,-300731617656667.4,-299270708365915.4,-297800317188781.8,-296320450359723.94,-294831116740386.8,-293332327860578.6,-291824097958961.3,-290306444023431.9,-288779385831166.1,-287242945988291.6,-285697149969164.3,-284142026155216.44,-282577605873342.6,-281003923433793.97,-279421016167546.38,-277828924463109.53,-276227691802741.56,-274617364798032.9,-272997993224826.6,-271369630057433.12,-269732331502105.8,-268086157029734.53,-266431169407721.44,-264767434730994.4,-263095022452117.53,-261414005410456.9,-259724459860357.3,-258026465498281.94,-256320105488874.1,-254605466489888.6,-252882638675946.66,-251151715761064.16,-249412795019900.6,-247665977307677.62,-245911367078711.78,-244149072403504.97,-242379204984336.28,-240601880169295.03,-238817216964693.9,-237025338045797.88,-235226369765805.25,-233420442163011.6,-231607688966086.84,-229788247597393.03,-227962259174266.44,-226129868508186.47,-224291224101749.1,-222446478143359.66,-220595786499557.12,-218739308704875.84,-216877207949149.84,-215009651062155.53,-213136808495489.84,-211258854301570.78,-209375966109641.88,-207488325098660.6,-205596115966939.06,-203699526898400.72,-201798749525309.3,-199893978887318.5,-197985413386679.97,-196073254739441.88,-194157707922454.97,-192238981115999.78,-190317285641828.03,-188392835896407.72,-186465849279142.47,-184536546115325.5,-182605149573569.84,-180671885577446.0,-178736982711035.84,-176800672118098.56,-174863187394522.34,-172924764473718.2,-170985641504590.47,-169046058721695.34,-167106258307180.53,-165166484244069.47,-163226982160434.2,-161287999163972.06,-159349783666477.5,-157412585197671.47,-155476654207827.3,-153542241858600.25,-151609599801443.72,-149678979942968.3,-147750634196571.2,-145824814219642.25,-143901771135625.47,-141981755240196.88,-140065015690799.69,-138151800178762.2,-136242354583216.3,-134336922606026.22,-132435745386940.89,-130539061098191.89,-128647104517776.78,-126760106580698.73,-124878293907471.94,-123001888309260.03,-121131106269086.31,-119266158398644.3,-117407248870349.67,-115554574824408.47,-113708325750840.84,-111868682846585.52,-110035818348041.25,-108209894839654.81,-106391064539469.28,-104579468562886.61,-102775236166290.02,-100978483972611.95,-99189315181425.1,-97407818766691.94,-95634068665913.8,-93868122965102.92,-92110023084738.12,-90359792972675.98,-88617438310861.61,-86882945743628.62,-85156282136378.62,-83437393874497.03,-81726206213477.58,-80022622692384.95,-78326524623975.55,-76637770675995.44,-74956196559369.34,-73281614840152.1,-71613814893208.75,-69952563016576.875,-68297602726306.086,-66648655252206.46,-65005420255312.125,-63367576787908.164,-61734784516594.82,-60106685227992.375,-58482904635215.805,-56863054501071.555,-55246735090932.805,-53633537964315.234,-52023049109186.586,-50414852416874.766,-48808533487986.69,-47203683750916.92,-45599904864244.28,-43996813362554.83,-42394045492028.9,-40791262167584.96,-39188153967707.055,-37584446066641.734,-35979902986970.97,-34374333039405.227,-32767592302051.61,-31159587979793.086,-29550280977627.395,-27939687522233.78,-26327879676711.816,-24714984618179.4,-23101182591467.35,-21486703520326.754,-19871822357433.383,-18256853394532.62,-16642143944411.695,-15028068058901.092,-13415021275598.44,-11803417806336.277,-10193692110539.691,-8586307456589.685,-6981774886144.492,-5380686983848.003,-3783772043182.119,-2191975634680.5852,-606578252368.0554,970640334133.9084,2537177132068.385,4089506889014.01,5622689495326.856,7129861967478.027,8601589343992.953,10025044645424.387,11382983780242.264,12652477831222.08,13803365057331.445,14796394619865.582,15581068940443.006,16093287308868.77,16253128748257.824,15963654913669.809,15112801219536.738,13582873736237.176,11276796717065.8,8177602604895.758,4464326937979.645,693392793692.6138,-2048928373103.937,-2438880046793.7637,-240878901861.4287,5644595451103.381,0.0
7615.0,-417410217986496.5,-416669839625042.5,-415926433989684.5,-415179925170778.9,-414430236726788.75,-413677291694205.2,-412921012597824.25,-412161321461387.94,-411398139818589.9,-410631388724454.7,-409860988767093.1,-409086860079839.25,-408308922353773.7,-407527094850638.56,-406741296416149.3,-405951445493703.7,-405157460138501.2,-404359258032068.8,-403556756497202.6,-402749872513327.9,-401938522732285.06,-401122623494539.06,-400302090845824.6,-399476840554227.56,-398646788127705.0,-397811848832050.44,-396971937709309.3,-396126969596644.56,-395276859145660.4,-394421520842183.2,-393560869026510.0,-392694817914119.4,-391823281616855.06,-390946174164583.06,-390063409527323.3,-389174901637862.3,-388280564414847.0,-387380311786363.06,-386474057714002.5,-385561716217416.2,-384643201399363.3,-383718427471250.06,-382787308779166.3,-381849759830417.25,-380905695320555.06,-379955030160908.25,-378997679506612.5,-378033558785142.75,-377062583725346.44,-376084670386978.8,-375099735190740.25,-374107694948816.9,-373108466895920.3,-372101968720829.44,-371088118598433.6,-370066835222270.56,-369038037837565.5,-368001646274763.56,-366957580983555.3,-365905763067394.0,-364846114318500.5,-363778557253352.9,-362703015148659.6,-361619412077807.7,-360527672947788.56,-359427723536590.3,-358319490531056.75,-357202901565205.9,-356077885259002.2,-354944371257577.3,-353802290270894.56,-352651574113845.25,-351492155746777.56,-350323969316442.9,-349146950197357.44,-347961035033565.94,-346766161780804.06,-345562269749043.94,-344349299645418.94,-343127193617514.44,-341895895297012.06,-340655349843681.75,-339405503989704.94,-338146306084319.0,-336877706138767.8,-335599655871551.6,-334312108753952.44,-333015020055830.8,-331708346891671.0,-330392048266865.06,-329066085124216.5,-327730420390647.25,-326385019024093.1,-325029848060567.0,-323664876661372.5,-322290076160451.75,-320905420111842.3,-319510884337228.2,-318106446973562.06,-316692088520735.94,-315267791889280.6,-313833542448068.7,-312389328072000.3,-310935139189645.56,-309470968830816.56,-307996812674050.9,-306512669093970.0,-305018539208495.1,-303514426925885.7,-302000338991576.0,-300476285034778.8,-298942277614827.2,-297398332267220.3,-295844467549347.25,-294280705085851.8,-292707069613604.56,-291123589026251.9,-289530294418303.1,-287927220128722.6,-286314403783985.9,-284691886340567.9,-283059712126818.25,-281417928884189.7,-279766587807772.84,-278105743586102.53,-276435454440185.47,-274755782161711.0,-273066792150397.56,-271368553450428.4,-269661138785930.53,-267944624595445.34,-266219091065346.56,-264484622162146.75,-262741305663646.56,-260989233188867.56,-259228500226716.2,-257459206163320.7,-255681454307980.2,-253895351917667.47,-252101010220022.53,-250298544434770.88,-248488073793500.88,-246669721557731.56,-244843615035198.4,-243009885594284.06,-241168668676518.5,-239320103807065.16,-237464334603117.1,-235601508780111.7,-233731778155677.22,-231855298651217.88,-229972230291040.62,-228082737198922.2,-226186987592008.62,-224285153771938.38,-222377412113072.84,-220463943047707.3,-218544931048139.38,-216620564605456.1,-214691036204895.34,-212756542297635.0,-210817283268846.4,-208873463401844.5,-206925290838157.78,-204972977533325.0,-203016739208222.4,-201056795295702.9,-199093368882325.12,-197126686644927.62,-195156978781795.34,-193184478938140.1,-191209424125610.28,-189232054635515.06,-187252613945436.25,-185271348618874.38,-183288508197555.3,-181304345085998.34,-179319114427919.78,-177333073974021.25,-175346483940679.7,-173359606859028.66,-171372707413886.12,-169386052271951.84,-167399909898661.62,-165414550363052.16,-163430245129946.75,-161447266838742.62,-159465889068031.97,-157486386085256.62,-155509032580551.88,-153534103383895.97,-151561873164644.22,-149592616112485.44,-147626605598826.53,-145664113817571.66,-143705411404239.3,-141750767032327.4,-139800446985823.23,-137854714706737.4,-135913830316538.72,-133978050110372.25,-132047626022960.25,-130122805065118.3,-128203828729867.08,-126290932367188.8,-124384344526566.94,-122484286266564.2,-120590970430835.58,-118704600890153.06,-116825371750229.22,-114953466525381.0,-113089057278374.31,-111232303727138.86,-109383352319446.05,-107542335277105.03,-105709369611763.0,-103884556114990.39,-102067978326007.44,-100259701481157.69,-98459771450072.89,-96668213664389.34,-94885032045892.61,-93110207942061.77,-91343699078175.14,-89585438536414.97,-87835333773761.06,-86093265691892.88,-84359087773806.47,-82632625303381.05,-80913674685682.45,-79202002887333.78,-77497347017782.72,-75799414073711.97,-74107880870112.6,-72422394182615.14,-70742571126472.83,-69067999798025.01,-67398240204446.93,-65732825506987.9,-64071263601597.664,-62413039058689.836,-60757615440636.31,-59104438011265.01,-57452936845955.2,-55802530343714.54,-54152629133690.33,-52502640357733.61,-50851972297742.2,-49200039301429.62,-47546266942820.84,-45890097334170.33,-44230994484230.99,-42568449574137.836,-40901985997044.66,-39231163981782.195,-37555584595212.59,-35874892894104.445,-34188779977213.918,-32496983674482.344,-30799287606288.477,-29095518355976.965,-27385540529062.09,-25669249529666.668,-23946561977712.227,-22217403829959.4,-20481696467436.64,-18739341287068.043,-16990203705607.73,-15234097972152.262,-13470774818591.898,-11699914787237.773,-9921131098984.678,-8133987207781.113,-6338035780035.869,-4532887803473.475,-2718322945783.604,-894455246977.2864,938028129627.9836,2777532864582.706,4621100329918.256,6463792367645.967,8297873880600.29,10111737098077.29,11888495492294.756,13604154576579.174,15225241218368.379,16705746548420.844,17983225571107.715,18973945754367.062,19567211261379.414,19619716026556.723,18952707893400.586,17359379324613.541,14639903509052.021,10699593479894.256,5765178864296.459,740608386202.4441,-2570115382464.813,-2515604308968.8096,1520952569760.75,0.0
7612.5,-427638660344847.4,-426906294062489.25,-426171219176812.3,-425433357831784.25,-424692631532563.4,-423948961154253.9,-423202266951027.9,-422452468565629.7,-421699485039256.06,-420943234821828.3,-420183635782657.2,-419420605221505.8,-418654059880059.56,-417883915953807.1,-417110089104336.0,-416332494472053.7,-415551046689333.6,-414765659894097.1,-413976247743835.06,-413182723430071.75,-412384999693282.1,-411582988838263.4,-410776602749968.1,-409965752909805.1,-409150350412410.06,-408330305982895.6,-407505529994582.9,-406675932487220.1,-405841423185694.8,-405001911519241.06,-404157306641152.25,-403307517448997.94,-402452452605352.06,-401592020559040.7,-400726129566904.6,-399854687716091.3,-398977602946873.2,-398094783075998.3,-397206135820578.75,-396311568822519.25,-395410989673487.94,-394504305940435.8,-393591425191666.3,-392672255023457.2,-391746703087239.7,-390814677117336.06,-389876084959257.7,-388930834598569.56,-387978834190315.56,-387019992089016.0,-386054216879230.56,-385081417406693.6,-384101502810020.06,-383114382552983.75,-382119966457369.06,-381118164736393.56,-380108888028708.6,-379092047432966.3,-378067554542965.56,-377035321483364.3,-375995260945966.06,-374947286226572.5,-373891311262405.6,-372827250670092.3,-371755019784214.2,-370674534696414.5,-369585712295062.75,-368488470305471.7,-367382727330663.9,-366268402892680.5,-365145417474432.94,-364013692562084.7,-362873150687966.3,-361723715474010.0,-360565311675701.3,-359397865226539.1,-358221303283000.44,-357035554269993.75,-355840547926803.06,-354636215353505.0,-353422489057854.7,-352199303002627.5,-350966592653409.5,-349724295026822.2,-348472348739170.9,-347210694055508.1,-345939272939093.75,-344658029101242.5,-343366908051544.4,-342065857148443.2,-340754825650156.9,-339433764765927.8,-338102627707581.9,-336761369741383.94,-335409948240168.3,-334048322735729.1,-332676454971451.0,-331294308955157.2,-329901851012160.94,-328499049838493.9,-327085876554292.25,-325662304757318.06,-324228310576591.4,-322783872726113.06,-321328972558646.25,-319863594119540.2,-318387724200562.75,-316901352393719.6,-315404471145028.3,-313897075808222.4,-312379164698352.5,-310850739145257.75,-309311803546872.2,-307762365422338.5,-306202435464892.8,-304632027594487.3,-303051159010118.1,-301459850241819.06,-299858125202287.9,-298246011238105.25,-296623539180507.94,-294990743395678.56,-293347661834508.06,-291694336081790.44,-290030811404808.44,-288357136801263.8,-286673365046505.75,-284979552740016.7,-283275760351101.44,-281562052263733.44,-279838496820509.5,-278105166365658.5,-276362137287052.25,-274609490057165.16,-272847309272924.1,-271075683694393.47,-269294706282236.1,-267504474233885.5,-265705089018371.6,-263896656409732.03,-262079286518942.88,-260253093824300.44,-258418197200182.94,-256574719944117.9,-254722789802079.7,-252862538991938.8,-250994104224980.2,-249117626725406.38,-247233252247738.84,-245341131092022.4,-243441418116741.62,-241534272749346.34,-239619858994285.34,-237698345438436.2,-235769905253821.28,-233834716197489.2,-231892960608435.56,-229944825401433.12,-227990502057633.88,-226030186611793.1,-224064079635966.53,-222092386219514.88,-220115315945242.56,-218133082861491.78,-216145905449993.75,-214154006589275.56,-212157613513399.66,-210156957765807.56,-208152275148015.1,-206143805662899.22,-204131793452289.84,-202116486728568.28,-200098137699949.0,-198077002489100.75,-196053341044738.97,-194027417045795.7,-191999497797747.22,-189969854120646.9,-187938760228383.44,-185906493598648.78,-183873334833065.0,-181839567506881.97,-179805478007617.62,-177771355361968.66,-175737491050280.1,-173704178807806.84,-171671714411961.62,-169640395454683.3,-167610521099013.6,-165582391818911.9,-163556309121283.38,-161532575249137.16,-159511492864735.34,-157493364711533.56,-155478493253657.38,-153467180291602.9,-151459726552793.1,-149456431255573.62,-147457591645181.72,-145463502500182.97,-143474455607834.94,-141490739206812.62,-139512637395718.16,-137540429505794.67,-135574389436283.75,-133614784950898.31,-131661876933944.98,-129715918604709.02,-127777154688836.3,-125845820545590.69,-123922141250059.05,-122006330629607.0,-120098590254175.62,-118199108380350.47,-116308058849536.62,-114425599941051.45,-112551873181491.05,-110687002112366.48,-108831091018724.94,-106984223622294.05,-105146461743612.33,-103317843938642.77,-101498384116514.64,-99688070146307.47,-97886862462175.94,-96094692677624.39,-94311462221363.44,-92537041008917.42,-90771266165988.89,-89013940821506.78,-87264832990271.19,-85523674567123.72,-83790160456590.67,-82063947863905.84,-80344655775174.28,-78631864656108.08,-76925116400161.7,-75223914557922.8,-73527724880141.31,-71835976206673.14,-70148061732705.836,-68463340681738.445,-66781140411701.92,-65100758976091.81,-63421468155796.75,-61742516969169.67,-60063135657520.79,-58382540130316.336,-56699936838665.32,-55014528026884.195,-53325517289825.92,-51632115338062.4,-49933545843852.97,-48229051208173.51,-46517898053191.27,-44799382205965.664,-43072832898726.57,-41337615870156.27,-39593135012623.375,-37838832174962.1,-36074184702799.64,-34298700283417.316,-32511908665963.28,-30713349858574.816,-28902558471850.84,-27079043996006.562,-25242266982969.098,-23391611374456.004,-21526353597079.902,-19645629565536.344,-17748401431307.094,-15833426831373.627,-13899234583389.514,-11944112307402.645,-9966113412916.586,-7963093380022.666,-5932788423531.933,-3872953647944.5234,-1781582944429.7231,342760461317.0849,2500465136560.3936,4690194772586.108,6907947949057.119,9145765435624.457,11389962558976.453,13618714753812.42,15798751971339.938,17880814956058.332,19793394546185.49,21434150461032.367,22658439898987.496,23265061445560.293,22981988557565.297,21462905266305.3,18325850678749.62,13307852732360.828,6664592828837.387,-120075916445.89975,-4062468497891.5,-3182447048268.4863,0.0
7610.0,-437936012768628.06,-437210392217025.25,-436482413846726.1,-435751998369649.25,-435019065749066.75,-434283535206974.9,-433545325231844.75,-432804353586761.56,-432060537317957.4,-431313792763741.7,-430564035563844.2,-429811180669165.1,-429055142351952.44,-428295834216401.44,-427533169209691.1,-426767059633460.75,-425997417155733.7,-425224152823295.7,-424447177074534.2,-423666399752744.75,-422881730119913.25,-422093076870977.0,-421300348148573.9,-420503451558288.2,-419702294184392.5,-418896782606100.0,-418086822914330.0,-417272320728991.56,-416453181216795.1,-415629309109595.0,-414800608723272.4,-413966983977160.25,-413128338414021.9,-412284575220583.44,-411435597248630.7,-410581307036672.3,-409721606832178.44,-408856398614395.94,-407985584117751.75,-407109064855842.0,-406226742146018.94,-405338517134575.3,-404444290822536.06,-403543964092056.06,-402637437733433.3,-401724612472740.25,-400805389000075.6,-399879667998444.56,-398947350173265.44,-398008336282513.1,-397062527167495.94,-396109823784273.94,-395150127235718.75,-394183338804218.9,-393209359985032.56,-392228092520288.8,-391239438433642.25,-390243300065576.94,-389239580109369.25,-388228181647700.9,-387209008189930.9,-386181963710022.06,-385146952685124.9,-384103880134815.2,-383052651660988.44,-381993173488407.7,-380925352505903.5,-379849096308225.2,-378764313238541.44,-377670912431584.8,-376568803857442.7,-375457898365984.2,-374338107731925.94,-373209344700528.0,-372071523033917.5,-370924557558032.0,-369768364210182.6,-368602860087221.3,-367427963494318.8,-366243593994331.2,-365049672457759.56,-363846121113287.4,-362632863598891.06,-361409825013510.94,-360176931969274.2,-358934112644261.3,-357681296835800.75,-356418416014284.3,-355145403377487.25,-353862193905383.8,-352568724415441.4,-351264933618381.2,-349950762174390.3,-348626152749767.8,-347291050073991.2,-345945400997184.44,-344589154547971.2,-343222261991692.94,-341844676888975.4,-340456355154621.75,-339057255116811.6,-337647337576585.44,-336226565867593.1,-334794905916080.75,-333352326301092.75,-331898798314869.3,-330434296023403.9,-328958796327146.44,-327472279021813.94,-325974726859288.0,-324466125608566.8,-322946464116743.1,-321415734369975.0,-319873931554421.5,-318321054117107.75,-316757103826684.6,-315182085834052.7,-313596008732810.2,-311998884619492.0,-310390729153556.7,-308771561617090.44,-307141404974180.44,-305500285929921.75,-303848234989010.9,-302185286513890.25,-300511478782389.3,-298826854044823.75,-297131458580504.1,-295425342753603.2,-293708561068335.94,-291981172223399.5,-290243239165618.3,-288494829142748.0,-286736013755372.56,-284966869007846.4,-283187475358219.9,-281397917767086.94,-279598285745294.4,-277788673400448.97,-275969179482156.44,-274139907425925.34,-272300965395664.97,-270452466324706.72,-268594527955273.4,-266727272876320.25,-264850828559668.0,-262965327394346.3,-261070906719061.5,-259167708852699.66,-257255881122775.25,-255335575891727.5,-253406950580965.4,-251470167692558.62,-249525394828464.75,-247572804707179.44,-245612575177692.28,-243644889230621.47,-241669935006397.75,-239687905800362.22,-237699000064627.0,-235703421406553.4,-233701378583679.7,-231693085494930.53,-229678761167927.78,-227658629742204.44,-225632920448125.8,-223601867581291.88,-221565710472194.53,-219524693450878.6,-217479065806345.06,-215429081740410.25,-213375000315722.03,-211317085397606.3,-209255605589397.56,-207190834160880.06,-205123048969440.84,-203052532373504.75,-200979571137788.7,-198904456329883.6,-196827483207628.22,-194748951096706.0,-192669163257849.12,-190588426742993.1,-188507052239671.44,-186425353902894.6,-184343649173696.6,-182262258583480.0,-180181505543224.6,-178101716116562.38,-176023218775653.16,-173946344138724.44,-171871424688064.44,-169798794467180.1,-167728788755754.84,-165661743720957.2,-163597996043571.06,-161537882517333.56,-159481739619784.06,-157429903052847.75,-155382707251292.53,-153340484857128.7,-151303566157945.12,-149272278487114.94,-147246945583749.84,-145227886910240.22,-143215416925192.06,-141209844309565.28,-139211471143827.61,-137220592033987.16,-135237493184428.05,-133262451415592.14,-131295733124691.34,-129337593187840.0,-127388273802248.23,-125448003267433.6,-123516994704798.89,-121595444715388.42,-119683531976193.47,-117781415776029.2,-115889234492768.27,-114007104014592.92,-112135116108935.05,-110273336743912.89,-108421804368361.9,-106580528157995.73,-104749486236830.77,-102928623884770.2,-101117851744167.44,-99317044040276.42,-97526036832735.94,-95744626317622.06,-93972567202105.5,-92209571176355.11,-90455305509983.69,-88709391802999.16,-86971404923830.45,-85240872169467.77,-83517272684991.25,-81800037181639.77,-80088547993949.34,-78382139517196.53,-76680099066216.8,-74981668195399.11,-73286044517018.3,-71592384050754.11,-69899804130924.43,-68207386889252.586,-66514183319490.055,-64819217915493.336,-63121493855948.266,-61419998686392.77,-59713710422052.78,-58001603962870.53,-56282657674621.59,-54555859946967.09,-52820215490613.41,-51074751081662.1,-49318520402265.64,-47550607563885.44,-45770128834402.02,-43976232025497.85,-42168092935586.83,-40344908190878.55,-38505883789359.64,-36650218638011.01,-34777082393450.332,-32885586984489.473,-30974751329729.37,-29043458986832.473,-27090408810763.117,-25114059191314.574,-23112567129588.25,-21083724353624.89,-19024893934043.375,-16932952528792.79,-14804245574747.926,-12634565601460.299,-10419167570241.848,-8152840022005.01,-5830057260239.866,-3445246421482.7065,-993215067314.0215,1530198555841.9102,4127166584339.9233,6796482299265.256,9531563998595.57,12317588238098.303,15127347732351.691,17915199913321.863,20608105875118.48,23092211802807.336,25192753209413.883,26644787300338.332,27054493347164.414,25862152692740.742,22355031765824.04,15870905683202.443,6506782138940.007,-3209956205829.919,-7927406040185.5,0.0
7607.5,-448301713155297.6,-447581284398769.25,-446858879524723.56,-446134418386976.4,-445407819978931.7,-444679002439348.56,-443947883058491.56,-443214378284678.06,-442478403731225.1,-441739874183804.1,-440998703608215.1,-440254805158580.6,-439508091185975.8,-438758473247495.25,-438005862115768.5,-437250167788930.06,-436491299501052.0,-435729165733048.4,-434963674224057.44,-434194731983310.75,-433422245302495.1,-432646119768618.5,-431866260277384.56,-431082571047085.75,-430294955633020.3,-429503316942444.44,-428707557250064.3,-427907578214076.9,-427103280892767.7,-426294565761672.3,-425481332731309.3,-424663481165492.56,-423840909900229.5,-423013517263216.1,-422181201093929.2,-421343858764330.7,-420501387200186.6,-419653682903008.5,-418800641972626.06,-417942160130395.5,-417078132743051.6,-416208454847211.2,-415333021174531.9,-414451726177534.75,-413564464056097.56,-412671128784620.3,-411771614139876.1,-410865813729546.75,-409953621021451.94,-409034929373476.94,-408109632064202.3,-407177622324245.2,-406238793368310.1,-405293038427960.2,-404340250785109.44,-403380323806241.06,-402413150977357.56,-401438625939662.25,-400456642525978.8,-399467094797911.56,-398469877083747.5,-397464884017102.75,-396452010576319.6,-395431152124608.06,-394402204450942.06,-393365063811704.3,-392319626973085.0,-391265791254233.25,-390203454571161.25,-389132515481399.3,-388052873229405.5,-386964427792721.3,-385867079928879.75,-384760731223058.8,-383645284136477.3,-382520642055532.9,-381386709341678.6,-380243391382029.44,-379090594640702.2,-377928226710874.25,-376756196367566.1,-375574413621129.7,-374382789771448.2,-373181237462829.9,-371969670739594.1,-370748005102339.4,-369516157564883.75,-368274046711867.9,-367021592757013.1,-365758717602018.7,-364485344896092.56,-363201400096096.7,-361906810527301.1,-360601505444725.8,-359285416095063.06,-357958475779157.75,-356620619915038.2,-355271786101471.3,-353911914182033.4,-352540946309672.2,-351158827011745.4,-349765503255511.4,-348360924514056.75,-346945042832634.8,-345517812895393.25,-344079192092471.4,-342629140587436.75,-341167621385043.3,-339694600399277.75,-338210046521671.7,-336713931689852.7,-335206230956300.3,-333686922557283.0,-332155987981941.1,-330613412041486.4,-329059182938483.9,-327493292336183.4,-325915735427865.06,-324326511006162.44,-322725621532327.06,-321113073205396.0,-319488876031222.4,-317853043891329.5,-316205594611544.2,-314546550030372.1,-312875936067063.7,-311193782789330.0,-309500124480661.75,-307794999707201.3,-306078451384119.25,-304350526841445.94,-302611277889304.5,-300860760882492.25,-299099036784355.5,-297326171229900.25,-295542234588081.9,-293747302023214.7,-291941453555435.25,-290124774120161.44,-288297353626479.75,-286459287014392.2,-284610674310855.7,-282751620684542.3,-280882236499244.28,-279002637365852.53,-277112944192823.9,-275213283235061.44,-273303786141120.4,-271384589998654.22,-269455837378009.22,-267517676373874.94,-265570260644892.78,-263613749451120.66,-261648307689248.0,-259674105925450.9,-257691320425772.97,-255700133183908.53,-253700731946262.4,-251693310234155.8,-249678067363032.34,-247655208458521.53,-245624944469202.22,-243587492175898.88,-241543074197339.0,-239491918991983.06,-237434260855832.4,-235370339916002.94,-233300402119841.0,-231224699219342.6,-229143488750621.22,-227057034008145.8,-224965604013460.8,-222869473478068.5,-220768922760136.38,-218664237814664.66,-216555710136721.25,-214443636697321.8,-212328319871497.3,-210210067358061.03,-208089192090539.94,-205966012138702.66,-203840850600063.25,-201714035480696.47,-199585899564642.44,-197456780271128.38,-195327019498766.5,-193196963455829.47,-191066962475628.0,-188937370815946.72,-186808546441411.16,-184680850787577.28,-182554648505443.97,-180430307184996.8,-178308197056293.72,-176188690666497.94,-174072162531159.94,-171958988757936.3,-169849546640823.0,-167744214222860.8,-165643369825156.6,-163547391539942.97,-161456656685283.2,-159371541218914.22,-157292419108608.97,-155219661656338.7,-153153636773419.22,-151094708203749.5,-149043234692180.47,-146999569095014.38,-144964057429612.38,-142937037860103.03,-140918839616231.94,-138909781842485.44,-136910172374766.02,-134920306442097.53,-132940465291111.53,-130970914731413.75,-129011903600369.2,-127063662146382.56,-125126400330402.62,-123200306046156.84,-121285543260539.2,-119382250076643.2,-117490536723169.27,-115610483475350.34,-113742138514151.7,-111885515732312.14,-110040592497825.11,-108207307387708.92,-106385557907390.28,-104575198213730.05,-102776036862636.61,-100987834605339.73,-99210302260698.47,-97443098694368.53,-95685828939200.75,-93938042494817.98,-92199231847847.03,-90468831257643.66,-88746215855424.06,-87030701107329.58,-85321542693909.44,-83617936859576.48,-81919021285481.31,-80223876537644.45,-78531528138699.9,-76840949305804.11,-75151064388659.06,-73460753029648.58,-71768855052175.94,-70074176062783.36,-68375493726817.84,-66671564645580.89,-64961131724324.03,-63242931874443.54,-61515703839153.7,-59778195869295.055,-58029172904461.35,-56267422834342.586,-54491761326517.11,-52701034610938.02,-50894119509875.336,-49069919897968.67,-47227358674520.05,-45365364235115.305,-43482850350162.66,-41578688304697.375,-39651670140880.05,-37700461890176.71,-35723545809509.805,-33719150874275.656,-31685171168502.49,-29619072396021.31,-27517787576662.664,-25377604165435.266,-23194046440554.066,-20961759180085.8,-18674401564605.375,-16324564149990.598,-13903726999107.244,-11402284155562.902,-8809669364692.24,-6114631521908.175,-3305727761470.6143,-372130799438.9582,2695108855178.5073,5901134814279.866,9244361907067.857,12712022544376.762,16273267921164.74,19868197767404.453,23389849928437.05,26653756342692.707,29345864967281.426,30935918185532.984,30548270768178.54,26822534770297.402,17955697652502.66,2983985266337.202,-11736473116079.424,0.0
7605.0,-458736822492001.4,-458019734075675.8,-457301080497383.5,-456580781385838.6,-455858755396793.8,-455134920216978.2,-454409192568421.0,-453681488213170.9,-452951721958418.7,-452219807662034.6,-451485658238522.94,-450749185665407.9,-450010300990059.56,-449268914336963.06,-448524934915445.8,-447778271027870.5,-447028830078296.6,-446276518581629.8,-445521242173260.3,-444762905619200.1,-444001412826733.06,-443236666855579.56,-442468569929590.8,-441697023448980.75,-440921928003099.75,-440143183383768.0,-439360688599168.56,-438574341888316.0,-437784040736106.9,-436989681888960.1,-436191161371059.25,-435388374501203.3,-434581215910276.44,-433769579559344.5,-432953358758389.1,-432132446185685.56,-431306733907836.6,-430476113400467.0,-429640475569592.94,-428799710773668.1,-427953708846322.4,-427102359119794.4,-426245550449073.5,-425383171236753.44,-424515109458608.5,-423641252689901.0,-422761488132426.6,-421875702642305.25,-420983782758526.4,-420085614732254.9,-419181084556905.3,-418270077998992.44,-417352480629764.2,-416428177857621.7,-415497054961339.5,-414558997124083.25,-413613889468238.6,-412661617091053.3,-411702065101098.0,-410735118655554.75,-409760662998331.9,-408778583499016.25,-407788765692666.1,-406791095320442.7,-405785458371095.06,-404771741123291.25,-403749830188806.75,-402719612556568.1,-401680975637557.44,-400633807310576.25,-399577995968875.9,-398513430567649.0,-397440000672389.06,-396357596508114.56,-395266109009459.2,-394165429871626.4,-393055451602211.5,-391936067573881.75,-390807172077922.7,-389668660378638.06,-388520428768609.75,-387362374624805.5,-386194396465538.3,-385016394008265.5,-383828268228227.75,-382629921417919.75,-381421257247386.2,-380202180825334.75,-378972598761062.3,-377732419227180.5,-376481552023135.6,-375219908639510.56,-373947402323101.0,-372663948142750.25,-371369463055935.4,-370063865976088.3,-368747077840641.75,-367419021679779.6,-366079622685885.8,-364728808283666.44,-363366508200934.2,-361992654540035.25,-360607181849901.25,-359210027198705.7,-357801130247103.0,-356380433322036.1,-354947881491079.44,-353503422637304.3,-352047007534637.0,-350578589923685.6,-349098126588010.5,-347605577430812.1,-346100905552003.94,-344584077325647.1,-343055062477713.94,-341513834164146.44,-339960369049184.06,-338394647383919.94,-336816653085057.9,-335226373813827.6,-333623801055029.5,-332008930196161.06,-330381760606597.2,-328742295716772.25,-327090543097332.0,-325426514538207.94,-323750226127567.3,-322061698330601.3,-320360956068095.6,-318648028794741.8,-316922950577136.44,-315185760171418.8,-313436501100493.3,-311675221730784.1,-309901975348466.06,-308116820235112.94,-306319819742710.7,-304511042367965.56,-302690561825855.1,-300858457122351.0,-299014812626252.75,-297159718140061.94,-295293268969828.6,-293415565993898.56,-291526715730486.3,-289626830403999.3,-287716028010033.7,-285794432378960.0,-283862173238015.9,-281919386271819.25,-279966213181209.8,-278002801740327.56,-276029305851831.66,-274045885600155.1,-272052707302695.9,-270049943558830.97,-268037773296639.06,-266016381817213.75,-263985960836442.5,-261946708524115.06,-259898829540228.34,-257842535068337.3,-255778042845799.66,-253705577190750.22,-251625369025630.8,-249537655897093.62,-247442681992079.16,-245340698149863.28,-243231961869845.25,-241116737314843.78,-238995295309637.97,-236867913334483.62,-234734875513305.5,-232596472596247.22,-230453001936236.72,-228304767459192.97,-226152079627475.9,-223995255396142.34,-221834618161541.47,-219670497701736.5,-217503230108205.3,-215333157708217.84,-213160628977242.62,-210985998440678.97,-208809626564149.03,-206631879631522.38,-204453129609774.34,-202273753999701.25,-200094135671440.44,-197914662683648.25,-195735728085099.56,-193557729697370.12,-191381069877156.94,-189206155256675.06,-187033396460450.8,-184863207796701.66,-182696006921357.12,-180532214472636.5,-178372253673946.62,-176216549902715.53,-174065530222612.84,-171919622876451.72,-169779256736896.78,-167644860711939.94,-165516863101940.03,-163395690904858.22,-161281769066166.5,-159175519669758.78,-157077361066058.47,-154987706933401.72,-152906965268679.1,-150835537303152.28,-148773816339333.6,-146722186504827.4,-144681021419095.8,-142650682769238.12,-140631518791071.42,-138623862652079.16,-136628030733179.45,-134644320806752.12,-132673010108984.62,-130714353305362.03,-128768580349049.9,-126835894233027.0,-124916468638131.0,-123010445480705.98,-121117932365308.47,-119238999949949.81,-117373679233657.03,-115521958778723.23,-113683781882919.56,-111859043720148.34,-110047588471546.89,-108249206472885.03,-106463631408235.38,-104690537584296.19,-102929537324373.7,-101180178525828.47,-99441942429663.11,-97714241655784.38,-95996418562152.58,-94287743990370.69,-92587416464040.98,-90894561909153.97,-89208233967558.58,-87527414974798.19,-85851017671837.73,-84177887715911.72,-82506807048292.12,-80836498165499.12,-79165629324580.11,-77492820691682.47,-75816651415289.7,-74135667570145.64,-72448390873965.34,-70753328025409.31,-69048980447361.62,-67333854143251.555,-65606469285079.28,-63865369049246.836,-62109127099931.13,-60336352989725.42,-58545694604500.05,-56735836625711.12,-54905493821780.56,-53053397815344.54,-51178275811811.51,-49278819626018.15,-47353643220220.11,-45401226884521.47,-43419846171310.48,-41407483765579.805,-39361722668105.75,-37279619433194.77,-35157556795046.78,-32991075912486.258,-30774689761359.31,-28501681042858.047,-26163890540475.207,-23751505407520.742,-21252861766988.863,-18654282776749.105,-15939982701513.785,-13092080616160.416,-10090785727260.715,-6914842377841.972,-3542360704520.8896,47783341156.165955,3873699027149.6157,7946922632746.653,12266698835399.61,16810314523483.436,21515355809689.305,26243955144160.305,30705448244191.887,34284220959489.32,35657835616007.14,31953012219941.445,17254031055238.652,-11712678652962.074,0.0
7602.5,-469244198194932.2,-468528293713223.7,-467811262119473.4,-467093023507867.6,-466373496887589.75,-465652600184703.0,-464930250244418.2,-464206362833753.6,-463480852644594.9,-462753633297165.9,-462024617343919.3,-461293716273855.9,-460560840517283.6,-459825899451025.75,-459088801404085.2,-458349453663780.7,-457607762482358.2,-456863633084091.75,-456116969672883.8,-455367675440371.56,-454615652574555.4,-453860802268952.6,-453103024732294.3,-452342219198768.94,-451578283938828.7,-450811116270563.2,-450040612571659.44,-449266668291947.4,-448489177966553.5,-447708035229664.1,-446923132828911.3,-446134362640397.75,-445341615684360.25,-444544782141494.3,-443743751369941.0,-442938411922951.94,-442128651567242.2,-441314357302040.2,-440495415378847.0,-439671711321913.0,-438843129949446.8,-438009555395560.94,-437170871132970.1,-436326959996449.8,-435477704207064.44,-434622985397177.1,-433762684636249.8,-432896682457447.1,-432024858885046.2,-431147093462670.44,-430263265282351.8,-429373253014433.75,-428476934938320.0,-427574188974084.75,-426664892714946.8,-425748923460620.4,-424826158251549.1,-423896473904033.7,-422959747046258.44,-422015854155227.4,-421064671594616.06,-420106075653546.3,-419139942586292.5,-418166148652924.44,-417184570160895.3,-416195083507578.2,-415197565223761.1,-414191892018101.9,-413177940822552.1,-412155588838750.44,-411124713585396.06,-410085192946599.56,-409036905221221.4,-407979729173195.2,-406913544082844.3,-405838229799190.06,-404753666793256.2,-403659736212368.94,-402556319935457.25,-401443300629347.9,-400320561806061.8,-399187987881106.1,-398045464232765.06,-396892877262383.8,-395730114455645.94,-394557064444841.0,-393373617072117.9,-392179663453721.2,-390975096045204.75,-389759808707616.56,-388533696774650.7,-387296657120757.94,-386048588230208.0,-384789390267094.25,-383518965146273.94,-382237216605231.1,-380944050276855.5,-379639373763121.56,-378323096709658.44,-376995130881197.2,-375655390237881.3,-374303791012423.9,-372940251788098.9,-371564693577549.1,-370177039902388.8,-368777216873591.0,-367365153272631.06,-365940780633373.75,-364504033324676.5,-363054848633689.94,-361593166849830.8,-360118931349404.2,-358632088680846.4,-357132588650567.2,-355620384409357.2,-354095432539336.94,-352557693141415.3,-351007129923226.56,-349443710287514.0,-347867405420925.44,-346278190383190.3,-344676044196634.94,-343060949936008.06,-341432894818570.2,-339791870294414.0,-338137872136969.44,-336470900533654.9,-334790960176630.44,-333098060353608.1,-331392215038672.2,-329673442983064.4,-327941767805882.44,-326197218084644.44,-324439827445665.0,-322669634654190.8,-320886683704241.5,-319091023908100.3,-317282709985393.3,-315461802151700.9,-313628366206640.94,-311782473621357.5,-309924201625353.25,-308053633292598.6,-306170857626848.9,-304275969646098.7,-302369070466103.25,-300450267382888.1,-298519673954176.25,-296577410079647.3,-294623602079951.06,-292658382774389.8,-290681891557180.75,-288694274472211.06,-286695684286187.94,-284686280560089.25,-282666229718814.0,-280635705118923.34,-278594887114366.94,-276543963120077.06,-274483127673310.94,-272412582492615.12,-270332536534279.62,-268243206046141.9,-266144814618593.28,-264037593232630.28,-261921780304789.0,-259797621728781.2,-257665370913648.94,-255525288818234.9,-253377643981755.06,-251222712550241.5,-249060778298611.12,-246892132648090.62,-244717074678712.25,-242535911136567.94,-240348956435486.94,-238156532652770.75,-235958969518588.75,-233756604398605.97,-231549782269371.7,-229338855685961.16,-227124184741312.38,-224906137016652.7,-222685087522352.62,-220461418628487.3,-218235519984313.44,-216007788425807.53,-213778627870322.44,-211548449197340.5,-209317670114208.12,-207086715005632.5,-204856014765617.9,-202626006610396.28,-200397133870785.62,-198169845762270.66,-195944597130956.66,-193721848173391.56,-191502064128087.47,-189285714936396.44,-187073274870212.56,-184865222123775.2,-182662038366647.22,-180464208254729.3,-178272218895951.62,-176086559267059.28,-173907719577678.34,-171736190577618.78,-169572462803134.72,-167417025757641.38,-165270367022162.72,-163132971290578.47,-161005319324549.03,-158887886822830.44,-156781143199558.38,-154685550265984.62,-152601560810109.2,-150529617068661.97,-148470149085988.4,-146423572954565.3,-144390288932160.28,-142370679431053.4,-140365106875284.39,-138373911422599.03,-136397408548658.9,-134435886492183.31,-132489603561028.53,-130558785300810.52,-128643621529567.39,-126744263244169.62,-124860819406739.27,-122993353622276.58,-121141880722017.2,-119306363270798.9,-117486708020902.45,-115682762339465.9,-113894310641652.1,-112121070867258.05,-110362691044374.31,-108618745989967.67,-106888734203818.16,-105172075018967.39,-103468106078609.17,-101776081215984.8,-100095168820100.75,-98424450775685.53,-96762922070377.52,-95109491165259.28,-93462981225996.89,-91822132310396.03,-90185604603408.6,-88551982781684.31,-86919781575678.86,-85287452577014.9,-83653392311002.0,-82015951557603.86,-80373445857204.52,-78724167078696.06,-77066395855026.48,-75398414603736.62,-73718520745535.44,-72025039611099.5,-70316336383760.18,-68590826262659.47,-66846981846982.87,-65083336537444.055,-63298482527784.2,-61491061719463.766,-59659747641471.984,-57803216200852.05,-55920102837300.16,-54008943419330.77,-52068096016141.84,-50095640529399.37,-48089253099884.92,-46046052250949.125,-43962413941638.94,-41833753142518.98,-39654270308438.9,-37416662336619.04,-35111799456214.543,-32728372270932.3,-30252517250673.996,-27667434837447.746,-24953022550492.5,-22085556440781.75,-19037467589064.523,-15777273551570.6,-12269730299929.924,-8476251310086.275,-4355565767203.0146,135581714290.9819,5042134931790.877,10411253141643.117,16292132041660.87,22723795258994.98,29663086955902.688,36682642469122.336,41836250919669.27,37414220019699.55,87336022282.13672,0.0
7600.0,-479828661732518.1,-479111475297811.4,-478393624207126.56,-477675029765762.6,-476955612083908.9,-476235290076259.8,-475513981462003.0,-474791602765190.06,-474068069315496.56,-473343295249388.1,-472617193511696.06,-471889675857617.0,-471160652855146.9,-470430033887957.44,-469697727158728.8,-468963639692948.5,-468227677343183.4,-467489744793844.25,-466749745566447.25,-466007582025384.25,-465263155384217.75,-464516365712505.5,-463767111943173.6,-463015291880443.2,-462260802208325.1,-461503538499697.4,-460743395225971.5,-459980265767363.6,-459214042423782.06,-458444616426342.7,-457671877949523.6,-456895716123972.94,-456116019049981.4,-455332673811631.1,-454545566491634.7,-453754582186874.5,-452959605024658.25,-452160518179698.6,-451357203891833.9,-450549543484498.94,-449737417383959.6,-448920705139324.75,-448099285443345.56,-447273036154017.25,-446441834316992.9,-445605556188823.5,-444764077261035.75,-443917272285062.0,-443065015298028.5,-442207179649421.44,-441343638028637.94,-440474262493436.0,-439598924499293.0,-438717494929686.8,-437829844127310.06,-436935841926227.75,-436035357684992.6,-435128260320724.75,-434214418344169.75,-433293699895746.44,-432365972782591.3,-431431104516612.56,-430488962353564.3,-429539413333148.0,-428582324320153.2,-427617562046646.25,-426644993155214.4,-425664484243276.56,-424675901908467.3,-423679112795102.4,-422673983641734.8,-421660381329806.4,-420638172933404.56,-419607225770129.0,-418567407453075.44,-417518585943940.8,-416460629607259.0,-415393407265765.75,-414316788256903.94,-413230642490468.56,-412134840507396.1,-411029253539702.56,-409913753571570.44,-408788213401588.0,-407652506706141.2,-406506508103960.0,-405350093221817.9,-404183138761384.1,-403005522567229.1,-401817123695979.44,-400617822486619.56,-399407500631938.9,-398186041251118.8,-396953328963454.94,-395709249963210.1,-394453692095590.44,-393186544933838.56,-391907699857435.56,-390617050131402.94,-389314490986697.2,-387999919701680.8,-386673235684665.3,-385334340557510.25,-383983138240266.25,-382619535036844.75,-381243439721707.2,-379854763627547.0,-378453420733958.8,-377039327757065.5,-375612404240094.1,-374172572644872.75,-372719758444233.0,-371253890215290.75,-369774899733586.8,-368282722068058.56,-366777295676819.75,-365258562503720.8,-363726468075662.06,-362180961600629.5,-360621996066424.4,-359049528340055.25,-357463519267756.8,-355863933775606.5,-354250740970697.44,-352623914242838.56,-350983431366736.3,-349329274604625.2,-347661430809303.25,-345979891527531.5,-344284653103754.7,-342575716784099.56,-340853088820602.3,-339116780575621.3,-337366808626383.94,-335603194869618.4,-333825966626219.4,-332035156745895.8,-330230803711742.1,-328412951744682.5,-326581650907725.9,-324736957209977.5,-322878932710341.0,-321007645620854.3,-319123170409590.7,-317225587903062.8,-315314985388059.75,-313391456712851.4,-311455102387682.56,-309506029684492.06,-307544352735773.9,-305570192632507.5,-303583677521076.4,-301584942699091.0,-299574130710033.2,-297551391436633.25,-295516882192888.9,-293470767814631.7,-291413220748542.5,-289344421139517.94,-287264556916274.6,-285173823875088.94,-283072425761549.44,-280960574350204.28,-278838489521975.4,-276706399339201.7,-274564540118172.5,-272413156498997.6,-270252501512652.88,-268082836645030.94,-265904431897813.9,-263717565845968.25,-261522525691654.25,-259319607314320.0,-257109115316732.2,-254891363066679.47,-252666672734056.53,-250435375323014.8,-248197810698834.34,-245954327609144.78,-243705283699082.03,-241451045519935.34,-239191988530789.2,-236928497092624.47,-234660964454282.47,-232389792729646.22,-230115392865319.34,-227838184598021.9,-225558596400835.8,-223277065417354.16,-220994037382690.38,-218709966530202.56,-216425315482675.94,-214140555126583.47,-211856164467912.6,-209572630467900.78,-207290447856867.66,-205010118924158.78,-202732153282039.25,-200457067601175.2,-198185385315132.75,-195917636291101.4,-193654356463809.25,-191396087429344.6,-189143375995334.78,-186896773683650.1,-184656836181511.9,-182424122736581.06,-180199195491288.53,-177982618751355.53,-175774958183126.22,-173576779934014.3,-171388649670049.25,-169211131524198.7,-167044786948857.22,-164890173465623.78,-162747843305262.47,-160618341930552.72,-158502206434611.56,-156399963807210.78,-154312129061647.72,-152239203214865.0,-150181671113786.9,-148139999101252.97,-146114632515531.25,-144105993018190.4,-142114475746151.84,-140140446285050.33,-138184237462646.2,-136246145962993.88,-134326428764414.69,-132425299407093.03,-130542924099351.39,-128679417675405.39,-126834839421691.97,-125009188793735.3,-123202401050999.5,-121414342843290.33,-119644807789021.22,-117893512093045.44,-116160090259747.2,-114444090965629.33,-112744973164648.34,-111062102508908.3,-109394748176859.1,-107742080210626.72,-106103167473242.03,-104476976344951.17,-102862370285023.81,-101258110390957.8,-99662857090015.05,-98075173097798.05,-96493527774112.23,-94916302996527.44,-93341800655545.36,-91768251850608.23,-90193827831676.31,-88616652684899.42,-87034817700976.66,-85446397288970.28,-83849466204307.69,-82242117745137.92,-80622482433766.19,-78988746537365.81,-77339169592602.42,-75672099880624.47,-73985986551093.27,-72279386816319.27,-70550966329893.36,-68799490530397.22,-67023804373169.375,-65222797496586.98,-63395351480573.97,-61540265462799.945,-59656155993689.41,-57741326650212.62,-55793602612309.195,-53810125168256.57,-51787101011347.195,-49719501313355.8,-47600706070384.164,-45422090382377.42,-43172551582212.695,-40837980126819.45,-38400683773373.12,-35838784665117.24,-33125622594401.273,-30229211709588.562,-27111799716875.39,-23729531796944.293,-20032034272051.375,-15961195822791.576,-11447103790544.236,-6396228455564.467,-661673382441.424,6021292999436.233,14146451317490.7,24527553206815.727,37871408499517.2,51061496231990.99,32604130356235.24,0.0
7597.5,-490497157325380.6,-489775912350794.1,-489054486339122.3,-488332802603831.9,-487610783156683.75,-486888348704868.6,-486165418648503.5,-485441911078489.75,-484717742774750.4,-483992829204853.44,-483267084523035.44,-482540421569631.06,-481812751870928.56,-481083985639454.44,-480354031774703.94,-479622797864326.56,-478890190185779.7,-478156113708462.3,-477420472096342.9,-476683167711087.25,-475944101615709.1,-475203173578745.25,-474460282078976.75,-473715324310704.6,-472968196189592.75,-472218792359093.5,-471467006197468.0,-470712729825414.1,-469955854114317.2,-469196268695133.6,-468433861967927.0,-467668521112063.56,-466900132097085.94,-466128579694278.75,-465353747488935.25,-464575517893346.5,-463793772160522.06,-463008390398657.06,-462219251586363.4,-461426233588673.44,-460629213173838.8,-459828066030929.0,-459022666788254.1,-458212889032618.94,-457398605329425.25,-456579687243639.75,-455756005361636.94,-454927429313936.9,-454093827798846.56,-453255068607025.56,-452411018646986.1,-451561543971542.9,-450706509805228.4,-449845780572686.8,-448979219928060.44,-448106690785384.3,-447228055350000.6,-446343175151010.1,-445451911074770.94,-444554123399460.3,-443649671830713.44,-442738415538350.0,-441820213194205.0,-440894923011074.0,-439962402782787.5,-439022509925425.2,-438075101519684.5,-437120034354413.44,-436157164971321.4,-435186349710877.7,-434207444759410.8,-433220306197416.25,-432224790049089.1,-431220752333085.2,-430208049114525.0,-429186536558246.94,-428156070983324.25,-427116508918844.56,-426067707160973.6,-425009522831296.94,-423941813436458.56,-422864436929095.1,-421777251770077.44,-420680116992062.8,-419572892264361.6,-418455437959127.4,-417327615218870.94,-416189286025302.94,-415040313269507.4,-413880560823450.06,-412709893612821.2,-411528177691214.9,-410335280315645.06,-409131070023394.75,-407915416710204.3,-406688191709787.6,-405449267874680.0,-404198519658412.3,-402935823199004.75,-401661056403778.4,-400374099035475.2,-399074832799681.44,-397763141433545.44,-396438910795782.3,-395102028957951.1,-393752386297001.9,-392389875589070.4,-391014392104518.0,-389625833704194.75,-388224100936914.06,-386809097138124.7,-385380728529757.8,-383938904321237.1,-382483536811627.75,-381014541492906.2,-379531837154328.1,-378035345987873.06,-376524993694739.94,-375000709592869.4,-373462426725466.56,-371910081970497.5,-370343616151126.44,-368762974147070.0,-367168105006831.44,-365558962060785.4,-363935503035078.7,-362297690166309.25,-360645490316951.75,-358978875091487.0,-357297820953199.06,-355602309341597.3,-353892326790424.56,-352167865046203.6,-350428921187282.9,-348675497743329.6,-346907602815228.25,-345125250195332.3,-343328459488019.7,-341517256230502.25,-339691672013834.2,-337851744604065.3,-335997518063485.94,-334129042871903.06,-332246376047891.6,-330349581269958.2,-328438728997559.9,-326513896591910.1,-324575168436511.8,-322622636057347.2,-320656398242659.94,-318676561162259.5,-316683238486273.8,-314676551503281.4,-312656629237744.44,-310623608566666.6,-308577634335400.0,-306518859472511.75,-304447445103633.6,-302363560664205.06,-300267384011017.7,-298159101532470.8,-296038908257439.4,-293907007962653.1,-291763613278483.8,-289608945793023.3,-287443236154345.75,-285266724170820.75,-283079658909355.4,-280882298791421.6,-278674911686725.2,-276457775004354.44,-274231175781244.62,-271995410767769.5,-269750786510266.97,-267497619430282.28,-265236235900296.28,-262966972315684.75,-260690175162627.25,-258406201081665.44,-256115416926568.75,-253818199818141.97,-251514937192564.78,-249206026843812.38,-246891876959657.6,-244572906150706.25,-242249543471847.16,-239922228435446.8,-237591411015530.84,-235257551642122.22,-232921121184812.3,-230582600924537.62,-228242482512432.94,-225901267914497.62,-223559469340691.16,-221217609156914.88,-218876219778184.28,-216535843541116.03,-214197032553662.1,-211860348519817.28,-209526362536796.5,-207195654861936.06,-204868814646308.44,-202546439631755.25,-200229135807741.34,-197917517024106.47,-195612204555447.72,-193313826612502.72,-191023017795515.8,-188740418484174.25,-186466674158278.88,-184202434642887.25,-181948353271223.56,-179705085958206.4,-177473290176997.44,-175253623830533.56,-173046744009583.3,-170853305628460.72,-168673959929170.97,-166509352844441.1,-164360123209840.62,-162226900815026.72,-160110304284089.06,-158010938775032.8,-155929393488660.62,-153866238977525.72,-151822024246257.4,-149797273635452.16,-147792483482517.72,-145808118554398.88,-143844608249052.47,-141902342564934.2,-139981667840655.42,-138082882270438.42,-136206231205088.28,-134351902252983.55,-132520020201113.77,-130710641782518.58,-128923750323665.42,-127159250313366.62,-125416961943822.38,-123696615684274.8,-121997846958563.67,-120320191009527.34,-118663078045603.97,-117025828778017.25,-115407650470374.03,-113807633636083.75,-112224749532360.22,-110657848612231.42,-109105660107356.58,-107566792923821.55,-106039738039560.25,-104522872594576.08,-103014465862456.52,-101512687282323.06,-100015616712641.83,-98521257040317.53,-97027549238029.36,-95532389907468.05,-94033651273369.4,-92529203500253.47,-91016939087652.4,-89494798957399.03,-87960799675347.17,-86413061046963.11,-84849833089125.1,-83269521107181.81,-81670707295398.19,-80052166929536.97,-78412876832309.48,-76752013366122.08,-75068936743582.8,-73363157945165.67,-71634283995425.31,-69881936774097.92,-68105639927340.72,-66304667803843.42,-64477849693345.53,-62623322052395.82,-60738221006550.5,-58818307521128.61,-56857518825866.9,-54847443050101.53,-52776721443956.31,-50630396981021.51,-48389253633463.664,-46029231252946.44,-43521056076305.73,-40830276046961.86,-37917852463771.76,-34741088777200.04,-31253310128981.223,-27396697574938.555,-23072297580821.535,-18047265782461.406,-11713570681856.832,-2564406570301.8916,12600296074143.592,38459812663778.51,67489557320516.19,0.0
7595.0,-501258898181495.7,-500530509901277.7,-499802441544992.56,-499074619277888.56,-498346967862112.7,-497619410651179.06,-496891869584770.0,-496164265183879.06,-495436516546307.25,-494708541342527.4,-493980255811921.4,-493251574759409.8,-492522411552482.75,-491792678118641.25,-491062284943267.44,-490331141067932.0,-489599154089151.44,-488866230157612.94,-488132273977873.2,-487397188808550.1,-486660876463018.8,-485923237310622.56,-485184170278421.3,-484443572853480.6,-483701341085722.6,-482957369591353.3,-482211551556876.3,-481463778743711.5,-480713941493432.5,-479961928733637.94,-479207627984470.0,-478450925365799.1,-477691705605087.6,-476929852045948.94,-476165246657415.75,-475397770043938.1,-474627301456122.6,-473853718802230.6,-473076898660451.8,-472296716291970.4,-471513045654836.75,-470725759418666.5,-469934728980179.06,-469139824479594.2,-468340914817903.25,-467537867675032.7,-466730549528914.94,-465918825675485.4,-465102560249620.25,-464281616247036.75,-463455855547165.94,-462625138937022.6,-461789326136083.6,-460948275822193.9,-460101845658517.9,-459249892321552.56,-458392271530219.06,-457528838076049.0,-456659445854484.6,-455783947897307.6,-454902196406213.6,-454014042787548.75,-453119337688226.75,-452217931032839.56,-451309672061981.4,-450394409371797.44,-449471990954779.5,-448542264241818.0,-447605076145529.9,-446660273104875.5,-445707701131080.94,-444747205854879.56,-443778632575087.44,-442801826308527.56,-441816631841315.3,-440822893781518.94,-439820456613212.44,-438809164751924.0,-437788862601504.9,-436759394612419.3,-435720605341476.6,-434672339513007.44,-433614442081504.2,-432546758295728.94,-431469133764301.06,-430381414522774.25,-429283447102212.25,-428175078599266.44,-427056156747771.2,-425926529991855.9,-424786047560584.4,-423634559544126.1,-422471916971464.94,-421297971889646.6,-420112577444573.2,-418915587963343.3,-417706859038142.0,-416486247611680.2,-415253612064186.44,-414008812301947.75,-412751709847398.94,-411482167930759.56,-410200051583214.9,-408905227731635.5,-407597565294830.2,-406276935281331.75,-404943210888698.4,-403596267604334.3,-402235983307811.6,-400862238374688.4,-399474915781808.3,-398073901214074.7,-396659083172678.5,-395230353084773.25,-393787605414575.56,-392330737775877.5,-390859651045950.6,-389374249480826.25,-387874440831927.0,-386360136464030.06,-384831251474541.4,-383287704814051.4,-381729419408153.1,-380156322280490.4,-378568344677012.4,-376965422191402.2,-375347494891651.44,-373714507447745.8,-372066409260432.56,-370403154591030.7,-368724702692252.0,-367031017939993.0,-365322069966062.0,-363597833791797.1,-361858289962540.4,-360103424682917.0,-358333229952888.06,-356547703704517.2,-354746849939416.75,-352930678866820.8,-351099207042235.7,-349252457506619.06,-347390459926037.56,-345513250731747.5,-343620873260648.2,-341713377896049.1,-339790822208698.6,-337853271098014.9,-335900796933459.8,-333933479695999.56,-331951407119586.44,-329954674832603.8,-327943386499209.75,-325917653960513.94,-323877597375523.1,-321823345361789.75,-319755035135691.56,-317672812652276.75,-315576832744599.9,-313467259262476.3,-311344265210583.44,-309208032885825.4,-307058754013887.56,-304896629884896.25,-302721871488096.94,-300534699645466.56,-298335345144163.7,-296124048867720.3,-293901061925874.3,-291666645782934.0,-289421072384556.2,-287164624282819.4,-284897594759456.6,-282620287947104.8,-280333018948415.16,-278036113952856.47,-275729910351024.44,-273414756846250.8,-271091013563290.34,-268759052153834.1,-266419255898569.7,-264072019805483.38,-261717750704055.62,-259356867334966.5,-256989800434880.5,-254616992815824.28,-252238899438620.12,-249855987479763.12,-247468736391062.75,-245077637951283.62,-242683196308926.84,-240285928015190.97,-237886362046034.75,-235485039812134.94,-233082515155391.22,-230679354330468.66,-228276135969696.7,-225873451029446.5,-223471902715901.22,-221072106387894.12,-218674689434240.47,-216280291122705.75,-213889562417451.53,-211503165761470.06,-209121774820162.94,-206746074181833.56,-204376759010451.4,-202014534645601.53,-199660116144066.7,-197314227756983.16,-194977602335990.72,-192650980661239.44,-190335110683543.44,-188030746672376.8,-185738648260791.88,-183459579377730.2,-181194307057569.22,-178943600116142.6,-176708227681880.34,-174488957570162.56,-172286554488472.0,-170101778059508.2,-167935380649079.62,-165788104985383.38,-163660681556216.6,-161553825770792.94,-159468234873194.78,-157404584595125.22,-155363525536582.88,-153345679264425.3,-151351634120578.7,-149381940733951.03,-147437107233002.72,-145517594159485.7,-143623809088171.78,-141756100962539.34,-139914754162456.45,-138099982326984.84,-136311921963607.34,-134550625884539.19,-132816056521379.22,-131108079181248.95,-129426455320778.88,-127770835928833.11,-126140755124669.61,-124535624095229.45,-122954725513269.38,-121397208596870.22,-119862084990143.7,-118348225664278.02,-116854359056842.66,-115379070684788.98,-113920804481937.03,-112477866123834.58,-111048428610394.03,-109630540378096.1,-108222136206990.45,-106821051171128.75,-105425037852097.73,-104031786991360.34,-102638951695322.19,-101244175224392.58,-99845122290645.72,-98439513654839.11,-97025163649411.72,-95600020056806.31,-94162205539514.55,-92710059547602.28,-91242179319615.34,-89757458242633.4,-88255119445929.47,-86734742068893.22,-85196277164890.42,-83640049673148.67,-82066742301009.2,-80477356494391.64,-78873144917143.33,-77255508996689.42,-75625854136998.72,-73985394239491.05,-72334896477210.7,-70674357488406.1,-69002604699667.234,-67316824178754.65,-65612034588787.56,-63880564988124.414,-62111668233843.49,-60291535254250.39,-58404196430736.71,-56434114689515.01,-54371600348529.66,-52222062531939.67,-50018004495281.95,-47823873731544.555,-45695467664237.6,-43476725983218.055,-40139128100472.02,-32161166908743.36,-10945400424123.445,42601364567349.83,0.0
7592.5,-512125496392901.4,-511386578548482.3,-510648494516289.0,-509911174197357.0,-509174545995236.25,-508438536807617.0,-507703072018256.94,-506968075489219.9,-506233469553438.6,-505499175007613.75,-504765111105459.1,-504031195551309.6,-503297344494100.25,-502563472521733.7,-501829492655843.8,-501095316346974.1,-500360853470181.1,-499626012321078.2,-498890699612332.7,-498154820470630.94,-497418278434126.5,-496680975450383.9,-495942811874837.94,-495203686469775.2,-494463496403861.4,-493722137252226.06,-492979502997120.3,-492235486029164.9,-491489977149202.4,-490742865570774.1,-489994038923234.94,-489243383255520.94,-488490783040593.8,-487736121180571.8,-486979279012568.25,-486220136315256.6,-485458571316173.8,-484694460699787.56,-483927679616339.56,-483158101691486.44,-482385599036754.9,-481610042260828.5,-480831300481691.94,-480049241339639.1,-479263731011177.1,-478474634223835.6,-477681814271906.2,-476885133033130.06,-476084450986350.0,-475279627230152.9,-474470519502514.9,-473656984201476.75,-472838876406860.6,-472016049903056.75,-471188357202893.8,-470355649572614.06,-469517777057977.94,-468674588511509.56,-467825931620913.0,-466971652938669.44,-466111597912844.7,-465245610919118.75,-464373535294064.6,-463495213369689.3,-462610486509262.44,-461719195144449.4,-460821178813769.25,-459916276202396.75,-459004325183327.7,-458085162859927.06,-457158625609880.4,-456224549130562.4,-455282768485849.3,-454333118154384.75,-453375432079324.75,-452409543719573.44,-451435286102534.25,-450452491878383.9,-449460993375899.7,-448460622659842.4,-447451211589922.7,-446432591881358.2,-445404595167045.44,-444367053061353.44,-443319797225558.3,-442262659434933.06,-441195471647504.75,-440118066074491.1,-439030275252434.6,-437931932117037.75,-436822870078719.2,-435702923099895.94,-434571925774005.94,-433429713406275.2,-432276122096246.2,-431110988822067.1,-429934151526557.1,-428745449205047.3,-427544721995009.1,-426331811267472.8,-425106559720238.9,-423868811472887.25,-422618412163589.5,-421355209047718.94,-420079051098265.4,-418789789108053.3,-417487275793756.8,-416171365901717.94,-414841916315557.75,-413498786165577.7,-412141836939948.8,-410770932597677.4,-409385939683343.6,-407986727443602.25,-406573167945434.9,-405145136196144.75,-403702510265080.1,-402245171407072.5,-400773004187577.75,-399285896609497.2,-397783740241672.44,-396266430349022.75,-394733866024315.94,-393185950321543.8,-391622590390885.94,-390043697615232.0,-388449187748242.56,-386838981053919.5,-385213002447657.94,-383571181638752.3,-381913453274325.8,-380239757084649.3,-378550038029820.7,-376844246447766.44,-375122338203532.8,-373384274839827.56,-371630023728776.9,-369859558224854.8,-368072857818947.3,-366269908293508.44,-364450701878766.25,-362615237409931.9,-360763520485372.44,-358895563625695.75,-357011386433703.25,-355111015755162.0,-353194485840348.9,-351261838506312.4,-349313123299808.75,-347348397660854.2,-345367727086846.4,-343371185297199.7,-341358854398442.75,-339330825049723.06,-337287196628666.3,-335228077397535.75,-333153584669633.3,-331063844975891.25,-328958994231598.1,-326839177903197.06,-324704551175108.94,-322555279116515.5,-320391536848047.75,-318213509708321.9,-316021393420260.7,-313815394257143.5,-311595729208318.4,-309362626144517.1,-307116323982705.3,-304857072850398.25,-302585134249372.44,-300300781218697.06,-298004298497003.25,-295695982683905.4,-293376142400481.06,-291045098448706.6,-288703183969736.44,-286350744600898.5,-283988138631270.75,-281615737155680.0,-279233924226946.2,-276843097006174.25,-274443665910867.8,-272036054760604.62,-269620700919983.0,-267198055438500.16,-264768583186982.9,-262332762990129.78,-259891087754663.34,-257444064592523.97,-254992214938445.5,-252536074661174.22,-250076194167475.88,-247613138497967.0,-245147487413672.0,-242679835472057.72,-240210792091134.4,-237740981600024.6,-235271043274196.34,-232801631353328.56,-230333415039518.4,-227867078473267.2,-225403320684362.88,-222942855514441.97,-220486411507640.7,-218034731765332.16,-215588573760508.22,-213148709106874.72,-210715923277213.06,-208291015264990.5,-205874797182604.53,-203468093788993.0,-201071741938659.06,-198686589943433.28,-196313496837526.25,-193953331535636.6,-191606971873042.88,-189275303515770.2,-186959218728055.12,-184659614983477.62,-182377393405271.84,-180113457020519.7,-177868708812149.94,-175644049551984.0,-173440375397471.44,-171258575234314.4,-169099527746905.6,-166964098198458.6,-164853134902945.1,-162767465371515.53,-160707892117065.2,-158675188102056.7,-156670091816739.28,-154693301977584.03,-152745471839195.7,-150827203117274.56,-148939039525487.53,-147081459935516.5,-145254871177170.16,-143459600504440.97,-141695887763854.6,-139963877313530.06,-138263609755150.53,-136595013556620.28,-134957896660618.89,-133351938193585.55,-131776680410845.42,-130231521036545.77,-128715706181636.33,-127228324049042.16,-125768299662063.92,-124334390879381.52,-122925185987150.47,-121539103184700.83,-120174392304192.92,-118829139124934.42,-117501272658348.8,-116188575787953.25,-114888699648041.12,-113599182112666.36,-112317470740367.81,-111040950477004.27,-109766976356148.67,-108492911350738.12,-107216169418257.02,-105934263642116.53,-104644859202049.06,-103345830704918.19,-102035323173819.7,-100711815727968.72,-99374186689375.88,-98021778525173.89,-96654460675385.44,-95272687919472.75,-93877551488033.52,-92470819603180.28,-91054963490627.06,-89633164088768.14,-88209293616953.83,-86787864814688.8,-85373939100783.47,-83972983526937.44,-82590666378519.19,-81232585416362.6,-79903937210711.94,-78609173443504.34,-77351775209230.19,-76134455478507.34,-74960454732688.08,-73837258061365.66,-72785214902786.95,-71855314541936.53,-71162355230414.38,-70939152789654.78,-71602714422284.67,-73754559445187.6,-77803781066357.39,-82373910087805.92,-81011481797770.97,-63142112151781.45,0.0
7590.0,-523111072295999.06,-522357948414145.75,-521606180140931.94,-520855702030060.9,-520106447052273.6,-519358346583983.8,-518611330396177.2,-517865326643584.1,-517120261854136.9,-516376060918725.06,-515632647081264.3,-514889941929083.4,-514147865383653.6,-513406335691664.8,-512665269416465.94,-511924581429882.6,-511184184904428.4,-510443991305918.9,-509703910386510.94,-508963850178173.8,-508223716986613.2,-507483415385660.6,-506742848212148.25,-506001916561275.94,-505260519782499.8,-504518555475945.06,-503775919489371.9,-503032505915703.6,-502288207091137.4,-501542913593854.25,-500796514243348.44,-500048896100389.6,-499299944467641.6,-498549542890953.06,-497797573161337.9,-497043915317668.25,-496288447650097.7,-495531046704229.94,-494771587286063.2,-494009942467717.75,-493245983593976.1,-492479580289654.0,-491710600467819.2,-490938910338885.1,-490164374420595.0,-489386855548921.75,-488606214889903.06,-487822311952433.56,-487035004602037.1,-486244149075640.06,-485449599997368.44,-484651210395390.94,-483848831719831.44,-483042313861771.44,-482231505173369.4,-481416252489112.5,-480596401148235.6,-479771795018315.44,-478942276520079.4,-478107686653438.44,-477267865024776.06,-476422649875513.9,-475571878111977.2,-474715385336584.1,-473853005880383.2,-472984572836960.1,-472109918097740.6,-471228872388709.25,-470341265308572.9,-469446925368383.1,-468545680032652.56,-467637355761978.06,-466721778057199.9,-465798771505117.3,-464868159825783.1,-463929765921402.06,-462983411926852.94,-462028919261855.7,-461066108684811.7,-460094800348329.8,-459114813856466.3,-458125968323697.25,-457128082435644.0,-456120974511573.4,-455104462568690.2,-454078364388245.25,-453042497583474.25,-451996679669389.06,-450940728134438.44,-449874460514055.6,-448797694466111.75,-447710247848289.3,-446611938797394.5,-445502585810620.56,-444382007828781.75,-443250024321526.4,-442106455374547.4,-440951121778801.06,-439783845121745.7,-438604447880612.8,-437412753517720.06,-436208586577835.75,-434991772787606.1,-433762139157049.75,-432519514083127.8,-431263727455397.7,-429994610763752.1,-428711997208251.7,-427415721811049.6,-426105621530414.75,-424781535376852.4,-423443304531321.56,-422090772465548.8,-420723785064439.3,-419342190750573.94,-417945840610797.0,-416534588524881.0,-415108291296266.9,-413666808784869.56,-412210004041935.75,-410737743446951.0,-409249896846575.7,-407746337695601.6,-406226943199913.5,-404691594461437.6,-403140176625062.1,-401572579027509.3,-399988695348140.75,-398388423761671.3,-396771667092773.56,-395138332972545.3,-393488333996813.4,-391821587886253.9,-390138017648291.75,-388437551740756.9,-386720124237264.6,-384985674994287.6,-383234149819887.75,-381465500644071.56,-379679685690738.2,-377876669651178.6,-376056423859092.3,-374218926467082.44,-372364162624587.6,-370492124657216.4,-368602812247435.75,-366696232616578.8,-364772400708126.4,-362831339372221.3,-360873079551370.2,-358897660467294.1,-356905129808878.44,-354895543921186.3,-352868967995483.06,-350825476260236.44,-348765152173047.2,-346688088613463.8,-344594388076645.25,-342484162867826.75,-340357535297549.2,-338214637877613.0,-336055613517716.94,-333880615722745.6,-331689808790668.06,-329483368011012.7,-327261479863885.56,-325024342219498.1,-322772164538171.6,-320505168070790.75,-318223586059673.7,-315927663939828.44,-313617659540568.7,-311293843287457.9,-308956498404548.6,-306605921116888.1,-304242420853252.7,-301866320449069.7,-299477956349486.44,-297077678812531.9,-294665852112310.56,-292242854742159.2,-289809079617679.5,-287364934279545.5,-284910841095962.56,-282447237464633.56,-279974576014051.25,-277493324803912.47,-275003967524395.62,-272507003694007.12,-270002948855636.84,-267492334770405.84,-264975709608805.16,-262453638138547.8,-259926701908447.3,-257395499427529.0,-254860646338444.97,-252322775584119.0,-249782537566378.9,-247240600295142.12,-244697649526510.8,-242154388887887.12,-239611539987953.5,-237069842509061.25,-234530054279233.25,-231992951320615.6,-229459327870799.12,-226929996372975.8,-224405787430391.03,-221887549720003.8,-219376149859661.62,-216872472222440.56,-214377418691084.38,-211891908344709.2,-209416877069103.53,-206953277081065.78,-204502076356269.9,-202064257949141.7,-199640819192168.66,-197232770760955.44,-194841135590183.3,-192466947624453.12,-190111250386783.3,-187775095346335.47,-185459540065746.6,-183165646107308.8,-180894476676158.94,-178647093977683.47,-176424556265531.44,-174227914556021.5,-172058208984380.94,-169916464778244.94,-167803687824228.3,-165720859804277.66,-163668932879990.2,-161648823905281.75,-159661408150807.03,-157707512527525.6,-155787908301909.25,-153903303301663.1,-152054333618641.3,-150241554825067.9,-148465432730383.3,-146726333719223.7,-145024514726360.34,-143360112922046.25,-141733135201275.53,-140143447593057.73,-138590764731008.7,-137074639554363.02,-135594453438840.34,-134149406989474.56,-132738511762252.86,-131360583217759.17,-130014235247378.47,-128697876650175.88,-127409709975294.0,-126147733179334.05,-124909744579161.72,-123693351606094.17,-122495983885400.48,-121314911173167.64,-120147266678340.69,-118990076278540.7,-117840294101534.0,-116694844887634.5,-115550673469991.95,-114404801608537.6,-113254392289266.97,-112096821454843.66,-110929756968014.75,-109751244430222.16,-108559799288881.72,-107354504471800.1,-106135112585352.28,-104902151493381.28,-103657031826084.86,-102402154589969.25,-101141016450029.83,-99878309256505.16,-98620008739718.25,-97373444697381.83,-96147341211109.52,-94951810588700.11,-93798280094472.72,-92699330140125.64,-91668436779306.58,-90719663798516.75,-89867491633804.95,-89127307460812.97,-88517822842448.08,-88068230319727.25,-87835962659851.61,-87946540577760.73,-88675983401324.22,-90604885120565.67,-94852575891368.83,-103213235081872.97,-117217346135325.42,-133763638195692.47,-147979571340157.2,0.0
7587.5,-534232338787910.8,-533461058468819.5,-532691657837003.1,-531924077039660.75,-531158254566425.9,-530394127234895.25,-529631630176377.2,-528870696821863.75,-528111258888243.4,-527353246364768.2,-526596587499782.0,-525841208787729.4,-525087034956456.06,-524333988954812.75,-523581991940580.1,-522830963268725.6,-522080820480008.8,-521331479289949.4,-520582853578174.2,-519834855378157.1,-519087394867367.4,-518340380357844.25,-517593718287214.0,-516847313210164.7,-516101067790396.44,-515354882793065.06,-514608657077736.5,-513862287591869.7,-513115669364845.56,-512368695502562.75,-511621257182617.56,-510873243650085.7,-510124542213930.8,-509375038244053.8,-508624615169004.3,-507873154474377.75,-507120535701918.7,-506366636449344.6,-505611332370922.7,-504854497178810.8,-504096002645191.6,-503335718605219.9,-502573512960803.6,-501809251685247.25,-501042798828771.5,-500274016524944.25,-499502764998035.25,-498728902571327.8,-497952285676404.4,-497172768863436.7,-496390204812499.5,-495604444345939.1,-494815336441815.9,-494022728248448.8,-493226465100091.44,-492426390533757.44,-491622346307228.3,-490814172418266.44,-490001707125062.0,-489184786967937.06,-488363246792337.6,-487536919773137.75,-486705637440284.0,-485869229705807.3,-485027524892229.6,-484180349762391.4,-483327529550730.25,-482468887996035.4,-481604247375707.25,-480733428541548.7,-479856250957117.94,-478972532736665.25,-478082090685689.2,-477184740343132.25,-476280296025248.56,-475368570871167.0,-474449376890182.56,-473522525010796.0,-472587825131537.2,-471645086173588.56,-470694116135248.75,-469734722148248.25,-468766710535956.4,-467789886873497.06,-466804056049801.9,-465809022331627.25,-464804589429558.94,-463790560566028.3,-462766738545367.56,-461732925825922.7,-460688924594254.6,-459634536841445.1,-458569564441532.8,-457493809232103.0,-456407073097047.9,-455309158051524.1,-454199866329122.4,-453079000471272.44,-451946363418900.25,-450801758606357.1,-449644990057636.0,-448475862484895.5,-447294181389302.1,-446099753164212.1,-444892385200699.6,-443671885995454.9,-442438065261050.1,-441190734038602.2,-439929704812826.56,-438654791629501.8,-437365810215350.9,-436062578100342.56,-434744914742425.6,-433412641654696.6,-432065582535005.44,-430703563398003.94,-429326412709636.06,-427933961524072.4,-426526043623086.9,-425102495657874.0,-423663157293302.4,-422207871354601.56,-420736483976473.75,-419248844754624.1,-417744806899702.5,-416224227393643.44,-414686967148394.1,-413132891167019.6,-411561868707167.4,-409973773446877.6,-408368483652722.8,-406745882350257.25,-405105857496756.06,-403448302156226.44,-401773114676661.5,-400080198869521.6,-398369464191413.9,-396640825927942.8,-394894205379706.6,-393129530050412.3,-391346733837076.5,-389545757222284.7,-387726547468476.56,-385889058814225.0,-384033252672474.25,-382159097830710.6,-380266570653019.75,-378355655284008.5,-376426343854547.2,-374478636689303.25,-372512542516027.0,-370528078676558.3,-368525271339516.56,-366504155714642.94,-364464776268757.5,-362407186943304.7,-360331451373449.4,-358237643108697.4,-356125845835012.94,-353996153598402.4,-351848671029942.94,-349683513572234.2,-347500807707249.8,-345300691185577.25,-343083313257025.1,-340848834902596.06,-338597429067809.2,-336329280897376.2,-334044587971225.75,-331743560541886.2,-329426421773228.75,-327093407980590.9,-324744768872289.25,-322380767792548.44,-320001681965866.2,-317607802742843.2,-315199435847508.56,-312776901626168.6,-310340535297818.56,-307890687206141.1,-305427723073130.4,-302952024254362.75,-300463987995939.1,-297964027693109.2,-295452573150582.0,-292930070844505.0,-290396984186081.9,-287853793786768.2,-285300997724955.2,-282739111814019.56,-280168669871560.53,-277590223989604.0,-275004344805476.84,-272411621772987.28,-269812663433450.66,-267208097685997.6,-264598572056479.4,-261984753964140.97,-259367330985072.47,-256747011111260.47,-254124523003845.97,-251500616238952.97,-248876061544174.22,-246251651023485.47,-243628198368009.62,-241006539049649.3,-238387530494166.9,-235772052229786.34,-233161006006845.56,-230555315883403.22,-227955928271034.6,-225363811934291.4,-222779957936484.94,-220205379523547.3,-217641111936746.38,-215088212143963.2,-212547758478092.5,-210020850169889.16,-207508606761261.78,-205012167383609.5,-202532689884313.25,-200071349782940.03,-197629339037095.62,-195207864596205.88,-192808146719804.16,-190431417035210.78,-188078916307812.94,-185751891895537.56,-183451594857606.28,-181179276686299.8,-178936185629338.66,-176723562569639.1,-174542636428755.62,-172394619060338.12,-170280699600552.6,-168202038243752.2,-166159759413894.44,-164154944305435.88,-162188622771878.38,-160261764545991.22,-158375269783183.03,-156529958928791.7,-154726561921415.44,-152965706758068.6,-151247907463155.62,-149573551522243.72,-147942886863602.22,-146356008495650.78,-144812844936977.88,-143313144607535.1,-141856462385011.22,-140442146569147.66,-139069326538666.78,-137736901430188.12,-136443530215459.3,-135187623601671.5,-133967338228581.56,-132780573684362.84,-131624972908043.77,-130497926588259.42,-129396582203805.2,-128317858378899.52,-127258465242807.25,-126214931487273.69,-125183638804076.2,-124160864357520.84,-123142831902464.56,-122125772098464.48,-121105992497920.11,-120079957605971.19,-119044379330408.5,-117996318071116.55,-116933294651346.02,-115853413275060.3,-114755495702907.72,-113639226847756.52,-112505311927615.11,-111355645028028.95,-110193488136370.6,-109023657935854.6,-107852714123068.98,-106689136614370.8,-105543468242957.12,-104428382790083.83,-103358614502123.42,-102350656627368.7,-101422113364274.86,-100590603118589.25,-99872240156676.03,-99280151386437.22,-98824626885494.7,-98519243979089.92,-98403486293806.12,-98605528851705.61,-99493972793929.48,-101999551449010.88,-108127445456178.88,-120866240644156.89,-138212158383070.17,-123424904640537.64,0.0
7585.0,-545508655803953.8,-544715016420611.5,-543923776859114.94,-543134883814581.5,-542348282262843.9,-541563915442789.75,-540781724838872.94,-540001650163789.56,-539223629341344.1,-538447598489512.4,-537673491903714.4,-536901242040311.75,-536130779500343.25,-535362033013509.4,-534594929422425.3,-533829393667149.44,-533065348770010.44,-532302715820741.3,-531541413961939.6,-530781360374868.8,-530022470265615.3,-529264656851620.06,-528507831348602.2,-527751902957886.06,-526996778854158.56,-526242364173665.9,-525488562002874.1,-524735273367609.5,-523982397222697.0,-523229830442119.1,-522477467809712.9,-521725202010425.1,-520972923622146.7,-520220521108149.06,-519467880810139.8,-518714886941962.25,-517961421583962.4,-517207364678039.25,-516452594023410.75,-515696985273108.8,-514940411931235.3,-514182745350996.5,-513423854733544.75,-512663607127649.44,-511901867430223.8,-511138498387731.3,-510373360598498.5,-509606312515962.3,-508837210452872.6,-508065908586484.0,-507292258964757.4,-506516111513603.5,-505737314045195.0,-504955712267372.6,-504171149794178.06,-503383468157538.25,-502592506820134.25,-501798103189479.6,-501000092633241.6,-500198308495832.7,-499392582116304.25,-498582742847570.9,-497768618076998.5,-496950033248384.25,-496126811885362.2,-495298775616262.9,-494465744200462.3,-493627535556246.25,-492783965790229.75,-491934849228354.4,-491079998448503.6,-490219224314762.56,-489352336013358.44,-488479141090311.9,-487599445490831.9,-486713053600485.6,-485819768288181.8,-484919390950988.1,-484011721560829.3,-483096558713085.5,-482173699677133.9,-481242940448856.2,-480304075805152.75,-479356899360489.2,-478401203625509.0,-477436780067746.1,-476463419174465.1,-475480910517662.5,-474489042821259.1,-473487604030514.94,-472476381383694.25,-471455161486015.3,-470423730385908.0,-469381873653615.1,-468329376462159.5,-467266023670709.25,-466191599910368.0,-465105889672415.3,-464008677399023.94,-462899747576483.4,-461778884830949.0,-460645874026745.0,-459500500367244.6,-458342549498348.9,-457171807614586.94,-455988061567860.06,-454791098978846.25,-453580708351093.25,-452356679187805.3,-451118802111355.4,-449866868985529.1,-448600673040521.5,-447320009000698.1,-446024673215137.1,-444714463790961.06,-443389180729471.25,-442048626065095.3,-440692604007154.75,-439320921084462.9,-437933386292754.2,-436529811244957.3,-435110010324308.06,-433673800840308.44,-432221003187532.5,-430751441007278.6,-429264941352062.25,-427761334852952.75,-426240455889744.0,-424702142763953.6,-423146237874646.2,-421572587897066.75,-419981043964078.9,-418371461850391.8,-416743702159564.94,-415097630513774.7,-413433117746328.94,-411750040096909.7,-410048279409527.1,-408327723333163.75,-406588265525089.4,-404829805856823.56,-403052250622722.94,-401255512751168.75,-399439512018330.8,-397604175264480.8,-395749436612829.44,-393875237690860.1,-391981527854131.8,-390068264412524.7,-388135412858898.44,-386182947100138.56,-384210849690561.2,-382219112067651.8,-380207734790109.75,-378176727778175.2,-376126110556215.3,-374055912497545.75,-371966173071468.3,-369856942092508.44,-367728279971833.2,-365580257970842.2,-363412958456917.9,-361226475161333.06,-359020913439312.25,-356796390532251.2,-354553035832102.1,-352290991147940.7,-350010410974730.06,-347711462764312.44,-345394327198660.25,-343059198465423.25,-340706284535825.6,-338335807444963.4,-335948003574570.6,-333543123938324.44,-331121434469771.75,-328683216312968.94,-326228766115932.44,-323758396327008.6,-321272435494280.75,-318771228568134.44,-316255137207115.0,-313724540087208.9,-311179833214694.0,-308621430242698.2,-306049762791607.06,-303465280773461.6,-300868452720474.6,-298259766117786.2,-295639727740559.9,-293008863995500.2,-290367721266837.0,-287716866266789.06,-285056886390463.9,-282388390075093.9,-279712007163433.5,-277028389271049.28,-274338210157132.56,-271642166098331.16,-268940976264950.5,-266235383098695.25,-263526152690918.4,-260814075160107.62,-258099965027060.16,-255384661585888.06,-252669029268628.7,-249953958000826.16,-247240363544983.84,-244529187828258.72,-241821399250169.7,-239117992965431.84,-236419991136270.75,-233728443147743.16,-231044425778664.97,-228369043319714.88,-225703427629161.84,-223048738115412.62,-220406161634226.03,-217776912286959.4,-215162231104609.3,-212563385600684.25,-209981669174095.1,-207418400341272.6,-204874921774635.47,-202352599122334.7,-199852819581913.6,-197376990198166.38,-194926535853071.2,-192502896913262.53,-190107526498120.28,-187741887329255.8,-185407448120020.38,-183105679461733.94,-180838049161718.6,-178606016987031.62,-176411028767147.88,-174254509808886.94,-172137857577781.53,-170062433602018.5,-168029554558265.47,-166040482503348.44,-164096414222115.62,-162198469670188.9,-160347679500938.12,-158544971679224.06,-156791157200549.06,-155086914953527.75,-153432775786346.84,-151829105864390.44,-150276089436693.72,-148773711163533.8,-147321738196351.53,-145919702244313.47,-144566881909007.75,-143262285619694.3,-142004635555668.25,-140792352998873.2,-139623545617873.72,-138495997242330.98,-137407160743577.03,-136354154689812.94,-135333764491678.55,-134342448793096.52,-133376351891024.22,-132431322983912.53,-131502943050716.89,-130586560149719.8,-129677333900369.52,-128770289875376.08,-127860384591217.94,-126942581753679.55,-126011940405926.11,-125063715658126.14,-124093472768268.66,-123097215505211.53,-122071529947303.8,-121013745094860.44,-119922111748294.38,-118796000696752.61,-117636119742853.6,-116444745325117.83,-115225956565076.75,-113985844334963.14,-112732640580259.72,-111476666594880.05,-110229923840810.31,-109005036659389.1,-107813095923241.06,-106659757041476.7,-105538778935759.98,-104422257681976.5,-103247665851809.42,-101904876643055.25,-100235171430994.3,-98077269661275.5,-95448821504353.77,-93025660287730.97,-92742838878940.92,-93810358327185.28,-48933186160809.47,0.0
7582.5,-556962049904046.1,-556141624088830.75,-555324107475547.94,-554509454263481.9,-553697616885808.0,-552888545988714.7,-552082190410623.94,-551278497161524.0,-550477411402424.25,-549678876424946.7,-548882833631063.94,-548089222513001.06,-547297980633309.44,-546509043605127.94,-545722345072649.75,-544937816691802.0,-544155388111157.56,-543374986953093.9,-542596538795214.3,-541819967152043.94,-541045193457023.0,-540272137044809.2,-539500715133907.9,-538730842809648.2,-537962433007521.6,-537195396496902.1,-536429641865167.2,-535665075502238.6,-534901601585558.7,-534139122065531.3,-533377536651437.0,-532616742797851.5,-531856635691584.06,-531097108239160.25,-530338051054869.4,-529579352449399.75,-528820898419087.2,-528062572635793.9,-527304256437451.5,-526545828819281.7,-525787166425728.3,-525028143543120.9,-524268632093098.06,-523508501626814.75,-522747619319962.9,-521985849968628.5,-521223055986017.8,-520459097400075.4,-519693831852027.06,-518927114595872.1,-518158798498858.6,-517388734042968.1,-516616769327441.5,-515842750072375.06,-515066519623421.94,-514287918957622.8,-513506786690407.4,-512722959083787.75,-511936270055787.75,-511146551191132.0,-510353631753233.25,-509557338697508.6,-508757496686063.6,-507953928103770.8,-507146453075785.7,-506334889486529.3,-505519053000177.1,-504698757082685.1,-503873813025394.6,-503044029970246.9,-502209214936648.9,-501369172850021.94,-500523706572074.9,-499672616932835.6,-498815702764481.44,-497952760936999.9,-497083586395728.25,-496207972200795.75,-495325709568520.7,-494436587914788.5,-493540394900456.5,-492636916478819.6,-491725936945178.2,-490807238988541.56,-489880603745510.94,-488945810856374.7,-488002638523457.7,-487050863571760.44,-486090261511924.94,-485120606605569.06,-484141671933019.5,-483153229463487.75,-482155050127722.44,-481146903893171.6,-480128559841698.44,-479099786249876.7,-478060350671912.0,-477010020025213.8,-475948560678656.5,-474875738543569.7,-473791319167476.06,-472695067830627.1,-471586749645354.6,-470466129658278.6,-469332972955395.8,-468187044770084.56,-467028110594050.75,-465855936291246.9,-464670288214787.06,-463470933326890.2,-462257639321871.8,-461030174752214.7,-459788309157734.8,-458531813197873.3,-457260458787129.3,-455974019233658.0,-454672269381051.5,-453354985753320.9,-452021946703096.7,-450672932563061.7,-449307725800632.75,-447926111175903.25,-446527875902855.56,-445112809813857.8,-443680705527452.0,-442231358619437.1,-440764567797259.9,-439280135077711.94,-437777865967938.1,-436257569649757.25,-434719059167296.8,-433162151617936.4,-431586668346559.56,-429992435143109.25,-428379282443438.6,-426747045533451.25,-425095564756525.0,-423424685724199.75,-421734259530127.8,-420024142967268.25,-418294198748310.75,-416544295729315.6,-414774309136553.1,-412984120796521.9,-411173619369131.7,-409342700584029.9,-407491267480048.25,-405619230647757.25,-403726508475098.4,-401813027396081.4,-399878722142520.1,-397923535998789.0,-395947421059580.1,-393950338490640.5,-391932258792471.6,-389893162066978.4,-387833038287044.5,-385751887569028.9,-383649720448170.94,-381526558156894.0,-379382432906007.94,-377217388168807.5,-375031478968072.7,-372824772165980.4,-370597346756941.0,-368349294163385.94,-366080718534527.4,-363791737048134.5,-361482480215363.06,-359153092188698.0,-356803731073068.9,-354434569240212.6,-352045793646371.3,-349637606153420.2,-347210223853537.7,-344763879397543.5,-342298821327040.6,-339815314410517.6,-337313639983582.1,-334794096293506.7,-332256998848295.5,-329702680770485.7,-327131493155921.56,-324543805437750.9,-321940005755914.0,-319320501332400.25,-316685718852574.3,-314036104852868.1,-311372126115159.7,-308694270068149.8,-306003045196058.8,-303298981454953.44,-300582630697007.56,-297854567102977.0,-295115387623145.3,-292365712426953.25,-289606185361474.7,-286837474418837.06,-284060272212593.7,-281275296462957.84,-278483290490674.38,-275685023719152.47,-272881292184297.4,-270072919051258.56,-267260755137052.25,-264445679437710.34,-261628599658258.38,-258810452743405.84,-255992205406369.28,-253174854652695.84,-250359428295341.75,-247546985456547.06,-244738617051251.44,-241935446245892.25,-239138628885405.28,-236349353880114.7,-233568843542924.6,-230798353865815.34,-228039174723082.12,-225292629987033.97,-222560077539975.25,-219842909164234.4,-217142550289750.8,-214460459576310.0,-211798128304902.4,-209157079549892.28,-206538867100723.47,-203945074098766.6,-201377311351662.9,-198837215284145.34,-196326445480890.94,-193846681773488.66,-191399620820190.2,-188986972123796.47,-186610453429927.78,-184271785445131.16,-181972685811928.5,-179714862276158.34,-177500004980976.9,-175329777821880.88,-173205808798305.47,-171129679299999.53,-169102912270774.88,-167126959198657.94,-165203185890289.94,-163332856998963.78,-161517119290315.6,-159756983647772.28,-158053305841748.62,-156406766112616.56,-154817847647923.8,-153286814069436.44,-151813686085439.1,-150398217508341.5,-149039870886826.0,-147737793055143.94,-146490790959072.47,-145297308177538.88,-144155402619696.53,-143062725937640.47,-142016505252889.3,-141013527847809.12,-140050129518514.58,-139122187320496.14,-138225117459313.88,-137353879083580.83,-136502984724394.73,-135666518094234.27,-134838159911511.8,-134011222360590.1,-133178692742297.45,-132333286834272.69,-131467512488223.77,-130573744072675.36,-129644308556504.1,-128671584341459.4,-127648114376198.52,-126566735521149.05,-125420726310355.55,-124203974570508.92,-122911163607010.42,-121537968605729.0,-120081239512371.92,-118539116014013.02,-116910962776680.19,-115196909986981.31,-113396605960717.38,-111506490516355.8,-109514416313045.16,-107389697672688.19,-105065564982080.48,-102409514409936.05,-99175394742272.69,-94930497860276.39,-88956528561141.78,-80155155813137.47,-67116546977203.63,-48875805277703.86,-26939610139989.773,-2804706570099.8906,0.0
7580.0,-568617193698695.1,-567765362958124.0,-566916932677745.2,-566071865505919.0,-565230122294965.4,-564391662077071.4,-563556442040228.5,-562724417504212.8,-561895541896618.25,-561069766728954.5,-560247041572824.4,-559427314036186.25,-558610529739726.6,-557796632293340.0,-556985563272745.94,-556177262196244.9,-555371666501634.2,-554568711523296.6,-553768330469477.7,-552970454399766.4,-552175012202795.56,-551381930574180.75,-550591133994711.06,-549802544708812.0,-549016082703297.1,-548231665686427.4,-547449209067297.2,-546668625935564.5,-545889827041548.7,-545112720776712.25,-544337213154549.7,-543563207791903.8,-542790605890731.6,-542019306220341.75,-541249205100126.44,-540480196382810.1,-539712171438241.9,-538945019137750.2,-538178625839091.06,-537412875372009.6,-536647649024445.2,-535882825529402.6,-535118281052520.25,-534353889180358.5,-533589520909439.56,-532825044636065.9,-532060326146945.7,-531295228610656.75,-530529612569977.1,-529763335935113.7,-528996253977859.8,-528228219326715.6,-527459081962998.56,-526688689217982.25,-525916885771093.75,-525143513649204.0,-524368412227044.9,-523591418228789.6,-522812365730830.4,-522031086165788.06,-521247408327794.5,-520461158379078.94,-519672159857899.75,-518880233687856.9,-518085198188626.25,-517286869088150.56,-516485059536330.06,-515679580120250.25,-514870238880986.75,-514056841332029.06,-513239190479363.7,-512417086843254.94,-511590328481771.75,-510758711016094.0,-509922027657648.7,-509080069237110.3,-508232624235319.75,-507379478816148.75,-506520416861372.25,-505655220007575.56,-504783667685150.44,-503905537159420.9,-503020603573944.3,-502128639996028.1,-501229417464512.56,-500322705039860.6,-499408269856600.9,-498485877178166.7,-497555290454177.44,-496616271380208.2,-495668579960089.1,-494711974570782.06,-493746212029876.5,-492771047665751.06,-491786235390444.9,-490791527775278.44,-489786676129275.4,-488771430580419.44,-487745540159798.0,-486708752888667.8,-485660815868489.6,-484601475373972.3,-483530476949164.8,-482447565506644.44,-481352485429827.75,-480244980678461.44,-479124794897313.2,-477991671528118.56,-476845353924805.44,-475685585472042.06,-474512109707142.6,-473324670445362.7,-472123011908619.8,-470906878857672.0,-469676016727786.4,-468430171767927.3,-467169091183493.56,-465892523282635.4,-464600217626174.94,-463291925181158.44,-461967398478065.1,-460626391771693.1,-459268661205747.44,-457893964981148.5,-456502063528083.25,-455092719681811.2,-453665698862245.94,-452220769257326.9,-450757702010188.1,-449276271410145.9,-447776255087504.25,-446257434212193.94,-444719593696248.7,-443162522400123.8,-441586013342859.9,-439989863916095.44,-438373876101927.44,-436737856694616.94,-435081617526138.8,-433404975695571.44,-431707753802317.44,-429989780183152.9,-428250889153090.8,-426490921250054.5,-424709723483346.44,-422907149585900.75,-421083060270308.75,-419237323488600.8,-417369814695773.44,-415480417117044.3,-413569022018821.5,-411635528983373.56,-409679846187183.25,-407701890682973.2,-405701588685388.5,-403678875860328.9,-401633697617913.94,-399566009409077.4,-397475777025786.94,-395362976904880.1,-393227596435524.9,-391069634270304.7,-388889100639940.0,-386686017671661.8,-384460419711256.7,-382212353648814.6,-379941879248212.9,-377649069480382.3,-375334010860410.25,-372996803788545.2,-370637562895178.94,-368256417389897.56,-365853511414703.1,-363429004401525.6,-360983071434159.9,-358515903614781.1,-356027708435209.4,-353518710153116.25,-350989150173387.5,-348439287434877.5,-345869398802818.0,-343279779467164.06,-340670743347192.94,-338042623502692.3,-335395772552109.75,-332730563098051.4,-330047388160563.25,-327346661618638.7,-324628818660437.6,-321894316242720.25,-319143633560025.0,-316377272524141.75,-313595758254449.44,-310799639579697.1,-307989489551816.06,-305165905972349.6,-302329511932074.25,-299480956364362.4,-296620914612808.4,-293750089013574.94,-290869209492853.94,-287979034179740.1,-285080350034688.0,-282173973493579.2,-279260751127230.28,-276341560315950.72,-273417309938475.2,-270488941074271.75,-267557427717834.84,-264623777503106.38,-261689032435642.78,-258754269629505.7,-255820602045145.8,-252889179223709.88,-249961188012251.8,-247037853273246.84,-244120438570573.16,-241210246822738.88,-238308620912565.3,-235416944240784.28,-232536641209051.56,-229669177615705.88,-226816060945193.9,-223978840529440.8,-221159107556537.28,-218358494898956.53,-215578676730078.25,-212821367894101.38,-210088322990463.78,-207381335129666.56,-204702234312955.03,-202052885383645.75,-199435185493066.47,-196851061019136.28,-194302463870624.84,-191791367105192.2,-189319759784499.9,-186889640985175.16,-184503012880303.28,-182161872802651.72,-179868204198162.9,-177623966376658.72,-175431082966445.3,-173291428980887.84,-171206816408395.03,-169178978242961.5,-167209550880854.06,-165300054820593.78,-163451873618483.38,-161666231070943.1,-159944166618210.72,-158286508991822.38,-156693848160938.62,-155166505670075.38,-153704503503064.03,-152307531654758.2,-150974914642514.12,-149705577242839.03,-148498009793417.34,-147350233455133.66,-146259765880266.84,-145223587778751.56,-144238110910696.25,-143299148056115.47,-142401885517623.28,-141540858694095.7,-140709931218925.39,-139902278082482.44,-139110373054026.36,-138325980586614.02,-137540152238268.77,-136743227490752.38,-135924838721426.3,-135073920024643.78,-134178719640974.36,-133226815998501.92,-132205137858313.69,-131099989804390.64,-129897085233568.72,-128581589741146.61,-127138177511527.67,-125551100191270.19,-123804258148750.47,-121881241260610.78,-119765258193219.25,-117438778072946.22,-114882529525723.42,-112073177136442.11,-108978421661911.3,-105547280541565.84,-101691629776993.25,-97252293486862.55,-91938358703436.6,-85220949486124.33,-76151874269020.75,-63071280291441.76,-43237949518051.15,-13017945902242.902,26995579770227.312,34811670352569.156,0.0
7577.5,-580501339676760.1,-579613334429707.5,-578729194894156.6,-577848893086639.2,-576972399216527.6,-576099681658788.9,-575230706926695.2,-574365439644498.5,-573503842520084.0,-572645876317606.6,-571791499830132.1,-570940669852284.1,-570093341152915.8,-569249466447816.5,-568408996372466.9,-567571879454857.4,-566738062088378.4,-565907488504803.9,-565080100747380.8,-564255838644033.8,-563434639780710.2,-562616439474874.0,-561801170749170.4,-560988764305273.9,-560179148497940.5,-559372249309281.75,-558567990323277.75,-557766292700549.56,-556967075153410.56,-556170253921215.94,-555375742746032.7,-554583452848649.4,-553793292904950.0,-553005169022671.9,-552218984718571.5,-551434640896023.0,-550652035823070.75,-549871065110962.7,-549091621693190.3,-548313595805059.1,-547536874963816.6,-546761343949365.75,-545986884785591.25,-545213376722326.25,-544440696217989.5,-543668716922920.4,-542897309663445.25,-542126342426703.8,-541355680346265.06,-540585185688570.25,-539814717840229.1,-539044133296208.75,-538273285648944.0,-537502025578406.94,-536730200843170.7,-535957656272501.3,-535184233759516.75,-534409772255448.2,-533634107765043.1,-532857073343146.8,-532078499092502.8,-531298212162811.6,-530516036751086.8,-529731794103351.3,-528945302517714.75,-528156377348871.7,-527364831014068.4,-526570473000575.75,-525773109874716.8,-524972545292490.1,-524168580011837.06,-523361011906594.1,-522549635982181.8,-521734244393071.9,-520914626462083.2,-520090568701550.44,-519261854836419.6,-518428265829310.75,-517589579907604.2,-516745572592594.9,-515896016730766.06,-515040682527233.75,-514179337581409.9,-513311746924936.1,-512437673061941.44,-511556876011669.0,-510669113353532.75,-509774140274645.2,-508871709619877.9,-507961571944500.06,-507043475569451.0,-506117166639297.75,-505182389182930.2,-504238885177046.44,-503286394612480.0,-502324655563423.56,-501353404259597.5,-500372375161420.56,-499381301038228.75,-498379913049600.3,-497367940829832.7,-496345112575627.44,-495311155137030.9,-494265794111681.6,-493208753942414.75,-492139758018275.5,-491058528778984.8,-489964787822912.94,-488858256018601.7,-487738653619887.75,-486605700384671.5,-485459115697376.3,-484298618695142.5,-483123928397805.0,-481934763841687.94,-480730844217268.94,-479511889010745.0,-478277618149546.8,-477027752151833.56,-475762012280010.8,-474480120698305.56,-473181800634433.56,-471866776545390.5,-470534774287401.8,-469185521290063.25,-467818746734693.56,-466434181736936.44,-465031559533631.7,-463610615673981.1,-462171088215033.0,-460712717921505.7,-459235248469968.1,-457738426657398.56,-456222002614131.1,-454685730021210.9,-453129366332165.7,-451552672999205.6,-449955415703860.4,-448337364592058.5,-446698294513656.6,-445037985266421.2,-443356221844463.1,-441652794691127.3,-439927499956332.4,-438180139758364.25,-436410522450110.56,-434618462889738.4,-432803782715801.44,-430966310626775.4,-429105882665008.4,-427222342505079.2,-425315541746553.56,-423385340211128.3,-421431606244154.7,-419454217020528.8,-417453058854947.5,-415428027516512.8,-413379028547687.4,-411305977587594.3,-409208800699659.06,-407087434703598.6,-404941827511760.94,-402771938469827.0,-400577738701892.4,-398359211459943.1,-396116352477766.75,-393849170329321.5,-391557686791619.8,-389241937212175.4,-386901970881083.25,-384537851407810.06,-382149657102791.9,-379737481363942.25,-377301433068200.56,-374841636968264.25,-372358234094666.5,-369851382163391.06,-367321255989227.9,-364768047905114.8,-362191968187723.56,-359593245489587.1,-356972127278098.6,-354328880281738.44,-351663790943931.44,-348977165884971.3,-346269332372486.06,-343540638800966.3,-340791455180920.44,-338022173638261.5,-335233208924583.06,-332424998939022.4,-329598005262459.1,-326752713704839.4,-323889634866462.7,-321009304714106.56,-318112285172903.7,-315199164734913.56,-312270559085360.2,-309327111747516.1,-306369494747222.2,-303398409298018.4,-300414586507831.06,-297418788108117.6,-294411807206288.8,-291394469062130.8,-288367631888803.3,-285332187678814.0,-282289063055138.9,-279239220147375.5,-276183657492463.38,-273123410959093.94,-270059554694416.94,-266993202091055.6,-263925506771736.8,-260857663588007.9,-257790909628549.0,-254726525231471.25,-251665834993703.3,-248610208769091.06,-245561062645153.0,-242519859886519.97,-239488111830931.62,-236467378721223.78,-233459270454025.28,-230465447222842.06,-227487620029837.88,-224527551036898.66,-221587053722478.4,-218667992806252.5,-215772283898738.12,-212901892827795.4,-210058834588271.03,-207245171855040.0,-204463012993333.53,-201714509493571.03,-199001852750995.6,-196327270103302.56,-193693020032279.03,-191101386428314.34,-188554671809693.78,-186055189381988.97,-183605253816842.56,-181207170624254.88,-178863223988387.47,-176575662934235.3,-174346685691628.62,-172178422124290.28,-170072914095496.9,-168032093648700.88,-166057758891655.97,-164151547486573.56,-162314907666925.1,-160549066723983.56,-158854996933162.53,-157233378921621.0,-155684562514129.97,-154208525133222.53,-152804827871096.75,-151472569393072.06,-150210337873400.84,-149016161201020.47,-147887455721650.1,-146820973798857.7,-145812750474789.4,-144858049484712.6,-143951308821254.4,-143086085946752.75,-142255002608416.1,-141449689015415.06,-140660726887231.19,-139877590581942.67,-139088585174333.88,-138280780003620.56,-137439935896282.38,-136550424065358.11,-135595134702018.61,-134555373654318.89,-133410746509500.38,-132139031041971.1,-130716041472934.78,-129115491196796.97,-127308863906768.52,-125265304593267.55,-122951537645234.55,-120331801030643.95,-117367737562892.02,-114018077918491.7,-110237734998486.52,-105975519901237.05,-101168945740374.36,-95733283358927.05,-89539825302610.72,-82374655976483.22,-73863183817040.69,-63335416742799.41,-49589178213500.08,-30489455251541.797,-2472258952000.468,38415073180823.266,81529209008849.84,0.0
7575.0,-592644202889073.4,-591715149166955.2,-590790392049773.1,-589869913799813.5,-588953694881709.5,-588041713932160.0,-587133947729524.5,-586230371163299.4,-585330957203489.2,-584435676869877.8,-583544499201216.5,-582657391224331.2,-581774317923170.9,-580895242207796.9,-580020124883335.8,-579148924618901.0,-578281597916499.8,-577418099079938.4,-576558380183739.0,-575702391042081.5,-574850079177788.2,-574001389791364.5,-573156265730111.1,-572314647457325.6,-571476473021610.4,-570641678026301.8,-569810195599043.4,-568981956361516.5,-568156888399350.8,-567334917232234.2,-566515965784240.8,-565699954354397.8,-564886800587517.0,-564076419445307.5,-563268723177793.9,-562463621295066.5,-561661020539385.56,-560860824857658.9,-560062935374330.4,-559267250364692.8,-558473665228659.4,-557682072465017.9,-556892361646197.5,-556104419393574.6,-555318129353351.6,-554533372173030.9,-553750025478522.4,-552967963851916.0,-552187058809943.0,-551407178783169.56,-550628189095949.5,-549849951947176.06,-549072326391859.3,-548295168323577.25,-547518330457826.1,-546741662316314.9,-545965010212238.0,-545188217236568.3,-544411123245406.8,-543633564848434.0,-542855375398499.94,-542076384982396.9,-541296420412858.7,-540515305221828.56,-539732859655039.2,-538948900667953.3,-538163241923107.6,-537375693788907.4,-536586063339920.1,-535794154358715.1,-534999767339299.6,-534202699492195.56,-533402744751217.5,-532599693781990.44,-531793333992270.1,-530983449544106.56,-530169821367917.94,-529352227178514.1,-528530441493134.25,-527704235651546.7,-526873377838271.9,-526037633106979.1,-525196763407118.8,-524350527612841.25,-523498681554265.94,-522640978051153.8,-521777166949043.9,-520906995157914.3,-520030206693421.44,-519146542720784.06,-518255741601367.1,-517357538942027.75,-516451667647283.1,-515537857974361.9,-514615837591198.94,-513685331637435.8,-512746062788487.2,-511797751322735.2,-510840115191911.6,-509872870094733.06,-508895729553843.7,-507908404996136.2,-506910605836500.3,-505902039565072.3,-504882411838034.0,-503851426572033.1,-502808786042272.7,-501754190984342.7,-500687340699839.9,-499607933165842.8,-498515665148298.44,-497410232319374.5,-496291329378838.06,-495158650179514.7,-494011887856881.75,-492850734962853.0,-491674883603805.94,-490484025582903.5,-489277852546764.25,-488056056136525.44,-486818328143356.4,-485564360668460.9,-484293846287620.25,-483006478220320.4,-481701950503507.25,-480379958170011.3,-479040197431681.2,-477682365867268.75,-476306162615095.7,-474911288570546.3,-473497446588412.5,-472064341690124.94,-470611681275903.3,-469139175341848.7,-467646536702008.2,-466133481215433.0,-464599728018254.94,-463044999760799.5,-461469022849751.7,-459871527695395.9,-458252248963937.6,-456610925834925.0,-454947302263774.25,-453261127249410.4,-451552155107029.9,-449820145745986.7,-448064864952806.06,-446286084679326.25,-444483583335967.44,-442657146090125.75,-440806565169688.56,-438931640171667.5,-437032178375942.8,-435107995064111.94,-433158913843440.6,-431184766975906.0,-429185395712325.75,-427160650631571.5,-425110391984861.5,-423034490045126.6,-420932825461457.75,-418805289618629.56,-416651785001713.4,-414472225565788.25,-412266537110765.7,-410034657661354.5,-407776537852189.4,-405492141318170.6,-403181445090052.94,-400844439995349.56,-398481131064619.0,-396091537943220.9,-393675695308639.7,-391233653293497.7,-388765477914388.44,-386271251506697.56,-383751073165585.25,-381205059193344.4,-378633343553369.56,-376036078331004.4,-373413434201572.3,-370765600905928.1,-368092787733912.0,-365395224016126.6,-362673159624512.5,-359926865482232.3,-357156634083450.0,-354362780023620.6,-351545640540991.8,-348705576070061.75,-345842970807818.5,-342958233293640.75,-340051797003823.94,-337124120961757.06,-334175690364854.9,-331207017229423.06,-328218641054699.56,-325211129507396.75,-322185079128121.9,-319141116061123.4,-316079896808854.8,-313002109012896.75,-309908472262793.2,-306799738934377.06,-303676695059145.56,-300540161226197.56,-297390993518186.0,-294230084482612.8,-291058364139649.1,-287876801027438.94,-284686403285575.9,-281488219777085.3,-278283341248805.62,-275072901529526.94,-271858078764582.34,-268640096684811.4,-265420225906865.88,-262199785260736.28,-258980143139069.88,-255762718861342.88,-252548984044200.66,-249340463967260.03,-246138738921355.06,-242945445523570.72,-239762277980420.97,-236590989277139.94,-233433392267264.8,-230291360632437.38,-227166829677623.3,-224061796921711.8,-220978322437694.7,-217918528890295.1,-214884601212046.88,-211878785851358.75,-208903389518097.53,-205960777343664.25,-203053370363480.6,-200183642220299.16,-197354114976873.66,-194567353916387.6,-191825961198770.8,-189132568230800.9,-186489826597903.28,-183900397396052.03,-181366938793439.1,-178892091643922.84,-176478462968057.3,-174128607113115.4,-171845004401385.66,-169630037076527.6,-167485962361350.25,-165414882447373.2,-163418711247233.88,-161499137755570.47,-159657585882405.7,-157895170644981.12,-156212650628788.62,-154610376655080.16,-153088236618687.75,-151645596484060.94,-150281237445655.38,-148993289266702.78,-147779159802261.4,-146635460681187.38,-145557929058730.53,-144541345246866.97,-143579445872034.12,-142664831987771.97,-141788871271364.4,-140941593049454.94,-140111574423262.17,-139285815204243.1,-138449598746638.08,-137586335120782.28,-136677382496286.17,-135701842241178.36,-134636323318164.88,-133454672410061.56,-132127668313441.44,-130622683149637.47,-128903319668566.08,-126929044280764.2,-124654850280475.05,-122031005346101.53,-119002960828092.25,-115511523819833.2,-111493407920660.05,-106882268838065.06,-101610271815961.8,-95610102483317.64,-88817123872764.83,-81171233910053.02,-72618425732751.05,-63114641640033.9,-52642604540253.2,-41268499593389.57,-29256408295949.09,-16891482605541.158,-580976978059.1471,57057235798370.664,0.0
7572.5,-605077786904893.5,-604102759883644.8,-603132417251733.6,-602166752336501.1,-601205756699421.1,-600249420102962.8,-599297730477244.0,-598350673886477.4,-597408234495220.8,-596470394534439.5,-595537134267392.6,-594608431955344.8,-593684263823125.9,-592764604024535.6,-591849424607614.9,-590938695479787.8,-590032384372889.5,-589130456808093.0,-588232876060743.4,-587339603125117.2,-586450596679120.1,-585565813048931.5,-584685206173620.6,-583808727569740.6,-582936326295921.5,-582067948917475.5,-581203539471036.5,-580343039429244.2,-579486387665497.1,-578633520418791.6,-577784371258665.0,-576938871050263.6,-576096947919559.5,-575258527218731.2,-574423531491736.0,-573591880440093.8,-572763490888908.2,-571938276753146.2,-571116149004202.5,-570297015636775.9,-569480781636081.6,-568667348945428.2,-567856616434186.0,-567048479866176.1,-566242831868510.8,-565439561900910.5,-564638556225538.1,-563839697877370.8,-563042866635149.6,-562247938992940.75,-561454788132336.2,-560663283895336.4,-559873292757946.7,-559084677804525.25,-558297298702921.0,-557511011680438.75,-556725669500674.0,-555941121441252.4,-555157213272522.1,-554373787237235.44,-553590682031265.75,-552807732785402.4,-552024771048270.44,-551241624770417.5,-550458118289620.1,-549674072317448.2,-548889303927147.5,-548103626542879.8,-547316849930377.1,-546528780189056.0,-545739219745651.94,-544947967349417.56,-544154818068945.56,-543359563290668.3,-542561990719089.44,-541761884378805.2,-540959024618373.44,-540153188116085.44,-539344147887704.5,-538531673296225.25,-537715530063721.94,-536895480285335.94,-536071282445480.56,-535242691436309.9,-534409458578525.7,-533571331644584.2,-532728054884366.75,-531879369053380.94,-531025011443559.5,-530164715916721.25,-529298212940765.9,-528425229628666.8,-527545489780332.7,-526658713927406.75,-525764619381072.56,-524862920282937.8,-523953327659064.3,-523035549477216.7,-522109290707399.4,-521174253385755.06,-520230136681893.25,-519276636969723.25,-518313447901859.9,-517340260487678.5,-516356763175083.25,-515362641936071.2,-514357580356150.5,-513341259727696.7,-512313359147307.8,-511273555617236.06,-510221524150962.5,-509156937882985.8,-508079468182895.25,-506988784773794.44,-505884555855148.44,-504766448230114.6,-503634127437432.44,-502487257887930.56,-501325503005721.6,-500148525374143.75,-498955986886517.2,-497747548901771.7,-496522872405011.56,-495281618173069.75,-494023446945117.3,-492748019598378.2,-491454997329004.9,-490144041838173.06,-488814815523439.6,-487466981675417.5,-486100204679817.75,-484714150224897.1,-483308485514364.75,-481882879485780.75,-480437003034493.25,-478970529243147.7,-477483133616806.5,-475974494323709.5,-474444292441708.56,-472892212210402.25,-471317941288999.44,-469721171019934.56,-468101596698254.7,-466458917846797.25,-464792838497178.9,-463103067476603.56,-461389318700506.1,-459651311471038.75,-457888770781407.7,-456101427626066.75,-454289019316769.2,-452451289804478.4,-450587990007141.1,-448698878143314.4,-446783720071650.06,-444842289636227.06,-442874369017730.56,-440879749090468.1,-438858229785223.44,-436809620457936.94,-434733740264213.44,-432630418539653.9,-430499495186009.1,-428340821063165.1,-426154258386955.06,-423939681132825.7,-421696975445360.44,-419426040053693.75,-417126786692844.06,-414799140531011.06,-412443040602885.56,-410058440249042.1,-407645307561491.4,-405203625835490.44,-402733394027724.3,-400234627220996.9,-397707357095588.1,-395151632407462.8,-392567519473550.06,-389955102664331.4,-387314484904030.2,-384645788178715.56,-381949154052691.7,-379224744193578.75,-376472740906557.94,-373693347678289.9,-370886789731096.56,-368053314588047.06,-365193192649668.94,-362306717783075.06,-359394207924384.75,-356456005695396.6,-353492479035568.7,-350504021850454.56,-347491054677846.1,-344454025372977.75,-341393409814260.1,-338309712631114.75,-335203467955602.6,-332075240199648.7,-328925624859775.0,-325755249351367.5,-322564773874601.4,-319354892314241.9,-316126333175624.06,-312879860559168.9,-309616275175850.0,-306336415406020.94,-303041158404014.06,-299731421250841.8,-296408162157230.5,-293072381719036.44,-289725124226847.5,-286367479031241.2,-283000581964732.3,-279625616820889.44,-276243816890409.12,-272856466553084.12,-269464902923573.6,-266070517547636.75,-262674758144018.6,-259279130385431.66,-255885199710028.06,-252494593152376.6,-249109001180197.3,-245730179519927.38,-242359950950557.5,-239000207041029.9,-235652909801802.25,-232320093215878.94,-229003864608695.62,-225706405809610.0,-222429974050421.1,-219176902538238.38,-215949600631136.78,-212750553535352.7,-209582321432284.22,-206447537932283.53,-203348907740182.53,-200289203404758.47,-197271261010976.6,-194297974659984.9,-191372289567617.53,-188497193597782.78,-185675707032803.97,-182910870368825.03,-180205729911101.16,-177563320931731.38,-174986648141552.62,-172478663218903.03,-170042239131201.7,-167680140981166.03,-165394993108320.16,-163189242178446.03,-161065115998832.38,-159024577805329.4,-157069275777725.72,-155200487551706.3,-153419059506850.34,-151725340618162.03,-150119110659815.94,-148599502539140.12,-147164918509830.4,-145812939957616.97,-144540230358715.88,-143342430868811.53,-142214047793301.75,-141148330901463.34,-140137141160341.56,-139170805961227.42,-138237959278468.84,-137325363430864.6,-136417708219298.55,-135497382227381.58,-134544210077475.3,-133535148589347.98,-132443934365064.97,-131240675769358.69,-129891384298655.53,-128357445022934.77,-126595034771275.34,-124554512392141.06,-122179831146827.77,-119408063835064.23,-116169193153847.12,-112386412129971.2,-107977315392572.64,-102856562825686.19,-96940903444280.39,-90157950841166.16,-82461030916613.53,-73854371967513.1,-64437430323065.375,-54488255950471.99,-44633455119223.805,-36217618484177.98,-32101163377829.066,-37974110254448.055,-60667690749860.94,-80132061373243.88,0.0
7570.0,-617836147502865.5,-616810231955583.8,-615789336401377.8,-614773465975991.2,-613762624104817.0,-612756812467146.8,-611756030960117.2,-610760277662360.4,-609769548797361.9,-608783838696539.0,-607803139762041.5,-606827442429284.6,-605856735129225.6,-604891004250386.1,-603930234100637.0,-602974406868751.5,-602023502585733.6,-601077499085941.5,-600136371968008.4,-599200094555576.2,-598268637857855.6,-597341970530021.1,-596420058833459.2,-595502866595880.9,-594590355171311.0,-593682483399975.8,-592779207568096.8,-591880481367612.0,-590986255855841.5,-590096479415111.4,-589211097712357.5,-588330053658727.5,-587453287369199.0,-586580736122235.5,-585712334319501.2,-584848013445655.2,-583987702028249.6,-583131325597751.9,-582278806647717.8,-581430064595139.0,-580585015740990.1,-579743573231003.9,-578905647016697.2,-578071143816681.6,-577239967078283.0,-576412016939502.2,-575587190191345.6,-574765380240560.4,-573946477072802.2,-573130367216273.5,-572316933705862.5,-571506056047822.2,-570697610185021.8,-569891468462809.6,-569087499595526.1,-568285568633705.1,-567485536932003.0,-566687262117899.8,-565890598061208.8,-565095394844444.5,-564301498734088.8,-563508752152800.5,-562716993652619.06,-561926057889202.25,-561135775597155.0,-560345973566491.3,-559556474620284.5,-558767097593556.06,-557977657313455.1,-557187964580783.6,-556397826152921.3,-555607044728206.25,-554815418931829.6,-554022743303300.94,-553228808285543.8,-552433400215681.9,-551636301317579.06,-550837289696191.2,-550036139333800.2,-549232620088185.8,-548426497692809.1,-547617533759069.5,-546805485780704.8,-545990107140401.56,-545171147118686.44,-544348350905168.8,-543521459612206.06,-542690210291062.44,-541854335950639.56,-541013565578845.2,-540167624166683.2,-539316232735134.06,-538459108364908.44,-537595964229143.6,-536726509629130.56,-535850450033140.25,-534967487118438.75,-534077318816560.94,-533179639361932.06,-532274139343913.5,-531360505762355.75,-530438422086740.25,-529507568318992.4,-528567621060051.1,-527618253580271.4,-526659135893752.5,-525689934836664.2,-524710314149666.8,-523719934564495.7,-522718453894804.75,-521705527131345.06,-520680806541564.5,-519643941773712.5,-518594579965528.1,-517532365857600.2,-516456941911475.0,-515367948432595.6,-514265023698154.25,-513147804089935.1,-512015924232227.5,-510869017134888.56,-509706714341631.56,-508528646083614.3,-507334441438405.25,-506123728494400.75,-504896134520760.94,-503651286142942.44,-502388809523890.75,-501108330550961.6,-499809475028640.2,-498491868877117.2,-497155138336787.44,-495798910178727.94,-494422811921217.8,-493026472052349.44,-491609520258789.3,-490171587660737.06,-488712307053132.25,-487231313153152.56,-485728242854048.94,-484202735485357.44,-482654433079524.5,-481082980644983.9,-479488026445708.25,-477869222287278.9,-476226223809486.75,-474558690785492.3,-472866287427567.0,-471148682699430.5,-469405550635197.75,-467636570664948.8,-465841427946928.44,-464019813706383.3,-462171425581037.7,-460295967973207.56,-458393152408557.75,-456462697901490.44,-454504331327163.0,-452517787800132.44,-450502811059611.44,-448459153861332.44,-446386578376009.56,-444284856594390.5,-442153770738891.6,-439993113681807.7,-437802689370100.4,-435582313256758.7,-433331812738741.6,-431051027601513.44,-428739810470188.1,-426398027267311.44,-424025557677318.0,-421622295617710.3,-419188149717024.25,-416723043799659.6,-414226917377674.9,-411699726149661.25,-409141442506842.6,-406552056046570.5,-403931574093414.56,-401280022228084.1,-398597444824457.5,-395883905595032.25,-393139488145164.44,-390364296536515.56,-387558455860181.1,-384722112820043.94,-381855436326963.5,-378958618104488.25,-376031873306867.56,-373075441150223.94,-370089585557849.75,-367074595820700.9,-364030787274267.8,-360958501993136.9,-357858109504676.7,-354730007523429.4,-351574622707930.1,-348392411441834.1,-345183860641389.3,-341949488591459.0,-338689845812471.4,-335405515960840.56,-332097116765583.56,-328765301004024.56,-325410757519642.56,-322034212285281.44,-318636429515074.8,-315218212828569.56,-311780406470620.7,-308323896590698.6,-304849612585261.8,-301358528506817.4,-297851664543187.5,-294330088570314.44,-290794917781657.25,-287247320396836.9,-283688517451651.4,-280119784670886.12,-276542454424462.03,-272957917766363.12,-269367626554431.47,-265773095647473.53,-262175905174158.72,-258577702865836.8,-254980206442645.1,-251385206039033.06,-247794566651063.9,-244210230583504.7,-240634219869705.62,-237068638631564.4,-233515675340376.47,-229977604932047.62,-226456790721916.62,-222955686055243.4,-219476835619227.84,-216022876331158.12,-212596537704963.47,-209200641584992.25,-205838101121317.7,-202511918845265.8,-199225183687263.38,-195981066761596.72,-192782815724383.75,-189633747492190.34,-186537239089479.78,-183496716373757.94,-180515640368189.3,-177597490913001.9,-174745747329557.25,-171963865775006.38,-169255252951389.3,-166623235821281.38,-164071026972953.88,-161601685271662.75,-159218071430024.84,-156922798129069.3,-154718174321519.1,-152606143348573.9,-150588214498427.53,-148665387625315.88,-146838070426960.16,-145105987938949.28,-143468083737861.16,-141922412239179.12,-140466021316888.83,-139094824241515.78,-137803459611656.12,-136585137517424.12,-135431469597743.77,-134332279912798.81,-133275392628879.44,-132246391398229.95,-131228344028696.72,-130201484638767.86,-129142844120890.12,-128025818653600.94,-126819665677977.62,-125488917974105.36,-123992710525523.45,-122284023795055.86,-120308864061087.69,-118005431515394.22,-115303377405740.52,-112123333934110.23,-108377031951577.8,-103968527786516.92,-98797383127814.33,-92765150948029.5,-85787347441663.83,-77814508335657.69,-68868558140942.22,-59106057870298.84,-48931714825832.59,-39213906924453.14,-31727761498654.51,-30156835513347.746,-42529696303409.98,-86400177936285.92,-186599400518439.25,0.0
7567.5,-630955088697651.2,-629873446363292.5,-628797098147317.0,-627726061642929.2,-626660352813427.2,-625599985954139.6,-624544973653973.6,-623495326756567.2,-622451054321054.4,-621412163582449.8,-620378659911658.1,-619350546775111.0,-618327825694044.8,-617310496203415.9,-616298555810474.0,-615291999952988.5,-614290821957143.9,-613295012995113.2,-612304562042313.0,-611319455834355.1,-610339678823705.1,-609365213136053.5,-608396038526419.0,-607432132334986.9,-606473469442703.2,-605520022226633.8,-604571760515099.5,-603628651542609.9,-602690659904602.4,-601757747512007.8,-600829873545655.8,-599906994410538.6,-598989063689951.5,-598076032099529.0,-597167847441191.4,-596264454557028.1,-595365795283137.8,-594471808403439.9,-593582429603489.9,-592697591424314.4,-591817223216295.2,-590941251093121.8,-590069597885845.1,-589202183097052.0,-588338922855195.5,-587479729869102.6,-586624513382694.5,-585773179129947.2,-584925629290125.1,-584081762443318.2,-583241473526320.6,-582404653788881.2,-581571190750361.6,-580740968156843.4,-579913865938716.8,-579089760168791.5,-578268523020971.9,-577450022729534.5,-576634123549052.9,-575820685715010.9,-575009565405150.8,-574200614701600.9,-573393681553831.1,-572588609742482.9,-571785238844124.0,-570983404196978.9,-570182936867686.9,-569383663619138.8,-568585406879452.1,-567787984712130.6,-566991210787479.9,-566194894355318.4,-565398840219064.4,-564602848711239.5,-563806715670466.9,-563010232420016.0,-562213185747968.9,-561415357889061.4,-560616526508281.25,-559816464686278.75,-559014940906665.6,-558211719045275.4,-557406558361451.7,-556599213491442.6,-555789434443975.3,-554976966598083.06,-554161550703270.25,-553342922882083.56,-552520814635177.0,-551694952848949.0,-550865059805832.7,-550030853197322.6,-549192046139825.06,-548348347193411.94,-547499460383570.3,-546645085226030.44,-545784916754763.75,-544918645553237.0,-544045957789016.4,-543166535251808.94,-542280055395036.3,-541386191381029.7,-540484612129944.0,-539574982372480.9,-538656962706517.0,-537730209657733.56,-536794375744339.4,-535849109545990.2,-534894055776990.06,-533928855363883.1,-532953145527523.56,-531966559869726.1,-530968728464591.2,-529959277954604.7,-528937831651605.0,-527904009642719.5,-526857428901362.94,-525797703403394.75,-524724444248533.25,-523637259787117.75,-522535755752318.7,-521419535397881.9,-520288199641510.44,-519141347213963.7,-517978574813975.2,-516799477269072.25,-515603647702389.25,-514390677705560.25,-513160157517774.2,-511911676211082.44,-510644821882034.75,-509359181849724.7,-508054342860327.6,-506729891298199.8,-505385413403617.44,-504020495497225.0,-502634724211263.9,-501227686727642.4,-499798971022915.44,-498348166120232.44,-496874862348311.94,-495378651607493.5,-493859127642925.4,-492315886324925.1,-490748525936571.06,-489156647468551.25,-487539854921318.6,-485897755614578.3,-484229960504141.9,-482536084506171.7,-480815746828838.3,-479068571311410.1,-477294186770789.1,-475492227355503.6,-473662332907164.3,-471804149329390.9,-469917328964201.56,-468001530975871.0,-466056421742243.56,-464081675253493.6,-462076973518323.44,-460042006977581.25,-457976474925283.44,-455880085937026.75,-453752558305765.6,-451593620484943.25,-449403011538953.56,-447180481600921.2,-444925792337782.94,-442638717422665.1,-440319043014547.8,-437966568245221.75,-435581105713544.94,-433162481987023.44,-430710538110743.1,-428225130123708.25,-425706129582640.8,-423153424093334.3,-420566917849665.7,-417946532180398.5,-415292206103947.2,-412603896891298.7,-409881580637334.7,-407125252840835.3,-404334928993507.4,-401510645178418.5,-398652458678304.3,-395760448594264.0,-392834716475458.25,-389875386960489.9,-386882608431262.6,-383856553680203.9,-380797420591856.7,-377705432839976.8,-374580840601398.6,-371423921288089.7,-368234980298969.44,-365014351793241.56,-361762399487177.3,-358479517476478.9,-355166131086569.7,-351822697753374.06,-348449707937386.4,-345047686074068.5,-341617191563876.6,-338158819805461.1,-334673203275864.7,-331161012661789.6,-327622958046282.7,-324059790155420.06,-320472301669827.1,-316861328606070.3,-313227751773148.25,-309572498309447.1,-305896543305612.0,-302200911518802.7,-298486679183731.8,-294754975925710.94,-291006986780618.8,-287243954326252.75,-283467180928874.7,-279678031107902.9,-275877934020580.16,-272068386067035.03,-268250953614383.28,-264427275836366.72,-260599067662402.97,-256768122826792.88,-252936317005117.03,-249105611020474.47,-245278054097115.6,-241455787133091.06,-237641045956723.06,-233836164523892.88,-230043578004260.6,-226265825694503.88,-222505553685386.97,-218765517196908.12,-215048582481827.7,-211357728182541.94,-207696046009487.62,-204066740591068.34,-200473128325510.12,-196918635044168.44,-193406792273741.56,-189941231861785.53,-186525678706107.6,-183163941304333.34,-179859899815590.34,-176617491302223.72,-173440691796262.22,-170333494813498.34,-167299885918049.44,-164343812922630.25,-161469151294877.94,-158679664328143.47,-155978957626130.62,-153370427444093.97,-150857202423877.72,-148442078253865.8,-146127444774771.16,-143915205033461.84,-141806685753128.88,-139802538630113.1,-137902631773797.33,-136105930460907.05,-134410366160219.27,-132812692474674.92,-131308326217505.62,-129891171255639.12,-128553421983312.25,-127285342298086.48,-126075014713320.02,-124908052745213.66,-123767267982420.52,-122632281368259.97,-121479066395634.58,-120279410512775.44,-119000280745623.88,-117603081526155.72,-116042798905412.53,-114267038839806.05,-112214992986127.86,-109816411028213.11,-106990735497094.61,-103646680359833.5,-99682732865792.92,-94989363612914.48,-89454189477027.73,-82972011455381.62,-75462632873280.94,-66900785166661.1,-57364569878915.67,-47112012582322.4,-36701169413542.34,-27187971808027.992,-20545936548615.176,-21186792622844.695,-43291456479238.484,-119872666134236.58,0.0
7565.0,-644471785947900.9,-643329729705344.1,-642193170813220.1,-641062139858217.9,-639936665903377.8,-638816776448091.5,-637702497387617.2,-636593852972104.8,-635490865765134.8,-634393556601775.8,-633301944546164.4,-632216046848606.8,-631135878902215.1,-630061454199073.1,-628992784285944.2,-627929878719525.1,-626872745021246.9,-625821388631639.0,-624775812864255.2,-623736018859171.0,-622702005536063.5,-621673769546881.0,-620651305228108.1,-619634604552640.9,-618623657081279.6,-617618449913851.5,-616618967639973.5,-615625192289467.6,-614637103282444.0,-613654677379061.5,-612677888628982.0,-611706708320534.1,-610741104929600.5,-609781044068245.8,-608826488433100.9,-607877397753525.4,-606933728739562.0,-605995435029706.1,-605062467138509.2,-604134772404038.2,-603212294935212.0,-602294975559039.0,-601382751767781.5,-600475557666065.2,-599573323917970.1,-598675977694119.2,-597783442618801.0,-596895638717149.8,-596012482362416.1,-595133886223356.9,-594259759211778.9,-593390006430270.4,-592524529120148.0,-591663224609663.5,-590805986262503.9,-589952703426617.8,-589103261383417.2,-588257541297385.0,-587415420166135.9,-586576770770972.8,-585741461627981.2,-584909356939709.8,-584080316547477.0,-583254195884366.8,-582430845928943.5,-581610113159753.1,-580791839510655.9,-579975862327042.0,-579162014322994.0,-578350123539442.5,-577540013303381.4,-576731502188196.0,-575924403975171.5,-575118527616236.5,-574313677198015.9,-573509651907244.0,-572706245997624.5,-571903248758184.9,-571100444483214.5,-570297612443841.4,-569494526861334.2,-568690956882196.5,-567886666555132.4,-567081414809959.4,-566274955438550.8,-565467037077885.8,-564657403195292.0,-563845792075960.9,-563031936812825.6,-562215565298885.9,-561396400222067.5,-560574159062708.2,-559748554093760.6,-558919292383804.2,-558086075802960.5,-557248601031807.1,-556406559573388.75,-555559637768420.0,-554707516813782.8,-553849872784415.75,-552986376658700.1,-552116694347444.5,-551240486726568.0,-550357409673596.56,-549467114108066.25,-548569246035951.44,-547663446598217.6,-546749352123613.9,-545826594185809.06,-544894799664985.3,-543953590813998.44,-543002585329217.6,-542041396426152.75,-541069632919985.9,-540086899311117.0,-539092795875836.3,-538086918762237.4,-537068860091482.2,-536038208064531.4,-534994547074453.56,-533937457824423.6,-532866517451521.8,-531781299656447.94,-530681374839255.9,-529566310241224.75,-528435670092969.6,-527289015768901.75,-526125905948147.7,-524945896782026.75,-523748542068197.06,-522533393431567.44,-521300000512078.6,-520047911159450.1,-518776671634992.8,-517485826820576.6,-516174920434848.8,-514843495256793.75,-513491093356713.8,-512117256334724.44,-510721525566837.1,-509303442458711.25,-507862548707148.25,-506398386569399.94,-504910499140354.25,-503398430637668.06,-501861726694900.44,-500299934662703.75,-498712603918123.25,-497099286182051.75,-495459535844881.5,-493792910300387.4,-492098970287877.4,-490377280242635.4,-488627408654680.1,-486848928435854.6,-485041417295262.0,-483204458123053.06,-481337639382565.06,-479440555510815.56,-477512807327333.25,-475554002451324.94,-473563755727148.9,-471541689658083.44,-469487434848359.94,-467400630453428.6,-465280924638431.6,-463127975044840.06,-460941449265225.1,-458721025326119.4,-456466392178933.8,-454177250198890.25,-451853311691934.94,-449494301409600.94,-447099957071793.5,-444670029897476.56,-442204285143251.2,-439702502649826.9,-437164477396397.75,-434590020062962.1,-431978957600628.1,-429331133809994.25,-426646409927700.2,-423924665221292.2,-421165797592578.25,-418369724189697.3,-415536382028168.9,-412665728621259.8,-409757742620055.8,-406812424463712.4,-403829797040432.0,-400809906359814.94,-397752822237327.5,-394658638991755.2,-391527476156627.1,-388359479206749.3,-385154820301130.6,-381913699043763.8,-378636343263908.6,-375323009817728.56,-371973985413356.6,-368589587461706.3,-365170164955602.94,-361716099380092.7,-358227805657080.56,-354705733127776.0,-351150366576747.9,-347562227301761.0,-343941874233918.7,-340289905113036.5,-336606957723550.9,-332893711196677.0,-329150887384923.5,-325379252315467.1,-321579617729278.9,-317752842713233.3,-313899835432770.9,-310021554972939.7,-306119013295852.5,-302193277322708.6,-298245471148531.1,-294276778397639.7,-290288444727573.94,-286281780488672.7,-282258163545756.44,-278219042267314.75,-274165938686201.66,-270100451834038.88,-266024261249261.97,-261939130655926.66,-257846911806955.2,-253749548481364.47,-249649080620068.9,-245547648579008.3,-241447497471506.44,-237350981563804.62,-233260568678539.4,-229178844550421.53,-225108517066431.84,-221052420309366.2,-217013518308463.75,-212994908384058.78,-208999823954664.97,-205031636654632.38,-201093857588504.97,-197190137524572.03,-193324265804942.78,-189500167723019.38,-185721900091748.94,-181993644697910.84,-178319699309347.84,-174704465874084.66,-171152435523277.66,-167668169964646.47,-164256278830161.0,-160921392522044.44,-157668130085231.94,-154501061622770.5,-151424664763391.84,-148443274687262.4,-145561027215603.3,-142781794470301.7,-140109112607197.08,-137546101115921.67,-135095373152053.92,-132758936312874.02,-130538083171383.64,-128433270725081.72,-126443987671655.86,-124568608062682.53,-122804229371874.62,-121146492303640.6,-119589378713428.61,-118124982764859.36,-116743248866411.89,-115431667985444.19,-114174921639277.33,-112954460291582.92,-111748000241376.64,-110528920796412.73,-109265542333385.84,-107920267074926.27,-106448570217289.0,-104797842841368.88,-102906115018605.83,-100700735120717.03,-98097159323785.14,-94998124387041.92,-91293643377359.2,-86862465352074.77,-81575807554344.3,-75304092137513.19,-67926546752433.81,-59340482569166.086,-49458410111053.92,-38158278543252.05,-25095615897883.26,-9181589278702.182,12334182894975.383,41954543795921.67,56537647048125.805,0.0
7562.5,-658424331753347.0,-657217406371740.0,-656016101271160.9,-654820460435924.0,-653630526459300.2,-652446340502017.1,-651267942250179.4,-650095369872602.6,-648928659977562.4,-647767847568960.5,-646612966001914.0,-645464046937753.5,-644321120298455.8,-643184214220490.1,-642053355008096.5,-640928567085992.0,-639809872951508.2,-638697293126170.9,-637590846106716.5,-636490548315557.6,-635396414050699.8,-634308455435116.8,-633226682365590.6,-632151102461022.5,-631081721010223.0,-630018540919190.4,-628961562657886.2,-627910784206513.4,-626866201001313.8,-625827805879890.6,-624795589026069.6,-623769537914309.1,-622749637253676.8,-621735868931399.0,-620728211956004.8,-619726642400074.0,-618731133342610.8,-617741654811052.9,-616758173722942.5,-615780653827268.0,-614809055645506.2,-613843336412375.2,-612883450016329.4,-611929346939810.4,-610980974199283.0,-610038275285077.4,-609101190101065.2,-608169654904195.0,-607243602243914.0,-606322960901505.8,-605407655829376.2,-604497608090312.8,-603592734796755.4,-602692949050110.1,-601798159880140.0,-600908272184468.2,-600023186668236.9,-599142799783949.9,-598267003671549.4,-597395686098763.5,-596528730401767.2,-595666015426202.2,-594807415468600.9,-593952800218262.8,-593102034699630.5,-592254979215215.8,-591411489289130.4,-590571415611269.2,-589734603982207.1,-588900895258861.8,-588070125300982.8,-587242124918525.4,-586416719819972.9,-585593730561667.8,-584772972498219.2,-583954255734051.8,-583137385076167.2,-582322159988182.5,-581508374545725.5,-580695817393253.6,-579884271702376.8,-579073515131758.1,-578263319788675.5,-577453452192320.6,-576643673238923.0,-575833738168777.9,-575023396535272.6,-574212392175990.9,-573400463185991.1,-572587341893349.9,-571772754837062.0,-570956422747395.0,-570138060528795.0,-569317377245442.6,-568494076109560.0,-567667854472574.5,-566838403819235.1,-566005409764801.1,-565168552055396.9,-564327504571653.4,-563481935335738.9,-562631506521900.75,-561775874470620.7,-560914689706512.75,-560047596960068.1,-559174235193377.3,-558294237629938.2,-557407231788682.3,-556512839522331.9,-555610677060217.7,-554700355055681.0,-553781478638182.8,-552853647470250.2,-551916455809384.7,-550969492575065.44,-550012341420967.56,-549044580812535.3,-548065784110032.4,-547075519657203.75,-546073350875679.06,-545058836365244.4,-544031530010122.56,-542990981091379.25,-541936734405599.4,-540868330389953.06,-539785305253786.1,-538687191116864.3,-537573516154394.06,-536443804748955.2,-535297577649463.5,-534134352137294.06,-532953642199684.0,-531754958710539.06,-530537809618764.75,-529301700144233.44,-528046132981513.2,-526770608511460.7,-525474625020798.56,-524157678929776.5,-522819265028025.44,-521458876718707.0,-520076006271052.94,-518670145081390.06,-517240783942742.75,-515787413323097.1,-514309523652410.44,-512806605618441.5,-511278150471475.25,-509723650338010.6,-508142598543470.1,-506534489943993.2,-504898821267357.7,-503235091463082.44,-501542802061742.2,-499821457543534.25,-498070565716117.9,-496289638101751.2,-494478190333732.0,-492635742562157.2,-490761819868990.9,-488855952692439.44,-486917677260617.75,-484946536034481.2,-482942078160000.25,-480903859929536.1,-478831445252381.4,-476724406134413.1,-474582323166805.3,-472404786023743.4,-470191393969075.9,-467941756371831.25,-465655493230535.4,-463332235706252.3,-460971626664274.1,-458573321224390.06,-456136987319659.94,-453662306263630.2,-451148973325926.75,-448596698316181.44,-446005206176249.0,-443374237580693.6,-440703549545543.25,-437992916045330.9,-435242128638475.0,-432450997101081.94,-429619350069294.56,-426747035690361.4,-423833922282650.56,-420879899004901.9,-417884876535079.06,-414848787759270.56,-411771588471180.5,-408653258082859.2,-405493800347445.8,-402293244094829.2,-399051643981289.7,-395769081254350.25,-392445664534262.25,-389081530613753.0,-385676845277905.6,-382231804146286.94,-378746633539730.75,-375221591374482.06,-371656968086753.44,-368053087591100.2,-364410308276416.06,-360729024043783.3,-357009665390848.75,-353252700547897.75,-349458636671296.9,-345628021100524.5,-341761442685565.8,-337859533192037.4,-333922968792001.9,-329952471649047.94,-325948811606812.75,-321912807990727.8,-317845331533342.25,-313747306434116.94,-309619712565055.3,-305463587833936.94,-301280030717209.0,-297070202974734.0,-292835332558563.4,-288576716727657.75,-284295725379948.0,-279993804612287.44,-275672480517603.03,-271333363226850.8,-266978151201135.06,-262608635776468.5,-258226705960040.44,-253834353472406.66,-249433678024613.84,-245026892812784.56,-240616330205010.2,-236204447586367.1,-231793833317385.56,-227387212749196.25,-222987454224765.88,-218597574979965.9,-214220746840638.06,-209860301592248.03,-205519735877130.3,-201202715450768.2,-196913078603095.97,-192654838523652.9,-188432184360788.06,-184249480695437.44,-180111265119714.25,-176022243580343.9,-171987283117582.72,-168011401602611.38,-164099754051526.8,-160257615073107.84,-156490356991695.62,-152803423176960.4,-149202296110033.8,-145692459721154.38,-142279355547742.16,-138968332282966.42,-135764588311438.34,-132673106856912.86,-129698583390747.14,-126845344960100.27,-124117261078248.55,-121517645757649.64,-119049150135054.84,-116713644905192.48,-114512091404872.78,-112444399622728.66,-110509270590907.05,-108704019473516.66,-107024374123829.97,-105464241855209.92,-104015434580523.97,-102667339260895.12,-101406516749050.9,-100216207677863.27,-99075719230726.16,-97959661852166.27,-96837000937275.81,-95669886379963.42,-94412223986439.78,-93007958426396.6,-91389047013336.52,-89473110106162.02,-87160722038798.19,-84332184930888.12,-80843226081698.53,-76517950408544.45,-71134595259097.36,-64393051412776.05,-55838087948371.75,-44678192770764.414,-29360655095495.086,-6570841484155.447,31073329430546.062,98473772261866.44,187871010120540.62,0.0
7560.0,-672851199338582.5,-671575268444654.8,-670304991197205.2,-669040425231821.4,-667781626952134.5,-666528651487319.9,-665281552648917.5,-664040382886981.9,-662805193245542.8,-661576033317389.4,-660352951198172.5,-659135993439812.9,-657925205003237.6,-656720629210417.5,-655522307695728.6,-654330280356622.4,-653144585303611.5,-651965258809573.2,-650792335258373.0,-649625847092800.2,-648465824761835.0,-647312296667234.4,-646165289109450.0,-645024826232877.8,-643890929970444.4,-642763619987537.0,-641642913625281.5,-640528825843173.1,-639421369161072.1,-638320553600563.5,-637226386625699.4,-636138873083122.0,-635058015141587.5,-633983812230893.2,-632916260980223.2,-631855355155919.5,-630801085598704.5,-629753440160347.5,-628712403639810.1,-627677957718872.5,-626650080897262.8,-625628748427305.1,-624613932248105.5,-623605600919290.1,-622603719554326.2,-621608249753433.8,-620619149536121.9,-619636373273366.0,-618659871619452.4,-617689591443517.2,-616725475760805.9,-615767463663679.5,-614815490252400.4,-613869486565725.0,-612929379511337.9,-611995091796157.4,-611066541856554.8,-610143643788510.2,-609226307277757.6,-608314437529945.8,-607407935200864.2,-606506696326770.0,-605610612254863.0,-604719569573955.0,-603833450045373.8,-602952130534158.8,-602075482940593.0,-601203374132125.1,-600335665875733.4,-599472214770789.9,-598612872182482.6,-597757484175846.5,-596905891450476.4,-596057929275977.1,-595213427428214.6,-594372210126440.0,-593534095971352.2,-592698897884166.2,-591866423046769.8,-591036472843030.4,-590208842801339.5,-589383322538467.5,-588559695704812.2,-587737739931122.9,-586917226776785.1,-586097921679755.8,-585279583908234.0,-584461966514163.2,-583644816288654.5,-582827873719430.5,-582010872950385.8,-581193541743366.4,-580375601442267.0,-579556766939554.2,-578736746645322.0,-577915242458984.5,-577091949743726.5,-576266557303812.5,-575438747364879.6,-574608195557329.0,-573774570902933.5,-572937535804785.0,-572096746040704.0,-571251850760242.0,-570402492485393.4,-569548307115159.9,-568688923934088.4,-567823965624922.5,-566953048285497.1,-566075781450016.9,-565191768114855.8,-564300604769016.6,-563401881429394.0,-562495181680980.56,-561580082722165.5,-560656155415263.56,-559722964342430.06,-558780067867101.06,-557827018201113.9,-556863361477652.4,-555888637830171.75,-554902381477448.2,-553904120814910.5,-552893378512401.1,-551869671618517.56,-550832511671691.6,-549781404818150.4,-548715851936916.9,-547635348771995.8,-546539386071898.94,-545427449736657.56,-544299020972469.3,-543153576454128.8,-541990588495386.0,-540809525227377.06,-539609850785268.5,-538391025503260.1,-537152506118074.94,-535893745981079.6,-534614195279165.6,-533313301264517.4,-531990508493396.6,-530645259074063.94,-529276992923957.3,-527885148036237.56,-526469160755817.3,-525028466064971.0,-523562497878630.0,-522070689349458.9,-520552473182793.94,-519007281961536.9,-517434548481070.3,-515833706094271.56,-514204189066682.0,-512545432941892.1,-510856874917186.0,-509137954229486.9,-507388112551632.1,-505606794399006.6,-503793447546542.06,-501947523456088.5,-500068477714158.56,-498155770480023.2,-496208866944140.5,-494227237796882.9,-492210359707519.2,-490157715813397.3,-488068796219267.9,-485943098506673.3,-483780128253322.0,-481579399562355.06,-479340435601408.5,-477062769151360.6,-474745943164650.06,-472389511333046.94,-469993038664745.7,-467556102070653.0,-465078290959738.75,-462559207843320.0,-459998468948143.5,-457395704838151.6,-454750561044808.2,-452062698705887.06,-449331795212632.3,-446557544865231.3,-443739659536553.2,-440877869344158.2,-437971923330604.8,-435021590152142.9,-432026658775934.3,-428986939186009.0,-425902263098247.7,-422772484684766.06,-419597481308195.25,-416377154266460.06,-413111429548805.6,-409800258603978.0,-406443619121642.4,-403041515828326.56,-399593981299404.4,-396101076788884.9,-392562893079063.5,-388979551352399.25,-385351204088338.1,-381678035988184.2,-377960264931550.44,-374198142968379.0,-370391957351037.1,-366542031611541.44,-362648726689567.25,-358712442117541.3,-354733617269806.9,-350712732683594.9,-346650311460311.75,-342546920756481.2,-338403173374539.94,-334219729464581.25,-329997298349055.8,-325736640483369.9,-321438569566250.06,-317103954814651.56,-312733723418859.56,-308328863194240.7,-303890425446809.1,-299419528070351.44,-294917358893259.75,-290385179293395.44,-285824328099199.9,-281236225794813.88,-276622379046068.1,-271984385562816.78,-267323939311055.2,-262642836085533.62,-257942979449991.28,-253226387047586.22,-248495197278433.0,-243751676334238.78,-238998225571701.25,-234237389196426.28,-229471862217516.4,-224704498619486.53,-219938319682693.1,-215176522365882.62,-210422487644716.22,-205679788678198.84,-200952198650871.75,-196243698112565.56,-191558481609677.5,-186900963372744.22,-182275781795011.78,-177687802406504.44,-173142119018654.56,-168644052687007.12,-164199148115227.3,-159813167104195.78,-155492078637168.94,-151242045187769.16,-147069404843961.06,-142980648860122.78,-138982394282498.31,-135081351341843.81,-131284285371095.3,-127597973084058.42,-124029153139962.06,-120584471011688.5,-117270418261964.66,-114093266395729.36,-111058995475221.02,-108173217625207.27,-105441095376351.25,-102867254438819.38,-100455689893725.31,-98209663845938.44,-96131591185458.2,-94222908118426.02,-92483915387315.0,-90913584405525.69,-89509309650248.61,-88266584308753.88,-87178568011832.58,-86235505060112.17,-85423938192816.67,-84725645567943.12,-84116205172611.02,-83563057210079.03,-83022882255989.5,-82438021761849.66,-81731495028816.14,-80799818871089.11,-79502108331408.53,-77642398236171.66,-74938916609416.22,-70967606139870.4,-65055211501609.266,-56077756657626.76,-42095535145541.97,-19734652043091.496,16796441618351.525,76548973058479.88,160539058618694.06,0.0
7557.5,-687790620749214.2,-686441959511017.2,-685098886751699.5,-683761473843295.5,-682429791111140.6,-681103907790922.0,-679783891984968.0,-678469810617771.6,-677161729390736.0,-675859712736149.5,-674563823770374.0,-673274124246246.9,-671990674504701.6,-670713533425584.6,-669442758377685.4,-668178405167964.5,-666920527989979.1,-665669179371508.8,-664424410121377.5,-663186269275464.4,-661954804041915.8,-660730059745542.9,-659512079771420.4,-658300905507672.0,-657096576287456.0,-655899129330143.1,-654708599681700.6,-653525020154267.8,-652348421264944.4,-651178831173786.8,-650016275621011.8,-648860777863427.1,-647712358610080.5,-646571035957143.2,-645436825322029.8,-644309739376765.8,-643189787980612.0,-642076978111950.0,-640971313799448.9,-639872796052513.0,-638781422791035.8,-637697188774459.9,-636620085530168.5,-635550101281216.8,-634487220873422.5,-633431425701830.9,-632382693636574.2,-631340998948144.2,-630306312232099.0,-629278600333224.0,-628257826269172.1,-627243949153608.4,-626236924118879.0,-625236702238239.8,-624243230447664.0,-623256451467265.9,-622276303722366.5,-621302721264235.6,-620335633690544.6,-619374966065564.9,-618420638840148.4,-617472567771530.5,-616530663842993.6,-615594833183435.9,-614664976986886.1,-613740991432010.9,-612822767601666.0,-611910191402532.5,-611003143484896.6,-610101499162620.0,-609205128333363.1,-608313895399107.6,-607427659187048.6,-606546272870908.0,-605669583892739.2,-604797433885281.0,-603929658594937.5,-603066087805444.2,-602206545262299.5,-601350848598028.8,-600498809258365.9,-599650232429422.1,-598804916965930.5,-597962655320645.2,-597123233474982.1,-596286430870993.5,-595452020344759.0,-594619768061296.2,-593789433451077.6,-592960769148260.0,-592133520930722.6,-591307427662018.8,-590482221235345.6,-589657626519646.5,-588833361307948.2,-588009136268056.1,-587184654895715.1,-586359613470364.0,-585533701013598.9,-584706599250471.0,-583877982573749.9,-583047518011275.5,-582214865196535.0,-581379676342600.4,-580541596219556.6,-579700262135571.5,-578855303921737.0,-578006343920836.0,-577152996980176.4,-576294870448642.5,-575431564178116.4,-574562670529421.5,-573687774382945.0,-572806453154095.8,-571918276813760.9,-571022807913916.4,-570119601618562.9,-569208205740146.5,-568288160781634.0,-567358999984409.4,-566420249382165.0,-565471427860952.6,-564512047225574.0,-563541612272477.5,-562559620869338.9,-561565564041502.44,-560558926065452.94,-559539184569500.0,-558505810641845.8,-557458268946217.0,-556396017845234.5,-555318509531696.3,-554225190167948.5,-553115500033521.9,-551988873681201.4,-550844740101704.44,-549682522897140.4,-548501640463414.0,-547301506181740.75,-546081528619443.8,-544841111740185.4,-543579655123796.75,-542296554195860.6,-540991200467195.0,-539662981783388.2,-538311282584528.44,-536935484175264.25,-535534965005329.1,-534109100960660.6,-532657265665232.0,-531178830793715.94,-529673166395083.9,-528139641227249.7,-526577623102843.6,-524986479246208.94,-523365576661695.75,-521714282513320.7,-520031964515851.8,-518317991337368.9,-516571733013333.75,-514792561372206.9,-512979850472616.56,-511132977052093.44,-509251320987362.44,-507334265766164.1,-505381198970586.5,-503391512771849.4,-501364604436487.25,-499299876843856.06,-497196739014878.44,-495054606651920.94,-492872902689694.1,-490651057857039.3,-488388511249466.1,-486084710912274.8,-483739114434102.2,-481351189550706.06,-478920414758792.1,-476446279939688.44,-473928286992647.5,-471365950477568.6,-468758798266910.06,-466106372206577.7,-463408228785562.5,-460663939814120.06,-457873093110283.25,-455035293194526.94,-452150161992412.25,-449217339545084.0,-446236484727515.06,-443207275974450.9,-440129412014059.1,-437002612609356.25,-433826619307574.44,-430601196197716.7,-427326130676678.1,-424001234224433.56,-420626343188950.44,-417201319581671.3,-413726051884605.56,-410200455870312.6,-406624475436322.1,-402998083455836.1,-399321282646906.75,-395594106462654.3,-391816620005524.7,-387988920969062.4,-384111140611198.6,-380183444763649.06,-376206034882650.3,-372179149146985.2,-368103063610012.94,-363978093413270.1,-359804594070124.94,-355582962828950.1,-351313640126351.8,-346997111142108.8,-342633907468695.0,-338224608909512.2,-333769845421285.7,-329270299217448.9,-324726707050744.3,-320139862694684.94,-315510619644941.1,-310839894063090.5,-306128667986484.75,-301377992829189.7,-296588993199998.7,-291762871064348.94,-286900910277514.25,-282004481516624.2,-277075047638788.5,-272114169491770.62,-267123512202142.2,-262104851963543.78,-257060083344413.3,-251991227130184.84,-246900438709337.9,-241790017005607.75,-236662413949999.75,-231520244475780.0,-226366297007200.53,-221203544398208.78,-216035155260662.22,-210864505602568.72,-205695190675595.25,-200531036907618.3,-195376113770628.06,-190234745407220.28,-185111521810709.47,-180011309325364.88,-174939260205393.62,-169900820945394.7,-164901739072723.06,-159948068075555.03,-155046170131790.44,-150202716306053.6,-145424683897987.72,-140719350658116.28,-136094285641089.48,-131557336543335.88,-127116613475583.58,-122780469251885.3,-118557476435360.36,-114456401563694.69,-110486177177334.66,-106655872477386.86,-102974663627897.86,-99451804857625.75,-96096601565463.92,-92918386530127.5,-89926499985704.4,-87130273640193.56,-84539017540194.34,-82162006834783.67,-80008462724470.4,-78087517885794.73,-76408151033181.8,-74979067479244.81,-73808491849402.88,-72903824458022.86,-72271092724093.31,-71914101008893.23,-71833142522297.77,-72023078922386.2,-72470505484404.12,-73149581664766.28,-74015880637064.9,-74997226001221.98,-75979806859019.52,-76786656829089.27,-77143484578452.52,-76623572510583.53,-74560170394516.42,-69919931906650.84,-61181450288559.445,-46491507752038.34,-25187076320438.336,-4337570597538.987,-15522424845076.303,0.0
7555.0,-703279876460875.5,-701855269336407.8,-700436078481600.5,-699022388904687.8,-697614284777829.2,-696211849394322.0,-694815165124971.9,-693424313373617.0,-692039374531784.2,-690660427932486.1,-689287551803141.5,-687920823217611.1,-686560318047356.6,-685206110911692.8,-683858275127147.5,-682516882655914.4,-681182004053389.5,-679853708414794.6,-678532063320878.1,-677217134782685.4,-675908987185401.1,-674607683231254.5,-673313283881485.8,-672025848297372.0,-670745433780305.0,-669472095710926.2,-668205887487310.9,-666946860462199.9,-665695063879287.5,-664450544808552.8,-663213348080641.6,-661983516220301.5,-660761089378869.0,-659546105265808.9,-658338599079314.5,-657138603435968.5,-655946148299470.0,-654761260908431.9,-653583965703257.6,-652414284252101.0,-651252235175918.5,-650097834072621.4,-648951093440340.2,-647812022599807.5,-646680627615874.0,-645556911218170.5,-644440872720925.9,-643332507941960.0,-642231809120865.4,-641138764836393.8,-640053359923066.5,-638975575387030.9,-637905388321176.2,-636842771819542.5,-635787694891031.1,-634740122372456.5,-633700014840955.8,-632667328525785.6,-631642015219540.0,-630624022188814.0,-629613292084349.5,-628609762850697.5,-627613367635429.0,-626624034697936.6,-625641687317864.2,-624666243703203.5,-623697616898107.6,-622735714690458.0,-621780439519238.4,-620831688381760.9,-619889352740799.6,-618953318431679.8,-618023465569381.5,-617099668455714.8,-616181795486628.5,-615269709059705.9,-614363265481927.9,-613462314877752.0,-612566701097594.4,-611676261626771.5,-610790827494987.6,-609910223186437.6,-609034266550609.5,-608162768713866.0,-607295533991891.5,-606432359803092.1,-605573036583041.2,-604717347700057.9,-603865069372022.8,-603015970584525.2,-602169813010443.0,-601326350931064.6,-600485331158857.5,-599646492961995.6,-598809567990758.6,-597974280205922.5,-597140345809259.2,-596307473176270.2,-595475362791278.6,-594643707185012.6,-593812190874808.0,-592980490307570.9,-592148273805634.9,-591315201515658.4,-590480925360703.9,-589645088995650.9,-588807327766088.0,-587967268670848.5,-587124530328334.8,-586278722946802.0,-585429448298756.8,-584576299699643.9,-583718861990984.6,-582856711528141.9,-581989416172886.0,-581116535290936.5,-580237619754665.6,-579352211951138.1,-578459845795680.2,-577560046751157.6,-576652331853160.6,-575736209741277.6,-574811180696662.5,-573876736686079.4,-572932361412634.8,-571977530373381.2,-571011710924010.5,-570034362350820.2,-569044935950168.4,-568042875115615.9,-567027615432962.9,-565998584783376.4,-564955203454827.1,-563896884262029.0,-562823032675090.8,-561733046957087.2,-560626318310745.7,-559502231034460.25,-558360162687825.2,-557199484266894.44,-556019560389361.7,-554819749489856.1,-553599404025548.0,-552357870692251.4,-551094490651212.5,-549808599766764.7,-548499528855028.7,-547166603943827.44,-545809146543992.2,-544426473932213.0,-543017899445595.25,-541582732788069.75,-540120280348800.75,-538629845532721.75,-537110729103333.0,-535562229537870.0,-533983643394957.75,-532374265694841.56,-530733390312289.06,-529060310382232.4,-527354318718217.94,-525614708243712.8,-523840772436305.8,-522031805784825.75,-520187104259385.5,-518305965794345.25,-516387690784171.94,-514431582592151.2,-512436948071900.1,-510403098101600.3,-508329348130858.4,-506215018740081.1,-504059436212230.4,-501861933116806.1,-499621848905883.5,-497338530522009.56,-495011333017747.75,-492639620186630.1,-490222765205272.5,-487760151286367.9,-485251172342278.0,-482695233658906.0,-480091752579531.06,-477440159198266.4,-474739897062797.7,-471990423886039.2,-469191212266362.25,-466341750416026.06,-463441542897474.9,-460490111367157.06,-457486995326556.56,-454431752880150.06,-451323961500049.6,-448163218797137.9,-444949143298571.1,-441681375231610.0,-438359577313835.25,-434983435549922.7,-431552660035303.75,-428066985767195.9,-424526173463694.6,-420930010391844.0,-417278311205866.9,-413570918797050.56,-409807705157129.5,-405988572257405.0,-402113452946304.9,-398182311868589.94,-394195146410002.8,-390151987671795.06,-386052901480300.8,-381897989437527.8,-377687390019632.9,-373421279731138.1,-369099874323828.44,-364723430090465.3,-360292245244740.94,-355806661400313.5,-351267065163280.2,-346673889854072.0,-342027617376502.2,-337328780253545.75,-332577963851360.8,-327775808815105.3,-322923013742181.0,-318020338120685.56,-313068605563005.94,-308068707366614.7,-303021606436206.6,-297928341603244.2,-292790032380747.6,-287607884192645.75,-282383194118126.7,-277117357192098.72,-271811873302926.16,-266468354727961.9,-261088534345846.47,-255674274561965.28,-250227576979630.28,-244750592844314.25,-239245634281404.06,-233715186339260.9,-228161919838706.44,-222588705017210.66,-216998625940934.3,-211394995640311.78,-205781371905059.12,-200161573652497.62,-194539697759203.16,-188920136220680.78,-183307593477796.44,-177707103723076.8,-172124047976149.9,-166564170697353.62,-161033595694225.4,-155538841070053.5,-150086832970383.94,-144684917906343.6,-139340873477472.47,-134062917386447.3,-128859714738924.98,-123740383758894.42,-118714500227965.05,-113792101179167.45,-108983688642869.08,-104300234551282.44,-99753188249919.66,-95354488422107.44,-91116581577683.9,-87052449544959.66,-83175648570913.08,-79500362586177.86,-76041472801372.14,-72814644897495.22,-69836433425993.72,-67124400341163.72,-64697240452380.21,-62574900487194.98,-60778669715535.26,-59331207790425.88,-58256458377853.89,-57579373563037.47,-57325341487113.336,-57519164617759.945,-58183373205576.96,-59335570012588.32,-60984377033736.09,-63123377255990.19,-65722195916731.016,-68713530800314.41,-71974531982790.19,-75300577632779.08,-78369782626324.94,-80699878464826.25,-81614609496696.44,-80299412313976.64,-76264514989584.33,-71379055852485.98,-77083941189450.1,-138821799862489.3,0.0
7552.5,-719354494531215.5,-717851337271139.8,-716353309154925.8,-714860508525861.1,-713373033125832.2,-711890980053354.6,-710414445720692.1,-708943525810046.2,-707478315228809.6,-706018908063870.0,-704565397534960.9,-703117875947038.0,-701676434641684.0,-700241163947521.5,-698812153129628.5,-697389490337952.1,-695973262554697.8,-694563555540703.8,-693160453780773.8,-691764040427972.5,-690374397246869.8,-688991604555727.0,-687615741167619.1,-686246884330483.0,-684885109666087.4,-683530491107918.8,-682183100837974.1,-680843009222458.8,-679510284746379.4,-678184993947036.1,-676867201346397.2,-675556969382367.1,-674254358338931.2,-672959426275187.2,-671672228953252.1,-670392819765047.0,-669121249657962.5,-667857567059399.0,-666601817800187.9,-665354045036892.0,-664114289172990.6,-662882587778951.2,-661658975511190.6,-660443484029934.0,-659236141915976.8,-658036974586352.0,-656846004208921.1,-655663249615887.4,-654488726216246.4,-653322445907187.0,-652164416984451.1,-651014644051669.8,-649873127928686.5,-648739865558891.1,-647614849915571.1,-646498069907310.9,-645389510282452.5,-644289151532640.0,-643196969795476.4,-642112936756308.8,-641037019549180.6,-639969180656968.5,-638909377810737.9,-637857563888354.2,-636813686812374.0,-635777689447258.8,-634749509495947.8,-633729079395826.6,-632716326214137.1,-631711171542868.0,-630713531393178.5,-629723316089394.1,-628740430162635.2,-627764772244123.0,-626796234958221.6,-625834704815274.1,-624880062104292.2,-623932180785560.2,-622990928383223.2,-622056165877922.8,-621127747599552.0,-620205521120207.0,-619289327147406.5,-618378999417661.0,-617474364590474.0,-616575242142859.9,-615681444264467.4,-614792775753399.2,-613909033912824.2,-613030008448476.1,-612155481367147.1,-611285226876271.2,-610419011284715.8,-609556592904881.4,-608697721956235.8,-607842140470391.6,-606989582197853.6,-606139772516561.4,-605292428342352.8,-604447258041485.1,-603603961345348.6,-602762229267510.2,-601921744023233.5,-601082178951623.2,-600243198440541.5,-599404457854456.5,-598565603465374.9,-597726272387027.0,-596886092512470.0,-596044682455271.5,-595201651494460.0,-594356599523406.4,-593509117002828.8,-592658784918095.4,-591805174741023.1,-590947848396353.8,-590086358233113.8,-589220247001046.1,-588349047832325.2,-587472284228751.4,-586589470054642.8,-585700109535629.6,-584803697263567.2,-583899718207787.1,-582987647732904.4,-582066951623406.1,-581137086115244.2,-580197497934662.8,-579247624344488.5,-578286893198114.8,-577314723001418.2,-576330522982835.6,-575333693171843.9,-574323624486079.2,-573299698827332.2,-572261289186659.2,-571207759758853.1,-570138466066506.0,-569052755093911.0,-567949965431034.2,-566829427427803.8,-565690463358943.5,-564532387599591.5,-563354506811937.1,-562156120143101.8,-560936519434495.8,-559694989442873.9,-558430808073308.0,-557143246624293.5,-555831570045203.06,-554495037206288.06,-553132901181427.5,-551744409543823.8,-550328804674819.06,-548885324086019.8,-547413200754890.2,-545911663473978.8,-544379937213922.5,-542817243500369.5,-541222800804945.3,-539595824950373.4,-537935529529855.1,-536241126340788.8,-534511825832903.2,-532746837570852.75,-530945370711319.1,-529106634494629.9,-527229838750898.44,-525314194420659.06,-523358914089963.0,-521363212539856.7,-519326307310169.06,-517247419277484.7,-515125773247166.6,-512960598559268.56,-510751129708140.94,-508496606975512.44,-506196277076798.5,-503849393820362.9,-501455218779419.56,-499013021976247.44,-496522082578343.44,-493981689606127.0,-491391142651766.06,-488749752608683.8,-486056842411257.2,-483311747784223.6,-480513818001263.75,-477662416652231.6,-474756922418482.6,-471796729855741.94,-468781250183963.2,-465709912083625.56,-462582162497946.75,-459397467440505.56,-456155312807820.94,-452855205196487.6,-449496672724538.9,-446079265856813.8,-442602558234215.8,-439066147506899.94,-435469656171603.44,-431812732413546.6,-428095050953576.9,-424316313901533.0,-420476251617144.4,-416574623580182.6,-412611219272048.1,-408585859071501.06,-404498395167857.25,-400348712495658.8,-396136729695611.4,-391862400107463.9,-387525712801501.3,-383126693656425.25,-378665406492643.94,-374141954271354.2,-369556480371330.75,-364909169956996.1,-360200251453180.44,-355429998143974.06,-350598729915240.44,-345706815162690.8,-340754672889925.2,-335742775023513.75,-330671648975009.9,-325541880482751.94,-320354116769381.6,-315109070054173.2,-309807521462472.06,-304450325377754.3,-299038414284944.8,-293572804156643.9,-288054600436658.4,-282485004677659.9,-276865321891738.8,-271196968673947.84,-265481482159486.06,-259720529874746.9,-253915920540880.38,-248069615885543.6,-242183743513944.9,-236260610883888.3,-230302720421062.88,-224312785800150.4,-218293749404247.2,-212248800959592.06,-206181397324636.4,-200095283392332.88,-193994514042450.8,-187883477057458.9,-181766916891942.94,-175649959163061.0,-169538135710021.16,-163437410056464.72,-157354203104094.22,-151295418892827.62,-145268470286952.34,-139281304493859.48,-133342428398442.4,-127460933809396.77,-121646522871148.17,-115909534104662.73,-110260969808975.16,-104712525888047.55,-99276625566374.86,-93966458917785.81,-88796030642844.75,-83780219066334.06,-78934849845043.34,-74276788310882.89,-69824054626043.59,-65595965853759.836,-61613308453267.16,-57898543323916.875,-54476042996876.164,-51372356441797.83,-48616490628937.2,-46240188719131.72,-44278171620923.28,-42768291531246.414,-41751521625923.94,-41271673754964.74,-41374694192102.67,-42107334765111.68,-43514932699260.35,-45637960160756.07,-48506935272893.375,-52135252081758.77,-56509563174152.12,-61577694794057.984,-67234980348267.58,-73311765296113.2,-79567797721501.47,-85701372186807.34,-91371755497738.22,-96167621424688.52,-99134823615102.53,-95816053896085.3,-63940332452842.8,0.0
7550.0,-736047358413356.8,-734463763341515.8,-732884888312854.8,-731310844490122.5,-729741742691530.0,-728177693350292.6,-726618806473195.8,-725065191598168.0,-723516957750848.8,-721974213400141.8,-720437066412733.0,-718905624006565.1,-717379992703257.2,-715860278279447.0,-714346585717056.5,-712839019152454.6,-711337681824512.2,-709842676021536.5,-708354103027069.5,-706872063064537.6,-705396655240746.5,-703927977488201.0,-702466126506246.2,-701011197701012.8,-699563285124158.6,-698122481410395.5,-696688877713790.0,-695262563642828.8,-693843627194238.2,-692432154685551.2,-691028230686408.0,-689631937948587.0,-688243357334757.6,-686862567745941.8,-685489646047685.8,-684124666994928.0,-682767703155566.0,-681418824832704.5,-680078099985597.8,-678745594149262.2,-677421370352773.5,-676105489036237.1,-674798007966430.0,-673498982151118.5,-672208463752046.1,-670926501996597.5,-669653143088136.9,-668388430115024.6,-667132402958319.1,-665885098198162.8,-664646549018865.1,-663416785112684.8,-662195832582320.0,-660983713842122.6,-659780447518037.6,-658586048346286.2,-657400527070808.5,-656223890339471.4,-655056140599070.5,-653897275989134.5,-652747290234557.0,-651606172537075.9,-650473907465622.8,-649350474845569.0,-648235849646894.0,-647130001871303.2,-646032896438332.2,-644944493070460.2,-643864746177276.5,-642793604738731.0,-641731012187514.8,-640676906290599.5,-639631219029995.9,-638593876482763.8,-637564798700330.4,-636543899587161.8,-635531086778851.5,-634526261519667.1,-633529318539633.0,-632540145931193.0,-631558625025533.0,-630584630268619.8,-629618029097037.8,-628658681813686.6,-627706441463428.0,-626761153708752.8,-625822656705559.6,-624890780979128.2,-623965349300378.0,-623046176562509.6,-622133069658123.5,-621225827356921.0,-620324240184087.5,-619428090299474.5,-618537151377687.2,-617651188489196.4,-616769957982598.0,-615893207368141.5,-615020675202658.6,-614152090976025.5,-613287174999295.1,-612425638294641.1,-611567182487259.5,-610711499699382.0,-609858272446546.9,-609007173536299.0,-608157865969469.8,-607310002844214.1,-606463227262976.2,-605617172242553.2,-604771460627450.4,-603925705006705.1,-603079507634371.6,-602232460353866.4,-601384144526370.8,-600534130963491.1,-599681979864393.9,-598827240757621.5,-597969452447810.5,-597108142967531.0,-596242829534476.5,-595373018514233.6,-594498205388862.9,-593617874731535.2,-592731500187462.0,-591838544461366.9,-590938459311749.0,-590030685552190.8,-589114653059969.2,-588189780792228.0,-587255476809979.1,-586311138310192.0,-585356151666249.6,-584389892477035.1,-583411725624924.4,-582421005342966.0,-581417075291518.2,-580399268644627.5,-579366908186427.6,-578319306417839.4,-577255765673854.6,-576175578251683.8,-575078026550050.2,-573962383219913.4,-572827911326895.4,-571673864525696.0,-570499487246769.2,-569304014895530.8,-568086674064373.8,-566846682757758.1,-565583250630629.9,-564295579240435.5,-562982862312981.1,-561644286022379.94,-560279029285326.0,-558886264069934.06,-557465155719353.0,-556014863290379.2,-554534539907264.2,-553023333130910.1,-551480385343632.75,-549904834149654.25,-548295812791481.0,-546652450582298.6,-544973873354501.8,-543259203924464.56,-541507562573626.9,-539718067545961.56,-537889835561859.0,-536021982348446.94,-534113623186332.44,-532163873472735.5,-530171849300945.5,-528136668056012.6,-526057449026546.5,-523933314032468.7,-521763388068528.56,-519546799963354.8,-517282683053783.44,-514970175874157.1,-512608422860261.3,-510196575067509.2,-507733790902958.8,-505219236870689.5,-502652088330041.7,-500031530266152.94,-497356758072211.7,-494626978342783.7,-491841409677539.4,-488999283494667.1,-486099844853226.0,-483142353283653.06,-480126083625623.8,-477050326872438.3,-473914391021095.94,-470717601927219.8,-467459304164000.6,-464138861884358.25,-460755659685553.25,-457309103475545.06,-453798621340477.25,-450223664412779.25,-446583707739511.44,-442878251150763.75,-439106820128131.75,-435268966673556.44,-431364270179134.7,-427392338298883.6,-423352807823888.44,-419245345562781.6,-415069649230114.94,-410825448345884.44,-406512505150276.4,-402130615538636.8,-397679610022711.94,-393159354725419.0,-388569752417746.9,-383910743607921.2,-379182307694664.6,-374384464198290.9,-369517274085474.3,-364580841205878.8,-359575313861384.1,-354500886531460.7,-349357801781299.2,-344146352382606.6,-338866883680539.8,-333519796244052.06,-328105548840965.9,-322624661783321.44,-317077720692987.06,-311465380742064.8,-305788371427270.6,-300047501942113.25,-294243667215247.25,-288377854687756.25,-282451151906147.2,-276464755011402.94,-270419978207327.44,-264318264293446.5,-258161196348655.66,-251950510651379.88,-245688110919994.2,-239376083953325.2,-233016716744999.2,-226612515136937.28,-220166224066259.8,-213680849446094.22,-207159681704345.78,-200606320985502.8,-194024703999493.25,-187419132479182.97,-180794303185495.66,-174155339378031.06,-167507823651797.25,-160857832030410.88,-154211969206939.3,-147577404840603.16,-140961910857204.94,-134373899770987.03,-127822464154532.05,-121317417541272.97,-114869337262894.56,-108489610012281.27,-102190481291619.33,-95985110362279.48,-89887632860780.66,-83913233877919.8,-78078234997802.1,-72400199522907.44,-66898060806596.555,-61592279174620.74,-56505033191549.73,-51660450800795.64,-47084884839567.72,-42807235202242.17,-38859315976434.13,-35276259550469.31,-32096940198472.52,-29364386089060.094,-27126130099956.59,-25434425450527.64,-24346221646808.64,-23922760309804.43,-24228612081412.883,-25329942205112.67,-27291778845268.58,-30174094886865.234,-34026657326938.17,-38882946402497.86,-44754139955122.914,-51625278462436.33,-59456733462955.66,-68191528767462.98,-77747905283107.19,-87878768775538.8,-97386599379179.69,-100673264204799.98,-74249628178155.44,64464667974804.2,0.0
7547.5,-753387723801924.1,-751722627227922.5,-750061713569341.5,-748405106067207.0,-746752927894642.9,-745105302118640.4,-743462351660801.5,-741824199257040.4,-740190967416222.5,-738562778377731.2,-736939754067941.9,-735322016055583.2,-733709685505982.8,-732102883134158.8,-730501729156764.1,-728906343242852.0,-727316844463448.5,-725733351239923.0,-724155981291131.8,-722584851579323.8,-721020078254790.8,-719461776599245.2,-717910060967914.2,-716365044730326.8,-714826840209786.4,-713295558621508.0,-711771310009410.5,-710254203181541.8,-708744345644129.5,-707241843534240.5,-705746801551033.5,-704259322885593.0,-702779509149332.2,-701307460300950.2,-699843274571933.5,-698387048390585.2,-696938876304577.1,-695498850902009.1,-694067062730965.5,-692643600217560.9,-691228549582465.1,-689821994755897.4,-688424017291084.2,-687034696276172.2,-685654108244588.8,-684282327083846.8,-682919423942788.6,-681565467137260.9,-680220522054225.4,-678884651054293.4,-677557913372693.9,-676240365018665.0,-674932058673276.2,-673633043585682.9,-672343365467814.0,-671063066387498.1,-669792184660038.6,-668530754738236.0,-667278807100875.4,-666036368139685.8,-664803460044779.1,-663580100688590.5,-662366303508325.2,-661162077386940.5,-659967426532668.4,-658782350357109.0,-657606843351913.4,-656440894964080.5,-655284489469894.6,-654137605847531.0,-653000217648363.6,-651872292867002.1,-650753793810101.0,-649644676963973.2,-648544892861050.5,-647454385945230.4,-646373094436164.0,-645300950192523.1,-644237878574302.0,-643183798304211.5,-642138621328214.5,-641102252675271.8,-640074590316354.9,-639055525022798.8,-638044940224057.0,-637042711864939.4,-636048708262409.1,-635062789962013.0,-634084809594037.2,-633114611729472.9,-632152032735885.2,-631196900633279.1,-630249034950065.5,-629308246579230.1,-628374337634815.0,-627447101308820.8,-626526321728656.6,-625611773815248.8,-624703223141938.8,-623800425794308.2,-622903128231051.0,-622011067146050.8,-621123969331796.5,-620241551544290.1,-619363520369605.1,-618489572092251.8,-617619392565515.4,-616752657083943.2,-615889030258148.9,-615028165892119.8,-614169706863214.8,-613313285005043.5,-612458520993421.8,-611605024235612.6,-610752392763053.8,-609900213127793.9,-609048060302848.5,-608195497586708.0,-607342076512223.8,-606487336760110.4,-605630806077304.2,-604772000200427.4,-603910422784606.2,-603045565337905.2,-602176907161637.8,-601303915296821.0,-600426044477051.2,-599542737088074.9,-598653423134337.5,-597757520212805.2,-596854433494343.5,-595943555712954.8,-595024267163176.2,-594095935705941.8,-593157916783218.9,-592209553441734.0,-591250176366101.0,-590279103921677.4,-589295642207465.4,-588299085119388.0,-587288714424264.5,-586263799844820.6,-585223599156057.6,-584167358293317.5,-583094311472378.5,-582003681321912.5,-580894679028637.5,-579766504495500.5,-578618346513220.8,-577449382945524.1,-576258780928395.4,-575045697083674.0,-573809277747314.0,-572548659212622.1,-571262967988787.9,-569951321075010.0,-568612826250515.5,-567246582380762.6,-565851679740108.8,-564427200351214.8,-562972218341445.9,-561485800316515.0,-559967005751609.06,-558414887400212.94,-556828491720835.5,-555206859321828.8,-553549025424464.2,-551854020344413.75,-550120869991764.9,-548348596389664.56,-546536218211673.2,-544682751337875.6,-542787209429765.7,-540848604523895.0,-538865947644235.75,-536838249433179.6,-534764520801048.6,-532643773593958.2,-530475021279832.44,-528257279652316.9,-525989567552299.4,-523670907606690.7,-521300326984066.4,-518876858166721.3,-516399539738627.8,-513867417188730.3,-511279543728954.75,-508634981126242.3,-505932800547862.0,-503172083419190.6,-500351922293088.25,-497471421729933.5,-494529699187326.8,-491525885918412.7,-488459127877716.94,-485328586633350.0,-482133440284389.8,-478872884382222.3,-475546132854603.56,-472152418931202.2,-468690996069390.9,-465161138879093.3,-461562144045551.4,-457893331248957.56,-454154044080039.6,-450343650950820.1,-446461546000012.56,-442507149992754.6,-438479911214729.3,-434379306361100.9,-430204841421193.0,-425956052560392.44,-421632507001448.6,-417233803908132.75,-412759575275141.25,-408209486829214.4,-403583238947663.56,-398880567601935.9,-394101245335454.4,-389245082286813.0,-384311927271482.9,-379301668937523.25,-374214237013403.94,-369049603668955.6,-363807785013696.94,-358488842760345.56,-353092886085224.9,-347620073721542.25,-342070616326134.94,-336444779165251.2,-330742885170268.6,-324965318419883.0,-319112528111255.56,-313185033088769.6,-307183427005399.0,-301108384198133.0,-294960666365281.9,-288741130139743.1,-282450735658170.5,-276090556231352.06,-269661789225652.9,-263165768268886.44,-256603976896141.84,-249978063751545.25,-243289859460370.75,-236541395281940.44,-229734923647050.88,-222872940673899.2,-215958210743469.5,-208993793198952.16,-201983071214124.12,-194929782853107.16,-187838054319293.6,-180712435365798.44,-173557936815498.84,-166380070118350.75,-159184888861092.28,-151979032144704.97,-144769769764694.25,-137565049176545.67,-130373544313609.06,-123204706458958.56,-116068817569913.42,-108977046728588.25,-101941510759121.62,-94975340526132.36,-88092755020154.58,-81309146048242.4,-74641177173958.3,-68106901464421.086,-61725903549221.49,-55519472383223.016,-49510811783724.58,-43725296059147.59,-38190777541959.4,-32937951143493.46,-28000777580984.074,-23416960950427.36,-19228466949408.273,-15482054317339.453,-12229773033803.578,-9529357925441.023,-7444415913988.013,-6044271419991.771,-5403303162835.42,-5599588564726.186,-6712690672398.264,-8820512649162.17,-11995359453778.611,-16299747779045.465,-21783111409031.44,-28481108049112.32,-36418411706566.04,-45608508332609.24,-56012152630955.91,-67300063612396.02,-77866379391779.94,-81188411590416.23,-53551552433438.19,65180533481727.16,0.0
7545.0,-771400146296907.0,-769653416744443.2,-767910200099545.8,-766170630706463.0,-764434843134965.2,-762702972145072.0,-760975152650721.5,-759251519682360.0,-757532208348428.2,-755817353795735.9,-754107091168693.2,-752401555567386.5,-750700882004479.0,-749005205360910.1,-747314660340384.2,-745629381422619.8,-743949502815338.1,-742275158404986.2,-740606481706152.5,-738943605809673.5,-737286663329401.2,-735635786347614.5,-733991106359055.4,-732352754213568.0,-730720860057322.2,-729095553272602.2,-727476962416138.5,-725865215155966.4,-724260438206787.2,-722662757263823.5,-721072296935131.0,-719489180672367.9,-717913530699990.9,-716345467942864.0,-714785111952258.5,-713232580830231.6,-711687991152363.8,-710151457888834.9,-708623094323828.2,-707103011973240.8,-705591320500689.0,-704088127631788.8,-702593539066702.5,-701107658390931.6,-699630586984347.8,-698162423928442.2,-696703265911790.2,-695253207133710.8,-693812339206117.2,-692380751053544.4,-690958528811345.6,-689545755722052.9,-688142512029887.8,-686748874873425.4,-685364918176398.0,-683990712536637.4,-682626325113159.5,-681271819511377.0,-679927255666453.9,-678592689724791.0,-677268173923655.5,-675953756468948.6,-674649481411127.0,-673355388519277.2,-672071513153359.0,-670797886134618.8,-669534533614197.6,-668281476939941.4,-667038732521429.1,-665806311693239.0,-664584220576479.6,-663372459938593.4,-662171025051479.6,-660979905547942.9,-659799085276513.5,-658628542154661.8,-657468248020451.8,-656318168482660.9,-655178262769420.1,-654048483575403.5,-652928776907631.0,-651819081929920.0,-650719330806047.8,-649629448541680.4,-648549352825126.2,-647478953866980.2,-646418154238725.2,-645366848710363.1,-644324924087149.6,-643292259045514.0,-642268723968245.5,-641254180779033.1,-640248482776455.4,-639251474467509.9,-638262991400790.5,-637282859999411.6,-636310897393795.5,-635346911254432.9,-634390699624740.2,-633442050754138.6,-632500742931485.0,-631566544318990.5,-630639212786767.6,-629718495748155.0,-628804129995967.8,-627895841539839.5,-626993345444808.6,-626096345671331.8,-625204534916889.6,-624317594459374.0,-623435194002439.0,-622556991523018.9,-621682633121202.9,-620811752872683.1,-619943972683984.4,-619078902150699.5,-618216138418953.1,-617355266050330.8,-616495856890512.6,-615637469941857.5,-614779651240192.2,-613921933736065.5,-613063837180735.5,-612204868017162.5,-611344519276286.8,-610482270478883.5,-609617587543285.1,-608749922699270.0,-607878714408427.8,-607003387291316.1,-606123352061726.2,-605238005468380.6,-604346730244405.1,-603448895064902.8,-602543854512982.6,-601630949054588.1,-600709505022482.5,-599778834609755.4,-598838235873208.9,-597886992747003.8,-596924375066932.8,-595949638605705.9,-594962025119629.6,-593960762407065.9,-592945064379063.4,-591914131142553.9,-590867149096505.4,-589803291041435.8,-588721716302677.8,-587621570867802.0,-586501987538590.6,-585362086097964.8,-584200973492263.8,-583017744029266.4,-581811479592354.5,-580581249871204.2,-579326112609392.5,-578045113869293.2,-576737288314646.0,-575401659511155.8,-574037240245484.2,-572643032862980.9,-571218029624489.6,-569761213082559.5,-568271556477361.9,-566748024152620.2,-565189571991823.0,-563595147874981.2,-561963692156172.75,-560294138162086.3,-558585412711758.9,-556836436657672.2,-555046125448341.9,-553213389712509.25,-551337135864998.75,-549416266734282.9,-547449682211742.44,-545436279922578.25,-543374955918277.25,-541264605390493.5,-539104123406147.0,-536892405663492.1,-534628349268844.8,-532310853533599.06,-529938820791094.9,-527511157232828.5,-525026773763429.0,-522484586873740.5,-519883519531277.2,-517222502087228.7,-514500473199117.44,-511716380768106.4,-508869182889884.94,-505957848817956.25,-502981359938063.6,-499938710752406.0,-496828909872202.75,-493650981017082.3,-490403964019697.8,-487086915833898.1,-483698911544722.1,-480239045378443.56,-476706431710858.5,-473100206072005.3,-469419526145520.94,-465663572760887.3,-461831550876913.25,-457922690554918.7,-453936247920282.0,-449871506111249.6,-445727776214229.75,-441504398185180.8,-437200741757217.94,-432816207335149.1,-428350226878390.9,-423802264774591.7,-419171818707308.75,-414458420522314.6,-409661637098521.56,-404781071231151.5,-399816362536682.0,-394767188391270.0,-389633264916828.3,-384414348031747.75,-379110234586423.6,-373720763607307.44,-368245817677182.06,-362685324483770.7,-357039258573671.8,-351307643353957.06,-345490553389621.2,-339588117051390.8,-333600519575208.9,-327528006601967.7,-321370888273725.56,-315129543970662.56,-308804427781280.8,-302396074806780.7,-295905108408905.06,-289332248518737.44,-282678321131652.75,-275944269120609.2,-269131164505896.94,-262240222323913.88,-255272816240112.03,-248230496051456.62,-241115007221064.6,-233928312581598.06,-226672616334029.53,-219350390454064.97,-211964403599570.56,-204517752588619.66,-197013896489517.62,-189456693331975.38,-181850439413785.25,-174199911141945.3,-166510409314369.03,-158787805722550.56,-151038591943012.0,-143269930194131.3,-135489706175475.3,-127706583891987.6,-119930062610941.97,-112170536323700.47,-104439356407309.34,-96748898624259.0,-89112636182910.0,-81545221322876.28,-74062578797187.08,-66682015688844.7,-59422353190557.68,-52304087221001.28,-45349585919930.36,-38583332948616.65,-32032225803558.77,-25725937571091.633,-19697348074068.0,-13983045351987.287,-8623889825722.979,-3665620111767.665,840539977717.2773,4837340146832.769,8261128442752.832,11041781258635.17,13103115732833.271,14363987520740.889,14740269167493.89,14147831017434.514,12506469296731.621,9744424159465.418,5802780369448.324,639038406398.8877,-5769233628285.3125,-13412976768338.707,-22204439320182.684,-31817723754362.926,-41264157722875.28,-48079836616188.33,-47446918185663.83,-28527572142004.93,0.0
7542.5,-790103323246440.1,-788275869012481.8,-786451121337781.5,-784629224455933.2,-782810323132723.0,-780994562634548.6,-779182088695762.0,-777373047484911.4,-775567585569862.2,-773765849881772.0,-771967987677900.8,-770174146503229.5,-768384474150876.4,-766599118621263.2,-764818228080039.5,-763041950814719.0,-761270435190011.1,-759503829601828.6,-757742282429944.5,-755985941989269.6,-754234956479736.8,-752489473934759.4,-750749642168244.8,-749015608720134.8,-747287520800453.2,-745565525231832.8,-743849768390499.2,-742140396145687.4,-740437553797462.2,-738741386012928.5,-737052036760795.1,-735369649244276.0,-733694365832303.5,-732026327989025.5,-730365676201567.6,-728712549906034.8,-727067087411729.5,-725429425823560.8,-723799700962622.2,-722178047284921.0,-720564597798227.2,-718959483977027.1,-717362835675555.9,-715774781038891.2,-714195446412084.0,-712624956247307.5,-711063433009003.0,-709510997077007.0,-707967766647635.0,-706433857632709.8,-704909383556512.2,-703394455450643.6,-701889181746774.4,-700393668167274.0,-698908017613705.2,-697432330053162.8,-695966702402456.8,-694511228410115.2,-693065998536212.4,-691631099829997.0,-690206615805328.9,-688792626313903.5,-687389207416271.0,-685996431250643.0,-684614365899480.0,-683243075253868.2,-681882618875681.8,-680533051857534.9,-679194424680532.0,-677866783069815.1,-676550167847932.5,-675244614786020.6,-673950154452832.8,-672666812061613.1,-671394607314849.6,-670133554246910.5,-668883661064607.0,-667644929985688.5,-666417357075316.4,-665200932080534.9,-663995638262784.4,-662801452228486.4,-661618343757751.9,-660446275631244.2,-659285203455259.1,-658135075485062.0,-656995832446546.2,-655867407356267.1,-654749725339916.0,-653642703449303.9,-652546250477924.8,-651460266775173.2,-650384644059302.9,-649319265229202.5,-648264004175088.2,-647218725588200.6,-646183284769611.1,-645157527438240.8,-644141289538201.1,-643134397045577.0,-642136665774769.5,-641147901184528.8,-640167898183806.5,-639196440937574.5,-638233302672746.0,-637278245484360.9,-636331020142182.4,-635391365897884.2,-634459010292985.8,-633533668967722.2,-632615045471032.0,-631702831071858.6,-630796704571957.9,-629896332120425.0,-629001367030156.8,-628111449596464.4,-627226206918072.6,-626345252720740.0,-625468187183748.5,-624594596769509.5,-623724054056559.1,-622856117576198.6,-621990331653067.0,-621126226249930.4,-620263316816979.2,-619401104145938.8,-618539074229302.1,-617676698125005.6,-616813431826874.4,-615948716141172.8,-615081976569606.2,-614212623199124.5,-613340050598888.0,-612463637724767.4,-611582747831750.5,-610696728394644.1,-609804911037463.2,-608906611471907.1,-608001129445328.6,-607087748698617.0,-606165736934412.5,-605234345796083.5,-604292810857902.6,-603340351626862.1,-602376171556581.8,-601399458073756.8,-600409382617612.6,-599405100692822.8,-598385751936365.1,-597350460198787.6,-596298333640355.2,-595228464842564.9,-594139930935501.9,-593031793741525.5,-591903099935763.6,-590752881223904.4,-589580154537760.9,-588383922249098.9,-587163172402195.8,-585916878965612.2,-584644002103646.5,-583343488467929.4,-582014271509620.8,-580655271812657.0,-579265397448481.0,-577843544352685.8,-576388596723982.8,-574899427445889.9,-573374898531522.4,-571813861591848.9,-570215158327743.8,-568577621046163.6,-566900073200727.5,-565181329956967.0,-563420198782472.0,-561615480062129.0,-559765967738604.2,-557870449978189.25,-555927709862077.1,-553936526103088.2,-551895673787815.1,-549803925144095.25,-547660050333661.75,-545462818269749.94,-543210997459376.25,-540903356869919.6,-538538666819560.6,-536115699891042.75,-533633231868133.44,-531090042694056.06,-528484917451071.94,-525816647360274.3,-523084030800545.1,-520285874345511.56,-517420993817209.9,-514488215355042.06,-511486376498481.3,-508414327281846.5,-505270931339341.06,-502055067018413.2,-498765628499370.94,-495401526919058.56,-491961691496289.06,-488445070656618.3,-484850633153964.7,-481177369186499.3,-477424291504197.25,-473590436505420.2,-469674865319934.06,-465676664875828.3,-461594948947947.06,-457428859185626.2,-453177566117815.9,-448840270134037.25,-444416202440098.3,-439904625988110.75,-435304836381089.5,-430616162753353.44,-425837968629049.06,-420969652762456.2,-416010649965309.94,-410960431928233.75,-405818508045533.25,-400584426255122.5,-395257773908232.44,-389838178686864.94,-384325309590716.44,-378718878019555.75,-373018638981824.94,-367224392465581.56,-361335985013855.75,-355353311553038.75,-349276317530128.6,-343105001422463.94,-336839417692023.1,-330479680265376.75,-324025966629915.56,-317478522646945.56,-310837668192486.94,-304103803747000.8,-297277418065537.75,-290359097069668.6,-283349534111698.6,-276249541769592.75,-269060065337304.97,-261782198179165.78,-254417199118008.0,-246966512024017.75,-239431787764142.3,-231814908659388.94,-224118015578771.75,-216343537773258.28,-208494225520344.6,-200573185609637.53,-192583919652345.12,-184530365143862.25,-176416939150707.16,-168248584434210.4,-160030817768681.72,-151769780168517.47,-143472288716864.16,-135145889701264.47,-126798912826113.61,-118440526408897.4,-110080793702320.27,-101730730846843.6,-93402367479859.7,-85108811741441.86,-76864322351845.42,-68684391612751.01,-60585844603845.87,-52586961477121.35,-44707631509277.27,-36969549294788.04,-29396464871083.605,-22014500226682.562,-14852543904875.006,-7942732362133.404,-1321020132990.5422,4972170892538.434,10891251540146.904,16384771011372.307,21394822798693.082,25856694953957.137,29698966731213.926,32844312196345.473,35211314385028.35,36717594122924.03,37284480945208.23,36843274263254.66,35342892499765.49,32758562382508.355,29101529333608.355,24430567328585.11,18862754769618.492,12542050998109.887,5285424580075.838,-5504648331296.952,-33184580929644.13,-94875037534155.98,0.0
7540.0,-809508854858576.5,-807602729255413.8,-805698365645353.2,-803795916697446.5,-801895535928776.5,-799997377677287.6,-798101597073537.2,-796208350011347.2,-794317793117324.2,-792430083719234.8,-790545379813202.2,-788663840029698.2,-786785623598319.0,-784910890311296.9,-783039800485743.0,-781172514924581.6,-779309194876154.0,-777450001992465.0,-775595098286046.0,-773744646085402.4,-771898807989025.2,-770057746817932.5,-768221625566717.0,-766390607353066.2,-764564855365737.9,-762744532810944.0,-760929802857135.1,-759120828578138.1,-757317772894633.0,-755520798513925.0,-753730067867998.8,-751945743049807.2,-750167985747785.8,-748396957178540.2,-746632818017701.4,-744875728328893.2,-743125847490811.0,-741383334122353.6,-739648346005800.1,-737921040007993.2,-736201571999500.0,-734490096771720.6,-732786767951922.2,-731091737916158.8,-729405157700059.5,-727727176907446.8,-726057943616767.2,-724397604285298.0,-722746303651106.5,-721104184632739.2,-719471388226604.6,-717848053402037.2,-716234316994004.2,-714630313593441.9,-713036175435190.4,-711452032283508.2,-709878011315142.6,-708314236999932.9,-706760830978932.0,-705217911940019.2,-703685595490993.0,-702163994030121.8,-700653216614137.2,-699153368823661.8,-697664552626043.9,-696186866235603.0,-694720403971266.6,-693265256111589.1,-691821508747151.5,-690389243630327.4,-688968538022424.5,-687559464538184.4,-686162090987655.9,-684776480215433.5,-683402689937272.4,-682040772574079.6,-680690775083305.8,-679352738787727.8,-678026699201659.6,-676712685854590.8,-675410722112285.6,-674120824995359.2,-672843004995360.9,-671577265888393.8,-670323604546303.6,-669082010745476.5,-667852466973279.4,-666634948232201.1,-665429421841724.8,-664235847238002.0,-663054175771373.6,-661884350501802.9,-660726305992289.9,-659579968100332.4,-658445253767512.2,-657322070807291.2,-656210317691092.6,-655109883332773.9,-654020646871573.2,-652942477453646.2,-651875234012289.9,-650818765046976.9,-649772908401317.2,-648737491040077.8,-647712328825389.6,-646697226292289.5,-645691976423738.5,-644696360425277.6,-643710147499480.5,-642733094620370.4,-641764946307986.9,-640805434403280.0,-639854277843529.0,-638911182438488.6,-637975840647472.1,-637047931357586.9,-636127119663354.9,-635213056647952.8,-634305379166314.1,-633403709630352.5,-632507655796568.0,-631616810556307.4,-630730751728966.0,-629849041858421.2,-628971228012999.4,-628096841589290.0,-627225398120130.2,-626356397087090.0,-625489321737803.6,-624623638908497.9,-623758798852084.6,-622894235072185.2,-622029364163479.1,-621163585658764.5,-620296281883140.5,-619426817815725.2,-618554540959335.8,-617678781218568.1,-616798850786719.4,-615914044042016.8,-615023637453612.2,-614126889497827.0,-613223040585125.4,-612311312998322.4,-611390910842523.9,-610461020007317.8,-609520808141738.9,-608569424642540.1,-607606000656308.1,-606629649095975.8,-605639464672283.0,-604634523940748.2,-603613885364723.5,-602576589395101.5,-601521658567259.2,-600448097615818.6,-599354893607813.6,-598241016094855.2,-597105417284885.0,-595947032234112.4,-594764779059728.4,-593557559173992.9,-592324257540276.5,-591063742951659.8,-589774868332654.1,-588456471064634.4,-587107373335545.5,-585726382514439.8,-584312291551394.1,-582863879403340.8,-581379911486322.5,-579859140154679.6,-578300305207636.0,-576702134423748.8,-575063344123639.2,-573382639761409.2,-571658716545106.5,-569890260086557.8,-568075947080871.2,-566214446015835.8,-564304417911415.6,-562344517089475.7,-560333391973815.25,-558269685920520.9,-556152038078582.75,-553979084280634.75,-551749457963601.06,-549461791118937.06,-547114715272059.44,-544706862490446.6,-542236866419790.25,-539703363347443.56,-537104993292291.6,-534440401120033.25,-531708237682706.0,-528907160981147.4,-526035837348908.56,-523092942655978.4,-520077163530490.6,-516987198596407.2,-513821759724981.9,-510579573297616.6,-507259381477526.6,-503859943487439.6,-500380036890363.7,-496818458870273.06,-493174027509393.56,-489445583058605.8,-485631989197361.0,-481732134279385.56,-477744932560405.06,-473669325404064.56,-469504282462302.8,-465248802826507.5,-460901916146000.4,-456462683710690.94,-451930199495148.6,-447303591161923.3,-442582021022660.75,-437764686956484.6,-432850823286275.3,-427839701614869.8,-422730631624908.7,-417522961848089.56,-412216080411982.44,-406809415775390.56,-401302437466521.5,-395694656842038.3,-389985627889422.56,-384174948100054.4,-378262259446056.56,-372247249500281.6,-366129652745906.9,-359909252129942.56,-353585880923591.0,-347159424961796.8,-340629825344481.5,-333997081692803.9,-327261256065211.44,-320422477649940.0,-313480948362731.4,-306436949490626.75,-299290849534397.3,-292043113413023.8,-284694313203096.75,-277245140593378.0,-269696421239254.8,-262049131202452.28,-254304415657110.53,-246463610032931.22,-238528263748305.88,-230500166659764.34,-222381378317430.8,-214174260068264.38,-205881509988793.78,-197506200556460.06,-189051818884019.88,-180522309246320.22,-171922117526484.1,-163256237104663.62,-154530255615615.1,-145750401923776.0,-136923592623370.52,-128057477389128.12,-119160482609806.89,-110241852968467.03,-101311691034352.11,-92380995552074.06,-83461700010021.84,-74566714297359.81,-65709973866365.88,-56906502833476.19,-48172499869234.21,-39525458469114.13,-30984336082390.734,-22569789261828.477,-14304493904336.889,-6213569872626.404,1674873534863.431,9329062591951.06,16712761336045.797,23784383961366.07,30496091626382.89,36793007987233.75,42612769620521.99,47885730244357.25,52536252210832.61,56485620548381.766,59657152940845.58,61983959846092.41,63419364202868.39,63948877623074.164,63599950407988.52,62438535029217.53,60519490205934.6,57684506191603.31,52849540378205.23,41582353542325.51,8963861420319.904,-70801316428892.7,0.0
7537.5,-829619931545261.0,-827638434023810.5,-825657615600218.1,-823677635688073.0,-821698654869425.2,-819720834872710.2,-817744338549619.5,-815769329850883.1,-813795973800942.8,-811824436471487.6,-809854884953825.5,-807887487330060.0,-805922412643054.0,-803959830865136.0,-801999912865536.5,-800042830376519.0,-798088755958166.5,-796137862961816.8,-794190325492089.4,-792246318367493.8,-790306017079581.0,-788369597750600.8,-786437237089645.2,-784509112347236.0,-782585401268329.8,-780666282043704.8,-778751933259696.6,-776842533846252.2,-774938263023264.9,-773039300245157.9,-771145825143683.5,-769258017468900.8,-767376057028300.0,-765500123624035.5,-763630396988233.9,-761767056716341.8,-759910282198479.5,-758060252548761.1,-756217146532544.2,-754381142491583.2,-752552418267037.0,-750731151120301.8,-748917517651637.1,-747111693716535.4,-745313854339817.2,-743524173627398.5,-741742824675705.9,-739969979478700.4,-738205808832473.0,-736450482237378.4,-734704167797667.8,-732967032118594.9,-731239240200949.8,-729520955332994.2,-727812338979761.0,-726113550669686.2,-724424747878539.8,-722746085910624.5,-721077717777211.5,-719419794072179.1,-717772462844830.9,-716135869469857.0,-714510156514414.2,-712895463602304.9,-711291927275208.8,-709699680850967.5,-708118854278882.5,-706549573992003.5,-704991962756402.0,-703446139517386.5,-701912219242668.8,-700390312762438.5,-698880526606356.9,-697382962837433.9,-695897718882800.4,-694424887361346.1,-692964555908236.8,-691516806996290.0,-690081717754223.2,-688659359781762.0,-687249798961622.5,-685853095268371.2,-684469302574169.9,-683098468451424.6,-681740633972347.8,-680395833505460.2,-679064094509050.5,-677745437321622.0,-676439874949359.5,-675147412850645.5,-673868048717672.0,-672601772255185.8,-671348564956417.8,-670108399876250.0,-668881241401678.1,-667667045019628.5,-666465757082204.4,-665277314569430.6,-664101644849577.2,-662938665437148.6,-661788283748628.1,-660650396856076.9,-659524891238690.6,-658411642532428.5,-657310515277822.8,-656221362666110.5,-655144026283802.0,-654078335855839.2,-653024108987489.0,-651981150905120.4,-650949254196041.5,-649928198547561.5,-648917750485460.0,-647917663112057.8,-646927675844084.5,-645947514150559.0,-644976889290892.2,-644015498053448.2,-643063022494802.8,-642119129679942.6,-641183471423672.2,-640255684033493.2,-639335388054242.8,-638422188014778.2,-637515672177018.5,-636615412287651.4,-635720963332840.8,-634831863296267.8,-633947632920858.9,-633067775474568.8,-632191776520588.9,-631319103692371.9,-630449206473877.2,-629581515985447.8,-628715444775747.6,-627850386620199.6,-626985716326380.2,-626120789546832.5,-625254942599783.8,-624387492298255.4,-623517735788075.8,-622644950395314.6,-621768393483671.6,-620887302322365.6,-620000893965084.8,-619108365140567.5,-618208892155404.8,-617301630809652.0,-616385716325873.5,-615460263292227.5,-614524365620239.6,-613577096517900.1,-612617508478747.1,-611644633287603.9,-610657482043644.4,-609655045201478.5,-608636292630953.1,-607600173696375.0,-606545617355863.6,-605471532281567.1,-604376807001451.8,-603260310063412.4,-602120890222427.1,-600957376651508.1,-599768579177176.5,-598553288540216.6,-597310276682441.0,-596038297060208.9,-594736084985431.1,-593402357994793.2,-592035816247910.0,-590635142955126.8,-589199004835664.2,-587726052606783.0,-586214921504635.8,-584664231837445.9,-583072589571630.5,-581438586951450.5,-579760803152750.1,-578037804971298.5,-576268147546207.0,-574450375118861.6,-572583021827731.9,-570664612539389.6,-568693663715980.6,-566668684319334.9,-564588176751819.6,-562450637833945.3,-560254559818652.75,-557998431442088.3,-555680739010575.4,-553299967523355.25,-550854601830539.75,-548343127825574.25,-545764033671344.25,-543115811058895.2,-540396956497551.56,-537605972635021.44,-534741369605866.1,-531801666406498.75,-528785392294630.75,-525691088210847.4,-522517308219732.3,-519262620967692.6,-515925611154359.8,-512504881014159.9,-508999051804354.06,-505406765295571.75,-501726685260564.56,-497957498956644.0,-494097918597001.44,-490146682805874.7,-486102558052325.4,-481964340057229.1,-477730855167977.06,-473400961695357.56,-468973551207140.5,-464447549773055.0,-459821919156137.3,-455095657945892.3,-450267802629331.3,-445337428596824.56,-440303651080801.9,-435165626026757.6,-429922550897754.75,-424573665415770.8,-419118252245805.75,-413555637631755.4,-407885191996698.9,-402106330524503.44,-396218513744597.94,-390221248147457.56,-384114086864835.4,-377896630456125.5,-371568527850495.7,-365129477503616.1,-358579228837911.7,-351917584046326.94,-345144400351467.1,-338259592824655.56,-331263137882685.25,-324155077593651.8,-316935524936885.94,-309604670175213.44,-302162788509996.44,-294610249199915.3,-286947526332348.44,-279175211440383.62,-271294028157659.9,-263304849095832.2,-255208715113742.94,-247006857121384.22,-238700720523316.28,-230291992353174.5,-221782631081043.75,-213174898986884.0,-204471396884427.44,-195675100850488.0,-186789400465362.88,-177818137903936.22,-168765647040280.12,-159636791551093.56,-150437000840827.84,-141172302486450.34,-131849349843937.8,-122475443513915.72,-113058545585027.44,-103607286029235.77,-94130961396467.7,-84639527143446.66,-75143586639563.86,-65654382229172.84,-56183796789394.54,-46744378061970.63,-37349402635999.75,-28013001657329.203,-18750375755937.027,-9578131578151.457,-514775420005.5913,8418601250567.398,17197417218657.318,25792469771623.258,34168604318455.96,42283276189245.734,50085192323698.41,57513359732495.53,64497048946137.84,70957381858744.97,76811399389397.95,81979364589741.58,86395276572689.84,90018166309055.42,92835718819652.89,94838035483236.67,95910628032886.66,95546273024759.77,92248778773363.16,82810197897032.7,62838850978174.02,22518001521505.434,0.0
7535.0,-850429956463863.5,-848377727676517.9,-846324958589427.0,-844271813440269.2,-842218457955165.8,-840165059332340.8,-838111786224769.0,-836058808721775.1,-834006298329555.4,-831954427950603.1,-829903371861999.5,-827853305692541.4,-825804406398686.5,-823756852239266.8,-821710822748958.1,-819666498710465.2,-817624062125384.0,-815583696183727.8,-813545585232063.5,-811509914740235.8,-809476871266647.0,-807446642422046.0,-805419416831810.6,-803395384096664.8,-801374734751815.1,-799357660224457.8,-797344352789624.9,-795335005524328.2,-793329812259968.5,-791328967532966.8,-789332666533578.0,-787341105052855.2,-785354479427719.2,-783372986484089.8,-781396823478047.5,-779426188034977.4,-777461278086659.0,-775502291806253.6,-773549427541157.5,-771602883743667.2,-769662858899424.8,-767729551453591.9,-765803159734714.5,-763883881876234.2,-761971915735601.5,-760067458810946.8,-758170708155267.6,-756281860288086.5,-754401111104534.8,-752528655781820.2,-750664688683032.0,-748809403258243.8,-746962991942859.1,-745125646053175.5,-743297555679100.2,-741478909573991.0,-739669895041572.5,-737870697819884.5,-736081501962220.9,-734302489715016.6,-732533841392643.8,-730775735249067.2,-729028347346331.5,-727291851419830.0,-725566418740316.9,-723852217972632.0,-722149415031093.6,-720458172931523.0,-718778651639870.4,-717111007917403.6,-715455395162430.8,-713811963248517.2,-712180858359180.5,-710562222819019.9,-708956194921263.8,-707362908751706.9,-705782494009013.0,-704215075821362.6,-702660774559429.8,-701119705645666.0,-699591979359879.6,-698077700641101.5,-696576968885723.6,-695089877741907.2,-693616514900255.8,-692156961880754.0,-690711293815976.0,-689279579230567.8,-687861879817017.6,-686458250207725.0,-685068737743389.9,-683693382237742.2,-682332215738639.1,-680985262285563.5,-679652537663556.8,-678334049153629.2,-677029795279695.5,-675739765552084.6,-674463940207684.2,-673202289946781.0,-671954775666670.5,-670721348192105.0,-669501948002673.2,-668296504957190.2,-667104938015201.2,-665927154955702.1,-664763052093184.8,-663612513991133.2,-662475413173092.4,-661351609831449.0,-660240951534068.9,-659143272928943.1,-658058395447010.4,-656986127003322.1,-655926261696742.0,-654878579508360.4,-653842845998840.8,-652818812004902.2,-651806213335167.8,-650804770465612.0,-649814188234861.8,-648834155539603.5,-647864345030371.8,-646904412808009.5,-645953998121085.2,-645012723064593.1,-644080192280247.5,-643155992658718.4,-642239693044152.2,-641330843941354.4,-640428977226001.8,-639533605858292.0,-638644223600432.0,-637760304738396.0,-636881303808390.9,-636006655328491.8,-635135773535911.0,-634268052130401.0,-633402864024285.4,-632539561099650.1,-631677473973225.4,-630815911769516.8,-629954161902759.5,-629091489868282.4,-628227139043886.6,-627360330501867.6,-626490262832316.2,-625616111978356.2,-624737031083998.2,-623852150355296.1,-622960576935518.2,-622061394795056.0,-621153664636816.2,-620236423817851.9,-619308686288009.0,-618369442546377.2,-617417659616355.5,-616452281040148.0,-615472226893529.5,-614476393821732.2,-613463655097312.8,-612432860700880.4,-611382837425568.5,-610312389006158.9,-609220296273756.9,-608105317336943.2,-606966187790328.9,-605801620951442.0,-604610308126892.4,-603390918908746.4,-602142101502064.8,-600862483084541.1,-599550670199186.6,-598205249180991.9,-596824786618503.5,-595407829851225.9,-593952907503761.8,-592458530057574.1,-590923190461244.0,-589345364780061.6,-587723512885774.2,-586056079187260.1,-584341493402880.5,-582578171375192.8,-580764515928679.1,-578898917771065.0,-576979756438746.9,-575005401286768.9,-572974212523704.4,-570884542291705.4,-568734735791869.2,-566523132454969.8,-564248067157452.1,-561907871482468.5,-559500875025555.3,-557025406744392.5,-554479796351894.7,-551862375751676.4,-549171480514712.06,-546405451395767.06,-543562635887921.9,-540641389813221.25,-537640078947184.2,-534557080674591.0,-531390785673614.94,-528139599625012.06,-524801944942703.0,-521376262521673.7,-517861013498728.8,-514254681021193.2,-510555772018236.5,-506762818969063.0,-502874381661778.7,-498889048936338.44,-494805440404577.7,-490622208139986.3,-486338038329558.56,-481951652879824.56,-477461810969002.4,-472867310537162.1,-468166989706377.75,-463359728123096.75,-458444448215406.8,-453420116358574.4,-448285743943204.06,-443040388341688.7,-437683153770320.44,-432213192046590.7,-426629703243890.5,-420931936249073.75,-415119189232288.44,-409190810043141.3,-403146196552755.9,-396984796967671.4,-390706110148878.75,-384309685977693.94,-377795125819618.3,-371162083147930.4,-364410264400416.44,-357539430155384.25,-350549396726781.25,-343440038292676.2,-336211289686318.4,-328863149994024.6,-321395687118773.7,-313809043481862.4,-306103443046416.7,-298279199854731.75,-290336728274975.1,-282276555149856.56,-274099334028427.72,-265805861639673.97,-257397096730186.2,-248874181334757.25,-240238464474792.12,-231491528181386.22,-222635215614369.22,-213671660892529.4,-204603320061630.53,-195433002405385.62,-186163901052647.66,-176799621558108.06,-167344206845844.06,-157802156625113.12,-148178439146343.3,-138478493006521.11,-128708216698650.8,-118873943812451.66,-108982402340956.44,-99040657566686.53,-89056039658426.75,-79036059601042.3,-68988320624079.85,-58920437113832.76,-48839979287071.08,-38754469793463.695,-28671467852441.047,-18598787168598.4,-8544904840055.191,1480371924333.7239,11464909216126.244,21392851894623.035,31242783796936.598,40985443810944.375,50581089513776.95,59976749162675.766,69103821918626.18,77876763260269.17,86193847009068.95,93940978612008.83,100998626148924.28,107248767863108.72,112570651393436.02,116796875085267.17,119572057612271.14,120034402787193.19,116364976553610.55,106121132840318.58,90517674288081.9,72022344455667.3,0.0
7532.5,-871921114334709.2,-869804223073940.4,-867685439534108.8,-865564930639323.6,-863442865116242.2,-861319413484045.0,-859194748043453.2,-857069042864762.9,-854942473774861.2,-852815218343197.8,-850687455866682.8,-848559367353473.9,-846431135505635.9,-844302944700617.8,-842174980971534.9,-840047431986217.0,-837920487024979.0,-835794336957095.0,-833669174215929.2,-831545192772691.6,-829422588108781.8,-827301557186685.5,-825182298419383.8,-823065011638234.0,-820949898059292.5,-818837160248028.4,-816727002082396.8,-814619628714224.8,-812515246528871.5,-810414063103122.5,-808316287161265.5,-806222128529318.8,-804131798087356.6,-802045507719890.5,-799963470264265.5,-797885899457014.0,-795813009878139.2,-793745016893259.2,-791682136593582.1,-789624585733655.8,-787572581666843.5,-785526342278479.9,-783486085916653.6,-781452031320568.5,-779424397546433.8,-777403403890830.2,-775389269811502.0,-773382214845519.0,-771382458524765.2,-769390220288692.5,-767405719394289.8,-765429174823215.9,-763460805186041.8,-761500828623547.0,-759549462705019.5,-757606924323501.2,-755673429587931.5,-753749193712126.1,-751834430900544.1,-749929354230790.0,-748034175532788.2,-746149105264589.0,-744274352384739.0,-742410124221179.0,-740556626336600.5,-738714062390217.5,-736882633995905.6,-735062540576644.2,-733253979215227.0,-731457144501178.5,-729672228373838.2,-727899419961551.2,-726138905416939.0,-724390867748181.2,-722655486646284.5,-720932938308278.8,-719223395256316.2,-717527026152616.5,-715843995610234.0,-714174463999600.8,-712518587250818.5,-710876516651661.0,-709248398641263.9,-707634374599468.1,-706034580631797.1,-704449147350042.0,-702878199648440.9,-701321856475428.9,-699780230600954.8,-698253428379347.8,-696741549507733.8,-695244686779996.5,-693762925836289.8,-692296344908101.4,-690845014558888.0,-689408997420290.0,-687988347923950.6,-686583112028967.5,-685193326945001.9,-683819020851090.6,-682460212610199.1,-681116911479568.2,-679789116816906.4,-678476817782495.5,-677179993037279.2,-675898610437007.2,-674632626722523.8,-673381987206297.5,-672146625455285.2,-670926462970245.4,-669721408861619.8,-668531359522112.4,-667356198296099.2,-666195795146022.6,-665050006315924.8,-663918673992289.1,-662801625962374.5,-661698675270223.4,-660609619870562.6,-659534242280793.8,-658472309231319.8,-657423571314431.1,-656387762632021.0,-655364600442386.8,-654353784806401.6,-653354998233362.4,-652367905326806.9,-651392152430646.2,-650427367275939.4,-649473158628679.2,-648529115938958.0,-647594808991906.4,-646669787560813.8,-645753581062859.0,-644845698217892.2,-643945626710732.2,-643052832857461.6,-642166761276217.9,-641286834563002.5,-640412452973047.9,-639542994108296.6,-638677812611582.8,-637816239868104.8,-636957583714820.5,-636101128158402.9,-635246133102420.4,-634391834084431.8,-633537442023697.2,-632682142980243.0,-631825097926025.9,-630965442528975.2,-630102286950709.1,-629234715658745.6,-628361787254047.4,-627482534314770.2,-626595963257100.1,-625701054214087.8,-624796760933415.5,-623882010695050.5,-622955704249758.8,-622016715779482.5,-621063892880595.5,-620096056571078.6,-619112001322680.8,-618110495119135.8,-617090279541544.9,-616050069882036.6,-614988555286839.8,-613904398929924.5,-612796238218372.6,-611662685030662.2,-610502325989055.8,-609313722767297.8,-608095412434831.0,-606845907838753.4,-605563698024733.6,-604247248698117.5,-602895002726436.5,-601505380684551.8,-600076781443628.8,-598607582805153.1,-597096142181160.4,-595540797321841.5,-593939867091656.4,-592291652295054.6,-590594436552855.6,-588846487230306.5,-587046056417762.9,-585191381964886.4,-583280688569170.0,-581312188919517.1,-579284084895502.8,-577194568822832.6,-575041824785392.4,-572824029994131.8,-570539356212874.5,-568185971240969.5,-565762040452490.4,-563265728391488.2,-560695200422545.44,-558048624435625.1,-555324172603906.94,-552520023192992.1,-549634362419503.56,-546665386356735.5,-543611302884590.9,-540470333680614.1,-537240716248443.1,-533920705979513.8,-530508578243295.9,-527002630500800.3,-523401184435479.2,-519702588095044.8,-515905218037087.44,-512007481470731.9,-508007818385917.5,-503904703661236.25,-499696649140649.7,-495382205668796.06,-490959965074066.56,-486428562088162.94,-481786676190481.0,-477033033365437.56,-472166407760789.06,-467185623235145.5,-462089554783285.7,-456877129828605.5,-451547329373120.8,-446099188997002.3,-440531799701663.1,-434844308593102.44,-429035919405555.4,-423105892869652.7,-417053546934322.4,-410878256857685.56,-404579455189299.2,-398156631674371.6,-391609333120100.4,-384937163275103.3,-378139782785063.25,-371216909301142.7,-364168317832367.5,-356993841448847.44,-349693372459078.4,-342266864201273.75,-334714333605005.9,-327035864694627.6,-319231613218803.2,-311301812599601.7,-303246781398099.94,-295066932489043.1,-286762784121977.5,-278334973017046.84,-269784269596353.94,-261111595381917.5,-252318042493689.75,-243404895050470.9,-234373652107246.1,-225226051549317.16,-215964094102347.53,-206590066305846.38,-197106560936830.0,-187516492966794.72,-177823108703022.4,-168029985330077.84,-158141017670199.78,-148160388684060.28,-138092520125345.39,-127941999968055.84,-117713483911764.27,-107411569656581.5,-97040645004890.61,-86604714533597.69,-76107214993575.78,-65550837185784.266,-54937382305016.65,-44267694049096.266,-33541724407474.977,-22758810834713.266,-11918264636603.176,-1020392772788.8132,9931906182970.783,20930823701002.64,31960467664745.984,42992756312544.6,53982422632762.08,64861382316730.11,75533031342963.83,85867410609850.73,95698398981689.4,104823580750899.77,113004775388148.42,119959567018114.62,125316895378849.28,128478929815067.83,128297035500129.5,122493630749512.86,106995293026100.78,75451981827073.56,4847332356413.857,0.0
7530.0,-894062899811905.2,-891888919661333.0,-889711568820630.9,-887531014562821.5,-885347426265962.6,-883160975409932.6,-880971835572334.2,-878780182423501.8,-876586193720566.9,-874390049300563.5,-872191931072535.0,-869992023008612.2,-867790511134037.0,-865587583516084.0,-863383430251862.1,-861178243454950.5,-858972217240835.6,-856765547711119.2,-854558432936453.8,-852351072938166.2,-850143669668543.8,-847936426989726.1,-845729550651177.8,-843523248265689.1,-841317729283877.0,-839113204967128.5,-836909888358957.5,-834707994254720.2,-832507739169654.0,-830309341305186.4,-828113020513471.4,-825918998260107.2,-823727497584986.8,-821538743061229.1,-819352960752150.2,-817170378166209.8,-814991224209901.1,-812815729138512.0,-810644124504723.0,-808476643104975.5,-806313518923560.5,-804154987074379.8,-802001283740309.1,-799852646110121.4,-797709312312905.2,-795571521349921.4,-793439513023841.5,-791313527865305.8,-789193807056746.0,-787080592353404.0,-784974126001494.8,-782874650653445.9,-780782409280149.2,-778697645080170.6,-776620601385847.9,-774551521566209.5,-772490648926662.0,-770438226605367.4,-768394497466256.5,-766359703988608.2,-764334088153127.0,-762317891324456.5,-760311354130063.1,-758314716335422.5,-756328216715440.0,-754352092922045.8,-752386581347890.2,-750431916986083.5,-748488333285902.1,-746556062004408.2,-744635333053910.8,-742726374345201.8,-740829411626512.5,-738944668318117.6,-737072365342530.9,-735212720950222.6,-733365950540813.5,-731532266479666.8,-729711877909835.9,-727904990559300.8,-726111806543444.2,-724332524162708.1,-722567337695383.5,-720816437185481.8,-719080008225637.8,-717358231735001.2,-715651283732072.2,-713959335102440.2,-712282551361389.8,-710621092411332.9,-708975112294046.9,-707344758937676.0,-705730173898482.0,-704131492097319.6,-702548841550819.0,-700982343097262.5,-699432110117149.1,-697898248248444.0,-696380855096509.1,-694880019938732.6,-693395823423858.0,-691928337266038.4,-690477623933643.5,-689043736332839.1,-687626717485991.0,-686226600204930.1,-684843406759133.0,-683477148538879.9,-682127825713460.9,-680795426884499.5,-679479928734492.9,-678181295670652.0,-676899479464154.5,-675634418884924.0,-674386039332061.2,-673154252460063.4,-671938955800982.2,-670740032382679.6,-669557350343354.2,-668390762542517.8,-667240106168634.4,-666105202343617.0,-664985855724418.9,-663881854101955.8,-662792967997617.0,-661718950257635.2,-660659535645599.8,-659614440433426.8,-658583361991091.2,-657565978375478.0,-656561947918693.5,-655570908816221.6,-654592478715315.5,-653626254304042.9,-652671810901412.6,-651728702049045.8,-650796459104861.2,-649874590839279.8,-648962583034462.5,-648059898087131.2,-647165974615532.6,-646280227071144.8,-645402045355732.6,-644530794444400.1,-643665814015297.6,-642806418086681.4,-641951894662041.6,-641101505384037.5,-640254485198023.1,-639410042025948.6,-638567356451476.5,-637725581417160.1,-636883841934576.0,-636041234808312.6,-635196828374773.0,-634349662256749.4,-633498747134786.6,-632643064536350.5,-631781566643879.9,-630913176122806.5,-630036785970668.6,-629151259388476.4,-628255429675505.5,-627348100148750.0,-626428044088260.5,-625494004709660.4,-624544695165140.9,-623578798574262.6,-622594968085942.2,-621591826973003.6,-620567968760719.6,-619521957390792.1,-618452327422238.4,-617357584270683.5,-616236204487576.8,-615086636080873.2,-613907298878741.6,-612696584937870.6,-611452858997976.4,-610174458984099.0,-608859696558316.8,-607506857722483.2,-606114203473612.1,-604679970513518.8,-603202372014330.8,-601679598441446.4,-600109818435521.2,-598491179755012.0,-596821810280783.2,-595099819084231.4,-593323297560318.0,-591490320626846.6,-589598947991221.2,-587647225485840.0,-585633186473159.4,-583554853321333.9,-581410238951191.0,-579197348455127.0,-576914180788316.4,-574558730532412.0,-572128989731660.0,-569622949801084.8,-567038603506080.1,-564373947012410.4,-561626982005236.25,-558795717875356.6,-555878173970404.3,-552872381908216.25,-549776387949046.4,-546588255422688.1,-543306067205925.25,-539927928245014.9,-536451968117167.75,-532876343624184.7,-529199241410558.0,-525418880597459.44,-521533515423105.44,-517541437879036.5,-513440980330870.56,-509230518111094.8,-504908472070507.44,-500473311073956.56,-495923554425151.25,-491257774204509.8,-486474597503334.6,-481572708537093.6,-476550850620283.5,-471407827985339.25,-466142507428371.7,-460753819765249.3,-455240761082802.3,-449602393771764.75,-443837847330639.56,-437946318933053.4,-431927073755504.2,-425779445067821.7,-419502834095273.6,-413096709669220.75,-406560607692625.6,-399894130457692.4,-393096945865494.25,-386168786611657.9,-379109449417979.3,-371918794407064.94,-364596744735469.3,-357143286619867.2,-349558469909891.2,-341842409379400.6,-333995286923856.06,-326017354863358.5,-317908940556557.4,-309670452527100.6,-301302388288024.0,-292805344015998.25,-284180026171379.9,-275427265075281.72,-266548030334254.12,-257543447838695.66,-248414817844397.34,-239163633369210.9,-229791597791206.84,-220300640115396.97,-210692925881766.7,-200970861123342.38,-191137086165105.6,-181194455414112.78,-171145998681712.25,-160994859084596.16,-150744202318546.8,-140397092267873.06,-129956328755818.94,-119424245095584.38,-108802466412960.39,-98091635047590.5,-87291117401738.72,-76398718226066.52,-65410444448794.88,-54320382238370.96,-43120778896047.84,-31802455869843.207,-20355720262906.973,-8771987608173.293,2953626613513.9995,14818455100996.031,26806868743893.473,38883060610878.73,50981922445123.61,62998204351027.26,74774621823812.56,86090182782953.47,96650449056280.11,106080774180668.16,113919396377403.17,119594444125029.48,122337327627012.56,120913637521271.44,112866303195976.25,92254018950229.62,42264204708795.07,-82313618457723.42,0.0
7527.5,-916810620942987.0,-914588694405407.5,-912361800824255.0,-910130105306604.2,-907893775349471.8,-905652980843805.4,-903407894077698.0,-901158689738799.5,-898905544915898.0,-896648639099638.6,-894388154182349.5,-892124274456937.2,-889857186614833.9,-887587079742938.0,-885314145319542.0,-883038577209189.5,-880760571656435.0,-878480327278472.4,-876198045056587.8,-873913928326399.5,-871628182766849.9,-869341016387905.0,-867052639516916.6,-864763264783617.1,-862473107103689.8,-860182383660877.6,-857891313887588.9,-855600119443942.8,-853309024195219.2,-851018254187661.8,-848728037622576.0,-846438604828690.5,-844150188232713.8,-841863022328043.9,-839577343641574.6,-837293390698547.8,-835011403985390.5,-832731625910492.6,-830454300762851.0,-828179674668541.0,-825907995544944.1,-823639513052674.0,-821374478545143.8,-819113145015710.9,-816855767042333.5,-814602600729678.8,-812353903648618.2,-810109934773041.0,-807870954413917.8,-805637224150554.8,-803409006758960.4,-801186566137260.5,-798970167228088.8,-796760075937881.0,-794556559053005.5,-792359884152647.5,-790170319518384.2,-787988134040366.5,-785813597120037.4,-783646978569307.6,-781488548506117.0,-779338577246296.5,-777197335191654.5,-775065092714218.5,-772942120036534.2,-770828687107961.8,-768725063476876.0,-766631518158694.0,-764548319499651.5,-762475735036246.0,-760414031350262.0,-758363473919301.0,-756324326962736.5,-754296853283008.8,-752281314102180.6,-750277968893672.2,-748287075209101.5,-746308888500136.4,-744343661935300.0,-742391646211628.9,-740453089361124.0,-738528236551908.0,-736617329884021.4,-734720608179773.5,-732838306768587.2,-730970657266257.5,-729117887348559.1,-727280220519136.4,-725457875871607.9,-723651067845824.5,-721860005978221.1,-720084894646201.9,-718325932806510.0,-716583313727524.1,-714857224715437.5,-713147846834274.9,-711455354619703.5,-709779915786610.9,-708121690930403.5,-706480833222014.0,-704857488096583.8,-703251792935811.6,-701663876743950.0,-700093859817454.1,-698541853408273.5,-697007959380803.4,-695492269862502.9,-693994866888213.1,-692515822038191.5,-691055196069912.0,-689613038543673.8,-688189387442074.8,-686784268783412.5,-685397696229096.5,-684029670685147.2,-682680179897885.9,-681349198043920.0,-680036685314544.8,-678742587494693.6,-677466835536583.2,-676209345128208.2,-674970016256865.0,-673748732767881.2,-672545361918767.8,-671359753928995.5,-670191741525642.5,-669041139485158.5,-667907744171514.1,-666791333071025.5,-665691664324156.0,-664608476254621.9,-663541486896149.4,-662490393517244.2,-661454872144366.1,-660434577083914.1,-659429140443458.1,-658438171652670.4,-657461256984439.0,-656497959076667.4,-655547816455291.2,-654610343059070.6,-653685027766740.9,-652771333927135.5,-651868698892921.4,-650976533558615.1,-650094221903585.6,-649221120540767.5,-648356558271849.4,-647499835649739.5,-646650224549121.8,-645806967745975.9,-644969278506950.5,-644136340189524.5,-643307305853915.8,-642481297887744.6,-641657407644491.4,-640834695096824.8,-640012188505911.1,-639188884107866.6,-638363745818538.9,-637535704957855.2,-636703659995009.9,-635866476315799.5,-635022986013474.5,-634171987704489.4,-633312246370599.9,-632442493228787.5,-631561425630530.2,-630667706991992.0,-629759966756736.2,-628836800392612.4,-627896769424517.5,-626938401504759.0,-625960190522801.8,-624960596756218.8,-623938047064698.9,-622890935129017.2,-621817621736896.0,-620716435117740.4,-619585671328243.4,-618423594690914.6,-617228438287593.9,-615998404510054.4,-614731665669814.4,-613426364669307.6,-612080615736558.0,-610692505225544.9,-609260092484415.2,-607781410793726.4,-606254468376870.2,-604677249484826.9,-603047715557351.8,-601363806462668.8,-599623441817685.1,-597824522390670.1,-595964931588259.0,-594042537028539.5,-592055192201843.1,-590000738220734.1,-587877005660489.5,-585681816491187.4,-583412986102262.9,-581068325420138.8,-578645643119218.5,-576142747926188.0,-573557451017174.6,-570887568506863.8,-568130924028177.6,-565285351400575.9,-562348697384390.25,-559318824517967.2,-556193614033592.06,-552970968847389.0,-549648816617456.75,-546225112863547.3,-542697844140530.75,-539065031256761.94,-535324732527254.3,-531475047050298.06,-527514117994807.06,-523440135884285.44,-519251341861870.4,-514946030919434.4,-510522555072270.0,-505979326459441.8,-501314820348505.9,-496527578022029.0,-491616209522223.3,-486579396229117.3,-481415893247069.7,-476124531574222.4,-470704220029722.1,-465153946914396.25,-459472781382111.7,-453659874501471.1,-447714459990933.4,-441635854615047.6,-435423458235485.5,-429076753518062.0,-422595305306182.94,-415978759682304.8,-409226842752147.7,-402339359201732.2,-395316190694762.5,-388157294197457.5,-380862700339367.5,-373432511941637.7,-365866902867900.5,-358166117376510.2,-350330470174729.4,-342360347393759.25,-334256208715510.6,-326018590884246.5,-317648112824243.56,-309145482552753.56,-300511506018912.8,-291747097905471.94,-282853294291445.75,-273831266878792.0,-264682338222529.1,-255407997058246.25,-246009912381020.84,-236489944384459.88,-226850149711549.22,-217092777701670.53,-207220253455295.3,-197235142614516.62,-187140091839074.5,-176937738152455.88,-166630579809897.44,-156220801350406.06,-145710046397293.22,-135099134065285.78,-124387719192144.19,-113573903928517.61,-102653819632119.81,-91621214939023.67,-80467110021843.0,-69179610314800.34,-57744017390331.66,-46143431963569.234,-34360115042584.79,-22377956820275.387,-10186493619940.984,2213002136158.2964,14798782290013.318,27516688055682.36,40264673111402.12,52873937682323.55,65087808897371.32,76541142575195.45,86745250402684.22,95085076556989.64,100832089827627.83,103153769795272.0,101017433494633.38,92630020857183.61,73301941646410.9,28555528032677.65,-70577443735711.31,0.0
7525.0,-940103895535187.0,-937844783361759.1,-935579000757753.1,-933306707999797.1,-931028068015710.4,-928743246395972.4,-926452411404553.5,-924155733989057.5,-921853387790161.2,-919545549150313.4,-917232397121670.2,-914914113473220.1,-912590882697088.4,-910262892013962.1,-907930331377625.6,-905593393478551.2,-903252273746521.4,-900907170352241.5,-898558284207905.5,-896205818966670.8,-893849981021014.8,-891490979499914.6,-889129026264824.8,-886764335904400.0,-884397125727921.2,-882027615757379.0,-879656028718172.2,-877282590028371.1,-874907527786494.6,-872531072757759.0,-870153458358739.6,-867774920640398.5,-865395698269427.9,-863016032507845.6,-860636167190798.8,-858256348702508.0,-855876825950309.1,-853497850336715.0,-851119675729453.8,-848742558429413.8,-846366757136432.1,-843992532912870.5,-841620149144902.2,-839249871501453.2,-836881967890727.8,-834516708414241.9,-832154365318309.5,-829795212942893.6,-827439527667761.2,-825087587855865.2,-822739673793870.8,-820396067629765.0,-818057053307454.2,-815722916498283.5,-813393944529391.1,-811070426308820.0,-808752652247301.0,-806440914176622.0,-804135505264507.2,-801836719925906.8,-799544853730620.5,-797260203307163.2,-794983066242776.9,-792713740979511.2,-790452526706268.2,-788199723246723.8,-785955630943036.5,-783720550535240.8,-781494783036236.6,-779278629602275.0,-777072391398844.5,-774876369461861.8,-772690864554066.8,-770516177016524.5,-768352606615137.6,-766200452382060.4,-764060012451930.8,-761931583892805.8,-759815462531708.0,-757711942774681.8,-755621317421261.9,-753543877473248.5,-751479911937699.0,-749429707624030.8,-747393548935139.8,-745371717652440.5,-743364492714727.6,-741372149990765.0,-739394962045513.0,-737433197899896.6,-735487122784027.2,-733556997883790.0,-731643080080707.8,-729745621685003.0,-727864870161770.5,-726001067850186.2,-724154451675676.8,-722325252854973.4,-720513696593988.8,-718720001778446.9,-716944380657207.2,-715187038518227.5,-713448173357113.0,-711727975538210.2,-710026627448198.0,-708344303142149.8,-706681167982031.2,-705037378267617.5,-703413080859814.8,-701808412796372.6,-700223500900002.8,-698658461378896.9,-697113399419673.9,-695588408772782.0,-694083571330388.0,-692598956696810.0,-691134621751545.4,-689690610204970.6,-688266952146792.2,-686863663587341.0,-685480745991830.5,-684118185807684.5,-682775953985085.0,-681454005490887.6,-680152278816070.2,-678870695476904.6,-677609159510048.4,-676367556961780.2,-675145755371615.8,-673943603250562.5,-672760929554293.2,-671597543151534.2,-670453232287997.0,-669327764046187.4,-668220883801470.8,-667132314674775.2,-666061756982361.8,-665008887683091.1,-663973359823674.0,-662954801982390.1,-661952817711809.0,-660966984981077.2,-659996855618345.0,-659041954753969.0,-658101780265133.4,-657175802222582.0,-656263462340181.6,-655364173428072.4,-654477318850202.8,-653602251987080.0,-652738295704608.4,-651884741829921.5,-651040850635169.9,-650205850330247.0,-649378936565500.4,-648559271945501.0,-647745985555005.8,-646938172498273.2,-646134893452966.6,-645335174239898.8,-644538005409944.2,-643742341849484.6,-642947102405799.1,-642151169533882.6,-641353388966200.9,-640552569406975.8,-639747482252620.6,-638936861340023.5,-638119402724418.5,-637293764488653.6,-636458566585709.8,-635612390716400.9,-634753780244225.6,-633881240149417.0,-632993237024289.5,-632088199112046.2,-631164516391263.9,-630220540708344.2,-629254585960276.2,-628264928330109.2,-627249806577603.5,-626207422387582.0,-625135940778560.9,-624033490574296.8,-622898164940934.6,-621728021992501.8,-620521085467528.8,-619275345479631.4,-617988759344916.4,-616659252489115.9,-615284719437376.1,-613863024889641.0,-612392004884589.0,-610869468055069.6,-609293196977978.8,-607660949621478.0,-605970460892426.9,-604219444286817.2,-602405593645937.4,-600526585020858.4,-598580078647725.8,-596563721036147.9,-594475147172793.4,-592311982842054.8,-590071847065359.5,-587752354660385.4,-585351118921037.9,-582865754418626.8,-580293879924158.5,-577633121451091.5,-574881115417256.0,-572035511923893.4,-569093978148962.6,-566054201850935.5,-562913894978281.3,-559670797378732.3,-556322680601160.56,-552867351781574.0,-549302657603244.3,-545626488319418.75,-541836781825337.3,-537931527764492.1,-533908771652125.94,-529766618996973.0,-525503239400162.6,-521116870608084.44,-516605822493872.1,-511968480940057.75,-507203311592917.9,-502308863457148.5,-497283772297852.7,-492126763815478.25,-486836656558447.4,-481412364537867.3,-475852899509094.94,-470157372886188.1,-464324997257640.8,-458355087475468.94,-452247061294930.06,-446000439549216.7,-439614845852571.4,-433090005836773.44,-426425745940064.2,-419621991784552.94,-412678766198173.25,-405596186960408.56,-398374464377230.1,-391013898819711.4,-383514878392102.5,-375877876927763.9,-368103452543898.6,-360192247016325.06,-352144986260648.7,-343962482222086.6,-335645636477511.75,-327195445833063.56,-318613010150107.5,-309899542540447.06,-301056381925187.8,-292085007734730.6,-282987056221911.75,-273764337446262.47,-264418851443751.8,-254952801403084.22,-245368600810252.44,-235668870489532.3,-225856420268416.84,-215934208657923.38,-205905272538633.7,-195772617504421.84,-185539058450359.94,-175206999524597.75,-164778143179791.06,-154253120452206.72,-143631039734663.03,-132908960510393.2,-122081313526492.9,-111139311967290.94,-100070432175766.86,-88858090792839.92,-77481711760337.27,-65917465534111.07,-54140077461056.21,-42126243452749.945,-29860353418885.277,-17343387211230.594,-4605966689381.666,8273481365480.021,21144877714191.633,33757499483353.336,45728890359111.14,56519570372198.66,65429490334084.58,71641965657087.48,74341349577131.83,72886357816061.14,66886140913732.69,56082211875479.336,42039898719626.234,33510389759295.164,0.0
7522.5,-963865160515561.0,-961581273956560.1,-959288919920006.8,-956988251070764.0,-954679422956389.5,-952362594026255.0,-950037925650152.4,-947705582136369.5,-945365730749197.2,-943018541725846.0,-940664188292739.2,-938302846681151.8,-935934696142166.6,-933559918960907.9,-931178700470030.2,-928791229062417.8,-926397696203059.8,-923998296440077.5,-921593227414848.8,-919182689871200.2,-916766887663629.9,-914346027764514.8,-911920320270261.6,-909489978406361.9,-907055218531304.4,-904616260139298.4,-902173325861768.2,-899726641467559.8,-897276435861824.8,-894822941083519.0,-892366392301471.2,-889907027808971.6,-887445089016817.2,-884980820444764.9,-882514469711342.2,-880046287521938.1,-877576527655139.0,-875105446947228.2,-872633305274800.0,-870160365535419.1,-867686893626261.6,-865213158420668.0,-862739431742548.2,-860265988338557.0,-857793105847981.2,-855321064770256.5,-852850148430043.8,-850380642939788.0,-847912837159686.1,-845447022654977.1,-842983493650479.5,-840522546982297.2,-838064482046596.8,-835609600745389.9,-833158207429214.8,-830710608836640.6,-828267114030504.1,-825828034330773.2,-823393683243966.5,-820964376389011.8,-818540431419461.0,-816122167941958.2,-813709907430858.1,-811303973138901.8,-808904690003837.8,-806512384550889.5,-804127384790965.0,-801750020114490.5,-799380621180776.6,-797019519802789.2,-794667048827228.8,-792323542009789.8,-789989333885507.2,-787664759634048.2,-785350154939859.6,-783045855847031.1,-780752198608776.5,-778469519531391.5,-776198154812590.4,-773938440374083.1,-771690711688282.8,-769455303599014.2,-767232550136104.6,-765022784323735.0,-762826337982426.8,-760643541524538.4,-758474723743157.2,-756320211594255.2,-754180329971990.8,-752055401477033.2,-749945746177792.1,-747851681364426.0,-745773521295516.5,-743711576937287.0,-741666155695253.1,-739637561138187.2,-737626092714283.8,-735632045459423.8,-733655709697420.0,-731697370732144.6,-729757308531439.8,-727835797402704.1,-725933105660071.1,-724049495283085.4,-722185221566785.9,-720340532763124.6,-718515669713638.9,-716710865473306.5,-714926344925527.0,-713162324388159.8,-711419011210584.4,-709696603361720.5,-707995289008989.4,-706315246088183.0,-704656641864221.5,-703019632482792.1,-701404362512874.8,-699810964480160.4,-698239558391392.1,-696690251249661.2,-695163136560708.1,-693658293830286.5,-692175788052674.2,-690715669190411.6,-689277971645379.5,-687862713721339.0,-686469897078068.5,-685099506177258.5,-683751507720339.5,-682425850078436.4,-681122462714669.0,-679841255599032.2,-678582118616120.4,-677344920965973.4,-676129510558356.8,-674935713400807.2,-673763332980801.8,-672612149642439.6,-671481919958048.8,-670372376095167.6,-669283225179371.6,-668214148653458.6,-667164801633528.9,-666134812262538.0,-665123781061936.8,-664131280282039.2,-663156853251810.2,-662200013728799.5,-661260245249981.8,-660337000484319.9,-659429700587899.9,-658537734562529.9,-657660458618758.9,-656797195544292.2,-655947234078854.1,-655109828296584.2,-654284196997114.0,-653469523106514.0,-652664953089371.8,-651869596373302.1,-651082524787262.5,-650302772015093.2,-649529333065777.8,-648761163761970.0,-647997180248402.1,-647236258521861.5,-646477233984477.4,-645718901022144.1,-644960012609964.8,-644199279946680.1,-643435372120122.4,-642666915805799.5,-641892495000807.2,-641110650795331.0,-640319881184093.2,-639518640920172.4,-638705341413712.5,-637878350678114.8,-637035993326407.0,-636176550620552.0,-635298260576558.6,-634399318128344.0,-633477875353380.8,-632532041763255.4,-631559884662353.6,-630559429577971.0,-629528660765244.6,-628465521790373.9,-627367916195699.1,-626233708250265.2,-625060723789600.8,-623846751148488.6,-622589542190588.1,-621286813438825.2,-619936247310505.0,-618535493461156.4,-617082170241135.6,-615573866269025.6,-614008142125876.6,-612382532174285.6,-610694546506292.1,-608941673023956.5,-607121379656419.4,-605231116717064.9,-603268319404249.6,-601230410448818.6,-599114802911363.1,-596918903131814.0,-594640113833595.1,-592275837384049.5,-589823479212325.2,-587280451385241.0,-584644176340922.0,-581912090779136.4,-579081649706300.4,-576150330632022.5,-573115637912824.4,-569975107237301.2,-566726310245451.6,-563366859273212.6,-559894412211369.06,-556306677465982.6,-552601419005263.7,-548776461475438.9,-544829695365619.8,-540759082198980.5,-536562659724725.6,-532238547082400.75,-527784949907099.56,-523200165341111.75,-518482586914613.4,-513630709255166.7,-508643132583249.9,-503518566948811.4,-498255836162182.44,-492853881371709.7,-487311764240421.1,-481628669675189.56,-475803908064438.2,-469836916984857.1,-463727262344142.75,-457474638935907.2,-451078870395023.8,-444539908557232.3,-437857832246271.6,-431032845535550.44,-424065275559758.0,-416955569985077.6,-409704294284835.56,-402312129010232.9,-394779867292577.3,-387108412862913.7,-379298778925059.06,-371352088265706.94,-363269575025986.25,-355052588586440.6,-346702600023483.9,-338221211568913.25,-329610169430899.1,-320871380197074.9,-312006930816038.7,-303019111816385.9,-293910442941827.44,-284683699722913.3,-275341938634453.78,-265888517368137.3,-256327105353736.25,-246661677975835.4,-236896485969347.44,-227035989294220.25,-217084742516216.66,-207047216590829.62,-196927540349287.47,-186729144524143.06,-176454292730942.16,-166103488748340.2,-155674759548672.22,-145162831344279.72,-134558244807850.95,-123846500008888.83,-113007387077202.12,-102014751960002.42,-90837075586903.0,-79439416805621.3,-67787489007004.81,-55854901871979.2,-43634872458294.45,-31157905969198.36,-18516855871887.734,-5899938618590.637,6370223853120.928,17799349745478.35,27705909106079.793,35268507350823.15,39707647042797.336,40697098767906.36,39114079722355.17,38729053154459.02,54396430118351.45,140398821861815.58,0.0
7520.0,-987998216586651.1,-985703630321217.1,-983398701715908.2,-981083572963395.9,-978758389334864.6,-976423299206785.4,-974078454087345.1,-971724008642493.1,-969360120721589.0,-966986951382619.1,-964604664916959.2,-962213428873642.6,-959813414083122.6,-957404794680479.2,-954987748128050.9,-952562455237454.4,-950129100190955.4,-947687870562163.9,-945238957336010.5,-942782554927967.1,-940318861202478.4,-937848077490563.1,-935370408606537.5,-932886062863834.6,-930395252089857.6,-927898191639838.5,-925395100409648.1,-922886200847513.2,-920371718964592.8,-917851884344363.8,-915326930150760.8,-912797093135030.0,-910262613641227.2,-907723735610315.5,-905180706582804.5,-902633777699867.8,-900083203702886.5,-897529242931348.0,-894972157319046.8,-892412212388514.5,-889849677243619.2,-887284824560258.9,-884717930575087.8,-882149275072196.1,-879579141367675.1,-877007816291991.4,-874435590170091.0,-871862756799156.5,-869289613423939.8,-866716460709582.2,-864143602711836.2,-861571346844617.4,-859000003844774.8,-856429887734010.6,-853861315777845.6,-851294608441537.9,-848730089342862.8,-846168085201649.1,-843608925785979.2,-841052943854941.8,-838500475097842.0,-835951858069757.6,-833407434123329.5,-830867547336686.9,-828332544437379.0,-825802774722215.8,-823278589972887.2,-820760344367250.1,-818248394386158.0,-815743098715714.0,-813244818144821.5,-810753915457901.5,-808270755322658.8,-805795704172751.5,-803329130085249.2,-800871402652724.5,-798422892849867.6,-795983972894459.9,-793555016102589.8,-791136396737953.4,-788728489855110.0,-786331671136540.1,-783946316723366.5,-781572803039584.5,-779211506609668.5,-776862803869388.6,-774527070969700.2,-772204683573552.0,-769896016645460.9,-767601444233704.8,-765321339244980.0,-763056073211370.8,-760806016049480.0,-758571535811567.5,-756352998428551.8,-754150767444707.0,-751965203743928.2,-749796665267397.5,-747645506722509.2,-745512079282910.5,-743396730279511.9,-741299802882320.5,-739221635772960.2,-737162562807746.2,-735122912671165.2,-733103008519651.1,-731103167615508.5,-729123700950877.0,-727164912861613.8,-725227100630973.0,-723310554082993.2,-721415555165470.5,-719542377522439.1,-717691286056064.5,-715862536477868.1,-714056374849215.2,-712273037111001.2,-710512748602483.0,-708775723569210.2,-707062164660027.0,-705372262413118.2,-703706194731096.0,-702064126345122.0,-700446208268094.6,-698852577236918.2,-697283355143916.5,-695738648457440.2,-694218547631757.0,-692723126506319.9,-691252441694530.9,-689806531962139.9,-688385417595430.2,-686989099759381.5,-685617559846005.6,-684270758813086.2,-682948636513576.2,-681651111015930.8,-680378077915688.9,-679129409638634.6,-677904954735911.5,-676704537171482.2,-675527955602377.8,-674374982652192.8,-673245364178334.5,-672138818533568.8,-671055035822440.0,-669993677153188.4,-668954373885822.1,-667936726877061.5,-666940305722894.9,-665964647999558.0,-665009258503772.2,-664073608493160.1,-663157134927764.1,-662259239713699.9,-661379288949992.5,-660516612179717.5,-659670501646634.6,-658840211558548.4,-658024957358712.1,-657223915006641.6,-656436220269786.5,-655660968027567.2,-654897211589373.0,-654143962028166.9,-653400187531451.9,-652664812771408.6,-651936718296103.0,-651214739943757.9,-650497668282152.8,-649784248075315.8,-649073177779766.5,-648363109072651.8,-647652646414224.1,-646940346647210.2,-646224718635715.9,-645504222946423.4,-644777271574941.1,-644042227720282.5,-643297405610557.9,-642541070383079.6,-641771438022207.8,-640986675358371.5,-640184900131830.9,-639364181124878.8,-638522538366285.5,-637657943411945.5,-636768319705794.1,-635851543025203.9,-634905442015199.9,-633927798815961.9,-632916349788213.0,-631868786341215.5,-630782755868237.8,-629655862794451.1,-628485669742344.6,-627269698819862.9,-626005433036539.4,-624690317853016.2,-623321762869388.1,-621897143657888.4,-620413803745424.6,-618869056751540.6,-617260188687298.9,-615584460420572.0,-613839110313099.2,-612021357034558.2,-610128402558673.5,-608157435346155.8,-606105633718931.4,-603970169429719.0,-601748211430520.1,-599436929843004.1,-597033500133060.9,-594535107490973.2,-591938951417697.1,-589242250516621.4,-586442247488900.9,-583536214329004.8,-580521457715456.1,-577395324589886.1,-574155207915442.1,-570798552603277.5,-567322861593288.0,-563725702072466.0,-560004711811190.5,-556157605594476.94,-552182181721695.2,-548076328544529.5,-543838031009045.6,-539465377163717.94,-534956564591160.75,-530309906717266.56,-525523838947531.06,-520596924576717.5,-515527860414850.5,-510315482070048.75,-504958768827179.94,-499456848061055.5,-493808999124268.94,-488014656653247.2,-482073413242118.9,-475985021443235.44,-469749395066158.0,-463366609764440.1,-456836902922261.7,-450160672881706.1,-443338477586948.56,-436371032764523.9,-429259209809665.25,-422004033607701.44,-414606680586506.6,-407068477370158.3,-399390900483603.4,-391575577640246.25,-383624291224298.6,-375538984650543.94,-367321772335996.06,-358974954037257.56,-350501034275980.9,-341902747468955.44,-333183089168574.8,-324345353465801.75,-315393176065131.25,-306330581754982.44,-297162033905642.0,-287892482163747.9,-278527402611016.4,-269072822258446.1,-259535316822081.62,-249921967284849.9,-240240256881575.7,-230497886066830.03,-220702479144110.12,-210861153236194.2,-200979919245730.78,-191062887032986.25,-181111255621062.6,-171122087232554.38,-161086896085146.06,-150990135517169.12,-140807748608378.25,-130506068753139.83,-120041530585002.77,-109361892174628.5,-98409987382691.8,-87131419683148.62,-75488033147359.5,-63479312445273.414,-51173708943763.42,-38750420402497.086,-26547530526657.71,-15100873163809.277,-5132429406557.514,2603418045968.8916,7789164075522.151,11572359471330.191,18307226867816.344,39532801450135.85,136916831034732.25,0.0
7517.5,-1012386832589386.6,-1010097276173440.5,-1007795443018745.9,-1005481461948533.9,-1003155465018991.6,-1000817587553563.8,-998467968177072.9,-996106748849641.2,-993734074900382.6,-991350095060848.4,-988954961498198.8,-986548829848065.1,-984131859247096.2,-981704212365130.5,-979266055436995.5,-976817558293882.0,-974358894394271.6,-971890240854381.5,-969411778478098.4,-966923691786355.6,-964426169045930.9,-961919402297616.0,-959403587383729.2,-956878923974922.0,-954345615596249.2,-951803869652447.2,-949253897452393.2,-946695914232682.1,-944130139180291.0,-941556795454272.9,-938976110206433.1,-936388314600939.2,-933793643832812.5,-931192337145238.4,-928584637845657.5,-925970793320558.6,-923351055048932.8,-920725678614316.8,-918094923715369.6,-915459054174912.1,-912818337947368.5,-910173047124539.6,-907523457939639.8,-904869850769518.6,-902212510135007.1,-899551724699296.8,-896887787264286.1,-894220994764808.2,-891551648260658.8,-888880052926339.9,-886206518038434.8,-883531356960525.2,-880854887125551.2,-878177430015541.8,-875499311138591.8,-872820860003013.0,-870142410088545.5,-867464298814527.6,-864786867504923.2,-862110461350097.9,-859435429365229.5,-856762124345249.8,-854090902816188.5,-851422124982818.8,-848756154672466.8,-846093359274875.2,-843434109677993.2,-840778780199553.1,-838127748514323.5,-835481395576888.5,-832840105539824.2,-830204265667131.2,-827574266242788.9,-824950500474276.2,-822333364390926.2,-819723256736947.8,-817120578858987.2,-814525734588049.0,-811939130115642.2,-809361173863976.1,-806792276350056.8,-804232850043512.5,-801683309217986.4,-799144069795922.5,-796615549186585.9,-794098166117129.0,-791592340456544.2,-789098493032314.9,-786617045439594.2,-784148419842727.8,-781693038768939.2,-779251324893995.4,-776823700819669.0,-774410588842809.6,-772012410715839.0,-769629587398483.2,-767262538800551.8,-764911683515578.0,-762577438545130.0,-760260219013603.8,-757960437873313.0,-755678505599684.5,-753414829876372.4,-751169815270108.0,-748943862895100.6,-746737370066803.4,-744550729944868.4,-742384331165108.6,-740238557460300.0,-738113787269636.5,-736010393336691.8,-733928742295703.2,-731869194246032.2,-729832102314643.8,-727817812206459.0,-725826661742432.0,-723858980385227.2,-721915088752363.8,-719995298116709.5,-718099909894213.6,-716229215118780.0,-714383493904193.0,-712563014893008.2,-710768034692354.9,-708998797296583.8,-707255533496727.8,-705538460276745.9,-703847780196543.8,-702183680761773.0,-700546333780435.6,-698935894706339.8,-697352501969461.1,-695796276293300.4,-694267319999340.2,-692765716298728.0,-691291528571343.6,-689844799632424.9,-688425550986962.1,-687033782072097.4,-685669469487790.6,-684332566216054.9,-683023000829086.4,-681740676686663.2,-680485471123203.2,-679257234624931.6,-678055789997639.0,-676880931525543.2,-675732424121831.0,-674610002471486.9,-673513370167068.0,-672442198838140.8,-671396127275125.0,-670374760548385.6,-669377669123412.2,-668404387973042.5,-667454415687701.8,-666527213584722.8,-665622204817853.2,-664738773488149.4,-663876263757502.8,-663033978966133.1,-662211180755459.0,-661407088197815.9,-660620876934610.0,-659851678324532.9,-659098578603596.2,-658360618058802.8,-657636790217376.9,-656926041053578.1,-656227268215214.4,-655539320272073.4,-654860995988609.9,-654191043623324.6,-653528160257389.8,-652870991155197.1,-652218129159623.6,-651568114124935.0,-650919432390383.4,-650270516297680.0,-649619743755675.9,-648965437855710.2,-648305866541254.4,-647639242335607.5,-646963722131577.8,-646277407047227.8,-645578342351943.4,-644864517467237.0,-644133866046889.5,-643384266141194.8,-642613540450268.9,-641819456671559.6,-640999727946886.1,-640152013414526.6,-639273918872069.2,-638362997555924.0,-637416751043600.6,-636432630285042.8,-635408036769487.5,-634340323834523.8,-633226798124180.0,-632064721203054.5,-630851311333638.0,-629583745424135.9,-628259161154201.8,-626874659286093.5,-625427306168818.8,-623914136442877.6,-622332155953172.5,-620678344877613.2,-618949661078791.9,-617143043685927.4,-615255416913986.4,-613283694126527.1,-611224782148331.1,-609075585833292.2,-606833012892302.4,-604493978984980.5,-602055413078039.2,-599514263071827.4,-596867501695134.2,-594112132666632.9,-591245197119413.9,-588263780282820.5,-585165018413290.2,-581946105963086.1,-578604302972633.1,-575136942668693.0,-571541439246771.4,-567815295811967.4,-563956112447972.9,-559961594379109.06,-555829560185221.75,-551557950023975.9,-547144833809711.1,-542588419292637.75,-537887059976959.1,-533039262811644.75,-528043695583393.56,-522899193938031.9,-517604767954677.44,-512159608196876.06,-506563091167170.3,-500814784096895.4,-494914449012134.3,-488862046030684.25,-482657735864561.6,-476301881529170.25,-469795049295007.5,-463138008961997.44,-456331733591528.25,-449377398898272.9,-442276382583930.94,-435030263988787.4,-427640824544453.94,-420110049631364.1,-412440132575081.56,-404633481651761.0,-396692731107761.94,-388620757320261.75,-380420701318341.94,-372095998924511.7,-363650419733636.8,-355088115978090.94,-346413681980515.4,-337632224300177.3,-328749441750708.2,-319771713104040.56,-310706188379573.9,-301560877018387.75,-292344722824816.9,-283067651197702.1,-273740568782656.12,-264375289240921.34,-254984351469357.0,-245580688657077.72,-236177098701600.8,-226785459905754.72,-217415632431148.2,-208073988600948.44,-198761528120280.4,-189471563789774.7,-180187017991154.84,-170877462027940.06,-161496175287016.53,-151977719886777.75,-142236844319454.0,-132169973496194.16,-121661130359559.34,-110594844348123.1,-98879296362511.62,-86483182439426.83,-73488323274477.9,-60153732042260.75,-46967815593362.43,-34616097285752.305,-23687190550806.203,-13840606098495.652,-2868136949267.6504,8615769904229.065,9561992825730.96,0.0
7515.0,-1036893435944036.2,-1034626261745495.6,-1032344837502271.1,-1030049275780459.2,-1027739692486911.5,-1025416206910762.1,-1023078941764964.1,-1020728023227816.0,-1018363580984440.0,-1015985748268217.6,-1013594661902135.2,-1011190462340029.0,-1008773293707709.1,-1006343303843924.0,-1003900644341150.2,-1001445470586177.4,-998977941800456.1,-996498221080186.1,-994006475436110.2,-991502875832981.0,-988987597228671.4,-986460818612893.1,-983922723045485.8,-981373497694244.0,-978813333872243.2,-976242427074620.0,-973660977014776.5,-971069187659956.5,-968467267266155.6,-965855428412319.4,-963233888033780.4,-960602867454888.5,-957962592420787.6,-955313293128277.0,-952655204255716.0,-949988564991907.8,-947313619063914.0,-944630614763734.4,-941939804973791.2,-939241447191164.4,-936535803550501.0,-933823140845544.1,-931103730549203.0,-928377848832101.9,-925645776579527.2,-922907799406706.8,-920164207672335.6,-917415296490273.8,-914661365739335.4,-911902720071078.2,-909139668915515.8,-906372526484656.4,-903601611773780.6,-900827248560361.1,-898049765400532.0,-895269495622998.8,-892486777320303.5,-889701953337319.5,-886915371256885.9,-884127383382456.2,-881338346717664.4,-878548622942676.2,-875758578387211.2,-872968584000121.2,-870179015315387.1,-867390252414412.1,-864602679884484.4,-861816686773258.9,-859032666539139.8,-856251016997405.8,-853472140261946.0,-850696442682445.0,-847924334776882.5,-845156231159179.6,-842392550461840.5,-839633715253423.0,-836880151950684.2,-834132290725217.4,-831390565404426.8,-828655413366648.2,-825927275430253.0,-823206595736539.2,-820493821626244.2,-817789403509464.8,-815093794728825.2,-812407451415667.8,-809730832339092.2,-807064398747631.0,-804408614203356.0,-801763944408223.2,-799130857022426.0,-796509821474562.2,-793901308763390.2,-791305791250959.5,-788723742446895.9,-786155636783619.5,-783601949382266.0,-781063155809094.2,-778539731822140.8,-776032153107899.8,-773540895007795.5,-771066432234207.2,-768609238575823.0,-766169786592083.0,-763748547296476.4,-761345989828460.6,-758962581113762.0,-756598785512833.5,-754255064457224.5,-751931876073638.5,-749629674795444.8,-747348910961417.5,-745090030401471.0,-742853474009176.5,-740639677300836.6,-738449069960895.8,-736282075373489.8,-734139110139913.9,-732020583581825.2,-729926897229966.5,-727858444298247.5,-725815609142988.2,-723798766707162.9,-721808281949484.0,-719844509258176.0,-717907791849300.4,-715998461149507.4,-714116836163099.8,-712263222823311.1,-710437913327719.8,-708641185457718.5,-706873301882009.2,-705134509444076.1,-703425038433634.0,-701745101842063.5,-700094894601863.9,-698474592810180.6,-696884352936494.6,-695324311014579.5,-693794581818869.9,-692295258025404.2,-690826409357553.2,-689388081716758.8,-687980296298560.5,-686603048694221.0,-685256307978290.8,-683940015782508.1,-682654085356467.5,-681398400615532.5,-680172815176525.8,-678977151381769.8,-677811199312112.1,-676674715789621.0,-675567423370693.2,-674489009330385.4,-673439124638824.0,-672417382930644.0,-671423359468448.4,-670456590101361.1,-669516570219833.8,-668602753707924.4,-667714551894358.2,-666851332503769.8,-666012418609600.5,-665197087590230.4,-664404570090008.9,-663634048986957.0,-662884658369006.8,-662155482520758.8,-661445554922846.9,-660753857266114.2,-660079318482926.8,-659420813798071.0,-658777163801821.9,-658147133547881.6,-657529431679058.8,-656922709583673.4,-656325560585838.2,-655736519172926.1,-655154060263682.5,-654576598520620.5,-654002487710504.6,-653430020116914.9,-652857426009062.2,-652282873171227.0,-651704466497393.6,-651120247655857.2,-650528194828795.1,-649926222532026.1,-649312181520396.9,-648683858784487.0,-648038977644558.2,-647375197947928.0,-646690116376211.9,-645981266869136.0,-645246121171894.4,-644482089513307.8,-643686521422312.2,-642856706690590.9,-641989876489450.9,-641083204649329.5,-640133809110583.0,-639138753554509.8,-638095049223798.5,-636999656941868.2,-635849489340786.9,-634641413307673.2,-633372252659674.5,-632038791057748.5,-630637775169588.6,-629165918092080.2,-627619903043642.8,-625996387336738.6,-624292006640623.6,-622503379544130.1,-620627112427848.5,-618659804654515.4,-616598054085684.2,-614438462931845.4,-612177643942030.2,-609812226937567.6,-607338865693037.4,-604754245165524.8,-602055089071033.6,-599238167804301.6,-596300306695264.6,-593238394592007.0,-590049392756185.2,-586730344052609.1,-583278382409882.8,-579690742523766.4,-575964769769207.6,-572097930280852.6,-568087821155335.0,-563932180721826.1,-559628898820340.56,-555176027020304.0,-550571788705085.0,-545814588941921.25,-540903024051241.6,-535835890785308.56,-530612195023942.94,-525231159895572.8,-519692233235818.75,-513995094304350.56,-508139659695031.0,-502126088395865.25,-495954785985591.7,-489626407994809.56,-483141862513321.4,-476502312194103.94,-469709175890265.5,-462764130266653.56,-455669111854421.0,-448426320166102.44,-441038222660976.4,-433507562544376.1,-425837370596426.44,-418030982448173.1,-410092062943933.56,-402024639428838.1,-393833145951602.5,-385522480434129.0,-377098076775614.56,-368565993553837.3,-359933020360736.5,-351206801735266.5,-342395976973354.75,-333510331606937.75,-324560952820816.06,-315560376256791.9,-306522705261825.8,-297463675402023.5,-288400626770784.7,-279352334172648.7,-270338630795757.75,-261379745004904.16,-252495253494890.9,-243702539226927.6,-235014632598683.12,-226437314260766.9,-217965375526589.97,-209577978628426.1,-201233150365166.3,-192861602342086.4,-184360332737715.12,-175586876937800.97,-166355706513697.3,-156439221434816.53,-145577148897309.12,-133500022620637.34,-119974567452550.0,-104879978283691.88,-88319314887245.47,-70743743053344.38,-52979642687194.65,-35861863755905.7,-19321198108279.266,-5827886786504.346,-54781322596138.49,0.0
7512.5,-1061357917290216.6,-1059132043061551.5,-1056889929422390.0,-1054631669853438.0,-1052357361232572.8,-1050067103883152.0,-1047761001622520.2,-1045439161810695.5,-1043101695399216.1,-1040748716980135.8,-1038380344835141.9,-1035996700984784.2,-1033597911237791.0,-1031184105240447.0,-1028755416526018.1,-1026311982564196.4,-1023853944810538.1,-1021381448755876.2,-1018894643975673.2,-1016393684179295.4,-1013878727259168.9,-1011349935339798.1,-1008807474826609.0,-1006251516454586.5,-1003682235336672.5,-1001099811011886.9,-998504427493143.9,-995896273314706.5,-993275541579264.2,-990642430004575.1,-987997140969632.5,-985339881560318.9,-982670863614495.8,-979990303766482.6,-977298423490875.4,-974595449145652.9,-971881612014522.0,-969157148348442.1,-966422299406271.0,-963677311494480.0,-960922436005871.1,-958157929457233.0,-955384053525877.2,-952601075084978.1,-949809266237655.6,-947008904349717.9,-944200272081004.2,-941383657415232.2,-938559353688293.5,-935727659614889.2,-932888879313443.1,-930043322329192.6,-927191303655372.4,-924333143752392.2,-921469168564924.8,-918599709536787.2,-915725103623534.5,-912845693302640.2,-909961826581175.5,-907073857000858.5,-904182143640371.5,-901287051114822.8,-898388949572230.6,-895488214686913.9,-892585227649647.9,-889680375154462.2,-886774049381947.9,-883866647978926.5,-880958574034344.9,-878050236051246.2,-875142047914669.2,-872234428855319.9,-869327803408855.8,-866422601370629.0,-863519257745707.8,-860618212694016.1,-857719911470422.0,-854824804359578.0,-851933346605351.8,-849045998334641.5,-846163224475400.8,-843285494668662.6,-840413283174379.0,-837547068770850.1,-834687334647560.2,-831834568291185.2,-828989261364568.5,-826151909578436.0,-823323012555628.6,-820503073687622.4,-817692599983096.5,-814892101908317.8,-812102093219094.1,-809323090784052.2,-806555614398987.9,-803800186592034.9,-801057332419392.6,-798327579251352.8,-795611456548353.2,-792909495626801.8,-790222229414382.1,-787550192194575.0,-784893919340118.1,-782253947035111.5,-779630811985502.2,-777025051117641.2,-774437201264640.8,-771867798840232.0,-769317379499837.5,-766786477788558.5,-764275626775789.9,-761785357676165.2,-759316199456533.5,-756868678428686.0,-754443317827525.8,-752040637374393.0,-749661152825263.5,-747305375503517.9,-744973811817014.6,-742666962759165.1,-740385323393753.0,-738129382323214.9,-735899621140115.2,-733696513861565.2,-731520526346318.0,-729372115694313.0,-727251729628414.8,-725159805858140.6,-723096771425142.2,-721063042030256.8,-719059021341926.2,-717085100285812.4,-715141656315452.2,-713229052663805.2,-711347637575572.0,-709497743520176.1,-707679686385329.6,-705893764651114.8,-704140258544549.8,-702419429174626.2,-700731517647832.8,-699076744164211.2,-697455307094023.2,-695867382035136.0,-694313120851273.8,-692792650691320.8,-691306072989886.5,-689853462449416.2,-688434866004139.8,-687050301766219.0,-685699757954504.4,-684383191806347.0,-683100528472988.5,-681851659899088.0,-680636443687024.4,-679454701946659.6,-678306220131330.5,-677190745860890.5,-676107987732713.8,-675057614121632.6,-674039251969879.0,-673052485568165.1,-672096855329142.1,-671171856554565.8,-670276938197578.0,-669411501621640.0,-668574899357740.8,-667766433861608.8,-666985356272792.2,-666230865177572.1,-665502105377798.9,-664798166667888.8,-664118082622333.0,-663460829396225.2,-662825324541454.5,-662210425841370.1,-661614930166880.5,-661037572357112.0,-660477024127939.5,-659931893011863.2,-659400721332917.5,-658881985220470.5,-658374093665998.6,-657875387627124.0,-657384139183420.2,-656898550748746.0,-656416754345073.8,-655936810943072.0,-655456709874928.0,-654974368325189.8,-654487630905693.9,-653994269320924.6,-653491982130471.9,-652978394615573.2,-652451058757051.6,-651907453332303.5,-651344984139362.0,-650760984356397.6,-650152715045430.0,-649517365809388.8,-648852055612061.8,-648153833770887.4,-647419681132943.1,-646646511444895.8,-645831172928117.2,-644970450070548.8,-644061065647323.9,-643099682982551.8,-642082908465027.5,-641007294330997.0,-639869341727405.9,-638665504069349.6,-637392190705642.6,-636045770906580.9,-634622578188025.2,-633118914985907.2,-631531057695083.2,-629855262086167.2,-628087769113500.8,-626224811126743.9,-624262618497674.6,-622197426672642.5,-620025483659651.4,-617743057957274.4,-615346446930443.8,-612831985635566.9,-610196056094402.1,-607435097012558.0,-604545613934412.5,-601524189821561.8,-598367496036611.5,-595072303708202.8,-591635495446576.2,-588054077371743.0,-584325191408515.8,-580446127794247.5,-576414337736331.1,-572227446147393.4,-567883264376970.8,-563379802849566.0,-558715283510725.75,-553888151975765.4,-548897089270592.56,-543741023051675.9,-538419138193589.56,-532930886639082.06,-527275996419853.4,-521454479778059.94,-515466640351296.3,-509313079429982.3,-502994701358744.4,-496512718235824.94,-489868654170401.06,-483064349490732.9,-476101965460012.6,-468983990254973.5,-461713247197205.0,-454292906499440.3,-446726502096975.06,-439017955471631.0,-431171608730048.7,-423192269548331.6,-415085270907635.44,-406856548769788.56,-398512740905644.56,-390061309889634.5,-381510692672803.25,-372870477958391.8,-364151610588369.75,-355366619001816.75,-346529857171893.44,-337657745820895.2,-328768988642319.7,-319884727173966.8,-311028582320971.6,-302226510861415.6,-293506381330567.25,-284897145626249.7,-276427451338496.06,-268123507076605.88,-260005982439121.66,-252085701583026.66,-244357883850736.66,-236794710925096.1,-229336079603935.84,-221878567162229.84,-214262948197310.4,-206261150283518.56,-197564476861180.0,-187776523681187.44,-176416905064872.4,-162946348943010.22,-146830671918044.0,-127670318862806.62,-105426564930184.75,-80737531277129.17,-55074407552713.67,-29424694624035.695,2991310967749.584,57796537379654.48,0.0
7510.0,-1085596578934995.6,-1083432403407076.2,-1081250007923241.2,-1079049464162605.8,-1076830847202465.4,-1074594235572766.6,-1072339711310974.4,-1070067360017311.6,-1067777270910368.4,-1065469536883066.8,-1063144254558957.6,-1060801524348846.8,-1058441450507731.4,-1056064141192022.0,-1053669708517040.4,-1051258268614776.8,-1048829941691876.8,-1046384852087848.6,-1043923128333460.8,-1041444903209312.2,-1038950313804549.2,-1036439501575703.9,-1033912612405627.9,-1031369796662495.9,-1028811209258848.6,-1026237009710643.1,-1023647362196281.2,-1021042435615588.2,-1018422403648693.2,-1015787444814793.4,-1013137742530748.2,-1010473485169474.6,-1007794866118104.8,-1005102083835849.0,-1002395341911539.0,-999674849120788.8,-996940819482739.6,-994193472316325.0,-991433032296018.8,-988659729506996.0,-985873799499670.0,-983075483343526.0,-980265027680212.0,-977442684775808.0,-974608712572215.0,-971763374737600.1,-968906940715821.1,-966039685774760.5,-963161891053496.6,-960273843608228.4,-957375836456879.9,-954468168622297.4,-951551145173948.2,-948625077268042.5,-945690282185980.0,-942747083371020.1,-939795810463089.2,-936836799331613.1,-933870392106271.5,-930896937205568.8,-927916789363105.4,-924930309651436.4,-921937865503387.8,-918939830730728.0,-915936585540041.4,-912928516545692.2,-909916016779731.9,-906899485698615.2,-903879329186582.5,-900855959555552.8,-897829795541387.8,-894801262296349.0,-891770791377615.4,-888738820731665.8,-885705794674378.4,-882672163866653.5,-879638385285396.1,-876604922189657.0,-873572244081753.8,-870540826663168.9,-867511151785029.8,-864483707392956.1,-861458987466078.9,-858437491949992.6,-855419726683442.1,-852406203318498.5,-849397439234003.4,-846393957442031.9,-843396286487143.8,-840404960338163.2,-837420518272234.4,-834443504750892.2,-831474469287891.8,-828513966308499.1,-825562555000000.2,-822620799153116.0,-819689266994049.0,-816768531006865.8,-813859167745913.0,-810961757637964.5,-808076884773788.5,-805205136688816.0,-802347104132596.8,-799503380826710.5,-796674563210807.4,-793861250176438.1,-791064042788340.5,-788283543992832.5,-785520358312965.8,-782775091530088.8,-780048350351463.4,-777340742063577.2,-774652874170783.9,-771985354018918.6,-769338788403511.9,-766713783162236.5,-764110942751218.0,-761530869804840.0,-758974164678668.6,-756441424975126.6,-753933245051550.2,-751450215510253.1,-748992922670233.9,-746561948020162.6,-744157867652285.2,-741781251676885.2,-739432663616956.0,-737112659782734.0,-734821788625750.8,-732560590072083.8,-730329594834469.2,-728129323702974.2,-725960286813923.4,-723822982896792.9,-721717898498797.2,-719645507186905.5,-717606268727051.6,-715600628240306.5,-713629015335811.8,-711691843220290.5,-709789507783972.4,-707922386662805.8,-706090838276837.0,-704295200844690.5,-702535791374092.8,-700812904628431.0,-699126812069364.1,-697477760775550.8,-695865972337590.0,-694291641729318.0,-692754936155656.6,-691255993877238.9,-689794923012123.0,-688371800314909.9,-686986669933699.2,-685639542145323.5,-684330392069403.0,-683059158361811.1,-681825741888229.0,-680630004378523.4,-679471767062784.9,-678350809289927.5,-677266867129852.8,-676219631960272.2,-675208749039366.4,-674233816065588.0,-673294381725992.9,-672389944234624.0,-671519949862567.5,-670683791461446.6,-669880806982222.8,-669110277991342.1,-668371428186372.6,-667663421913457.2,-666985362689035.6,-666336291728482.8,-665715186484449.0,-665120959197891.2,-664552455464962.2,-664008452823114.0,-663487659359990.2,-662988712348882.2,-662510176914765.1,-662050544735140.8,-661608232780185.2,-661181582096941.9,-660768856642567.1,-660368242171935.8,-659977845185187.0,-659595691941112.5,-659219727542621.2,-658847815100830.1,-658477734984709.4,-658107184163573.4,-657733775650092.1,-657355038051914.5,-656968415240415.0,-656571266145518.8,-656160864686018.0,-655734399845294.6,-655288975902831.0,-654821612832440.2,-654329246878670.6,-653808731323390.2,-653256837455140.8,-652670255754409.0,-652045597308585.9,-651379395470963.5,-650668107778720.0,-649908118145465.4,-649095739344486.6,-648227215799413.1,-647298726699570.6,-646306389457786.8,-645246263528878.1,-644114354607411.9,-642906619223646.5,-641618969756726.0,-640247279884264.5,-638787390487329.4,-637235116029532.1,-635586251428390.5,-633836579436310.6,-631981878547408.1,-630017931444890.5,-627940534001805.6,-625745504845572.9,-623428695493778.5,-620986001065188.0,-618413371565742.0,-615706823744369.5,-612862453507750.5,-609876448876605.1,-606745103458654.2,-603464830405032.1,-600032176807691.0,-596443838485160.9,-592696675093078.8,-588787725484242.9,-584714223230824.4,-580473612209056.1,-576063562134654.0,-571481983925971.5,-566727044762196.0,-561797182696757.06,-556691120682780.5,-551407879869473.5,-545946792037724.2,-540307511062373.3,-534490023320487.3,-528494657012998.75,-522322090435450.4,-515973359326971.56,-509449863550429.6,-502753373516848.7,-495886036969883.4,-488850386997657.6,-481649352445311.75,-474286272266398.6,-466764915776380.9,-459089511253835.44,-451264785864254.75,-443296020436337.0,-435189123164338.5,-426950726783091.3,-418588314074588.7,-410110376585266.44,-401526610975702.06,-392848156234380.5,-384087872722860.56,-375260660235036.2,-366383806381180.5,-357477347948401.94,-348564415609633.4,-339671515504105.6,-330828678776697.75,-322069381152047.0,-313430098230111.25,-304949318060514.0,-296665781131634.25,-288615660984597.4,-280828340098227.53,-273320382479139.6,-266087268197590.2,-259092454771821.12,-252253396207422.75,-245424332729339.53,-238376048067945.47,-230773526101687.44,-222153791987030.7,-211908677402722.7,-199281686193544.3,-183396174313256.78,-163346500169797.5,-138407537426783.55,-108438470984522.44,-74438554312001.5,-38079981846433.21,7660590884413.87,131243782843562.42,0.0
7507.5,-1109401257885737.1,-1107320548054893.2,-1105219673218999.9,-1103098680705962.8,-1100957621184264.4,-1098796548722820.9,-1096615520851432.5,-1094414598621807.6,-1092193846669159.5,-1089953333274363.1,-1087693130426669.6,-1085413313886953.6,-1083113963251508.4,-1080795162016344.2,-1078456997642010.0,-1076099561618899.0,-1073722949533042.2,-1071327261132364.1,-1068912600393389.0,-1066479075588381.9,-1064026799352899.4,-1061555888753739.4,-1059066465357263.6,-1056558655298076.4,-1054032589348026.8,-1051488402985524.9,-1048926236465135.6,-1046346234887424.1,-1043748548269032.9,-1041133331612949.8,-1038500744978944.5,-1035850953554136.5,-1033184127723662.4,-1030500443141404.0,-1027800080800743.4,-1025083227105300.5,-1022350073939617.4,-1019600818739741.0,-1016835664563664.5,-1014054820161574.4,-1011258500045856.5,-1008446924560812.8,-1005620319952029.2,-1002778918435343.5,-999922958265351.0,-997052683803390.1,-994168345584946.6,-991270200386397.1,-988358511291048.5,-985433547754375.2,-982495585668395.8,-979544907425108.2,-976581801978903.2,-973606564907868.8,-970619498473910.4,-967620911681578.5,-964611120335534.9,-961590447096534.1,-958559221535843.2,-955517780187981.5,-952466466601677.8,-949405631388935.5,-946335632272080.8,-943256834128693.1,-940169609034270.1,-937074336302516.8,-933971402523125.6,-930861201596895.2,-927744134768066.0,-924620610653715.8,-921491045270063.1,-918355862055527.5,-915215491890382.9,-912070373112840.5,-908920951531384.0,-905767680433186.0,-902611020588424.1,-899451440250299.0,-896289415150574.0,-893125428490427.6,-889959970926416.4,-886793540551336.2,-883626642869766.6,-880459790768066.0,-877293504478602.0,-874128311537965.9,-870964746738933.8,-867803352075926.9,-864644676683710.0,-861489276769065.1,-858337715535172.0,-855190563098416.9,-852048396397344.8,-848911799093458.8,-845781361463584.5,-842657680283467.2,-839541358702310.8,-836433006107928.9,-833333237982176.0,-830242675746337.0,-827161946596114.4,-824091683325876.6,-821032524141807.9,-817985112463588.1,-814950096714240.6,-811928130097760.0,-808919870364141.2,-805925979561413.0,-802947123774277.0,-799983972848944.2,-797037200103757.6,-794107482025185.0,-791195497948745.6,-788301929724452.5,-785427461366326.4,-782572778685533.5,-779738568906714.6,-776925520267038.0,-774134321597529.0,-771365661886213.5,-768620229822610.0,-765898713323107.5,-763201799036757.1,-760530171831007.5,-757884514256915.5,-755265505993352.0,-752673823269745.6,-750110138266875.4,-747575118495257.1,-745069426150655.5,-742593717446253.5,-740148641921028.9,-737734841723882.8,-735352950873076.8,-733003594490543.9,-730687388010644.0,-728404936362953.8,-726156833128679.5,-723943659670315.2,-721765984234163.5,-719624361025363.8,-717519329255101.0,-715451412159664.1,-713421115991074.8,-711428928979010.5,-709475320263784.9,-707560738800178.0,-705685612231929.1,-703850345736763.8,-702055320841827.8,-700300894209486.1,-698587396393443.1,-696915130565224.5,-695284371211076.8,-693695362799428.4,-692148318419078.0,-690643418388362.2,-689180808835603.5,-687760600251213.8,-686382866011895.0,-685047640877464.5,-683754919460898.6,-682504654672286.0,-681296756137470.0,-680131088592246.9,-679007470253094.4,-677925671165513.5,-676885411531168.2,-675886360015134.2,-674928132034688.8,-674010288031203.1,-673132331726840.0,-672293708367896.5,-671493802956791.1,-670731938474847.6,-670007374098203.4,-669319303409336.5,-668666852606894.8,-668049078716712.0,-667464967807084.9,-666913433211612.1,-666393313763116.6,-665903372042410.2,-665442292645904.0,-665008680476335.0,-664601059061155.2,-664217868903407.6,-663857465870228.8,-663518119624433.6,-663198012104966.2,-662895236062374.8,-662607793655808.2,-662333595118458.6,-662070457498767.0,-661816103485139.6,-661568160322396.9,-661324158828645.8,-661081532521774.9,-660837616865305.1,-660589648643889.1,-660334765479343.0,-660070005498705.2,-659792307166467.0,-659498509293796.1,-659185351238283.0,-658849473308465.8,-658487417388167.1,-658095627796456.6,-657670452399869.8,-657208143994356.2,-656704861975284.8,-656156674314678.8,-655559559865755.8,-654909411015681.4,-654202036708311.9,-653433165859507.9,-652598451188384.8,-651693473488555.9,-650713746364061.9,-649654721455168.0,-648511794179565.1,-647280310014702.0,-645955571346888.9,-644532844912521.8,-643007369856093.9,-641374366428632.2,-639629045348698.0,-637766617846055.8,-635782306405488.4,-633671356224881.0,-631429047397586.1,-629050707824053.2,-626531726851705.9,-623867569634970.5,-621053792199082.9,-618086057181799.5,-614960150216295.9,-611671996906351.5,-608217680331402.6,-604593459004230.9,-600795785188148.0,-596821323463686.8,-592666969417516.2,-588329868309007.5,-583807433553425.9,-579097364846135.2,-574197665740873.1,-569106660488857.9,-563823009946614.0,-558345726371772.06,-552674186951429.8,-546808145951402.8,-540747745442231.75,-534493524655659.94,-528046428160984.5,-521407813232878.2,-514579457020707.9,-507563564434361.4,-500362778043791.56,-492980191758709.25,-485419370618798.3,-477684379686737.1,-469779825791714.7,-461710916703231.56,-453483543187884.94,-445104390251897.25,-436581084595727.4,-427922385745339.4,-419138428243758.3,-410241021353820.75,-401244010479102.56,-392163700337881.75,-383019333019010.9,-373833603388270.2,-364633178650896.56,-355449166747383.8,-346317448044724.75,-337278744833065.56,-328378251996349.0,-319664589012774.3,-311187758401478.1,-302995711029896.2,-295129029502882.6,-287613156820126.94,-280447534780959.12,-273591000929436.66,-266942864203402.4,-260319300393778.4,-253425177725416.78,-245822297177915.25,-236896561723652.53,-225829189346054.8,-211581569029497.8,-192911781039565.03,-168459152580491.06,-136978217441777.6,-97917421632093.31,-52852159543164.19,-9744059243160.988,-6834248926689.068,0.0
7505.0,-1132538655032900.0,-1130564404155167.0,-1128568106900568.8,-1126549783918191.0,-1124509459079227.4,-1122447159541302.0,-1120362915813576.0,-1118256761822617.2,-1116128734979048.9,-1113978876244961.4,-1111807230202088.5,-1109613845120741.8,-1107398773029504.0,-1105162069785661.9,-1102903795146386.8,-1100624012840647.5,-1098322790641847.2,-1096000200441179.2,-1093656318321688.8,-1091291224633029.4,-1088905004066905.9,-1086497745733184.5,-1084069543236664.2,-1081620494754490.6,-1079150703114191.5,-1076660275872328.6,-1074149325393733.9,-1071617968931321.8,-1069066328706449.1,-1066494531989802.9,-1063902711182795.4,-1061291003899433.4,-1058659553048644.0,-1056008506917022.8,-1053338019251976.1,-1050648249345225.1,-1047939362116641.5,-1045211528198374.2,-1042464924019234.4,-1039699731889298.9,-1036916140084687.6,-1034114342932479.4,-1031294540895709.6,-1028456940658414.0,-1025601755210659.1,-1022729203933513.2,-1019839512683901.4,-1016932913879281.6,-1014009646582093.9,-1011069956583905.5,-1008114096489199.4,-1005142325798727.0,-1002154910992360.4,-999152125611363.2,-996134250340013.4,-993101573086478.6,-990054389062877.2,-986993000864425.0,-983917718547581.2,-980828859707095.9,-977726749551855.0,-974611720979434.6,-971484114649230.9,-968344279054082.2,-965192570590242.2,-962029353625599.9,-958855000566012.8,-955669891919626.6,-952474416359042.8,-949268970781194.0,-946053960364789.4,-942829798625162.9,-939596907466389.4,-936355717230489.8,-933106666743563.1,-929850203358673.8,-926586782995317.2,-923316870175265.9,-920040938054622.8,-916759468451863.5,-913472951871679.5,-910181887524398.2,-906886783340766.6,-903588155981876.0,-900286530843981.5,-896982442057995.2,-893676432483387.4,-890369053696247.6,-887060865971244.9,-883752438257210.1,-880444348146062.0,-877137181834788.2,-873831534080194.4,-870528008146092.0,-867227215742648.0,-863929776957536.5,-860636320178583.6,-857347482007562.9,-854063907164782.4,-850786248384113.2,-847515166298089.0,-844251329312695.5,-840995413471468.6,-837748102308499.5,-834510086689944.0,-831282064643619.0,-828064741176257.6,-824858828077992.9,-821665043713624.1,-818484112800205.0,-815316766170499.6,-812163740521823.2,-809025778149791.2,-805903626666478.5,-802798038702494.6,-799709771592455.0,-796639587043335.5,-793588250785178.4,-790556532203618.0,-787545203953670.2,-784555041554247.9,-781586822962829.6,-778641328129722.1,-775719338531337.8,-772821636681911.4,-769949005623067.8,-767102228390649.5,-764282087458213.1,-761489364156585.8,-758724838068897.5,-755989286400463.1,-753283483322931.2,-750608199292072.5,-747964200338619.2,-745352247331546.2,-742773095213188.0,-740227492205604.5,-737716178987596.5,-735239887841791.1,-732799341771218.2,-730395253584812.0,-728028324951284.4,-725699245420827.8,-723408691414119.8,-721157325178123.2,-718945793708186.4,-716774727635986.8,-714644740082860.0,-712556425478105.8,-710510358341879.2,-708507092032310.2,-706547157456533.2,-704631061745337.0,-702759286891192.0,-700932288349465.2,-699150493602660.6,-697414300687594.0,-695724076685454.5,-694080156174771.1,-692482839647364.0,-690932391887429.9,-689429040313981.5,-687972973286939.6,-686564338377266.0,-685203240601601.8,-683889740621974.5,-682623852911251.0,-681405543885088.8,-680234730001281.0,-679111275827493.5,-678034992078515.9,-677005633624295.8,-676022897470146.0,-675086420710687.5,-674195778459215.1,-673350481754383.5,-672549975446234.1,-671793636063812.0,-671080769666791.6,-670410609683745.8,-669782314739894.9,-669194966477432.2,-668647567371722.5,-668139038546954.9,-667668217595084.6,-667233856402186.6,-666834618986642.8,-666469079353890.6,-666135719372808.2,-665832926679146.6,-665558992611809.2,-665312110188148.2,-665090372124886.5,-664891768911694.2,-664714186944925.8,-664555406729506.4,-664413101157483.2,-664284833872310.0,-664168057728503.2,-664060113356946.4,-663958227846760.4,-663859513555349.9,-663760967058970.5,-663659468256943.6,-663551779643445.4,-663434545761669.5,-663304292856071.0,-663157428739351.5,-662990242891831.0,-662798906811921.9,-662579474637492.5,-662327884059034.0,-662039957546737.2,-661711403914751.5,-661337820247159.6,-660914694211406.8,-660437406786197.1,-659901235432076.9,-659301357734130.9,-658632855547368.1,-657890719676409.1,-657069855122061.0,-656165086928118.0,-655171166662327.1,-654082779565763.2,-652894552404871.0,-651601062060008.1,-650196844883470.4,-648676406858504.0,-647034234588695.2,-645264807144185.6,-643362608787316.0,-641322142595384.5,-639137944992070.9,-636804601191581.5,-634316761550555.6,-631669158812053.0,-628856626213404.4,-625874116415220.5,-622716721192263.0,-619379691808247.2,-615858459975867.0,-612148659280636.4,-608246146922745.8,-604147025605474.9,-599847665372524.0,-595344725170900.0,-590635173892130.5,-585716310624566.0,-580585783835850.6,-575241609200737.2,-569682185799584.8,-563906310442578.5,-557913189930882.2,-551702451156934.56,-545274149082297.2,-538628772824965.2,-531767250353204.3,-524690952635900.94,-517401698557940.2,-509901762491721.44,-502193887140541.7,-494281305150930.44,-486167774037100.7,-477857630166896.2,-469355868899602.6,-460668259383986.0,-451801503913546.9,-442763452918833.75,-433563387379148.5,-424212380250046.25,-414723746844661.4,-405113590167526.94,-395401439895511.3,-385610971627564.1,-375770774431789.06,-365915107519399.25,-356084548735637.5,-346326386094710.8,-336694536742940.06,-327248694400265.4,-318052307271238.44,-309168877583756.9,-300655960145146.3,-292556136369741.0,-284884177030541.06,-277609617459132.12,-270634100473458.22,-263763149288934.62,-256672556281749.66,-248870277858860.97,-239655328606669.5,-228074792518211.12,-212876907526930.84,-192451237950323.38,-164753116108969.53,-127380293895251.48,-79361152539724.94,-35729710924587.59,-126691090020140.98,0.0
7502.5,-1154749902401250.5,-1152906158102783.5,-1151038579076560.0,-1149147157242470.0,-1147231887562009.0,-1145292768106003.8,-1143329800123295.2,-1141342988110381.5,-1139332339882018.8,-1137297866642790.8,-1135239583059645.0,-1133157507335387.8,-1131051661283161.2,-1128922070401874.0,-1126768763952609.5,-1124591775035996.5,-1122391140670544.5,-1120166901871939.2,-1117919103733302.6,-1115647795506400.6,-1113353030683806.0,-1111034867082000.1,-1108693366925417.1,-1106328596931413.6,-1103940628396163.5,-1101529537281457.8,-1099095404302415.1,-1096638315016073.2,-1094158359910856.8,-1091655634496915.8,-1089130239397298.5,-1086582280439962.1,-1084011868750595.9,-1081419120846229.5,-1078804158729619.5,-1076167109984377.9,-1073508107870832.0,-1070827291422574.0,-1068124805543688.5,-1065400801106616.8,-1062655435050629.9,-1059888870480880.5,-1057101276767992.5,-1054292829648156.2,-1051463711323682.6,-1048614110563982.2,-1045744222806917.6,-1042854250260486.0,-1039944402004782.5,-1037014894094188.5,-1034065949659732.8,-1031097799011570.9,-1028110679741510.2,-1025104836825532.6,-1022080522726235.4,-1019037997495122.8,-1015977528874681.2,-1012899392400147.5,-1009803871500904.1,-1006691257601403.5,-1003561850221543.5,-1000415957076391.0,-997253894175163.9,-994075985919372.6,-990882565200000.0,-987673973493632.8,-984450560957406.5,-981212686522659.9,-977960717987168.4,-974695032105820.0,-971416014679612.1,-968124060642810.2,-964819574148144.4,-961502968649861.8,-958174666984506.1,-954835101449234.5,-951484713877518.5,-948123955712034.8,-944753288074580.8,-941373181832797.2,-937984117663526.1,-934586586112576.0,-931181087650691.8,-927768132725504.8,-924348241809233.9,-920921945441896.0,-917489784269786.9,-914052309078968.2,-910610080823506.2,-907163670648184.6,-903713659905407.6,-900260640166009.1,-896805213223660.4,-893347991092565.8,-889889595998133.0,-886430660360280.0,-882971826769033.2,-879513747952080.1,-876057086733896.8,-872602515986083.8,-869150718568532.8,-865702387261006.2,-862258224684746.5,-858818943213676.5,-855385264874768.5,-851957921237136.2,-848537653289391.0,-845125211304795.0,-841721354693735.5,-838326851843015.0,-834942479941464.6,-831569024791351.5,-828207280605052.6,-824858049786449.8,-821522142696491.5,-818200377402341.2,-814893579409542.9,-811602581376595.2,-808328222811334.2,-805071349748494.5,-801832814407826.9,-798613474832113.0,-795414194504425.4,-792235841943967.5,-789079290279796.9,-785945416801756.2,-782835102487891.8,-779749231507658.0,-776688690700171.5,-773654369026793.8,-770647156997283.5,-767667946068783.6,-764717628016871.0,-761797094277907.8,-758907235261928.1,-756048939635273.0,-753223093572201.5,-750430579974690.0,-747672277659636.0,-744949060512680.0,-742261796607859.8,-739611347292317.4,-736998566235275.5,-734424298440517.8,-731889379221593.8,-729394633139011.8,-726940872898655.0,-724528898210703.0,-722159494608339.5,-719833432225543.6,-717551464533297.5,-715314327033550.5,-713122735910320.5,-710977386637327.1,-708878952541602.0,-706828083322546.4,-704825403525946.0,-702871510972507.1,-700966975140509.5,-699112335502240.2,-697308099813919.0,-695554742358892.5,-693852702143930.6,-692202381048548.5,-690604141927330.8,-689058306665337.0,-687565154186749.5,-686124918417006.2,-684737786198784.1,-683403895162296.2,-682123331550468.9,-680896127999714.1,-679722261277120.5,-678601649975030.0,-677534152164128.1,-676519563006308.6,-675557612328767.1,-674647962160929.4,-673790204236024.0,-672983857459300.1,-672228365345102.2,-671523093425239.5,-670867326631316.5,-670260266653948.2,-669701029282043.4,-669188641725623.0,-668722039925933.0,-668300065856933.8,-667921464822569.8,-667584882754587.0,-667288863516046.0,-667031846216050.8,-666812162541674.4,-666628034113475.8,-666477569871513.9,-666358763499231.9,-666269490893174.6,-666207507687029.0,-666170446839129.1,-666155816293186.5,-666160996722734.5,-666183239370480.8,-666219663994584.0,-666267256934685.0,-666322869311434.0,-666383215374198.0,-666444871012655.1,-666504272449047.4,-666557715129020.2,-666601352830176.0,-666631197008758.0,-666643116406224.9,-666632836938911.0,-666595941895441.8,-666527872468151.0,-666423928646349.9,-666279270500983.5,-666088919891923.8,-665847762630902.4,-665550551134848.8,-665191907606149.4,-664766327778079.0,-664268185265280.4,-663691736560720.2,-663031126721913.0,-662280395790343.4,-661433485988865.5,-660484249742321.0,-659426458566580.5,-658253812870601.5,-656959952714727.9,-655538469566209.1,-653982919089628.5,-652286835005367.2,-650443744043230.4,-648447182010662.2,-646290710985334.1,-643967937630058.6,-641472532613664.6,-638798251104417.9,-635938954282529.5,-632888631795012.8,-629641425049490.0,-626191651213410.8,-622533827751557.1,-618662697297927.5,-614573252618588.1,-610260761380640.4,-605720790400434.1,-600949229003370.5,-595942311090772.1,-590696635480035.1,-585209184067451.4,-579477337365258.4,-573498886993941.9,-567272044778337.0,-560795448215106.9,-554068162266321.4,-547089677709439.5,-539859906662040.7,-532379176428234.8,-524648223514314.44,-516668190567829.94,-508440630141043.9,-499967520597095.06,-491251301185692.4,-482294935315542.94,-473102013309600.9,-463676908358291.9,-454025001813049.2,-444152996093127.1,-434069334845261.0,-423784749895566.75,-413312951955022.0,-402671475586255.75,-391882676753894.9,-380974861005008.7,-369983489121348.44,-358952361775096.06,-347934622138662.2,-336993333049908.4,-326201282489767.1,-315639550501259.0,-305394240733690.6,-295550657649233.7,-286184124942522.3,-277346634795277.03,-269048647262018.3,-261235683544773.6,-253759902908000.06,-246347505767608.94,-238562992436679.56,-229769143020262.44,-219071849030882.16,-205209544937658.44,-186279826650958.2,-159125338589550.12,-118703346871524.34,-62775014127345.86,-21067631113877.43,0.0
7500.0,-1175750400251236.0,-1174062062609419.5,-1172348225023544.5,-1170608848965034.5,-1168843898704383.8,-1167053341381095.2,-1165237147074742.5,-1163395288877163.5,-1161527742965795.0,-1159634488678154.0,-1157715508587472.0,-1155770788579490.2,-1153800317930437.8,-1151804089386163.2,-1149782099242463.5,-1147734347426596.0,-1145660837579976.8,-1143561577142080.5,-1141436577435537.5,-1139285853752432.2,-1137109425441808.2,-1134907315998381.2,-1132679553152451.8,-1130426168961038.5,-1128147199900206.8,-1125842686958609.8,-1123512675732228.6,-1121157216520320.9,-1118776364422552.8,-1116370179437331.0,-1113938726561314.9,-1111482075890108.5,-1109000302720114.4,-1106493487651550.1,-1103961716692611.8,-1101405081364766.5,-1098823678809169.0,-1096217611894178.5,-1093586989323967.5,-1090931925748191.2,-1088252541872710.6,-1085548964571336.5,-1082821326998574.4,-1080069768703347.6,-1077294435743660.9,-1074495480802180.1,-1071673063302703.9,-1068827349527467.9,-1065958512735276.1,-1063066733280391.5,-1060152198732158.8,-1057215103995314.8,-1054255651430926.8,-1051274050977922.5,-1048270520275145.8,-1045245284783888.8,-1042198577910836.0,-1039130641131357.5,-1036041724113086.5,-1032932084839704.5,-1029801989734865.6,-1026651713786176.0,-1023481540669149.4,-1020291762871050.1,-1017082681814529.2,-1013854607980962.0,-1010607861033385.5,-1007342769938925.0,-1004059673090605.5,-1000758918428427.1,-997440863559585.8,-994105875877707.0,-990754332680971.1,-987386621288973.1,-984003139158189.4,-980604293995886.0,-977190503872324.8,-973762197331081.2,-970319813497323.9,-966863802183860.8,-963394623994770.9,-959912750426427.5,-956418663965706.6,-952912858185169.8,-949395837835006.1,-945868118931499.4,-942330228841787.0,-938782706364659.9,-935226101807151.1,-931660977056647.1,-928087905648241.8,-924507472827047.6,-920920275605174.6,-917326922813052.1,-913728035144800.1,-910124245197286.8,-906516197502560.6,-902904548553285.0,-899289966820809.5,-895673132765505.8,-892054738838971.8,-888435489477695.6,-884816101087765.2,-881197302020188.9,-877579832536377.5,-873964444763332.8,-870351902638059.5,-866742981840714.9,-863138469715989.8,-859539165182196.8,-855945878627532.1,-852359431792957.1,-848780657641129.9,-845210400210802.5,-841649514456086.0,-838098866069955.5,-834559331291370.8,-831031796695354.5,-827517158965361.2,-824016324647245.2,-820530209884135.0,-817059740131481.8,-813605849851549.5,-810169482186590.5,-806751588609931.0,-803353128554181.2,-799975069015759.0,-796618384134898.8,-793284054750319.0,-789973067927673.1,-786686416460922.5,-783425098345741.4,-780190116224039.2,-776982476798693.8,-773803190217553.5,-770653269425761.6,-767533729485447.8,-764445586861804.5,-761389858674572.4,-758367561913939.0,-755379712619840.9,-752427325023664.9,-749511410651325.0,-746632977386690.9,-743793028494340.8,-740992561600604.8,-738232567631871.5,-735514029709119.2,-732837921997651.6,-730205208511011.8,-727616841868055.5,-725073762002187.5,-722576894821761.8,-720127150820664.8,-717725423638132.0,-715372588566856.0,-713069501008469.6,-710816994875524.6,-708615880939115.8,-706466945121325.5,-704370946731725.5,-702328616647195.5,-700340655434385.5,-698407731414189.2,-696530478667668.2,-694709494982922.8,-692945339742485.1,-691238531750873.9,-689589547002053.4,-687998816386615.0,-686466723338600.9,-684993601421999.2,-683579731857055.1,-682225340986648.6,-680930597683142.2,-679695610696228.5,-678520425942457.9,-677405023737288.8,-676349315970679.2,-675353143227404.0,-674416271853502.0,-673538390970432.5,-672719109438777.8,-671957952773525.9,-671254360013246.8,-670607680545727.8,-670017170892919.2,-669481991458348.1,-669001203240468.1,-668573764515767.6,-668198527495823.8,-667874234962860.5,-667599516888807.5,-667372887043281.0,-667192739596392.0,-667057345722777.6,-666964850213805.2,-666913268105466.5,-666900481330093.2,-666924235400693.2,-666982136137412.4,-667071646446372.0,-667190083161966.4,-667334613964559.5,-667502254386457.8,-667689864920045.1,-667894148243033.2,-668111646576945.2,-668338739196168.4,-668571640106257.9,-668806395911576.8,-669038883893864.1,-669264810324963.1,-669479709038627.0,-669678940288174.2,-669857689918681.1,-670010968884439.8,-670133613144559.6,-670220283971823.9,-670265468712240.1,-670263482035121.6,-670208467716002.5,-670094400997153.4,-669915091572961.0,-669664187249859.1,-669335178332817.2,-668921402792574.0,-668416052269715.4,-667812178973256.5,-667102703532520.5,-666280423861599.8,-665338025095465.2,-664268090655565.0,-663063114500413.6,-661715514612859.4,-660217647770242.6,-658561825636098.4,-656740332202150.4,-654745442596607.2,-652569443258830.6,-650204653460820.0,-647643448132164.1,-644878281916692.8,-641901714355527.2,-638706436052212.5,-635285295630747.8,-631631327246526.0,-627737778353462.2,-623598137368423.4,-619206160807327.5,-614555899397575.8,-609641722601292.6,-604458340916840.5,-599000825267505.1,-593264622743431.2,-587245567945587.5,-580939889202000.0,-574344209003710.8,-567455538163026.2,-560271263457408.0,-552789128923457.1,-545007211549058.9,-536923892928006.3,-528537829548390.56,-519847925848122.56,-510853316055726.94,-501553363206555.8,-491947686634480.7,-482036232706956.44,-471819407560403.1,-461298294972126.9,-450474986996436.75,-439353059099869.0,-427938224447769.0,-416239202496169.44,-404268833360885.0,-392045459142808.3,-379594573323083.75,-366950705637296.8,-354159458155710.6,-341279534417053.25,-328384504438066.56,-315563924546635.9,-302923288871224.4,-290582146251481.8,-278669605954440.16,-267316434450989.94,-256643099463409.78,-246743565088628.34,-237665526799221.25,-229389218113377.62,-221808817317031.22,-214721764367664.4,-207827483556187.03,-200712629481468.12,-192704579252150.9,-182132672654542.34,-163228566544514.78,-113184984027978.81,72680228974711.75,0.0
7497.5,-1195229955133247.8,-1193722545075310.0,-1192188123436317.8,-1190626619902324.2,-1189037966655128.0,-1187422098443135.0,-1185778952653496.0,-1184108469385520.2,-1182410591525395.0,-1180685264822216.0,-1178932437965342.5,-1177152062663089.0,-1175344093722776.5,-1173508489132140.8,-1171645210142119.0,-1169754221351026.2,-1167835490790134.0,-1165888990010656.0,-1163914694172161.8,-1161912582132416.8,-1159882636538671.2,-1157824843920400.2,-1155739194783498.5,-1153625683705954.8,-1151484309434997.5,-1149315074985724.0,-1147117987741221.2,-1144893059554187.0,-1142640306850044.8,-1140359750731571.5,-1138051417085025.8,-1135715336687791.8,-1133351545317534.5,-1130960083862866.0,-1128540998435519.5,-1126094340484040.0,-1123620166908972.1,-1121118540179558.0,-1118589528451920.0,-1116033205688743.5,-1113449651780429.5,-1110838952667722.2,-1108201200465789.0,-1105536493589751.1,-1102844936881633.5,-1100126641738734.8,-1097381726243382.6,-1094610315294060.0,-1091812540737883.2,-1088988541504393.2,-1086138463740648.4,-1083262460947575.4,-1080360694117546.9,-1077433331873158.9,-1074480550607158.9,-1071502534623488.8,-1068499476279396.5,-1065471576128566.9,-1062419043065226.0,-1059342094469157.9,-1056240956351576.8,-1053115863501800.9,-1049967059634645.0,-1046794797538484.1,-1043599339223891.8,-1040380956072790.0,-1037139928988022.1,-1033876548543258.1,-1030591115133145.5,-1027283939123599.1,-1023955341002141.0,-1020605651528156.8,-1017235211882985.4,-1013844373819693.4,-1010433499812425.1,-1007002963205179.8,-1003553148359896.4,-1000084450803676.9,-996597277375011.9,-993092046368829.1,-989569187680218.8,-986029142946633.6,-982472365688399.5,-978899321447323.4,-975310487923217.0,-971706355108103.5,-968087425417901.4,-964454213821346.2,-960807247965914.1,-957147068300489.9,-953474228194526.2,-949789294053411.6,-946092845429769.1,-942385475130389.8,-938667789318485.1,-934940407610951.2,-931203963170295.4,-927459102790892.8,-923706486979202.4,-919946790027577.2,-916180700081272.5,-912408919198251.4,-908632163401376.2,-904851162722537.2,-901066661238286.0,-897279417096495.8,-893490202533567.8,-889699803881689.8,-885909021565625.8,-882118670088493.1,-878329578005992.5,-874542587888501.5,-870758556270445.5,-866978353586337.4,-863202864092858.1,-859432985776313.4,-855669630244810.2,-851913722604453.5,-848166201318850.0,-844428018051179.6,-840700137488083.1,-836983537144586.1,-833279207149248.8,-829588150008723.6,-825911380350873.2,-822249924645575.2,-818604820902312.4,-814977118343645.5,-811367877053609.5,-807778167600086.8,-804209070630145.8,-800661676437353.8,-797137084500016.5,-793636402989282.5,-790160748246038.4,-786711244225483.8,-783289021908258.6,-779895218676968.5,-776530977656944.5,-773197447020036.0,-769895779250222.8,-766627130369818.1,-763392659125002.9,-760193526129424.9,-757030892964569.8,-753905921235603.5,-750819771581367.8,-747773602637191.4,-744768569949178.8,-741805824838617.8,-738886513215149.6,-736011774337324.1,-733182739519182.0,-730400530781469.8,-727666259446135.1,-724981024672719.0,-722345911935284.0,-719761991438528.8,-717230316471745.0,-714751921699289.8,-712327821386274.0,-709959007558183.8,-707646448093180.5,-705391084745874.5,-703193831101369.0,-701055570458462.5,-698977153640905.1,-696959396735682.5,-695003078757350.0,-693108939237519.5,-691277675738657.1,-689509941291452.6,-687806341755091.2,-686167433099870.5,-684593718611699.0,-683085646018139.5,-681643604535774.1,-680267921838810.5,-678958860948983.2,-677716617046983.5,-676541314205779.1,-675433002046417.5,-674391652317057.1,-673417155396198.8,-672509316721316.8,-671667853144318.2,-670892389215528.0,-670182453398155.0,-669537474215513.1,-668956776333559.6,-668439576581684.8,-667984979915008.2,-667591975321866.2,-667259431680563.1,-666986093569916.5,-666770577038604.6,-666611365338842.2,-666506804630456.5,-666455099662032.0,-666454309436444.0,-666502342868771.4,-666596954445338.4,-666735739893425.0,-666916131872059.2,-667135395695235.0,-667390625099900.2,-667678738072164.5,-667996472746346.0,-668340383392741.0,-668706836511398.1,-669092007050644.8,-669491874770731.9,-669902220774683.4,-670318624230319.8,-670736459309414.8,-671150892372111.9,-671556879427038.5,-671949163900019.9,-672322274746930.6,-672670524949018.4,-672988010431969.2,-673268609453105.4,-673505982504321.8,-673693572781728.8,-673824607276403.6,-673892098544130.9,-673888847215497.0,-673807445311118.1,-673640280430008.6,-673379540882122.6,-673017221838677.0,-672545132575927.6,-671954904889388.6,-671238002755828.1,-670385733319479.6,-669389259276472.9,-668239612727095.6,-666927710558768.6,-665444371413017.8,-663780334276720.5,-661926278720841.4,-659872846788075.2,-657610666503493.4,-655130376948667.5,-652422654798910.8,-649478242174422.4,-646287975598395.0,-642842815787794.1,-639133877925037.4,-635152461970913.0,-630890082481008.9,-626338497280639.2,-621489734238597.8,-616336115261418.0,-610870276512297.5,-605085183750208.8,-598974141596032.0,-592530795479293.8,-585749125022353.1,-578623427706905.5,-571148291877602.1,-563318558517402.4,-555129271839867.6,-546575619660812.94,-537652865827676.25,-528356278808721.0,-518681062999967.6,-508622302530075.25,-498174931466296.3,-487333749462830.5,-476093508109961.75,-464449100502108.06,-452395894636469.1,-439930259697881.94,-427050342183688.1,-413757154692268.75,-400056041767073.6,-385958581182072.4,-371484961043434.1,-356666837468609.5,-341550617942892.06,-326201025371380.56,-310704672957799.7,-295173221416302.75,-279745509843044.8,-264587881823764.1,-249891833507700.22,-235868205878369.66,-222737624188122.53,-210718076672160.4,-200012962173345.53,-190807517107371.25,-183289572287963.9,-177723047376825.25,-174614881071867.97,-174991361028576.84,-180525084250951.34,-191539804199435.66,-192035852824256.2,-94807890878739.44,0.0
7495.0,-1212853248731414.2,-1211552647631209.2,-1210223707187318.0,-1208866324393229.0,-1207480398376618.0,-1206065830469763.2,-1204622524281357.8,-1203150385769738.5,-1201649323317546.0,-1200119247807845.5,-1198560072701711.0,-1196971714117311.8,-1195354090910506.5,-1193707124756961.8,-1192030740235827.0,-1190324864914973.8,-1188589429437816.5,-1186824367611743.8,-1185029616498169.0,-1183205116504219.0,-1181350811476074.5,-1179466648794004.2,-1177552579469063.5,-1175608558241520.8,-1173634543680998.8,-1171630498288359.0,-1169596388599335.8,-1167532185289947.5,-1165437863283682.5,-1163313401860491.8,-1161158784767582.2,-1158974000332040.8,-1156759041575288.8,-1154513906329380.8,-1152238597355159.5,-1149933122462278.5,-1147597494631090.2,-1145231732136417.2,-1142835858673216.0,-1140409903484116.8,-1137953901488872.0,-1135467893415696.5,-1132951925934506.2,-1130406051792054.5,-1127830329948970.2,-1125224825718686.4,-1122589610908256.5,-1119924763961055.2,-1117230370101354.9,-1114506521480763.2,-1111753317326513.5,-1108970864091590.6,-1106159275606680.2,-1103318673233915.4,-1100449186022407.1,-1097550950865525.4,-1094624112659913.1,-1091668824466196.6,-1088685247671361.9,-1085673552152763.2,-1082633916443718.5,-1079566527900661.5,-1076471582871783.1,-1073349286867138.9,-1070199854730144.9,-1067023510810417.8,-1063820489137894.1,-1060591033598156.9,-1057335398108908.5,-1054053846797497.6,-1050746654179440.2,-1047414105337824.4,-1044056496103526.5,-1040674133236129.8,-1037267334605444.6,-1033836429373518.0,-1030381758177021.2,-1026903673309884.2,-1023402538906055.5,-1019878731122239.0,-1016332638320471.6,-1012764661250385.6,-1009175213230989.9,-1005564720331805.6,-1001933621553176.1,-998282369005562.9,-994611428087626.1,-990921277662887.1,-987212410234756.6,-983485332119693.2,-979740563618260.1,-975978639183825.0,-972200107588641.5,-968405532087041.1,-964595490575439.9,-960770575748872.0,-956931395253723.4,-953078571836344.6,-949212743487204.1,-945334563580213.9,-941444701006868.0,-937543840304792.8,-933632681780317.0,-929711941624628.5,-925782352023087.9,-921844661257234.5,-917899633799016.6,-913948050396747.2,-909990708152272.0,-906028420588814.9,-902062017708952.8,-898092346042134.0,-894120268681149.0,-890146665306932.8,-886172432201061.2,-882198482245258.1,-878225744907245.0,-874255166212202.0,-870287708699112.4,-866324351361207.8,-862366089569741.5,-858413934980261.6,-854468915420528.2,-850532074759223.0,-846604472754524.5,-842687184881633.0,-838781302138278.0,-834887930827218.4,-831008192314707.5,-827143222763889.0,-823294172842012.8,-819462207400386.0,-815648505125884.5,-811854258162871.2,-808080671704289.6,-804328963550704.5,-800600363636004.8,-796896113518461.9,-793217465835808.8,-789565683722952.0,-785942040190926.9,-782347817465643.6,-778784306284963.4,-775252805152596.1,-771754619547290.0,-768291061085746.9,-764863446637675.5,-761473097391350.9,-758121337868037.8,-754809494883597.0,-751538896455572.0,-748310870654025.8,-745126744394386.8,-741987842170514.2,-738895484726214.1,-735850987663376.5,-732855659984929.5,-729910802570756.9,-727017706584748.8,-724177651811118.6,-721391904918143.0,-718661717647457.9,-715988324927056.5,-713372942906153.2,-710816766910065.5,-708320969313295.8,-705886697329026.6,-703515070713236.0,-701207179381707.8,-698964080938226.5,-696786798112288.8,-694676316104734.2,-692633579839731.1,-690659491121629.2,-688754905695268.9,-686920630208403.2,-685157419074998.2,-683465971238255.1,-681846926832326.8,-680300863741810.5,-678828294058233.5,-677429660432891.0,-676105332325565.0,-674855602148789.5,-673680681307559.5,-672580696134542.2,-671555683721088.2,-670605587644560.8,-669730253592771.8,-668929424886562.6,-668202737901898.9,-667549717393117.2,-666969771719367.2,-666462187976599.0,-666026127037908.2,-665660618505433.2,-665364555577499.0,-665136689835194.2,-664975625953122.0,-664879816339640.6,-664847555712580.5,-664876975617092.0,-664966038893040.6,-665112534100202.0,-665314069910370.8,-665568069476494.5,-665871764789976.2,-666222191038455.0,-666616180977609.5,-667050359331907.8,-667521137240704.2,-668024706767702.1,-668557035493582.6,-669113861213502.4,-669690686763278.4,-670282775000334.0,-670885143967970.6,-671492562274203.8,-672099544719290.0,-672700348209225.9,-673288967995842.2,-673859134287737.0,-674404309280141.5,-674917684655908.0,-675392179614116.2,-675820439487337.8,-676194835013291.0,-676507462331464.4,-676750143780182.8,-676914429574513.6,-676991600450158.9,-676972671363042.2,-676848396338381.0,-676609274566513.8,-676245557845320.6,-675747259470426.1,-675104164674123.5,-674305842711655.5,-673341660688557.2,-672200799214617.0,-670872269957843.5,-669344935154831.2,-667607529111052.2,-665648681694820.6,-663456943790684.2,-661020814630466.2,-658328770861654.8,-655369297141763.1,-652130917962163.9,-648602230304248.0,-644771936613346.6,-640628877440785.0,-636162062951563.2,-631360702325211.8,-626214229892717.5,-620712326657493.1,-614844935650690.8,-608602269382445.5,-601974807488246.0,-594953282558512.0,-587528652114533.5,-579692054802931.8,-571434749187832.6,-562748034109492.8,-553623150559254.0,-544051166531796.7,-534022848527612.4,-523528526497087.94,-512557963280622.2,-501100245268484.8,-489143718344623.3,-476676002420569.6,-463684129139934.75,-450154860570145.9,-436075261471017.1,-421433613042502.5,-406220770045777.4,-390432072773578.8,-374069925788799.7,-357147139903641.44,-339691093564320.9,-321748693725448.2,-303391992828023.1,-284724138279050.1,-265885092582514.75,-247056283056792.75,-228463072521465.5,-210373803188263.6,-193094385985938.22,-176958428561906.3,-162315581354323.44,-149526898425422.06,-138989267680671.14,-131238978303501.97,-127241360516698.06,-129077829097480.78,-141373100946337.06,-173568270248115.6,-239727684758353.53,-331081454398075.2,0.0
7492.5,-1228260665439589.8,-1227192827362029.8,-1226095535681569.5,-1224968654263812.8,-1223812048692634.5,-1222625586338725.8,-1221409136429638.2,-1220162570121342.5,-1218885760571336.5,-1217578583013315.2,-1216240914833440.5,-1214872635648217.8,-1213473627384029.2,-1212043774358319.0,-1210582963362480.5,-1209091083746452.8,-1207568027505064.8,-1206013689366140.0,-1204427966880397.2,-1202810760513166.2,-1201161973737941.5,-1199481513131806.5,-1197769288472743.0,-1196025212838864.0,-1194249202709580.0,-1192441178068724.5,-1190601062509683.0,-1188728783342518.8,-1186824271703141.5,-1184887462664531.5,-1182918295350048.8,-1180916713048842.2,-1178882663333389.8,-1176816098179181.2,-1174716974086573.0,-1172585252204830.8,-1170420898458384.0,-1168223883675306.0,-1165994183718042.2,-1163731779616404.8,-1161436657702845.2,-1159108809750030.5,-1156748233110724.2,-1154354930860001.8,-1151928911939803.2,-1149470191305831.0,-1146978790076821.0,-1144454735686171.0,-1141898062035963.5,-1139308809653351.2,-1136687025849355.8,-1134032764880037.5,-1131346088110068.2,-1128627064178695.2,-1125875769168085.4,-1123092286774061.8,-1120276708479211.6,-1117429133728353.8,-1114549670106371.0,-1111638433518364.4,-1108695548372141.9,-1105721147762996.1,-1102715373660751.9,-1099678377099075.2,-1096610318366981.1,-1093511367202530.0,-1090381702988667.2,-1087221514951158.1,-1084031002358574.6,-1080810374724289.6,-1077559852010410.5,-1074279664833597.6,-1070970054672709.6,-1067631274078181.8,-1064263586883092.5,-1060867268415802.9,-1057442605714106.8,-1053989897740777.5,-1050509455600424.6,-1047001602757537.5,-1043466675255613.5,-1039905021937234.9,-1036317004664974.0,-1032702998542976.8,-1029063392139085.5,-1025398587707335.6,-1021709001410667.9,-1017995063543668.1,-1014257218755162.5,-1010495926270461.0,-1006711660113041.2,-1002904909325459.6,-999076178189256.2,-995225986443603.0,-991354869502445.4,-987463378669875.4,-983552081353433.9,-979621561275058.4,-975672418679359.4,-971705270538900.1,-967720750756131.0,-963719510361619.4,-959702217708200.9,-955669558660654.2,-951622236780482.6,-947560973505372.9,-943486508322882.4,-939399598937872.2,-935301021433200.1,-931191570423156.0,-927072059199101.1,-922943319866748.5,-918806203474500.8,-914661580132239.6,-910510339119925.6,-906353388985347.0,-902191657630337.2,-898026092384737.2,-893857660067362.6,-889687347033194.5,-885516159206007.5,-881345122095573.6,-877175280798604.5,-873007699982507.9,-868843463851040.2,-864683676090889.4,-860529459798169.0,-856381957383811.0,-852242330456761.8,-848111759683876.4,-843991444625373.0,-839882603544630.4,-835786473191131.1,-831704308555260.1,-827637382593654.9,-823586985923754.0,-819554426486157.1,-815541029173340.6,-811548135423270.2,-807577102776365.0,-803629304394259.5,-799706128538735.9,-795808978009175.2,-791939269536822.8,-788098433134105.6,-784287911397221.5,-780509158760143.5,-776763640698161.5,-773052832879023.2,-769378220259692.4,-765741296126710.8,-762143561078089.2,-758586521944621.9,-755071690648463.0,-751600582996783.5,-748174717408262.5,-744795613570146.4,-741464791023561.5,-738183767674733.5,-734954058229738.5,-731777172550365.4,-728654613928658.5,-725587877277668.8,-722578447235926.4,-719627796183119.2,-716737382164459.5,-713908646721194.8,-711143012624718.0,-708441881511722.6,-705806631417856.0,-703238614207329.5,-700739152895944.2,-698309538865034.0,-695951028963821.2,-693664842497735.2,-691452158100280.6,-689314110486070.8,-687251787082720.2,-685266224539345.8,-683358405109489.0,-681529252906380.5,-679779630028539.5,-678110332553825.4,-676522086400169.2,-675015543051347.2,-673591275146313.2,-672249771930759.9,-670991434569765.5,-669816571320575.8,-668725392564783.2,-667718005699420.1,-666794409886705.9,-665954490662509.4,-665198014403862.2,-664524622656217.0,-663933826321489.9,-663424999708344.2,-662997374446586.8,-662650033268039.1,-662381903656745.4,-662191751371956.9,-662078173847938.1,-662039593475314.1,-662074250769423.8,-662180197431937.5,-662355289312890.1,-662597179281245.4,-662903310013177.6,-663270906708422.9,-663696969746336.8,-664178267294716.5,-664711327885998.8,-665292432977153.2,-665917609511497.0,-666582622502702.8,-667282967663589.5,-668013864104766.0,-668770247130976.6,-669546761166009.1,-670337752840346.0,-671137264279346.9,-671939026633710.6,-672736453898241.5,-673522637069600.9,-674290338698732.0,-675031987899041.9,-675739675877165.5,-676405152059260.5,-677019820892190.2,-677574739405670.8,-678060615628366.9,-678467807957937.9,-678786325592049.9,-679005830134171.6,-679115638494372.2,-679104727211057.5,-678961738324213.6,-678674986933932.5,-678232470579111.1,-677621880569733.1,-676830615401129.4,-675845796369273.6,-674654285491276.8,-673242705813585.4,-671597464160415.4,-669704776334931.2,-667550694733691.5,-665121138268663.2,-662401924408342.0,-659378803047526.0,-656037491791482.8,-652363712091926.4,-648343225496904.0,-643961869072530.2,-639205588820333.2,-634060469650332.5,-628512760179582.6,-622548890314956.8,-616155479258640.4,-609319331263250.1,-602027416188630.9,-594266831715296.4,-586024744008932.6,-577288303788533.4,-568044535239665.8,-558280196184369.94,-547981609567351.0,-537134468897361.4,-525723624109539.9,-513732859772576.0,-501144685100295.5,-487940165329649.7,-474098837182482.4,-459598767733854.3,-444416836224769.1,-428529341867232.6,-411913066348829.4,-394546945066631.44,-376414521599787.1,-357507368199924.5,-337829639999310.3,-317403876534274.9,-296278050691057.3,-274533668526577.75,-252294420495224.66,-229734462036303.34,-207084872858898.22,-184636281173499.56,-162735226609386.22,-141771979809742.9,-122159103025415.28,-104304935212931.73,-88598868318948.25,-75456460929469.28,-65548184624662.36,-60521642429009.25,-65006312222848.74,-91969666319026.45,-175112301410688.53,-338099302667984.8,0.0
7490.0,-1241069504060531.2,-1240260142698809.0,-1239420455396957.5,-1238550272964915.8,-1237649427465825.0,-1236717752281254.0,-1235755082178000.0,-1234761253376478.5,-1233736103620732.8,-1232679472250097.0,-1231591200272540.0,-1230471130439714.5,-1229319107323754.8,-1228134977395831.8,-1226918589106524.5,-1225669792968010.8,-1224388441638126.5,-1223074390006317.5,-1221727495281518.8,-1220347617081988.8,-1218934617527132.5,-1217488361331350.5,-1216008715899933.5,-1214495551427050.0,-1212948740995850.2,-1211368160680716.5,-1209753689651703.0,-1208105210281187.5,-1206422608252775.0,-1204705772672478.2,-1202954596182213.8,-1201168975075646.0,-1199348809416410.8,-1197494003158743.2,-1195604464270555.8,-1193680104858985.5,-1191720841298454.5,-1189726594361258.0,-1187697289350727.5,-1185632856236994.0,-1183533229795374.0,-1181398349747417.5,-1179228160904641.5,-1177022613314982.0,-1174781662411983.5,-1172505269166763.5,-1170193400242768.5,-1167846028153352.8,-1165463131422201.8,-1163044694746621.5,-1160590709163719.0,-1158101172219493.5,-1155576088140851.5,-1153015468010577.2,-1150419329945256.2,-1147787699276187.2,-1145120608733272.8,-1142418098631923.0,-1139680217062958.8,-1136907020085538.5,-1134098571923103.8,-1131254945162349.5,-1128376220955210.8,-1125462489223880.2,-1122513848868824.2,-1119530407979815.9,-1116512284049951.0,-1113459604192643.1,-1110372505361569.0,-1107251134573553.5,-1104095649134352.4,-1100906216867313.1,-1097683016344868.4,-1094426237122829.9,-1091136079977425.0,-1087812757145038.9,-1084456492564596.2,-1081067522122522.4,-1077646093900213.2,-1074192468423946.4,-1070706918917147.6,-1067189731554912.6,-1063641205720715.9,-1060061654265170.4,-1056451403766755.4,-1052810794794371.2,-1049140182171603.1,-1045439935242550.6,-1041710438139082.6,-1037952090049348.1,-1034165305487384.6,-1030350514563638.1,-1026508163256210.5,-1022638713682620.1,-1018742644371872.8,-1014820450536604.4,-1010872644345060.9,-1006899755192648.5,-1002902329972794.6,-998880933346826.0,-994836148012561.2,-990768574971298.6,-986678833792864.1,-982567562878365.1,-978435419720265.9,-974283081159410.1,-970111243638558.5,-965920623452016.2,-961711956990893.4,-957486000983510.2,-953243532730460.8,-948985350333789.4,-944712272919737.1,-940425140854480.1,-936124815952250.1,-931812181675199.4,-927488143324356.8,-923153628220973.2,-918809585877534.0,-914456988157680.5,-910096829424255.2,-905730126674642.4,-901357919662542.9,-896981271005291.1,-892601266275779.9,-888219014078019.0,-883835646105314.2,-879452317180016.0,-875070205273741.8,-870690511506929.8,-866314460126546.6,-861943298460710.8,-857578296848963.4,-853220748546858.2,-848871969603494.8,-844533298710573.9,-840206097021499.4,-835891747938991.2,-831591656869633.0,-827307250943717.8,-823039978698683.9,-818791309724409.8,-814562734268540.8,-810355762799988.4,-806171925528668.4,-802012771879491.4,-797879869918552.0,-793774805729404.8,-789699182737243.8,-785654620978751.4,-781642756315313.5,-777665239587217.1,-773723735706419.5,-769819922685361.5,-765955490599292.2,-762132140479446.6,-758351583134404.2,-754615537896866.5,-750925731293021.5,-747283895631633.0,-743691767509890.5,-740151086233029.9,-736663592144654.4,-733231024864635.1,-729855121431421.0,-726537614345527.2,-723280229510923.9,-720084684071000.8,-716952684135734.2,-713885922396656.9,-710886075626167.8,-707954802057717.5,-705093738643351.1,-702304498185086.0,-699588666336570.9,-696947798471472.0,-694383416415023.4,-691897005035176.5,-689490008689802.8,-687163827526412.4,-684919813630885.5,-682759267021743.8,-680683431486545.8,-678693490257028.0,-676790561519701.5,-674975693758691.8,-673249860927693.2,-671613957448028.9,-670068793029935.2,-668615087314313.1,-667253464332383.0,-665984446780809.0,-664808450110117.0,-663725776424402.5,-662736608190613.2,-661841001755935.0,-661038880672140.8,-660330028826084.9,-659714083375905.6,-659190527492904.5,-658758682909546.2,-658417702274498.6,-658166561316217.0,-658004050817186.0,-657928768401602.4,-657939110140056.5,-658033261975601.8,-658209190976532.0,-658464636422206.1,-658797100729435.4,-659203840228189.1,-659681855796818.6,-660227883368556.5,-660838384322819.5,-661509535776786.2,-662237220794902.2,-663017018536378.2,-663844194363456.8,-664713689936188.6,-665620113322816.5,-666557729158516.1,-667520448889358.1,-668501821142841.5,-669495022271329.6,-670492847120194.4,-671487700078453.4,-672471586476240.8,-673436104400559.2,-674372437008445.6,-675271345424982.6,-676123162322377.6,-676917786285715.1,-677644677080772.8,-678292851949423.1,-678850883068494.6,-679306896318272.0,-679648571516854.5,-679863144285965.6,-679937409722087.8,-679857728053351.2,-679610032466775.6,-679179839291255.8,-678552260718071.5,-677712020231306.9,-676643470903758.1,-675330616687819.0,-673757136793173.4,-671906413191216.4,-669761561217042.8,-667305463149958.8,-664520804539099.4,-661390112897480.9,-657895798211258.4,-654020194496460.0,-649745601378504.2,-645054324366603.9,-639928712143054.0,-634351188785948.1,-628304278396276.9,-621770619115208.6,-614732963011400.0,-607174157820044.1,-599077106070187.1,-590424696813126.0,-581199705062278.4,-571384654316082.6,-560961638357640.5,-549912100176428.3,-538216568694920.25,-525854358468486.2,-512803244242094.75,-499039131898194.0,-484535760731554.75,-469264490010389.94,-453194246241494.1,-436291736988283.94,-418522072386907.75,-399849975322643.3,-380241802092808.06,-359668630422477.06,-338110688966431.8,-315563382869570.9,-292045085312762.56,-267606676299921.44,-242342468049138.1,-216401606367165.4,-189998230925157.12,-163417597128072.25,-137014066530296.16,-111195574776897.19,-86388415436395.64,-62977183660836.28,-41220624468084.31,-21163243456495.15,-2617710502933.577,14551126364583.055,29159130987399.46,34491323110881.125,7556545426415.288,-91199396701230.69,0.0
7487.5,-1250875595787312.8,-1250349848751209.0,-1249793172003843.0,-1249205363907229.0,-1248586223568829.8,-1247935550902045.2,-1247253146688296.2,-1246538812640744.8,-1245792351469675.0,-1245013566949575.2,-1244202263987956.2,-1243358248695923.5,-1242481328460571.0,-1241571312019192.5,-1240628009535376.8,-1239651232677009.5,-1238640794696217.5,-1237596510511297.8,-1236518196790666.8,-1235405672038866.2,-1234258756684663.5,-1233077273171291.5,-1231861046048858.0,-1230609902068968.5,-1229323670281605.8,-1228002182134298.8,-1226645271573627.8,-1225252775149104.8,-1223824532119467.5,-1222360384561433.8,-1220860177480951.2,-1219323758926991.5,-1217750980107929.0,-1216141695510539.2,-1214495763021672.0,-1212813044052629.5,-1211093403666303.0,-1209336710707103.5,-1207542837933730.0,-1205711662154823.2,-1203843064367543.8,-1201936929899111.2,-1199993148551363.0,-1198011614748358.0,-1195992227687079.0,-1193934891491267.2,-1191839515368438.0,-1189706013770111.5,-1187534306555306.0,-1185324319157326.8,-1183075982753894.0,-1180789234440648.2,-1178464017408069.5,-1176100281121847.0,-1173697981506738.5,-1171257081133946.0,-1168777549412053.0,-1166259362781550.2,-1163702504912971.5,-1161106966908689.0,-1158472747508376.5,-1155799853298181.2,-1153088298923614.8,-1150338107306201.2,-1147549309863882.8,-1144721946735224.5,-1141856067007411.2,-1138951728948053.5,-1136009000240832.0,-1133027958224951.8,-1130008690138448.0,-1126951293365303.5,-1123855875686414.2,-1120722555534359.1,-1117551462251983.0,-1114342736354774.4,-1111096529797004.9,-1107813006241621.5,-1104492341333842.9,-1101134722978436.5,-1097740351620624.2,-1094309440530577.6,-1090842216091430.8,-1087338918090770.5,-1083799800015512.0,-1080225129350104.2,-1076615187877958.2,-1072970271986023.9,-1069290692972399.0,-1065576777356868.0,-1061828867194240.6,-1058047320390368.9,-1054232511020689.2,-1050384829651140.6,-1046504683661296.1,-1042592497569526.5,-1038648713359997.6,-1034673790811313.4,-1030668207826570.1,-1026632460764595.4,-1022567064772120.2,-1018472554116615.9,-1014349482519522.6,-1010198423489553.4,-1006019970655766.1,-1001814738100062.2,-997583360688750.5,-993326494402795.5,-989044816666351.6,-984739026673157.4,-980409845710335.6,-976058017479132.6,-971684308412087.6,-967289507986118.4,-962874429030955.8,-958439908032342.5,-953986805429395.0,-949516005905467.9,-945028418671849.6,-940524977743569.9,-936006642206580.2,-931474396475512.9,-926929250541202.2,-922372240207099.0,-917804427313684.1,-913226899949928.1,-908640772650811.0,-904047186579869.4,-899447309695682.5,-894842336901185.4,-890233490174606.1,-885622018680816.2,-881009198861803.2,-876396334504922.1,-871784756787539.0,-867175824296611.6,-862570923021686.5,-857971466319747.9,-853378894850274.9,-848794676478803.8,-844220306147224.0,-839657305708975.9,-835107223727229.6,-830571635234080.1,-826052141448680.1,-821550369452206.5,-817067971817433.2,-812606626190633.0,-808168034823442.5,-803753924052229.5,-799366043722453.1,-795006166555374.9,-790676087454441.5,-786377622748523.0,-782112609369157.8,-777882903958806.5,-773690381907078.8,-769536936311765.8,-765424476861449.1,-761354928636340.2,-757330230823926.5,-753352335345905.8,-749423205392785.5,-745544813862449.4,-741719141698880.8,-737948176127154.1,-734233908780717.1,-730578333716877.0,-726983445316333.2,-723451236062521.5,-719983694196403.4,-716582801242324.2,-713250529400411.8,-709988838800960.8,-706799674616155.0,-703684964024412.2,-700646613022577.8,-697686503081126.6,-694806487637491.9,-692008388422571.8,-689293991615445.0,-686665043821282.1,-684123247867413.5,-681670258412496.6,-679307677363729.0,-677037049097036.5,-674859855475198.4,-672777510658883.5,-670791355705617.8,-668902652951744.9,-667112580172527.5,-665422224515598.0,-663832576203088.0,-662344521997875.8,-660958838429540.6,-659676184775771.2,-658497095795175.5,-657421974207651.8,-656451082918738.0,-655584536984628.5,-654822295314894.8,-654164152110275.2,-653609728033351.5,-653158461110362.0,-652809597362941.0,-652562181169156.8,-652415045353894.5,-652366801009359.4,-652415827047339.2,-652560259485795.4,-652797980473433.9,-653126607057105.0,-653543479698247.1,-654045650546116.9,-654629871477290.0,-655292581912856.9,-656029896426958.4,-656837592162774.0,-657711096074904.8,-658645472020225.6,-659635407722860.8,-660675201642921.4,-661758749783150.2,-662879532472635.0,-664030601172406.1,-665204565354007.8,-666393579509134.0,-667589330356196.9,-668783024318276.8,-669965375356364.5,-671126593252184.9,-672256372446189.0,-673343881548560.5,-674377753654257.0,-675346077607159.0,-676236390373218.0,-677035670697959.8,-677730334239514.1,-678306230384257.4,-678748640967693.4,-679042281137772.2,-679171302610730.4,-679119299579748.5,-678869317543048.9,-678403865318945.4,-677704930509006.0,-676753998654495.6,-675532076302935.8,-674019718157562.4,-672197058418738.5,-670043846338340.6,-667539485890408.9,-664663079307783.6,-661393474038195.6,-657709312426837.2,-653589083127884.8,-649011172876882.2,-643953916811953.5,-638395645008843.0,-632314722290249.1,-625689577686638.9,-618498719175396.8,-610720728532527.0,-602334230341048.1,-593317828486034.5,-583650002942208.0,-573308959496781.2,-562272425495583.75,-550517386104485.44,-538019758423361.1,-524754005725069.4,-510692701964878.1,-495806068586990.4,-480061522837406.25,-463423300740589.5,-445852250102084.56,-427305930571493.8,-407739209307683.06,-387105600695735.75,-365359662110648.44,-342460814532016.7,-318378987694816.94,-293102462245858.6,-266648146109013.72,-239074206663687.3,-210494387455212.47,-181092349401081.47,-151132864271363.7,-120964541966825.88,-91005938543157.03,-61703423274200.41,-33445342323053.99,-6413651182519.242,19645730538261.266,45738930228484.96,73974378668359.78,107722286075766.16,150979935864610.28,206027951942870.88,243601749224563.47,0.0
7485.0,-1257255346704358.0,-1257037420437713.5,-1256788253550921.0,-1256507613120424.5,-1256195266425393.2,-1255850981002068.0,-1255474524699715.8,-1255065665738212.5,-1254624172767299.5,-1254149814927556.2,-1253642361913109.2,-1253101584036130.5,-1252527252293166.0,-1251919138433313.2,-1251277015028318.2,-1250600655544603.0,-1249889834417286.0,-1249144327126229.0,-1248363910274151.2,-1247548361666858.2,-1246697460395630.0,-1245810986921809.8,-1244888723163634.8,-1243930452585370.2,-1242935960288772.8,-1241905033106946.8,-1240837459700631.5,-1239733030656972.5,-1238591538590822.8,-1237412778248627.5,-1236196546614934.5,-1234942643021593.0,-1233650869259682.5,-1232321029694221.2,-1230952931381719.0,-1229546384190617.5,-1228101200924666.2,-1226617197449305.2,-1225094192821092.8,-1223532009420233.5,-1221930473086277.5,-1220289413257024.5,-1218608663110698.5,-1216888059711458.0,-1215127444158274.8,-1213326661737261.2,-1211485562077491.0,-1209603999310361.5,-1207681832232575.0,-1205718924472778.2,-1203715144661921.5,-1201670366607395.0,-1199584469470997.5,-1197457337950793.5,-1195288862466911.2,-1193078939351342.8,-1190827471041795.5,-1188534366279646.8,-1186199540312062.0,-1183822915098325.8,-1181404419520433.0,-1178943989597996.5,-1176441568707511.5,-1173897107806047.2,-1171310565659374.2,-1168681909074613.5,-1166011113137420.5,-1163298161453762.5,-1160543046396320.2,-1157745769355557.5,-1154906340995487.2,-1152024781514169.8,-1149101120908980.2,-1146135399246653.5,-1143127666938149.2,-1140077985018348.8,-1136986425430596.8,-1133853071316110.8,-1130678017308255.0,-1127461369831692.5,-1124203247406407.2,-1120903780956597.5,-1117563114124421.1,-1114181403588580.0,-1110758819387726.2,-1107295545248647.9,-1103791778919206.8,-1100247732505983.9,-1096663632816578.6,-1093039721706500.4,-1089376256430592.2,-1085673509998900.9,-1081931771536909.5,-1078151346650035.0,-1074332557792287.8,-1070475744638966.8,-1066581264463261.0,-1062649492516620.6,-1058680822412730.4,-1054675666514926.6,-1050634456326860.0,-1046557642886216.4,-1042445697161270.0,-1038299110450041.2,-1034118394781804.5,-1029904083320677.9,-1025656730771006.9,-1021376913784232.0,-1017065231366907.5,-1012722305289517.6,-1008348780495721.9,-1003945325511613.9,-999512632854579.5,-995051419441288.4,-990562426994359.0,-986046422447153.4,-981504198346185.4,-976936573250564.2,-972344392127860.0,-967728526745743.8,-963089876058748.8,-958429366589407.0,-953747952803028.0,-949046617475307.8,-944326372051947.1,-939588256999373.8,-934833342145664.5,-930062727010663.2,-925277541124290.0,-920478944331954.2,-915668127085932.6,-910846310721535.6,-906014747716809.8,-901174721934466.4,-896327548844681.0,-891474575727317.2,-886617181852081.2,-881756778635044.0,-876894809769888.4,-872032751332163.8,-867172111854765.5,-862314432372774.8,-857461286435701.8,-852614280085107.6,-847775051795487.4,-842945272376204.0,-838126644832178.5,-833320904180949.6,-828529817223608.2,-823755182267025.8,-818998828794687.1,-814262617083340.6,-809548437762560.8,-804858211314221.9,-800193887508764.2,-795557444775016.6,-790950889500228.2,-786376255256848.8,-781835601952460.1,-777331014899149.5,-772864603798498.2,-768438501638212.0,-764054863496307.0,-759715865248632.8,-755423702175371.2,-751180587462037.4,-746988750590350.4,-742850435614232.1,-738767899316027.8,-734743409237944.0,-730779241583522.0,-726877678983861.1,-723041008123156.8,-719271517217983.6,-715571493344625.2,-711943219608621.5,-708388972150562.0,-704911016982053.5,-701511606645628.8,-698192976692276.8,-694957341970135.0,-691806892717784.9,-688743790455474.5,-685770163667496.5,-682888103268848.5,-680099657849225.2,-677406828687293.5,-674811564528143.5,-672315756116746.0,-669921230480172.9,-667629744951338.8,-665442980926940.0,-663362537352300.4,-661389923925804.2,-659526554015629.5,-657773737281520.0,-656132671994401.2,-654604437046715.6,-653189983646467.8,-651890126688084.0,-650705535793378.0,-649636726016087.0,-648684048203702.5,-647847679010583.2,-647127610556679.8,-646523639726576.4,-646035357104023.1,-645662135537628.0,-645403118334012.2,-645257207075408.2,-645223049059503.8,-645299024360247.4,-645483232509428.0,-645773478800036.0,-646167260213876.4,-646661750977483.9,-647253787752303.6,-647939854467220.2,-648716066803991.9,-649578156348970.6,-650521454427712.1,-651540875642788.8,-652630901139329.1,-653785561627635.8,-654998420197700.2,-656262554966689.4,-657570541607517.5,-658914435814643.5,-660285755772224.4,-661675464699930.0,-663073953563071.0,-664471024046418.1,-665855871905195.8,-667217070822361.8,-668542556918485.4,-669819614079319.9,-671034860286581.8,-672174235159381.9,-673222988937140.0,-674165673159372.8,-674986133323201.5,-675667503825228.4,-676192205519928.5,-676541946250971.9,-676697724733659.8,-676639838184408.9,-676347894104820.9,-675800826630821.5,-674976917848398.4,-673853824452603.1,-672408610080886.4,-670617783579591.8,-668457343356455.8,-665902827823993.9,-662929371738885.8,-659511767979859.9,-655624533968589.1,-651241981511204.0,-646338288308020.8,-640887568732129.4,-634863940701598.2,-628241584557544.5,-620994788811527.1,-613097976454595.9,-604525704262582.8,-595252626257108.6,-585253411308387.4,-574502603986004.9,-562974417472425.4,-550642448089013.5,-537479303377707.5,-523456140619146.56,-508542121357356.44,-492703801534473.6,-475904498233616.3,-458103705203210.4,-439256672959696.0,-419314327859189.5,-398223779657699.1,-375929757875245.8,-352377417949076.8,-327517054064942.0,-301311317420477.0,-273745514687970.7,-244841367463871.8,-214674122659305.25,-183391938435915.78,-151234800802176.78,-118547580848458.2,-85777926394346.45,-53444175116984.73,-22050958851681.68,8080053013842.77,37110604404011.1,66180292852677.82,98168966018845.28,138787891263979.81,197925455211572.28,288879690836653.56,396604585384084.5,0.0
7482.5,-1259768218436754.2,-1259881017656811.0,-1259962579586088.2,-1260012641741696.2,-1260030941274564.2,-1260017215016347.5,-1259971199527891.8,-1259892631149302.5,-1259781246051655.0,-1259636780290384.8,-1259458969860403.5,-1259247550752969.8,-1259002259014369.0,-1258722830806444.0,-1258409002469007.8,-1258060510584197.5,-1257677092042806.8,-1257258484112645.5,-1256804424508970.0,-1256314651467037.0,-1255788903816826.0,-1255226921059982.0,-1254628443449022.8,-1253993212068874.5,-1253320968920773.5,-1252611457008594.2,-1251864420427661.2,-1251079604456089.2,-1250256755648716.5,-1249395621933685.2,-1248495952711720.0,-1247557498958172.8,-1246580013327891.8,-1245563250262958.0,-1244506966103382.8,-1243410919200788.8,-1242274870035173.8,-1241098581334789.5,-1239881818199228.2,-1238624348225753.5,-1237325941638967.0,-1235986371423859.5,-1234605413462323.2,-1233182846673188.5,-1231718453155861.0,-1230212018337612.5,-1228663331124624.0,-1227072184056814.2,-1225438373466565.0,-1223761699641380.5,-1222041966990577.8,-1220278984216067.2,-1218472564487299.8,-1216622525620464.2,-1214728690261989.5,-1212790886076440.2,-1210808945938885.8,-1208782708131792.8,-1206712016546545.8,-1204596720889647.5,-1202436676893684.0,-1200231746533134.8,-1197981798245075.2,-1195686707154891.2,-1193346355307024.8,-1190960631900869.0,-1188529433531856.8,-1186052664437825.2,-1183530236750720.5,-1180962070753718.8,-1178348095143820.5,-1175688247299994.0,-1172982473556925.8,-1170230729484444.2,-1167432980172668.5,-1164589200522957.0,-1161699375544692.0,-1158763500657968.5,-1155781582002225.8,-1152753636750876.5,-1149679693431976.5,-1146559792254965.8,-1143393985443527.0,-1140182337574584.0,-1136924925923477.0,-1133621840815324.2,-1130273185982589.2,-1126879078928875.2,-1123439651298928.2,-1119955049254872.8,-1116425433858644.5,-1112850981460622.1,-1109231884094423.1,-1105568349877833.4,-1101860603419823.5,-1098108886233603.2,-1094313457155649.8,-1090474592770635.8,-1086592587842171.5,-1082667755749262.0,-1078700428928374.8,-1074690959320982.2,-1070639718826456.2,-1066547099760142.6,-1062413515316463.0,-1058239400036842.2,-1054025210282265.4,-1049771424710237.8,-1045478544755903.5,-1041147095117058.5,-1036777624242768.1,-1032370704825286.0,-1027926934294932.6,-1023446935317570.0,-1018931356294308.0,-1014380871862988.2,-1009796183401037.8,-1005178019529192.5,-1000527136615595.5,-995844319279709.1,-991130380895489.6,-986386164093172.4,-981612541259047.5,-976810415032499.0,-971980718799589.6,-967124417182386.1,-962242506523213.1,-957336015362940.8,-952406004912373.5,-947453569515766.1,-942479837105412.6,-937485969646210.9,-932473163569053.6,-927442650191802.8,-922395696126576.4,-917333603671982.5,-912257711188864.5,-907169393458073.5,-902070062018664.2,-896961165484881.1,-891844189840164.6,-886720658706372.2,-881592133586284.4,-876460214077386.8,-871326538054822.2,-866192781821308.4,-861060660221712.9,-855931926719869.9,-850808373435108.4,-845691831135865.4,-840584169187617.6,-835487295452259.1,-830403156135927.0,-825333735582135.6,-820281056006967.2,-815247177172915.0,-810234195997837.9,-805244246095349.8,-800279497242808.4,-795342154772921.8,-790434458884836.4,-785558683870407.9,-780717137251196.2,-775912158821559.8,-771146119593046.5,-766421420635118.8,-761740491807062.5,-757105790375755.1,-752519799513774.0,-747985026672170.0,-743504001821993.2,-739079275558525.0,-734713417061924.6,-730409011907840.2,-726168659721314.0,-721994971667133.1,-717890567769554.4,-713858074054154.8,-709900119504340.2,-706019332824859.1,-702218339004449.4,-698499755669576.1,-694866189220983.5,-691320230744628.1,-687864451688322.0,-684501399295281.4,-681233591785526.9,-678063513275955.0,-674993608429686.8,-672026276825148.2,-669163867035166.5,-666408670406210.9,-663762914527767.1,-661228756381682.0,-658808275161210.1,-656503464749366.5,-654316225846093.6,-652248357733678.5,-650301549669777.2,-648477371897372.5,-646777266260965.8,-645202536418303.6,-643754337636987.8,-642433666165373.8,-641241348167280.1,-640178028210166.5,-639244157296670.0,-638439980429612.5,-637765523700944.1,-637220580895491.5,-636804699600852.0,-636517166815406.9,-636356994047110.5,-636322901896600.4,-636413304119175.9,-636626291161413.8,-636959613169612.1,-637410662468954.0,-637976455514240.6,-638653614315395.2,-639438347343633.0,-640326429927391.0,-641313184150808.4,-642393458271858.9,-643561605682248.5,-644811463436998.2,-646136330388330.2,-647528944966244.6,-648981462657048.4,-650485433241362.2,-652031777864800.5,-653610766027901.6,-655211992597041.5,-656824354955279.8,-658436030431476.4,-660034454167816.2,-661606297610227.4,-663137447833249.5,-664612987940783.6,-666017178816929.4,-667333442536711.8,-668544347784844.4,-669631597671394.2,-670576020375938.1,-671357563095658.9,-671955289816860.8,-672347383472044.2,-672511153083948.9,-672423046531226.1,-672058669594119.0,-671392811948268.9,-670399480764877.0,-669051942538820.8,-667322773694202.0,-665183920398412.5,-662606767838089.2,-659562218957817.1,-656020782316727.1,-651952668258204.0,-647327891989984.8,-642116381410185.2,-636288086562629.9,-629813086437069.2,-622661687426623.8,-614804506107654.2,-606212527129198.2,-596857124938759.2,-586710035935078.1,-575743265622093.6,-563928913770926.5,-551238900003136.44,-537644573391187.7,-523116193817537.75,-507622281641670.0,-491128848051272.25,-473598544467752.8,-454989809550339.6,-435256151488218.06,-414345786532011.5,-392201966543961.44,-368764470365282.4,-343972900954775.25,-317772604383811.9,-290124166674921.56,-261017471736633.0,-230491084477225.53,-198657048440526.66,-165729756621582.3,-132054973738344.6,-98130891741618.89,-64606783049222.234,-32235822157259.49,-1746207629267.0374,26422222623493.953,52589226094655.14,78594575847507.7,108834992724525.56,150817395071271.25,208646056351644.16,228275714442103.1,0.0
7480.0,-1257959655297131.0,-1258424401444834.8,-1258858245766251.0,-1259260898507798.0,-1259632068964402.0,-1259971465517750.5,-1260278795676047.0,-1260553766115287.0,-1260796082722111.5,-1261005450638275.0,-1261181574306760.2,-1261324157519602.0,-1261432903467449.0,-1261507514790907.5,-1261547693633729.0,-1261553141697872.8,-1261523560300494.2,-1261458650432917.0,-1261358112821630.0,-1261221647991357.2,-1261048956330271.5,-1260839738157377.0,-1260593693792141.8,-1260310523626416.2,-1259989928198705.8,-1259631608270848.5,-1259235264907158.5,-1258800599556098.5,-1258327314134538.5,-1257815111114658.2,-1257263693613571.5,-1256672765485715.8,-1256042031418100.5,-1255371197028444.0,-1254659968966308.8,-1253908055017270.5,-1253115164210206.0,-1252281006927777.5,-1251405295020170.0,-1250487741922170.2,-1249528062773656.8,-1248525974543577.0,-1247481196157488.5,-1246393448628750.2,-1245262455193435.0,-1244087941449048.5,-1242869635497140.5,-1241607268089884.2,-1240300572780719.5,-1238949286079134.8,-1237553147609680.2,-1236111900275306.0,-1234625290425096.8,-1233093068026520.8,-1231514986842253.5,-1229890804611695.8,-1228220283237259.0,-1226503188975523.0,-1224739292633358.2,-1222928369769110.5,-1221070200898933.5,-1219164571708385.2,-1217211273269365.8,-1215210102262513.2,-1213160861205138.5,-1211063358684811.2,-1208917409598691.8,-1206722835398699.8,-1204479464342642.0,-1202187131751365.5,-1199845680272066.2,-1197454960147830.0,-1195014829493517.5,-1192525154578086.5,-1189985810113437.2,-1187396679549900.2,-1184757655378441.5,-1182068639439680.2,-1179329543239826.2,-1176540288273605.0,-1173700806354278.8,-1170811039950833.5,-1167870942532426.5,-1164880478920168.5,-1161839625646319.0,-1158748371320976.0,-1155606717006313.8,-1152414676598452.8,-1149172277217020.5,-1145879559602443.5,-1142536578521048.0,-1139143403177993.5,-1135700117638097.0,-1132206821254567.0,-1128663629105679.2,-1125070672439420.4,-1121428099126097.5,-1117736074118920.5,-1113994779922559.4,-1110204417069637.5,-1106365204605160.1,-1102477380578808.6,-1098541202545076.4,-1094556948071158.5,-1090524915252535.9,-1086445423236141.6,-1082318812751017.5,-1078145446646324.5,-1073925710436561.9,-1069660012853847.9,-1065348786407060.1,-1060992487947647.4,-1056591599241882.5,-1052146627549306.6,-1047658106207103.2,-1043126595220074.1,-1038552681855929.9,-1033936981245506.1,-1029280136987543.2,-1024582821757575.5,-1019845737920532.8,-1015069618146502.5,-1010255226029179.8,-1005403356706391.0,-1000514837482136.8,-995590528449442.1,-990631323113371.9,-985638149013420.6,-980611968344509.8,-975553778575733.4,-970464613065932.0,-965345541675158.0,-960197671370979.9,-955022146828552.5,-949820151023295.2,-944592905814937.8,-939341672521658.0,-934067752482908.2,-928772487609494.0,-923457260919357.9,-918123497057433.4,-912772662797868.1,-907406267526787.2,-902025863703694.0,-896633047299493.1,-891229458209007.5,-885816780635767.8,-880396743446716.5,-874971120494363.8,-869541730903787.4,-864110439321781.1,-858679156125256.0,-853249837585930.4,-847824485988137.8,-842405149696478.4,-836993923169858.2,-831592946918300.6,-826204407398766.2,-820830536846026.8,-815473613034466.1,-810135958966507.4,-804819942483164.2,-799527975792027.1,-794262514907796.2,-789026059000256.0,-783821149644393.2,-778650369967121.6,-773516343684871.4,-768421734026055.8,-763369242532212.5,-758361607731354.0,-753401603676834.5,-748492038344778.5,-743635751882872.9,-738835614703031.8,-734094525410231.6,-729415408559477.9,-724801212232646.8,-720254905426626.5,-715779475243922.9,-711377923876588.0,-707053265374064.5,-702808522185217.5,-698646721464553.2,-694570891132310.2,-690584055677827.0,-686689231695263.6,-682889423140489.1,-679187616297611.0,-675586774443351.2,-672089832197158.5,-668699689544652.8,-665419205521720.9,-662251191546262.1,-659198404384335.8,-656263538737148.8,-653449219435082.8,-650757993224666.8,-648192320134186.5,-645754564403334.8,-643446984962126.0,-641271725444058.8,-639230803718329.8,-637326100925731.1,-635559350002723.0,-633932123678051.2,-632445821926218.8,-631101658862061.8,-629900649060712.2,-628843593287294.0,-627931063620831.2,-627163387957074.2,-626540633875257.8,-626062591854238.0,-625728757823995.2,-625538315039233.6,-625490115262671.9,-625582659246776.1,-625814076504030.4,-626182104357545.1,-626684066265832.8,-627316849418043.1,-628076881598919.8,-628960107326251.9,-629961963267843.9,-631077352949992.8,-632300620775418.2,-633625525375559.5,-635045212330365.0,-636552186298361.2,-638138282611024.0,-639794638398616.4,-641511663329897.2,-643279010065756.1,-645085544547186.9,-646919316261412.1,-648767528656766.8,-650616509907473.1,-652451684264091.6,-654257544264548.5,-656017624124531.1,-657714474675035.4,-659329640269063.1,-660843638139058.0,-662235940751466.1,-663484961774477.0,-664568046348909.2,-665461466429119.1,-666140422039161.6,-666579049366656.8,-666750436689534.0,-666626649194450.6,-666178763793973.6,-665376915074582.0,-664190353498769.5,-662587516928747.2,-660536116419826.1,-658003237027736.0,-654955454060509.0,-651358964751296.0,-647179734697054.5,-642383657556831.5,-636936725384275.6,-630805205529969.0,-623955818237237.0,-616355906822962.6,-607973589651106.5,-598777879973202.5,-588738756190129.6,-577827161349497.9,-566014907066674.6,-553274454138492.1,-539578540892691.8,-524899632342239.9,-509209170863230.7,-492476625868581.7,-474668370731186.8,-455746466700198.4,-435667514346050.5,-414381853405075.44,-391833562504625.9,-367961939524043.56,-342705431637531.4,-316009313509627.6,-287838729943140.8,-258198913368316.5,-227164253252270.25,-194917104444149.9,-161795298321397.72,-128343660699977.45,-95358807456233.62,-63907586830561.29,-35287579491175.21,-10883384537214.9,8141728293382.549,21369337089542.938,29755181781657.875,35355764229733.8,34530026471315.5,-25234539122453.1,0.0
7477.5,-1251364460360799.2,-1252200304115675.0,-1253005927528256.0,-1253781016412472.5,-1254525255039592.0,-1255238326166773.5,-1255919911067019.8,-1256569689560540.2,-1257187340047585.2,-1257772539542783.0,-1258324963711026.0,-1258844286904949.5,-1259330182204050.5,-1259782321455491.5,-1260200375316629.0,-1260584013299334.0,-1260932903816133.5,-1261246714228231.0,-1261525110895469.2,-1261767759228267.8,-1261974323741605.0,-1262144468111099.8,-1262277855231234.0,-1262374147275799.0,-1262433005760600.0,-1262454091608500.0,-1262437065216849.2,-1262381586527377.2,-1262287315098605.0,-1262153910180833.8,-1261981030793808.5,-1261768335807087.2,-1261515484023218.8,-1261222134263778.5,-1260887945458350.0,-1260512576736521.0,-1260095687522972.0,-1259636937635738.8,-1259135987387721.5,-1258592497691529.5,-1258006130167740.5,-1257376547256662.0,-1256703412333675.5,-1255986389828261.0,-1255225145346780.0,-1254419345799120.5,-1253568659529286.0,-1252672756450029.5,-1251731308181628.5,-1250743988194899.5,-1249710471958543.0,-1248630437090940.2,-1247503563516479.0,-1246329533626536.2,-1245108032445212.0,-1243838747799920.0,-1242521370496963.0,-1241155594502174.5,-1239741117126768.8,-1238277639218499.8,-1236764865358241.8,-1235202504062120.2,-1233590267989303.0,-1231927874155579.0,-1230215044152838.8,-1228451504374587.2,-1226636986247614.0,-1224771226469932.0,-1222853967255141.5,-1220884956583306.8,-1218863948458515.5,-1216790703173220.5,-1214664987579510.5,-1212486575367432.0,-1210255247350502.2,-1207970791758543.8,-1205633004537961.0,-1203241689659613.8,-1200796659434400.5,-1198297734836690.5,-1195744745835747.0,-1193137531735253.0,-1190475941521086.5,-1187759834217473.5,-1184989079251633.0,-1182163556827064.0,-1179283158305576.8,-1176347786598207.8,-1173357356565134.5,-1170311795424699.0,-1167211043171674.0,-1164055053004862.5,-1160843791764153.2,-1157577240377130.8,-1154255394315336.2,-1150878264060276.8,-1147445875579265.5,-1143958270811184.8,-1140415508162231.8,-1136817663011726.2,-1133164828228039.0,-1129457114694683.5,-1125694651846620.8,-1121877588216802.2,-1118006091992978.4,-1114080351584773.2,-1110100576201029.0,-1106066996437393.8,-1101979864874130.8,-1097839456684096.8,-1093646070250819.2,-1089400027796605.0,-1085101676020565.2,-1080751386746441.5,-1076349557580100.8,-1071896612576511.0,-1067393002916029.5,-1062839207589780.8,-1058235734093879.8,-1053583119132227.5,-1048881929327586.4,-1044132761940588.5,-1039336245596310.6,-1034493041018016.0,-1029603841767612.4,-1024669374992334.2,-1019690402177137.8,-1014667719902217.8,-1009602160605027.2,-1004494593346134.0,-999345924578181.5,-994157098917165.0,-988929099915197.4,-983662950833835.9,-978359715417026.5,-973020498662600.2,-967646447591226.6,-962238752011630.2,-956798645280798.5,-951327405057838.2,-945826354050023.2,-940296860749520.8,-934740340159148.6,-929158254505448.1,-923552113937223.6,-917923477207601.0,-912273952337552.6,-906605197258693.0,-900918920433034.2,-895216881447255.8,-889500891578915.8,-883772814331858.9,-878034565937966.5,-872288115822187.8,-866535487027684.1,-860778756597697.2,-855020055910609.6,-849261570964465.4,-843505542607040.4,-837754266707332.1,-832010094264164.6,-826275431447359.6,-820552739566722.5,-814844534963859.9,-809153388821597.1,-803481926885540.2,-797832829092041.1,-792208829096602.0,-786612713696442.1,-781047322140709.6,-775515545321497.5,-770020324838553.9,-764564651930260.0,-759151566263123.2,-753784154571732.4,-748465549140776.0,-743198926120377.6,-737987503665674.6,-732834539891187.9,-727743330630167.6,-722717206988744.4,-717759532684305.4,-712873701157138.9,-708063132444002.0,-703331269801841.8,-698681576069492.5,-694117529754773.8,-689642620833959.9,-685260346250172.2,-680974205096814.0,-676787693471728.9,-672704298987289.5,-668727494921216.9,-664860733992442.0,-661107441745878.0,-657471009529519.1,-653954787046816.4,-650562074466811.1,-647296114074088.0,-644160081440088.5,-641157076096950.2,-638290111694521.5,-635562105620803.8,-632975868065632.8,-630534090506981.9,-628239333598869.5,-626094014439486.9,-624100393197765.1,-622260559076297.8,-620576415588228.0,-619049665125442.9,-617681792795240.4,-616474049502459.0,-615427434254056.5,-614542675663101.5,-613820212629337.2,-613260174173756.8,-612862358405086.8,-612626210596760.1,-612550800353864.6,-612634797850782.1,-612876449121796.9,-613273550388964.5,-613823421414048.9,-614522877864458.5,-615368202686974.6,-616355116487777.2,-617478746923022.8,-618733597111145.0,-620113513086439.5,-621611650323458.2,-623220439373730.4,-624931550670494.4,-626735858573943.0,-628623404749326.8,-630583360993535.5,-632603991653079.4,-634672615808174.1,-636775569434578.9,-638898167797540.8,-641024668381365.9,-643138234714478.5,-645220901514014.0,-647253541646769.5,-649215835485241.4,-651086243329080.1,-652841981663849.6,-654459004140492.1,-655911988280004.2,-657174329037467.8,-658218140495972.5,-659014267101284.0,-659532305987931.1,-659740642080719.6,-659606497773823.1,-659095999081027.5,-658174260199863.0,-656805488418880.0,-654953111194792.9,-652579927000832.5,-649648281156712.6,-646120267241050.4,-641957953793733.9,-637123634760500.8,-631580100423400.0,-625290923295602.2,-618220750526794.6,-610335590658664.6,-601603078002982.1,-591992692456382.1,-581475906294474.4,-570026222678560.0,-557619063869697.8,-544231461624336.44,-529841499929456.7,-514427464371586.0,-497966668103525.94,-480433959206364.8,-461799979240548.6,-442029353051774.56,-421079164971066.8,-398898339450512.94,-375428917957871.1,-350610723439126.94,-324391519193468.5,-296745438197637.4,-267703022912048.3,-237396360606306.9,-206121995688620.25,-174421775561893.72,-143176596189865.16,-113699277843484.77,-87799994051534.31,-67780316733851.484,-56287577343286.35,-55923493767384.61,-68440974436798.695,-93127109976003.48,-121719124230942.31,-108936688374686.06,0.0
7475.0,-1239510616389686.5,-1240734249821226.0,-1241928699791041.0,-1243093631043670.8,-1244228706195098.0,-1245333585750748.2,-1246407928124719.8,-1247451389660295.8,-1248463624651776.0,-1249444285367666.5,-1250393022075277.8,-1251309483066763.8,-1252193314686662.0,-1253044161360964.5,-1253861665627780.0,-1254645468169632.2,-1255395207847437.2,-1256110521736219.0,-1256791045162620.5,-1257436411744245.8,-1258046253430904.8,-1258620200547817.0,-1259157881840817.5,-1259658924523642.5,-1260122954327342.0,-1260549595551891.2,-1260938471120059.5,-1261289202633602.0,-1261601410431841.0,-1261874713652718.8,-1262108730296363.5,-1262303077291274.0,-1262457370563172.0,-1262571225106608.0,-1262644255059400.0,-1262676073779979.2,-1262666293927723.8,-1262614527546367.0,-1262520386150566.2,-1262383480815711.0,-1262203422271066.8,-1261979820996344.0,-1261712287321780.2,-1261400431531838.0,-1261043863972610.8,-1260642195163032.0,-1260195035909996.0,-1259701997427492.0,-1259162691459855.8,-1258576730409241.2,-1257943727467435.0,-1257263296752112.5,-1256535053447658.8,-1255758613950666.2,-1254933596020234.8,-1254059618933183.0,-1253136303644313.5,-1252163272951831.5,-1251140151668083.5,-1250066566795701.5,-1248942147709321.5,-1247766526343000.8,-1246539337383459.0,-1245260218469310.5,-1243928810396397.8,-1242544757329400.8,-1241107707019851.0,-1239617311030703.0,-1238073224967623.8,-1236475108717139.5,-1234822626691810.2,-1233115448082579.2,-1231353247118466.0,-1229535703333760.8,-1227662501842880.5,-1225733333623065.5,-1223747895805067.0,-1221705891972015.2,-1219607032466618.8,-1217451034706882.0,-1215237623510508.5,-1212966531428170.0,-1210637499085806.0,-1208250275536150.0,-1205804618619636.2,-1203300295334890.5,-1200737082218959.5,-1198114765737475.8,-1195433142684926.8,-1192692020595204.5,-1189891218162630.8,-1187030565673600.0,-1184109905449055.2,-1181129092297934.0,-1178087993981784.0,-1174986491690699.0,-1171824480530747.5,-1168601870023057.5,-1165318584614713.8,-1161974564201624.5,-1158569764663504.8,-1155104158411122.5,-1151577734945945.5,-1147990501432319.2,-1144342483282301.0,-1140633724753266.8,-1136864289558396.2,-1133034261490134.5,-1129143745056718.0,-1125192866131837.2,-1121181772617501.4,-1117110635120152.4,-1112979647640063.0,-1108789028274037.8,-1104539019931420.0,-1100229891063382.1,-1095861936405465.8,-1091435477733318.5,-1086950864631538.5,-1082408475275523.6,-1077808717226194.0,-1073152028237436.1,-1068438877076063.4,-1063669764354089.2,-1058845223373046.5,-1053965820980068.0,-1049032158435398.8,-1044044872290960.8,-1039004635279574.8,-1033912157214371.4,-1028768185897862.6,-1023573508040161.2,-1018328950185680.5,-1013035379647680.2,-1007693705449905.2,-1002304879274522.2,-996869896415486.8,-991389796736398.0,-985865665631828.2,-980298634991025.2,-974689884162794.1,-969040640920310.2,-963352182424466.9,-957625836184303.4,-951862981012944.2,-946065047977348.4,-940233521340087.1,-934369939491215.8,-928475895868194.1,-922553039861667.0,-916603077704779.0,-910627773343553.4,-904628949285698.5,-898608487425047.2,-892568329838678.8,-886510479553565.5,-880437001279427.9,-874350022104270.2,-868251732148872.0,-862144385176291.0,-856030299152224.5,-849911856751835.5,-843791505808394.4,-837671759698874.2,-831555197661334.6,-825444465038678.0,-819342273443079.0,-813251400835085.8,-807174691511085.6,-801115055992521.0,-795075470809894.8,-789058978174283.1,-783068685528695.0,-777107764971281.8,-771179452541984.0,-765287047363848.6,-759433910629819.5,-753623464425389.2,-747859190377082.6,-742144628116277.8,-736483373547432.0,-730879076909295.6,-725335440617210.6,-719856216874109.4,-714445205037295.5,-709106248727573.1,-703843232666767.9,-698660079229098.2,-693560744691325.0,-688549215166007.6,-683629502201623.1,-678805638032681.2,-674081670462377.0,-669461657359687.8,-664949660752173.2,-660549740495115.1,-656265947496946.2,-652102316480270.9,-648062858257092.9,-644151551496179.6,-640372333959797.4,-636729093186351.1,-633225656594755.6,-629865780985646.2,-626653141413827.0,-623591319405628.0,-620683790494143.2,-617933911044571.0,-615344904341218.6,-612919845906999.2,-610661648025576.9,-608573043435678.8,-606656568166435.9,-604914543482061.9,-603349056903616.2,-601961942275169.2,-600754758841288.5,-599728769302520.9,-598884916815419.2,-598223800903720.9,-597745652247563.5,-597450306318167.1,-597337175826293.4,-597405221954090.2,-597652924341707.2,-598078249802487.2,-598678619743664.0,-599450876273549.0,-600391246981284.5,-601495308381683.5,-602757948025596.9,-604173325286098.9,-605734830842768.2,-607435044900962.5,-609265694200669.0,-611217607890827.4,-613280672370539.1,-615443785229057.9,-617694808452666.9,-620020521109362.5,-622406571772733.8,-624837431005587.5,-627296344292937.2,-629765285894235.6,-632224914177495.8,-634654529104603.6,-637032032659032.2,-639333893145553.4,-641535114447533.9,-643609211501657.1,-645528193442732.8,-647262556082033.0,-648781285609649.2,-650051875651538.9,-651040360059791.5,-651711364062024.1,-652028176630633.8,-651952847137792.6,-651446309513899.9,-650468537193581.0,-648978732071276.4,-646935550441468.6,-644297368393216.4,-641022588270889.0,-637069986484373.4,-632399101006123.6,-626970654152397.6,-620747002505188.8,-613692600859545.0,-605774460641043.6,-596962575121342.5,-587230273850382.1,-576554457113784.6,-564915648402827.6,-552297790045132.06,-538687696659149.3,-524074077227935.9,-508446046516458.44,-491791081772352.2,-474092458717882.25,-455326347354112.25,-435458998279535.75,-414444848938774.5,-392226976950861.1,-368742168183815.5,-343933960098888.06,-317778289556815.44,-290327570262434.56,-261779604868244.2,-232576719942918.84,-203536376353849.5,-176005191632434.88,-152011136791105.7,-134358627155368.28,-126551460136424.97,-132274994173095.0,-153690481111181.75,-186055214319955.03,-198916466479990.72,-72966305095595.08,0.0
7472.5,-1221923540487122.5,-1223548814872180.5,-1225146302499245.8,-1226715650894772.0,-1228256504887562.2,-1229768506615524.5,-1231251295533496.5,-1232704508422162.2,-1234127779398118.0,-1235520739925116.0,-1236883018826524.8,-1238214242299063.8,-1239514033927839.0,-1240782014702735.2,-1242017803036206.8,-1243221014782513.8,-1244391263258459.5,-1245528159265667.8,-1246631311114466.5,-1247700324649410.0,-1248734803276521.5,-1249734347992285.2,-1250698557414467.0,-1251627027814804.2,-1252519353153646.2,-1253375125116584.5,-1254193933153158.5,-1254975364517688.0,-1255719004312305.5,-1256424435532259.5,-1257091239113553.2,-1257718993983002.8,-1258307277110778.8,-1258855663565511.5,-1259363726572050.0,-1259831037571934.5,-1260257166286683.5,-1260641680783978.2,-1260984147546819.0,-1261284131545762.5,-1261541196314316.2,-1261754904027593.5,-1261924815584321.8,-1262050490692303.0,-1262131487957432.8,-1262167364976373.8,-1262157678433001.2,-1262101984198716.0,-1261999837436749.0,-1261850792710568.5,-1261654404096502.2,-1261410225300697.5,-1261117809780548.0,-1260776710870706.2,-1260386481913805.2,-1259946676396037.2,-1259456848087709.0,-1258916551188916.8,-1258325340480482.5,-1257682771480292.2,-1256988400605188.0,-1256241785338558.0,-1255442484403779.5,-1254590057943672.2,-1253684067706129.2,-1252724077236063.0,-1251709652073868.0,-1250640359960544.0,-1249515771049657.5,-1248335458126325.5,-1247098996833394.2,-1245805965904996.0,-1244455947407673.0,-1243048526989254.2,-1241583294135683.5,-1240059842435987.2,-1238477769855585.0,-1236836679018151.0,-1235136177496218.5,-1233375878110747.8,-1231555399239868.5,-1229674365137001.5,-1227732406258589.0,-1225729159601648.2,-1223664269051371.0,-1221537385738999.2,-1219348168410196.5,-1217096283804160.8,-1214781407043689.8,-1212403222036457.2,-1209961421887717.5,-1207455709324682.0,-1204885797132826.0,-1202251408604320.5,-1199552277998885.5,-1196788151017267.0,-1193958785287596.8,-1191063950864871.0,-1188103430743796.5,-1185077021385235.5,-1181984533256494.5,-1178825791385693.0,-1175600635930450.8,-1172308922761116.5,-1168950524058778.2,-1165525328928275.8,-1162033244026426.2,-1158474194205702.2,-1154848123173536.2,-1151154994167490.5,-1147394790646454.2,-1143567516998075.0,-1139673199262589.2,-1135711885873218.0,-1131683648413292.0,-1127588582390221.5,-1123426808026464.8,-1119198471067585.8,-1114903743607507.0,-1110542824931017.8,-1106115942373607.9,-1101623352198653.9,-1097065340491961.5,-1092442224073656.2,-1087754351427380.1,-1083002103646708.0,-1078185895398705.0,-1073306175904455.2,-1068363429936413.0,-1063358178832351.8,-1058290981525652.2,-1053162435591636.6,-1047973178309599.2,-1042723887740125.5,-1037415283817260.0,-1032048129455004.9,-1026623231667567.5,-1021141442702733.8,-1015603661187648.6,-1010010833286220.6,-1004363953867292.2,-998664067682628.9,-992912270553692.8,-987109710566071.5,-981257589270340.4,-975357162888014.4,-969409743521162.0,-963416700364100.4,-957379460915503.2,-951299512189089.8,-945178401920952.8,-939017739771410.0,-932819198519135.9,-926584515245143.0,-920315492504039.0,-914013999479774.8,-907681973122940.4,-901321419266443.1,-894934413716210.8,-888523103313321.0,-882089706963765.8,-875636516631778.4,-869165898292414.5,-862680292838826.8,-856182216939374.9,-849674263839426.4,-843159104102413.8,-836639486284379.2,-830118237535916.9,-823598264125076.9,-817082551874422.2,-810574166505075.0,-804076253880169.5,-797592040139751.8,-791124831718705.2,-784678015238871.8,-778255057266057.6,-771859503922144.9,-765494980342030.8,-759165189964603.2,-752873913646426.4,-746625008586264.9,-740422407047991.4,-734270114868846.0,-728172209739387.8,-722132839240861.0,-716156218625044.1,-710246628320963.4,-704408411152184.8,-698645969247653.0,-692963760628342.0,-687366295451194.1,-681858131891077.5,-676443871640658.5,-671128155007303.5,-665915655585237.6,-660811074480375.0,-655819134064291.8,-650944571232975.0,-646192130144972.1,-641566554412699.5,-637072578719629.8,-632714919835129.0,-628498266997681.0,-624427271636212.8,-620506536398178.4,-616740603451994.0,-613133942030315.0,-609690935179551.4,-606415865679893.5,-603312901098985.5,-600386077941237.5,-597639284853638.2,-595076244847756.2,-592700496496514.0,-590515374063171.8,-588523986518897.8,-586729195404239.6,-585133591488857.2,-583739470182986.0,-582548805653358.2,-581563223595706.5,-580783972615616.5,-580211894169379.1,-579847391016771.1,-579690394138368.2,-579740328071274.2,-579996074619092.0,-580455934894789.8,-581117589659004.8,-581978057921510.8,-583033653780392.0,-584279941482199.8,-585711688697474.6,-587322818019985.8,-589106356715409.6,-591054384766665.8,-593157981289504.5,-595407169424124.0,-597790859847665.2,-600296793099568.5,-602911480968423.6,-605620147256621.8,-608406668319643.5,-611253513872142.0,-614141688665246.1,-617050675771100.1,-619958382364017.9,-622841089065333.5,-625673404123664.9,-628428223936243.8,-631076701682316.8,-633588226137809.0,-635930413071921.6,-638069111990003.9,-639968431379481.9,-641590786030344.4,-642896970427451.0,-643846262631516.5,-644396563453318.2,-644504576044432.0,-644126031225791.2,-643215963880991.4,-641729045457725.6,-639619976918596.4,-636843945191750.2,-633357144071921.5,-629117357333368.1,-624084597189513.8,-618221784749434.0,-611495450293363.1,-603876419495095.8,-595340436664361.8,-585868657334355.0,-575447920152977.9,-564070682959138.5,-551734482587892.7,-538440757473933.4,-524192866036129.2,-508993158563140.5,-492839042645329.3,-475718163389437.75,-457603159705476.1,-438447037715100.6,-418181118956579.56,-396718867944086.1,-373970719442279.25,-349877189286028.3,-324469593468494.0,-297968500591104.9,-270927428404086.22,-244419545487434.84,-220242248505672.12,-201067484158768.72,-190365712130703.8,-191680293117785.75,-206103834133512.66,-224724670139337.53,-208025323930750.6,-57813723042735.32,0.0
7470.0,-1198130753879378.8,-1200168309597436.8,-1202179834181785.0,-1204164962231747.2,-1206123325108293.0,-1208054550929124.0,-1209958264564611.0,-1211834087634632.2,-1213681638506342.0,-1215500532292899.0,-1217290380853214.2,-1219050792792737.0,-1220781373465337.2,-1222481724976311.0,-1224151446186568.0,-1225790132718036.8,-1227397376960336.0,-1228972768078762.2,-1230515892023643.0,-1232026331541103.8,-1233503666185298.8,-1234947472332174.5,-1236357323194802.0,-1237732788840342.0,-1239073436208715.5,-1240378829133016.5,-1241648528361746.0,-1242882091582934.0,-1244079073450198.0,-1245239025610825.5,-1246361496735939.5,-1247446032552819.5,-1248492175879463.5,-1249499466661447.8,-1250467442011180.0,-1251395636249623.5,-1252283580950562.0,-1253130804987511.8,-1253936834583353.0,-1254701193362774.5,-1255423402407630.2,-1256102980315293.8,-1256739443260117.8,-1257332305058089.8,-1257881077234799.5,-1258385269096810.0,-1258844387806555.5,-1259257938460867.2,-1259625424173247.8,-1259946346160015.0,-1260220203830422.0,-1260446494880908.8,-1260624715393568.8,-1260754359939004.5,-1260834921683678.2,-1260865892501916.5,-1260846763092682.8,-1260777023101295.5,-1260656161246220.5,-1260483665451088.5,-1260259022982109.2,-1259981720591030.8,-1259651244663808.0,-1259267081375157.2,-1258828716849159.8,-1258335637326098.8,-1257787329335698.8,-1257183279876974.8,-1256522976604850.0,-1255805908023758.0,-1255031563688425.2,-1254199434412026.0,-1253309012481922.5,-1252359791883209.5,-1251351268530260.5,-1250282940506518.5,-1249154308312738.5,-1247964875123926.5,-1246714147055196.0,-1245401633436788.5,-1244026847098513.5,-1242589304663831.5,-1241088526853852.5,-1239524038801510.0,-1237895370376162.2,-1236202056518893.8,-1234443637588791.5,-1232619659720476.0,-1230729675193153.2,-1228773242811495.0,-1226749928298625.0,-1224659304701499.2,-1222500952809006.5,-1220274461583048.8,-1217979428602952.5,-1215615460523493.5,-1213182173546851.5,-1210679193908821.0,-1208106158379595.2,-1205462714779435.0,-1202748522509563.8,-1199963253098601.5,-1197106590764877.0,-1194178232994941.0,-1191177891138615.2,-1188105291020903.0,-1184960173571105.5,-1181742295469455.8,-1178451429811620.5,-1175087366791378.2,-1171649914401810.8,-1168138899155332.0,-1164554166822858.0,-1160895583192451.5,-1157163034847728.8,-1153356429966341.2,-1149475699138824.2,-1145520796208093.2,-1141491699129857.8,-1137388410854227.5,-1133210960228746.0,-1128959402923099.8,-1124633822375713.8,-1120234330762432.8,-1115761069987489.9,-1111214212696893.9,-1106593963314402.5,-1101900559100177.2,-1097134271232207.8,-1092295405910569.8,-1087384305484526.8,-1082401349602470.5,-1077346956384655.8,-1072221583618610.2,-1067025729977129.5,-1061759936258619.6,-1056424786649594.0,-1051020910009008.0,-1045548981174092.5,-1040009722287264.2,-1034403904143636.2,-1028732347558567.2,-1022995924754618.8,-1017195560767202.8,-1011332234868112.2,-1005406982006026.5,-999420894263006.2,-993375122325851.0,-987270876971099.8,-981109430562328.0,-974892118558272.5,-968620341030155.1,-962295564186465.2,-955919321903274.5,-949493217258009.8,-943018924064442.1,-936498188406443.0,-929932830167901.9,-923324744555956.0,-916675903614490.4,-909988357724634.0,-903264237088730.0,-896505753194017.2,-889715200251972.1,-882894956608996.9,-876047486123847.6,-869175339506842.5,-862281155615635.2,-855367662701907.5,-848437679603059.6,-841494116872518.5,-834539977841949.2,-827578359608199.2,-820612453937384.0,-813645548078053.6,-806681025474924.6,-799722366374129.5,-792773148310438.4,-785837046466349.2,-778917833892379.8,-772019381577292.8,-765145658356374.2,-758300730645239.6,-751488761985960.6,-744714012391623.5,-737980837474691.5,-731293687343796.2,-724657105252797.4,-718075725985140.8,-711554273955694.9,-705097561011389.4,-698710483911056.6,-692398021463954.8,-686165231305477.2,-680017246287561.2,-673959270460257.8,-667996574619883.4,-662134491398041.6,-656378409864697.9,-650733769617293.2,-645206054326683.2,-639800784709452.6,-634523510894848.5,-629379804153286.0,-624375247951992.1,-619515428301959.9,-614805923358965.9,-610252292239880.2,-605860063014016.1,-601634719827675.9,-597581689118437.9,-593706324874105.8,-590013892889500.2,-586509553972595.2,-583198346049673.5,-580085165117418.8,-577174744987977.1,-574471635771204.4,-571980181036408.9,-569704493594063.1,-567648429836079.9,-565815562571481.0,-564209152292528.5,-562832116804836.25,-561686999153497.5,-560775933776146.44,-560100610812966.6,-559662238503286.1,-559461503598536.44,-559498529722279.4,-559772833609834.9,-560283279163113.06,-561028029260823.9,-562004495270678.2,-563209284219026.5,-564638143585073.4,-566285903702087.6,-568146417767670.0,-570212499490061.9,-572475858428867.0,-574927033127645.2,-577555322184275.4,-580348713464456.4,-583293811736480.5,-586375765093707.8,-589578190637902.8,-592883100024819.6,-596270825626638.8,-599719948248002.8,-603207227547630.6,-606707536570381.0,-610193802089822.8,-613636952803588.5,-617005877817370.2,-620267398302129.5,-623386255715299.9,-626325120540776.8,-629044626121290.5,-631503432822397.9,-633658328464768.1,-635464371665433.5,-636875085399893.2,-637842708676403.8,-638318514615888.9,-638253203333908.5,-637597377655419.6,-636302108625401.6,-634319595693565.5,-631603922929150.8,-628111907112121.8,-623804025344915.2,-618645398055099.0,-612606786860617.4,-605665544559175.6,-597806425284996.9,-589022125716921.9,-579313382990568.1,-568688403313681.0,-557161342321100.44,-544749515262005.2,-531469003996065.3,-517328386975962.3,-502320511295303.44,-486412650008006.8,-469536181688565.75,-451578267316540.4,-432380058467640.06,-411748829073029.5,-389494838876996.94,-365506720655436.1,-339879280152042.5,-313099846882804.5,-286274944149256.25,-261323504737633.4,-240948873417156.84,-227959509760933.1,-222954701057114.4,-218420870870567.2,-188594503770033.9,-97151594702227.27,0.0
7467.5,-1167666940380882.0,-1170123855592035.2,-1172556847680795.2,-1174965542989847.0,-1177349564122666.0,-1179708529926735.0,-1182042055477392.8,-1184349752062339.0,-1186631227166846.0,-1188886084459681.2,-1191113923779811.5,-1193314341123899.0,-1195486928634635.5,-1197631274589959.0,-1199746963393185.5,-1201833575564095.8,-1203890687731034.2,-1205917872624046.5,-1207914699069112.5,-1209880731983519.5,-1211815532372423.5,-1213718657326649.5,-1215589660021787.8,-1217428089718627.8,-1219233491764998.8,-1221005407599066.8,-1222743374754150.5,-1224446926865112.5,-1226115593676393.2,-1227748901051756.5,-1229346370985794.5,-1230907521617297.2,-1232431867244510.0,-1233918918342401.5,-1235368181581979.2,-1236779159851756.2,-1238151352281430.8,-1239484254267881.5,-1240777357503540.2,-1242030150007257.8,-1243242116157727.8,-1244412736729582.2,-1245541488932236.8,-1246627846451607.0,-1247671279494779.5,-1248671254837748.0,-1249627235876334.0,-1250538682680381.2,-1251405052051366.5,-1252225797583520.8,-1253000369728601.5,-1253728215864424.5,-1254408780367301.5,-1255041504688500.8,-1255625827434882.5,-1256161184453835.5,-1256647008922666.2,-1257082731442593.8,-1257467780137494.5,-1257801580757558.5,-1258083556788018.5,-1258313129563119.5,-1258489718385492.5,-1258612740651121.0,-1258681611980065.5,-1258695746353138.5,-1258654556254723.0,-1258557452821923.5,-1258403846000251.0,-1258193144706053.0,-1257924756995888.5,-1257598090243075.5,-1257212551321633.2,-1256767546797830.5,-1256262483129596.0,-1255696766874013.0,-1255069804903155.5,-1254381004628507.5,-1253629774234227.8,-1252815522919525.5,-1251937661150416.2,-1250995600921129.0,-1249988756025454.0,-1248916542338318.5,-1247778378107888.2,-1246573684258493.5,-1245301884704689.8,-1243962406676779.5,-1242554681058095.2,-1241078142734403.5,-1239532230955740.2,-1237916389711031.8,-1236230068115860.8,-1234472720813713.8,-1232643808391092.2,-1230742797806848.8,-1228769162836128.5,-1226722384529296.8,-1224601951686247.5,-1222407361346488.0,-1220138119295397.5,-1217793740587076.0,-1215373750084199.0,-1212877683015282.0,-1210305085549811.0,-1207655515391636.5,-1204928542391093.0,-1202123749176265.2,-1199240731803867.0,-1196279100430155.0,-1193238480002350.2,-1190118510971007.0,-1186918850023797.0,-1183639170841156.0,-1180279164874260.2,-1176838542145782.0,-1173317032073889.2,-1169714384319946.0,-1166030369660359.5,-1162264780883035.5,-1158417433708874.5,-1154488167738762.0,-1150476847426479.5,-1146383363077948.5,-1142207631877257.2,-1137949598939821.0,-1133609238393120.0,-1129186554485344.5,-1124681582722332.0,-1120094391033136.2,-1115425080964509.5,-1110673788904648.0,-1105840687336416.2,-1100925986120311.2,-1095929933807383.5,-1090852818982252.8,-1085694971636385.0,-1080456764571694.8,-1075138614834537.1,-1069740985180070.8,-1064264385566932.4,-1058709374682119.2,-1053076561495880.1,-1047366606846376.0,-1041580225053787.9,-1035718185563458.6,-1029781314617591.5,-1023770496954923.0,-1017686677537675.0,-1011530863305033.2,-1005304124952214.1,-999007598734130.1,-992642488292493.0,-986210066505056.8,-979711677355578.0,-973148737822888.2,-966522739787315.6,-959835251952513.2,-953087921780562.1,-946282477437999.2,-939420729750231.8,-932504574161541.8,-925535992697660.6,-918517055927622.0,-911449924921341.5,-904336853199068.0,-897180188668553.8,-889982375545461.2,-882745956252186.4,-875473573289912.1,-868167971078313.8,-860831997756966.2,-853468606942033.2,-846080859431406.8,-838671924850970.8,-831245083234182.8,-823803726526623.0,-816351360006637.5,-808891603612601.2,-801428193166735.8,-793964981484775.8,-786505939360106.9,-779055156410315.8,-771616841773339.2,-764195324639653.6,-756795054606138.1,-749420601836402.1,-742076657011512.2,-734768031054123.9,-727499654608075.2,-720276577254527.1,-713103966444666.8,-705987106127954.5,-698931395053738.5,-691942344722923.4,-685025576965147.5,-678186821115686.2,-671431910764962.1,-664766780052220.4,-658197459473481.8,-651730071172452.8,-645370823681537.8,-639126006078534.6,-633001981522954.5,-627005180134228.4,-621142091172290.0,-615419254479240.4,-609843251138863.0,-604420693308871.8,-599158213178681.0,-594062451003437.5,-589140042162850.1,-584397603191086.2,-579841716721700.4,-575478915289059.4,-571315663925284.5,-567358341489051.4,-563613220659924.2,-560086446529072.3,-556784013714348.9,-553711741924707.75,-550875249895903.3,-548279927616273.25,-545930906758258.0,-543833029228093.6,-541990813742988.4,-540408420341956.4,-539089612733548.9,-538037718380978.5,-537255586222761.1,-536745541925090.9,-536509340560962.75,-536548116610786.9,-536862331180153.9,-537451716332981.0,-538315216442880.75,-539450926472864.7,-540856027104130.0,-542526716649524.3,-544458139707456.94,-546644312538695.5,-549078045183318.56,-551750860379834.5,-554652909405339.56,-557772885027247.9,-561097931846507.56,-564613554423089.4,-568303523710886.5,-572149782495982.5,-576132350734893.4,-580229231934148.4,-584416322006385.0,-588667322388510.2,-592953659622646.9,-597244414088920.0,-601506261149095.9,-605703428619400.9,-609797675245745.6,-613748295708435.6,-617512158634922.5,-621043785139326.8,-624295476516305.4,-627217500857417.2,-629758349469666.5,-631865074962947.4,-633483723592098.0,-634559874678933.1,-635039299396031.1,-634868749436538.4,-633996882522065.4,-632375325488434.0,-629959865720509.2,-626711746503674.5,-622599019509976.4,-617597875760573.4,-611693832193783.4,-604882591403555.1,-597170314545913.4,-588572950774916.2,-579114153724038.1,-568821197456891.1,-557718207043765.7,-545815994624818.5,-533097934467875.4,-519501775603369.56,-504898313264931.0,-489069735814610.3,-471693572575247.6,-452342670776162.2,-430517104077205.25,-405728458847670.25,-377655755794288.25,-346376017536245.25,-312627204732139.94,-277973664543798.66,-244618025726313.62,-214510426762095.28,-187888197053382.28,-165394016722691.62,-157385056416726.62,0.0
7465.0,-1130079359022004.2,-1132958824022952.5,-1135816813922281.2,-1138652951785136.2,-1141466856487451.5,-1144258142687372.8,-1147026420797062.0,-1149771296954906.2,-1152492372998174.5,-1155189246436127.5,-1157861510423644.0,-1160508753735359.5,-1163130560740383.8,-1165726511377601.5,-1168296181131621.5,-1170839141009380.0,-1173354957517466.5,-1175843192640185.5,-1178303403818416.5,-1180735143929296.5,-1183137961266782.5,-1185511399523136.5,-1187854997771372.5,-1190168290448721.0,-1192450807341166.5,-1194702073569097.5,-1196921609574130.0,-1199108931107168.5,-1201263549217741.0,-1203384970244694.0,-1205472695808287.5,-1207526222803769.2,-1209545043396483.5,-1211528645018593.2,-1213476510367474.0,-1215388117405871.5,-1217262939363873.2,-1219100444742796.0,-1220900097321056.5,-1222661356162116.5,-1224383675624578.5,-1226066505374532.8,-1227709290400242.0,-1229311471029257.0,-1230872482948067.5,-1232391757224381.5,-1233868720332150.8,-1235302794179431.8,-1236693396139213.8,-1238039939083313.2,-1239341831419466.2,-1240598477131730.0,-1241809275824332.2,-1242973622769082.2,-1244090908956499.5,-1245160521150784.0,-1246181841948772.5,-1247154249843035.5,-1248077119289261.0,-1248949820778086.5,-1249771720911539.2,-1250542182484247.8,-1251260564569605.0,-1251926222611054.2,-1252538508518680.2,-1253096770771298.0,-1253600354524226.8,-1254048601722954.5,-1254440851222895.8,-1254776438915451.5,-1255054697860596.2,-1255274958426205.2,-1255436548434363.2,-1255538793314887.5,-1255581016266304.8,-1255562538424540.5,-1255482679039571.5,-1255340755660315.0,-1255136084328021.5,-1254867979778444.0,-1254535755653095.5,-1254138724719864.2,-1253676199103300.5,-1253147490524893.8,-1252551910553654.5,-1251888770867323.8,-1251157383524559.5,-1250357061248439.0,-1249487117721630.2,-1248546867893606.8,-1247535628300263.0,-1246452717396330.0,-1245297455900973.8,-1244069167156970.0,-1242767177503892.5,-1241390816665702.5,-1239939418153196.0,-1238412319681733.0,-1236808863604711.0,-1235128397363230.0,-1233370273952433.0,-1231533852404988.0,-1229618498292214.5,-1227623584243345.2,-1225548490483436.8,-1223392605390449.0,-1221155326072021.2,-1218836058962484.8,-1216434220440664.0,-1213949237469009.8,-1211380548254656.5,-1208727602932953.5,-1205989864274067.2,-1203166808413249.2,-1200257925605358.8,-1197262721004257.5,-1194180715467686.0,-1191011446388236.5,-1187754468551067.2,-1184409355018960.5,-1180975698045386.0,-1177453110016187.2,-1173841224420553.2,-1170139696851892.5,-1166348206039278.5,-1162466454910084.2,-1158494171684462.0,-1154431111002301.0,-1150277055083287.8,-1146031814920702.2,-1141695231509561.5,-1137267177109707.0,-1132747556544454.2,-1128136308535344.5,-1123433407073605.4,-1118638862828807.0,-1113752724595283.5,-1108775080776776.5,-1103706060909773.5,-1098545837225983.5,-1093294626254317.5,-1087952690462751.5,-1082520339940372.8,-1076997934119858.0,-1071385883540610.5,-1065684651652673.2,-1059894756661527.5,-1054016773413768.0,-1048051335323591.6,-1041999136339947.6,-1035860932954109.0,-1029637546247316.2,-1023329863978055.1,-1016938842708389.2,-1010465509968667.2,-1003910966459783.2,-997276388292002.4,-990563029259254.5,-983772223147581.2,-976905386076266.8,-969964018870000.2,-962949709460188.0,-955864135313326.4,-948709065884111.8,-941486365090697.0,-934197993809272.8,-926846012384803.5,-919432583154508.2,-911959972980306.2,-904430555786121.0,-896846815095565.0,-889211346565131.2,-881526860507616.5,-873796184400044.6,-866022265369900.0,-858208172652999.5,-850357100015779.8,-842472368134246.9,-834557426921255.0,-826615857793126.6,-818651375866025.2,-810667832071768.8,-802669215182042.9,-794659653729248.4,-786643417811355.4,-778624920767348.5,-770608720708901.5,-762599521893029.9,-754602175919456.9,-746621682735406.4,-738663191429452.0,-730732000794926.2,-722833559642178.2,-714973466837758.1,-707157471047266.8,-699391470157277.5,-691681510350282.1,-684033784805143.9,-676454631993979.9,-668950533544742.6,-661528111637133.0,-654194125897620.9,-646955469757587.2,-639819166236615.2,-632792363110966.9,-625882327425179.0,-619096439302543.5,-612442185007914.1,-605927149213943.8,-599559006419339.1,-593345511465133.2,-587294489092276.5,-581413822480979.4,-575711440709320.0,-570195305065480.5,-564873394144765.6,-559753687659121.94,-554844148883327.2,-550152705658254.44,-545687229867700.94,-541455515301134.44,-537465253810374.5,-533724009663701.6,-530239191996108.2,-527018025249435.75,-524067517490960.44,-521394426493573.75,-519005223455160.75,-516906054229017.2,-515102697931378.9,-513600522786258.3,-512404439062069.6,-511518848949004.44,-510947593221014.6,-510693894521879.75,-510760297111403.9,-511148602905838.6,-511859803646636.56,-512894009034289.5,-514250370670249.25,-515927001660692.5,-517920891752694.0,-520227817897720.1,-522842250171377.1,-525757253024497.06,-528964381901894.75,-532453575345212.6,-536213042799441.0,-540229148474240.0,-544486291777230.5,-548966785044194.5,-553650729549097.75,-558515891094714.25,-563537576873546.9,-568688515761104.8,-573938744773276.8,-579255505101215.2,-584603151946372.0,-589943083330126.5,-595233694160649.0,-600430363114245.5,-605485481333092.0,-610348533548373.8,-614966243982049.8,-619282801209030.6,-623240177980405.0,-626778563662290.2,-629836928189469.9,-632353736895032.1,-634267834699545.1,-635519515109108.1,-636051783101585.9,-635811809597556.9,-634752556470126.5,-632834521723422.0,-630027510245988.4,-626312270831638.2,-621681748079781.0,-616141570580757.0,-609709227113080.9,-602411166521077.2,-594276800186022.0,-585328115247233.1,-575563389293094.2,-564933472014681.0,-553309520258800.7,-540442358904265.6,-525916405053923.0,-509106088754695.2,-489150529296756.6,-464972565809229.4,-435378378184465.06,-399276869984352.1,-356043096911516.44,-306017098003372.6,-251141368105054.62,-196038066371029.5,-150954849131513.5,-140112917176801.27,-199856290458759.97,0.0
7462.5,-1084933568126338.0,-1088234592355292.2,-1091516911177143.5,-1094780149586440.5,-1098023927999663.4,-1101247862215197.6,-1104451563373407.8,-1107634637916871.1,-1110796687550764.8,-1113937309203451.4,-1117056094987277.9,-1120152632159615.6,-1123226503084172.0,-1126277285192600.0,-1129304550946436.0,-1132307867799391.0,-1135286798160043.5,-1138240899354950.5,-1141169723592215.5,-1144072817925558.5,-1146949724218915.2,-1149799979111614.2,-1152623113984158.0,-1155418654924673.0,-1158186122696046.8,-1160925032703817.5,-1163634894964858.5,-1166315214076897.0,-1168965489188936.0,-1171585213972611.2,-1174173876594561.5,-1176730959689850.0,-1179255940336509.5,-1181748290031253.8,-1184207474666454.5,-1186632954508408.0,-1189024184176989.0,-1191380612626752.0,-1193701683129559.0,-1195986833258798.2,-1198235494875291.8,-1200447094114959.0,-1202621051378320.5,-1204756781321948.5,-1206853692851930.5,-1208911189119456.5,-1210928667518628.0,-1212905519686576.5,-1214841131506014.0,-1216734883110307.5,-1218586148891208.5,-1220394297509328.0,-1222158691907506.0,-1223878689327179.2,-1225553641327879.5,-1227182893810009.0,-1228765787041011.0,-1230301655685087.2,-1231789828836616.5,-1233229630057413.0,-1234620377417990.8,-1235961383542993.0,-1237251955660952.0,-1238491395658567.0,-1239679000139656.0,-1240814060488986.2,-1241895862941169.0,-1242923688654813.2,-1243896813792144.5,-1244814509604299.0,-1245676042522515.0,-1246480674255434.5,-1247227661892767.0,-1247916258015526.5,-1248545710813119.2,-1249115264207510.0,-1249624157984749.5,-1250071627934122.0,-1250456905995195.2,-1250779220413061.0,-1251037795902070.5,-1251231853818354.0,-1251360612341455.5,-1251423286665397.2,-1251419089199521.5,-1251347229779433.5,-1251206915888422.5,-1250997352889713.5,-1250717744269928.5,-1250367291894144.5,-1249945196272953.5,-1249450656841913.8,-1248882872253850.0,-1248241040684390.2,-1247524360151230.5,-1246732028847548.0,-1245863245490059.8,-1244917209682194.8,-1243893122292883.5,-1242790185851471.5,-1241607604959281.2,-1240344586718360.2,-1239000341177964.5,-1237574081799346.5,-1236065025939412.0,-1234472395353865.5,-1232795416720425.5,-1231033322182745.5,-1229185349915677.5,-1227250744712527.0,-1225228758594960.5,-1223118651446261.5,-1220919691668613.8,-1218631156865138.5,-1216252334547396.8,-1213782522869103.0,-1211221031386812.0,-1208567181848333.5,-1205820309009666.2,-1202979761481242.0,-1200044902604297.5,-1197015111358190.2,-1193889783299487.5,-1190668331533687.0,-1187350187720424.8,-1183934803113023.8,-1180421649633288.0,-1176810220982394.0,-1173100033788812.5,-1169290628794128.0,-1165381572077682.0,-1161372456320947.0,-1157262902112534.5,-1153052559294764.8,-1148741108352702.5,-1144328261846564.8,-1139813765888418.0,-1135197401664050.0,-1130478987000902.2,-1125658377982951.0,-1120735470613377.0,-1115710202525874.1,-1110582554745409.9,-1105352553499223.1,-1100020272078826.5,-1094585832753724.5,-1089049408737536.8,-1083411226207172.8,-1077671566375624.0,-1071830767618925.9,-1065889227657736.5,-1059847405793950.2,-1053705825202647.5,-1047465075279614.8,-1041125814044596.8,-1034688770600292.0,-1028154747647025.2,-1021524624052909.8,-1014799357479154.5,-1007979987060044.6,-1001067636136951.2,-994063515045597.0,-986968923955532.8,-979785255760687.9,-972513999019552.0,-965156740943365.8,-957715170430420.1,-950191081144313.0,-942586374633704.4,-934903063490817.8,-927143274545580.2,-919309252091967.4,-911403361142699.0,-903428090708053.5,-895386057094120.0,-887280007215334.1,-879112821915657.6,-870887519292224.2,-862607258014712.2,-854275340633097.5,-845895216865815.6,-837470486859661.8,-829004904412051.4,-820502380145500.8,-811966984623353.2,-803402951394960.8,-794814679957558.2,-786206738621172.8,-777583867261840.2,-768950979947345.5,-760313167418582.1,-751675699408388.0,-743044026778499.0,-734423783453885.6,-725820788132368.6,-717241045745903.5,-708690748648394.4,-700176277503241.5,-691704201842130.1,-683281280264726.8,-674914460247099.1,-666610877524640.2,-658377855013213.6,-650222901230035.8,-642153708173500.0,-634178148618738.0,-626304272783193.0,-618540304313787.5,-610894635544507.1,-603375821970282.2,-595992575879958.2,-588753759087937.4,-581668374700645.1,-574745557850424.9,-567994565325665.8,-561424764022030.8,-555045618135418.56,-548866675012895.44,-542897549573129.8,-537147907202887.1,-531627445030906.2,-526345871474841.2,-521312883951040.0,-516538144630586.5,-512031254118283.0,-507801722924085.25,-503858940588820.4,-500212142317894.6,-496870372967983.5,-493842448222515.1,-491136912781978.25,-488761995384790.56,-486725560463683.1,-485035056231283.0,-483697458977023.7,-482719213345699.0,-482106168356246.4,-481863508907925.7,-481995682510378.5,-482506320964747.5,-483398156715741.25,-484672933590322.75,-486331311638781.0,-488372765799948.0,-490795478126299.0,-493596223329167.94,-496770247442617.6,-500311139460504.44,-504210695880091.2,-508458778193043.75,-513043163508390.9,-517949388680774.2,-523160588561989.4,-528657329307043.6,-534417438062951.6,-540415830866912.2,-546624341200634.6,-553011552412734.4,-559542638156995.94,-566179216128905.8,-572879221745467.5,-579596810032422.9,-586282295883776.8,-592882145057653.8,-599339030770879.0,-605591973525859.1,-611576584776206.0,-617225438069969.6,-622468594149925.0,-627234308720412.0,-631449952540974.2,-635043172137265.2,-637943314142356.1,-640083124717851.9,-641400714145480.1,-641841740437340.9,-641361707451576.2,-639928182492604.2,-637522602313854.6,-634141137848480.2,-629793807273984.9,-624500645522828.0,-618283247287566.0,-611149419889327.5,-603068096953657.1,-593931286747437.8,-583500101759757.0,-571333646027119.9,-556704039240003.6,-538509989099604.2,-515217145520566.4,-484877088776999.06,-445306139090549.7,-394533562674355.56,-331655210106584.75,-258311253376277.16,-181372756473035.84,-118255115521958.3,-105560777668998.81,-195574268933430.34,0.0
7460.0,-1031819409958519.1,-1035536568570190.9,-1039238088843161.2,-1042923603046856.6,-1046592738554235.6,-1050245117790896.0,-1053880358184033.4,-1057498072111273.5,-1061097866849380.8,-1064679344522885.9,-1068242102052623.1,-1071785731104220.6,-1075309818036549.6,-1078813943850168.0,-1082297684135761.6,-1085760609022630.2,-1089202283127231.4,-1092622265501804.4,-1096020109583111.5,-1099395363141326.0,-1102747568229081.5,-1106076261130740.5,-1109380972311889.6,-1112661226369113.0,-1115916541980072.4,-1119146431853931.6,-1122350402682171.5,-1125527955089828.6,-1128678583587200.0,-1131801776522072.0,-1134897016032498.0,-1137963778000192.5,-1141001532004588.5,-1144009741277591.0,-1146987862659120.8,-1149935346553464.5,-1152851636886513.2,-1155736171063953.0,-1158588379930456.0,-1161407687729951.8,-1164193512067048.8,-1166945263869670.0,-1169662347352982.5,-1172344159984702.0,-1174990092451850.5,-1177599528629047.2,-1180171845548435.0,-1182706413371310.5,-1185202595361581.0,-1187659747861118.0,-1190077220267133.2,-1192454355011665.0,-1194790487543298.0,-1197084946311226.2,-1199337052751771.0,-1201546121277491.8,-1203711459269003.0,-1205832367069633.2,-1207908137983075.0,-1209938058274149.5,-1211921407172845.8,-1213857456881785.5,-1215745472587272.0,-1217584712474081.5,-1219374427744179.5,-1221113862639529.5,-1222802254469174.5,-1224438833640790.5,-1226022823696905.2,-1227553441355978.0,-1229029896558561.0,-1230451392518752.2,-1231817125781172.2,-1233126286283695.0,-1234378057426170.0,-1235571616145398.5,-1236706132996606.5,-1237780772241694.8,-1238794691944540.0,-1239747044073622.5,-1240636974612304.0,-1241463623677019.5,-1242226125643745.2,-1242923609283038.0,-1243555197903996.5,-1244120009507494.2,-1244617156949040.0,-1245045748111647.0,-1245404886089083.5,-1245693669379919.5,-1245911192092764.2,-1246056544163124.5,-1246128811582330.0,-1246127076638961.0,-1246050418173254.8,-1245897911844973.2,-1245668630415222.8,-1245361644042733.5,-1244976020595135.0,-1244510825975766.2,-1243965124466578.2,-1243337979087707.0,-1242628451974318.5,-1241835604771317.2,-1240958499046578.2,-1239996196723319.0,-1238947760532305.0,-1237812254484549.0,-1236588744365244.8,-1235276298249619.5,-1233873987041479.0,-1232380885035209.0,-1230796070502002.0,-1229118626301138.8,-1227347640517139.8,-1225482207123638.0,-1223521426674858.2,-1221464407025578.0,-1219310264080497.0,-1217058122573960.0,-1214707116880974.5,-1212256391860526.5,-1209705103732191.8,-1207052420987055.5,-1204297525334023.8,-1201439612682562.5,-1198477894162977.5,-1195411597185346.0,-1192239966538230.2,-1188962265528339.5,-1185577777162301.2,-1182085805371743.5,-1178485676282913.0,-1174776739532030.0,-1170958369627661.0,-1167029967361342.5,-1162990961267748.5,-1158840809135682.5,-1154578999571188.8,-1150205053614103.0,-1145718526409334.8,-1141119008934216.5,-1136406129783230.0,-1131579557011422.5,-1126639000037846.0,-1121584211610290.0,-1116414989832633.2,-1111131180256080.0,-1105732678035531.2,-1100219430152333.4,-1094591437704600.8,-1088848758266283.0,-1082991508316103.0,-1077019865737425.6,-1070934072390101.2,-1064734436755219.5,-1058421336653666.0,-1051995222039284.0,-1045456617867354.4,-1038806127038991.2,-1032044433421973.2,-1025172304948363.5,-1018190596789159.5,-1011100254606059.0,-1003902317880254.8,-996597923317999.1,-989188308332454.0,-981674814601180.8,-974058891698299.8,-966342100800190.4,-958526118463241.0,-950612740471903.5,-942603885754957.2,-934501600367540.6,-926308061536123.2,-918025581763172.2,-909656612987832.0,-901203750798455.0,-892669738692289.4,-884057472377108.0,-875370004108934.5,-866610547059421.0,-857782479705720.2,-848889350234988.5,-839934880954867.8,-830922972700471.2,-821857709227489.5,-812743361580126.0,-803584392421523.9,-794385460313300.2,-785151423929647.2,-775887346190260.9,-766598498295059.0,-757290363642287.6,-747968641610158.2,-738639251180632.6,-729308334382336.0,-719982259527842.2,-710667624218775.4,-701371258090211.8,-692100225263854.0,-682861826477257.5,-673663600854134.5,-664513327278363.8,-655419025331737.0,-646388955752864.4,-637431620371774.5,-628555761471767.9,-619770360526945.5,-611084636260474.1,-602508041965158.2,-594050262024144.5,-585721207565669.2,-577531011181609.5,-569490020635168.2,-561608791478379.4,-553898078495159.8,-546368825880375.6,-539032156059779.1,-531899357049718.9,-524981868249156.25,-518291264549678.25,-511839238641946.9,-505637581389127.5,-499698160129449.4,-494032894760955.1,-488653731451667.5,-483572613807841.25,-478801451321446.7,-474352084905631.5,-470236249313419.56,-466465532220276.7,-463051329735377.1,-460004798089230.5,-457336801226859.56,-455057854015793.94,-453178060756775.9,-451707048662377.9,-450653895944636.1,-450027054127684.44,-449834264175407.7,-450082465997870.6,-450777700874368.0,-451925006306376.6,-453528302791830.6,-455590271994643.5,-458112225772871.0,-461093965528149.7,-464533631352367.2,-468427540479816.0,-472770014611078.4,-477553195766727.75,-482766850465009.94,-488398162210760.75,-494431512548824.1,-500848251293455.5,-507626457019144.9,-514740689516221.1,-522161736709986.9,-529856359554430.75,-537787039686187.9,-545911736212773.1,-554183659967725.75,-562551075953647.75,-570957147570594.2,-579339839642317.1,-587631901236423.8,-595760953817249.9,-603649715291722.5,-611216395808625.1,-618375306354512.4,-625037725545789.5,-631113072344902.4,-636510430765142.5,-641140463843398.0,-644917733365960.6,-647763401538496.0,-649608219736674.5,-650395591111787.2,-650084304553776.5,-648650245064996.9,-646085948700716.4,-642396242088109.1,-637587347348479.8,-631645741775837.0,-624501843148341.0,-615972589461554.0,-605677008292268.2,-592921564663866.5,-576560358936843.2,-554853671206470.44,-525382732838918.0,-485133698996904.2,-430937644720593.0,-360531574071026.75,-274578113487094.34,-180121767768851.94,-96159226458935.62,-60242307253691.46,-128282525901121.5,0.0
7457.5,-970357197074616.5,-974480423822718.0,-978591346519619.9,-982689610097390.4,-986774854351717.1,-990846713881016.4,-994904818025134.9,-998948790803642.2,-1002978250853727.9,-1006992811367718.6,-1010992080030217.5,-1014975658954898.6,-1018943144620939.5,-1022894127809143.5,-1026828193537735.2,-1030744920997862.2,-1034643883488827.0,-1038524648353044.4,-1042386776910769.0,-1046229824394598.5,-1050053339883780.1,-1053856866238343.6,-1057639940033083.8,-1061402091491420.4,-1065142844419158.1,-1068861716138181.0,-1072558217420107.8,-1076231852419942.4,-1079882118609747.6,-1083508506712381.2,-1087110500635334.8,-1090687577404699.9,-1094239207099319.6,-1097764852785150.6,-1101263970449896.6,-1104736008937942.2,-1108180409885646.6,-1111596607657052.6,-1114984029280038.4,-1118342094383007.8,-1121670215132132.4,-1124967796169247.8,-1128234234550427.2,-1131468919685337.5,-1134671233277410.5,-1137840549264930.0,-1140976233763094.5,-1144077645007128.0,-1147144133296545.5,-1150175040940630.5,-1153169702205224.5,-1156127443260932.5,-1159047582132814.5,-1161929428651694.0,-1164772284407157.2,-1167575442702382.5,-1170338188510889.0,-1173059798435336.0,-1175739540668485.5,-1178376674956480.2,-1180970452564524.5,-1183520116245166.8,-1186024900209265.5,-1188484030099844.5,-1190896722968949.5,-1193262187257692.0,-1195579622779650.8,-1197848220707783.0,-1200067163565059.5,-1202235625218981.0,-1204352770880200.5,-1206417757105431.8,-1208429731804872.5,-1210387834254355.0,-1212291195112455.0,-1214138936442792.5,-1215930171741779.5,-1217664005972056.0,-1219339535601898.5,-1220955848650854.0,-1222512024741909.0,-1224007135160469.0,-1225440242920466.0,-1226810402837914.5,-1228116661612238.8,-1229358057915720.0,-1230533622491417.0,-1231642378259923.5,-1232683340435352.0,-1233655516650930.2,-1234557907094631.2,-1235389504655240.5,-1236149295079324.5,-1236836257139540.0,-1237449362814746.2,-1237987577482436.8,-1238449860123957.0,-1238835163543067.0,-1239142434598353.5,-1239370614450079.8,-1239518638822031.5,-1239585438278960.2,-1239569938520252.2,-1239471060690438.2,-1239287721707230.0,-1239018834607743.5,-1238663308913628.8,-1238220051015818.5,-1237687964579654.8,-1237065950971175.5,-1236352909705343.5,-1235547738917053.5,-1234649335855773.2,-1233656597404686.0,-1232568420625245.5,-1231383703328078.5,-1230101344671191.0,-1228720245786476.0,-1227239310435535.0,-1225657445695868.2,-1223973562678520.8,-1222186577278281.2,-1220295410957591.2,-1218298991565336.0,-1216196254191728.5,-1213986142060514.0,-1211667607459796.8,-1209239612712769.5,-1206701131189703.0,-1204051148362572.0,-1201288662903716.0,-1198412687829998.5,-1195422251693919.5,-1192316399823213.5,-1189094195610468.5,-1185754721854352.0,-1182297082154047.0,-1178720402358553.0,-1175023832072525.0,-1171206546220356.5,-1167267746670244.0,-1163206663920003.5,-1159022558846423.5,-1154714724519983.5,-1150282488086776.0,-1145725212719485.0,-1141042299639329.5,-1136233190210845.8,-1131297368111435.2,-1126234361577600.0,-1121043745729790.9,-1115725144977810.4,-1110278235508679.8,-1104702747858923.4,-1098998469573145.2,-1093165247950822.1,-1087202992883151.2,-1081111679781801.0,-1074891352601354.4,-1068542126957180.9,-1062064193340429.5,-1055457820431759.9,-1048723358515325.0,-1041861242994490.0,-1034871998010579.1,-1027756240165916.8,-1020514682352202.0,-1013148137685196.1,-1005657523546462.2,-998043865732748.8,-990308302713390.2,-982452089995867.0,-974476604599420.8,-966383349636339.2,-958173959000208.2,-949850202160126.4,-941413989059469.2,-932867375117440.8,-924212566331159.4,-915451924475609.4,-906587972398246.0,-897623399404479.5,-888561066729695.1,-879404013092786.8,-870155460325488.2,-860818819071036.0,-851397694544869.8,-841895892349218.9,-832317424332443.2,-822666514483018.8,-812947604846953.2,-803165361456239.8,-793324680254733.6,-783430693006459.5,-773488773169967.5,-763504541720789.6,-753483872902436.0,-743432899884614.8,-733358020305510.4,-723265901672961.5,-713163486597274.8,-703057997826169.2,-692956943049935.2,-682868119442381.1,-672799617900403.9,-662759826942165.8,-652757436220820.0,-642801439607438.0,-632901137793419.5,-623066140358931.2,-613306367250102.2,-603632049603521.5,-594053729852227.1,-584582261042693.5,-575228805287360.1,-566004831271935.8,-556922110731100.44,-547992713800170.3,-539229003143857.2,-530643626756372.0,-522249509319716.75,-514059841999038.9,-506088070545408.0,-498347881567095.9,-490853186820464.0,-483618105360749.5,-476656943381223.0,-469984171556414.6,-463614399691050.06,-457562348461038.4,-451842818016012.94,-446470653194460.8,-441460705082136.44,-436827788622026.6,-432586635959464.44,-428751845178688.8,-425337824057126.6,-422358728430586.4,-419828394726121.6,-417760266179478.94,-416167312210418.06,-415061940381853.75,-414455900317639.5,-414360178899075.56,-414784886002359.2,-415739129978826.25,-417230882018228.4,-419266828474080.94,-421852210171886.3,-424990647669174.06,-428683951395610.75,-432931915578252.44,-437732094859796.25,-443079562557511.0,-448966649601643.94,-455382663353013.25,-462313585753455.9,-469741750639450.7,-477645500585382.5,-485998824384374.2,-494770977277473.6,-503926087374498.1,-513422753453624.7,-523213641578273.75,-533245090840213.1,-543456742151899.94,-553781208502949.1,-564143810599253.5,-574462408434964.0,-584647367174197.6,-594601704704997.0,-604221478143255.0,-613396476838866.4,-622011298919382.5,-629946894983670.4,-637082662546321.4,-643299162038980.1,-648481489455882.9,-652523265866941.9,-655331064682901.4,-656828855287037.1,-656961640199517.1,-655696824444801.4,-653020881881821.5,-648927470813014.9,-643391243100090.8,-636319301073073.4,-627470135943673.8,-616329426036645.1,-601936571944940.6,-582671541140477.5,-556048602698045.9,-518634521985202.7,-466320331337205.5,-395303910165598.44,-304193254234276.94,-197488619452002.0,-90406035008646.33,-13757585693246.355,-9026347489565.523,0.0
7455.0,-900204033855847.6,-904718466696317.8,-909224161212013.1,-913720780326327.2,-918207981671389.8,-922685417518297.6,-927152734706662.9,-931609574573493.5,-936055572881394.6,-940490359746112.4,-944913559563413.9,-949324790935318.4,-953723666595668.5,-958109793335075.8,-962482771925220.4,-966842197042535.6,-971187657191273.2,-975518734625964.1,-979835005273285.5,-984136038653351.6,-988421397800425.2,-992690639183089.0,-996943312623867.6,-1001178961218327.8,-1005397121253677.8,-1009597322126873.9,-1013779086262264.8,-1017941929028788.0,-1022085358656738.5,-1026208876154142.9,-1030311975222759.0,-1034394142173720.9,-1038454855842877.2,-1042493587505826.2,-1046509800792703.4,-1050502951602747.2,-1054472488018665.5,-1058417850220871.6,-1062338470401586.6,-1066233772678896.4,-1070103173010767.8,-1073946079109098.5,-1077761890353828.9,-1081549997707184.4,-1085309783628093.0,-1089040621986831.4,-1092741877979974.4,-1096412908045690.0,-1100053059779464.1,-1103661671850312.9,-1107238073917560.4,-1110781586548252.0,-1114291521135291.2,-1117767179816377.6,-1121207855393825.6,-1124612831255382.1,-1127981381296099.0,-1131312769841394.8,-1134606251571396.0,-1137861071446662.5,-1141076464635423.8,-1144251656442432.2,-1147385862239567.0,-1150478287398323.0,-1153528127224303.0,-1156534566893874.5,-1159496781393129.2,-1162413935459304.5,-1165285183524823.8,-1168109669664127.5,-1170886527543470.0,-1173614880373871.0,-1176293840867393.2,-1178922511196977.5,-1181499982960008.5,-1184025337145857.8,-1186497644107603.0,-1188915963538184.0,-1191279344451210.5,-1193586825166709.0,-1195837433302049.2,-1198030185768332.2,-1200164088772537.0,-1202238137825708.2,-1204251317757515.0,-1206202602737485.5,-1208090956303265.0,-1209915331396250.0,-1211674670404951.2,-1213367905216471.0,-1214993957276492.0,-1216551737658177.8,-1218040147140412.5,-1219458076295825.5,-1220804405589058.0,-1222078005485742.2,-1223277736572694.0,-1224402449689833.0,-1225450986074358.5,-1226422177517742.0,-1227314846536099.8,-1228127806554557.0,-1228859862106211.5,-1229509809046338.5,-1230076434782511.0,-1230558518521312.2,-1230954831532383.5,-1231264137430501.0,-1231485192476510.5,-1231616745897869.8,-1231657540229646.0,-1231606311676822.0,-1231461790498798.5,-1231222701416996.0,-1230887764046531.5,-1230455693352928.5,-1229925200134898.0,-1229294991534223.0,-1228563771573854.0,-1227730241725333.5,-1226793101506709.0,-1225751049112150.2,-1224602782074494.2,-1223346997962027.0,-1221982395110806.5,-1220507673393909.5,-1218921535029005.8,-1217222685425728.5,-1215409834074335.0,-1213481695477209.0,-1211436990124812.2,-1209274445517718.5,-1206992797236429.5,-1204590790060727.2,-1202067179140345.5,-1199420731218813.0,-1196650225912370.2,-1193754457045905.0,-1190732234047914.0,-1187582383406551.0,-1184303750188856.0,-1180895199625348.2,-1177355618762190.5,-1173683918183178.5,-1169879033803909.0,-1165939928740458.2,-1161865595255040.0,-1157655056781069.5,-1153307370030193.0,-1148821627183829.0,-1144196958171842.5,-1139432533041011.0,-1134527564415976.5,-1129481310055410.0,-1124293075506173.8,-1118962216858257.1,-1113488143603332.2,-1107870321599751.2,-1102108276146862.4,-1096201595171503.8,-1090149932529543.6,-1083953011425346.9,-1077610627951996.0,-1071122654755120.2,-1064489044823103.8,-1057709835406457.4,-1050785152069002.1,-1043715212873544.4,-1036500332704531.5,-1029140927730173.9,-1021637520006315.1,-1013990742224267.6,-1006201342604624.1,-998270189938902.4,-990198278780653.5,-981986734787479.4,-973636820215064.8,-965149939564151.5,-956527645380948.2,-947771644211187.0,-938883802707620.1,-929866153890300.2,-920720903558515.4,-911450436852735.8,-902057324964307.6,-892544331990058.2,-882914421928193.6,-873170765811217.2,-863316748970671.2,-853355978427682.0,-843292290402284.5,-833129757933429.0,-822872698600478.5,-812525682335705.5,-802093539316029.0,-791581367920712.2,-780994542740265.6,-770338722620059.0,-759619858720380.8,-748844202572725.2,-738018314110018.8,-727149069646241.0,-716243669778512.8,-705309647182148.2,-694354874266397.0,-683387570655662.0,-672416310457830.1,-661450029277934.0,-650498030931783.8,-639569993810325.9,-628675976841332.4,-617826424990628.1,-607032174240307.5,-596304455976345.1,-585654900712583.2,-575095541072264.6,-564638813942089.0,-554297561707081.75,-544085032467401.6,-534014879130538.44,-524101157264038.5,-514358321584968.0,-504801220952657.94,-495445091720811.94,-486305549293704.1,-477398577718821.4,-468740517134841.1,-460348048879076.6,-452238178042329.2,-444428213241311.6,-436935743359139.44,-429778610982682.25,-422974882241469.25,-416542812726022.4,-410500809133671.5,-404867386256550.25,-399661118889190.9,-394900588191438.4,-390604321995634.7,-386790728494685.8,-383478022688971.6,-380684144904480.6,-378426670621345.2,-376722710770424.0,-375588801565199.56,-375040782836472.75,-375093663727991.44,-375761474492171.4,-377057102997149.6,-378992114420637.44,-381576552464690.9,-384818720281935.2,-388724939163366.3,-393299282907853.9,-398543285684815.7,-404455621128544.9,-411031750385260.75,-418263536898499.94,-426138825899813.56,-434640986915478.6,-443748418164994.9,-453434012589099.4,-463664586499900.9,-474400273614241.56,-485593889663805.6,-497190276056554.8,-509125635417425.9,-521326877527370.6,-533711001515635.75,-546184549480878.7,-558643178375312.6,-570971411303096.2,-583042646561716.5,-594719522718125.8,-605854760127819.9,-616292621900439.8,-625871156849045.9,-634425396648040.0,-641791666984670.6,-647813116533752.1,-652346432041233.6,-655269433699774.2,-656488739368046.2,-655945809370519.5,-653618240745453.5,-649510932713757.9,-643628483627926.4,-635915934564306.2,-626150527370023.6,-613765078082989.2,-597590123971433.5,-575529662611582.8,-544254317541172.56,-499127852532759.0,-434768931360487.75,-346765123813234.1,-234792805425534.9,-106750381051397.5,16939105408978.217,114721900088599.7,0.0
7452.5,-821060199557031.9,-825946084916846.9,-830826988064154.9,-835702595078873.5,-840572586684652.9,-845436638171550.8,-850294419317765.4,-855145594310459.6,-859989821665639.5,-864826754147101.9,-869656038684449.2,-874477316290163.6,-879290221975741.4,-884094384666888.1,-888889427117769.6,-893674965824327.9,-898450610936656.2,-903215966170433.8,-907970628717423.4,-912714189155044.0,-917446231355004.5,-922166332391018.4,-926874062445598.2,-931568984715932.1,-936250655318858.9,-940918623194941.4,-945572430011648.2,-950211610065660.9,-954835690184304.1,-959444189626123.4,-964036619980622.5,-968612485067161.1,-973171280833053.8,-977712495250857.0,-982235608214891.4,-986740091437004.6,-991225408341591.6,-995691013959915.1,-1000136354823728.6,-1004560868858250.6,-1008963985274499.1,-1013345124461036.5,-1017703697875135.6,-1022039107933431.6,-1026350747902064.5,-1030638001786380.6,-1034900244220217.5,-1039136840354820.0,-1043347145747446.4,-1047530506249700.8,-1051686257895654.6,-1055813726789810.1,-1059912228994963.8,-1063981070420043.9,-1068019546707967.0,-1072026943123615.5,-1076002534441978.1,-1079945584836551.6,-1083855347768082.4,-1087731065873736.2,-1091571970856771.6,-1095377283376845.2,-1099146212941015.4,-1102877957795574.5,-1106571704818810.1,-1110226629414819.8,-1113841895408488.2,-1117416654941777.6,-1120950048371448.1,-1124441204168357.2,-1127889238818488.2,-1131293256725866.5,-1134652350117515.8,-1137965598950635.0,-1141232070822180.8,-1144450820881027.0,-1147620891742907.5,-1150741313408355.0,-1153811103183830.5,-1156829265606292.8,-1159794792371423.5,-1162706662265766.2,-1165563841103028.0,-1168365281664816.5,-1171109923646095.2,-1173796693605647.0,-1176424504921845.2,-1178992257754073.0,-1181498839010089.5,-1183943122319736.5,-1186323968015305.0,-1188640223118965.8,-1190890721337657.5,-1193074283065837.0,-1195189715396524.5,-1197235812141098.8,-1199211353858293.5,-1201115107892910.0,-1202945828424715.0,-1204702256528090.5,-1206383120242963.5,-1207987134657596.5,-1209513002003837.0,-1210959411765442.5,-1212325040800144.0,-1213608553476097.0,-1214808601823453.5,-1215923825701752.0,-1216952852983910.5,-1217894299757603.2,-1218746770544839.0,-1219508858540601.0,-1220179145871439.8,-1220756203874928.5,-1221238593400960.0,-1221624865135861.5,-1221913559950386.2,-1222103209272633.0,-1222192335487032.5,-1222179452360546.5,-1222063065497288.5,-1221841672822820.2,-1221513765099415.5,-1221077826473632.2,-1220532335057603.5,-1219875763545474.0,-1219106579866503.5,-1218223247876371.0,-1217224228088304.0,-1216107978445699.8,-1214872955137960.5,-1213517613461336.0,-1212040408726625.2,-1210439797215650.0,-1208714237188487.0,-1206862189943500.5,-1204882120932300.2,-1202772500931812.5,-1200531807275717.0,-1198158525147599.5,-1195651148938209.5,-1193008183669331.0,-1190228146486807.5,-1187309568225382.5,-1184250995048066.2,-1181050990162835.5,-1177708135619546.5,-1174221034190045.5,-1170588311334503.2,-1166808617257125.5,-1162880629054446.5,-1158803052959526.0,-1154574626685405.0,-1150194121871309.2,-1145660346635146.5,-1140972148235925.5,-1136128415849790.8,-1131128083463491.5,-1125970132889102.0,-1120653596903958.1,-1115177562519781.0,-1109541174385075.0,-1103743638324874.9,-1097784225022066.1,-1091662273844444.0,-1085377196821802.1,-1078928482777300.5,-1072315701617448.8,-1065538508784998.8,-1058596649879046.1,-1051489965446677.5,-1044218395950383.2,-1036781986915478.9,-1029180894261699.0,-1021415389823013.4,-1013485867059651.6,-1005392846966177.0,-997136984179270.2,-988719073288759.9,-980140055355157.9,-971401024636759.0,-962503235529042.6,-953448109718823.8,-944237243555207.0,-934872415638982.9,-925355594631663.0,-915688947284792.4,-905874846689625.4,-895915880746584.9,-885814860853225.5,-875574830808597.4,-865199075931071.0,-854691132385697.8,-844054796716123.6,-833294135574931.1,-822413495644998.1,-811417513743103.0,-800311127095461.9,-789099583773289.6,-777788453274620.1,-766383637236768.4,-754891380261604.0,-743318280833629.5,-731671302308292.6,-719957783945353.0,-708185451959168.2,-696362430554728.8,-684497252914781.9,-672598872099861.0,-660676671819042.8,-648740477025056.9,-636800564282805.1,-624867671855467.2,-612953009447062.8,-601068267534653.9,-589225626217259.8,-577437763501932.4,-565717862940320.9,-554079620521378.56,-542537250717552.06,-531105491572820.5,-519799608711260.44,-508635398134226.25,-497629187662862.56,-486797836870150.6,-476158735333151.9,-465729799021230.3,-455529464619791.5,-445576681571127.06,-435890901594269.3,-426492065423907.8,-417400586484200.3,-408637331186387.3,-400223595509003.75,-392181077485811.7,-384531845188740.0,-377298299750506.44,-370503132923537.94,-364169278617389.44,-358319857795265.25,-352978116040322.75,-348167353023048.7,-343910843010850.56,-340231745458571.25,-337153004602485.75,-334697236848669.56,-332886604597906.9,-331742674981665.25,-331286261795664.75,-331537248707841.4,-332514391585122.75,-334235097528389.6,-336715177928184.5,-339968572557865.25,-344007041410913.2,-348839820673429.25,-354473238914074.0,-360910289290994.0,-368150153345597.9,-376187671814615.75,-385012757897131.4,-394609748633535.44,-404956690584439.2,-416024556966694.4,-427776394978272.3,-440166404442291.6,-453138952405156.0,-466627533295889.5,-480553691150936.0,-494825929802425.7,-509338649521122.7,-523971165240481.4,-538586883141922.5,-553032740118003.5,-567139045485740.6,-580719907045745.2,-593574474117749.9,-605489286675799.9,-616242076671929.5,-625607412659989.1,-633364586784887.4,-639308066429439.6,-643260585091841.2,-645088378949636.0,-644716939972475.5,-642143569647559.0,-637439438759961.2,-630728157944133.4,-622119642004197.9,-611568063358563.0,-598614978527772.2,-581984704524284.2,-559043518808428.56,-525258602713713.9,-474034813785710.3,-397603203624046.5,-289592004688972.3,-148963065750651.28,15621583046651.562,189182734323103.03,0.0
7450.0,-732675512725006.8,-737908173768001.9,-743139753246100.2,-748369965292316.4,-753598518711216.5,-758825116895550.1,-764049457741724.9,-769271233564121.6,-774490131008235.6,-779705830962635.2,-784918008469724.6,-790126332635311.4,-795330466536956.6,-800530067131113.0,-805724785159025.1,-810914265051400.2,-816098144831837.2,-821276056018998.5,-826447623527523.0,-831612465567683.5,-836770193543759.9,-841920411951149.6,-847062718272185.5,-852196702870679.5,-857321948885163.1,-862438032120846.6,-867544520940281.0,-872640976152719.4,-877726950902184.6,-882801990554237.9,-887865632581452.4,-892917406447588.9,-897956833490484.0,-902983426803643.8,-907996691116560.6,-912996122673747.4,-917981209112501.5,-922951429339415.5,-927906253405622.0,-932845142380811.4,-937767548226011.6,-942672913665166.6,-947560672055502.4,-952430247256727.2,-957281053499066.9,-962112495250161.5,-966923967080849.9,-971714853529862.9,-976484528967460.8,-981232357458039.4,-985957692621733.2,-990659877495065.9,-995338244390673.5,-999992114756145.1,-1004620799032025.0,-1009223596509025.0,-1013799795184498.4,-1018348671618223.6,-1022869490787560.4,-1027361505942042.6,-1031823958457462.9,-1036256077689526.6,-1040657080827152.8,-1045026172745487.1,-1049362545858719.0,-1053665379972798.1,-1057933842138121.8,-1062167086502320.0,-1066364254163215.6,-1070524473022094.5,-1074646857637378.9,-1078730509078850.2,-1082774514782534.8,-1086777948406390.2,-1090739869686957.6,-1094659324297098.5,-1098535343705006.1,-1102366945034646.1,-1106153130927807.4,-1109892889407945.9,-1113585193746033.5,-1117229002328594.1,-1120823258528169.9,-1124366890576423.8,-1127858811440135.5,-1131297918700337.0,-1134683094434839.5,-1138013205104456.5,-1141287101443180.0,-1144503618352649.5,-1147661574801200.8,-1150759773727855.5,-1153797001951590.0,-1156772030086253.5,-1159683612461517.0,-1162530487050269.8,-1165311375402869.5,-1168024982588699.0,-1170669997145490.2,-1173245091036893.8,-1175748919618810.5,-1178180121615005.8,-1180537319102569.5,-1182819117507783.5,-1185024105613030.5,-1187150855575343.5,-1189197922957286.5,-1191163846770830.0,-1193047149534969.5,-1194846337347812.0,-1196559899973940.0,-1198186310947860.5,-1199724027694401.5,-1201171491666939.5,-1202527128504405.5,-1203789348208032.0,-1204956545338859.0,-1206027099237050.0,-1206999374264136.8,-1207871720069318.2,-1208642471881039.2,-1209309950825073.5,-1209872464270426.5,-1210328306204405.5,-1210675757638268.0,-1210913087044925.8,-1211038550830213.5,-1211050393839343.0,-1210946849900167.5,-1210726142405000.0,-1210386484932769.5,-1209926081913380.2,-1209343129336203.5,-1208635815504728.5,-1207802321839452.2,-1206840823731187.5,-1205749491447037.5,-1204526491091399.5,-1203169985624404.5,-1201678135940337.5,-1200049102008646.5,-1198281044080253.5,-1196372123962002.0,-1194320506362124.0,-1192124360309792.5,-1189781860651846.2,-1187291189629964.8,-1184650538541630.8,-1181858109488344.0,-1178912117214692.0,-1175810791041967.5,-1172552376900175.8,-1169135139462386.8,-1165557364385497.5,-1161817360661642.2,-1157913463084560.0,-1153844034835413.0,-1149607470192646.5,-1145202197370626.5,-1140626681491935.0,-1135879427698295.2,-1130958984405299.2,-1125863946706162.2,-1120592959929931.6,-1115144723359640.1,-1109517994116083.1,-1103711591212944.4,-1097724399789194.4,-1091555375524711.0,-1085203549245258.4,-1078668031722985.4,-1071948018678731.2,-1065042795992501.8,-1057951745128523.8,-1050674348781357.8,-1043210196749573.6,-1035558992043517.0,-1027720557233689.5,-1019694841046255.4,-1011481925212119.4,-1003082031575988.6,-994495529471667.8,-985722943369758.5,-976764960803743.0,-967622440580204.4,-958296421278696.1,-948788130046474.1,-939098991692938.0,-929230638088210.2,-919184917869805.1,-908963906460817.5,-898569916402382.1,-888005508002505.8,-877273500302551.0,-866376982361743.2,-855319324859124.2,-844104192011197.4,-832735553802332.4,-821217698523589.0,-809555245614104.1,-797753158797550.6,-785816759504275.0,-773751740567745.6,-761564180181697.1,-749260556101915.0,-736847760073958.5,-724333112465199.8,-711724377076361.4,-699029776104298.5,-686258005223986.4,-673418248753553.9,-660520194861765.2,-647574050772476.2,-634590557915346.2,-621581006966336.8,-608557252715362.2,-595531728691671.8,-582517461470287.9,-569528084574828.2,-556577851883485.6,-543681650435530.56,-530855012525552.7,-518114126961564.9,-505475849351023.56,-492957711265651.4,-480577928121541.56,-468355405595235.0,-456309744379169.9,-444461243060811.4,-432830898888752.06,-421440406165811.7,-410312151983285.2,-399469208981750.94,-388935324791668.9,-378734907770951.56,-368893008616120.1,-359435297377858.06,-350388035359931.8,-341778041321503.8,-333632651335764.9,-325979671581133.06,-318847323253507.3,-312264178687421.8,-306259087658328.06,-300861092705382.06,-296099332161220.7,-292002929399537.56,-288600866609251.0,-285921841172398.75,-283994102457554.25,-282845266537758.4,-282502105997685.0,-282990311605468.25,-284334222187211.4,-286556518555105.3,-289677876803323.8,-293716575702842.06,-298688052304835.5,-304604399216719.94,-311473796368984.8,-319299869481542.9,-328080966920080.75,-337809346285306.3,-348470262013640.9,-360040945644124.3,-372489471440259.0,-385773502043349.1,-399838912176484.25,-414618293653184.1,-430029352787570.7,-445973222699177.2,-462332729192391.9,-478970671471102.0,-495728209969121.0,-512423495593614.4,-528850730782863.1,-544779926497125.6,-559957714176792.3,-574109690494731.1,-586944915024031.1,-598163338850316.9,-607467091477871.9,-614576636905501.9,-619252706892962.1,-621324393620055.9,-620722397684827.8,-617513420638393.5,-611925846962076.0,-604346470762289.1,-595251296241026.0,-585010182446758.0,-573481353449640.9,-559310061646842.7,-538922175446558.4,-505461002526247.06,-448445227092542.2,-355453485408553.7,-216264414569101.8,-27373908259958.566,193369980016731.2,0.0
7447.5,-634855591206569.4,-640405464671497.2,-645958251702336.5,-651513699009620.9,-657071548096998.9,-662631535173513.8,-668193391064514.0,-673756841121198.0,-679321605128772.2,-684887397213201.6,-690453925746543.0,-696020893250838.6,-701587996300552.9,-707154925423542.4,-712721365000539.1,-718286993163121.1,-723851481690178.6,-729414495902828.0,-734975694557785.6,-740534729739169.0,-746091246748711.8,-751644883994389.9,-757195272877424.9,-762742037677664.8,-768284795437318.2,-773823155843034.9,-779356721106316.4,-784885085842242.9,-790407836946499.4,-795924553470697.1,-801434806495980.5,-806938159004888.0,-812434165751483.8,-817922373129732.2,-823402319040107.9,-828873532754445.4,-834335534778996.8,-839787836715721.5,-845229941121771.0,-850661341367190.0,-856081521490809.9,-861489956054349.1,-866886109994699.0,-872269438474419.0,-877639386730420.4,-882995389920851.9,-888336872970196.9,-893663250412564.0,-898973926233214.2,-904268293708301.0,-909545735242849.9,-914805622206994.6,-920047314770468.4,-925270161735391.5,-930473500367341.6,-935656656224771.8,-940818942986761.1,-945959662279148.0,-951078103499073.2,-956173543637961.4,-961245247102982.8,-966292465537032.2,-971314437637269.4,-976310388972274.8,-981279531797859.0,-986221064871597.8,-991134173266141.1,-996018028181363.2,-1000871786755431.0,-1005694591874855.6,-1010485571983609.6,-1015243840891406.2,-1019968497581215.9,-1024658626016126.0,-1029313294945657.4,-1033931557711631.5,-1038512452053715.1,-1043054999914778.5,-1047558207246180.0,-1052021063813135.8,-1056442543000325.8,-1060821601617878.5,-1065157179707930.9,-1069448200351915.5,-1073693569478787.5,-1077892175674374.9,-1082042889992082.1,-1086144565765153.5,-1090196038420741.9,-1094196125296040.8,-1098143625456728.8,-1102037319518012.0,-1105875969468564.2,-1109658318497659.2,-1113383090825839.1,-1117048991539445.5,-1120654706429383.8,-1124198901834505.0,-1127680224489989.8,-1131097301381168.5,-1134448739603221.5,-1137733126227206.8,-1140949028172930.5,-1144094992089140.0,-1147169544241615.8,-1150171190409696.0,-1153098415791846.0,-1155949684920885.2,-1158723441589540.5,-1161418108786991.2,-1164032088647145.0,-1166563762409381.5,-1169011490392571.5,-1171373611983183.0,-1173648445638353.2,-1175834288904837.0,-1177929418454775.0,-1179932090139287.0,-1181840539060928.5,-1183652979666112.5,-1185367605858628.5,-1186982591135466.8,-1188496088746189.0,-1189906231877164.5,-1191211133862038.5,-1192408888419854.8,-1193497569922349.8,-1194475233691953.0,-1195339916332162.0,-1196089636091966.5,-1196722393266125.5,-1197236170633158.5,-1197628933932972.5,-1197898632386191.5,-1198043199257270.0,-1198060552463622.8,-1197948595233060.5,-1197705216811954.2,-1197328293226606.5,-1196815688100470.8,-1196165253529924.0,-1195374831021430.8,-1194442252493059.5,-1193365341343423.2,-1192141913591251.0,-1190769779088922.5,-1189246742813430.5,-1187570606238390.5,-1185739168790839.2,-1183750229396726.0,-1181601588119153.8,-1179291047893576.0,-1176816416364318.5,-1174175507826979.5,-1171366145281396.5,-1168386162600081.2,-1165233406817181.2,-1161905740543214.5,-1158401044511012.5,-1154717220258506.5,-1150852192954165.5,-1146803914371126.0,-1142570366016221.0,-1138149562420351.0,-1133539554596812.0,-1128738433674467.5,-1123744334712761.8,-1118555440705898.8,-1113169986783632.0,-1107586264616374.2,-1101802627032512.9,-1095817492856059.5,-1089629351972934.2,-1083236770634397.8,-1076638397006345.6,-1069832966973354.5,-1062819310206553.4,-1055596356504550.5,-1048163142416818.6,-1040518818159059.4,-1032662654830213.8,-1024594051940851.2,-1016312545262790.8,-1007817815009832.8,-999109694359506.1,-990188178325743.6,-981053432992323.4,-971705805116851.5,-962145832114913.0,-952374252433819.0,-942392016325168.1,-932200297025079.8,-921800502350628.6,-911194286720501.6,-900383563607396.2,-889370518429001.6,-878157621883688.0,-866747643736144.9,-855143667057252.8,-843349102921301.5,-831367705562469.2,-819203587990952.8,-806861238067607.0,-794345535034066.1,-781661766493368.4,-768815645833787.6,-755813330086138.4,-742661438201976.9,-729367069737113.4,-715937823921430.9,-702381819092268.5,-688707712464524.6,-674924720206118.4,-661042637782465.1,-647071860528201.5,-633023404398415.2,-618908926845106.0,-604740747757470.1,-590531870396765.5,-576296002247971.6,-562047575701126.1,-547801768464981.1,-533574523604434.5,-519382569080989.75,-505243436662044.4,-491175480050146.1,-477197892067190.4,-463330720710810.4,-449594883880635.6,-436012182550532.1,-422605312139042.0,-409397871803730.25,-396414371355662.6,-383680235457301.0,-371221804730210.6,-359066333357520.7,-347241982719261.44,-335777810545766.0,-324703755014043.56,-314050613143378.0,-303850012767709.9,-294134377272037.1,-284936882175961.2,-276291402527233.5,-268232449928870.62,-260795097861722.2,-254014893776532.88,-247927756210875.25,-242569854931881.2,-237977471809431.56,-234186839779894.62,-231233956860190.7,-229154371708023.94,-227982936687933.03,-227753523785730.7,-228498698007422.78,-230249342095225.75,-233034225487440.94,-236879509438867.06,-241808179108253.56,-247839392222546.8,-254987732671671.7,-263262356119986.1,-272666013518468.22,-283193937383495.06,-294832575050854.4,-307558153075433.1,-321335057898620.9,-336114020372330.6,-351830096448198.25,-368400444340136.5,-385721911168221.75,-403668461444516.6,-422088508434165.4,-440802251036186.1,-459599178238700.25,-478235986850483.2,-496435274424885.8,-513885528428706.8,-530243146700884.25,-545137504694515.3,-558180437922609.0,-568981921493926.2,-577174145811592.1,-582446451584119.5,-584593334609666.6,-583576196875670.9,-579595218961697.5,-573158000784133.2,-565112229839760.9,-556575163064989.4,-548639861734101.9,-541677146156186.8,-534035871464572.2,-520122428839251.6,-488501854899259.5,-421952027483460.56,-301692384752084.1,-113377575260828.56,126568671048328.89,0.0
7445.0,-527467917337063.9,-533300662629826.4,-539140357559057.1,-544986785465690.9,-550839724697918.4,-556698948520903.4,-562564225024956.5,-568435317032171.2,-574311982001492.1,-580193971932183.5,-586081033265684.2,-591972906785831.9,-597869327517401.9,-603770024622988.4,-609674721298143.9,-615583134664806.8,-621494975662956.5,-627409948940490.2,-633327752741287.5,-639248078791443.0,-645170612183643.0,-651095031259658.5,-657021007490930.1,-662948205357228.6,-668876282223343.9,-674804888213809.5,-680733666085614.8,-686662251098883.4,-692590270885502.8,-698517345315672.6,-704443086362353.2,-710367097963583.0,-716288975882650.0,-722208307566082.5,-728124671999451.2,-734037639560950.8,-739946771872727.6,-745851621649960.5,-751751732547640.5,-757646639005056.5,-763535866087939.1,-769418929328273.4,-775295334561732.6,-781164577762730.8,-787026144877076.4,-792879511652200.0,-798724143464952.9,-804559495146950.9,-810385010807453.9,-816200123653774.8,-822004255809189.8,-827796818128362.9,-833577210010250.9,-839344819208507.8,-845099021639353.8,-850839181186938.8,-856564649506166.1,-862274765823001.9,-867968856732254.8,-873646235992844.4,-879306204320549.9,-884948049178269.0,-890571044563777.9,-896174450795022.5,-901757514292948.5,-907319467361904.4,-912859527967630.0,-918376899512862.0,-923870770610597.0,-929340314855036.0,-934784690590255.9,-940203040676665.8,-945594492255266.0,-950958156509809.4,-956293128426876.8,-961598486553981.8,-966873292755727.6,-972116591968142.2,-977327411951233.0,-982504763039885.6,-987647637893193.4,-992755011242314.9,-997825839636998.0,-1002859061190870.4,-1007853595325643.4,-1012808342514370.0,-1017722184023903.6,-1022593981656728.4,-1027422577492323.5,-1032206793628264.8,-1036945431921240.8,-1041637273728214.4,-1046281079647934.6,-1050875589263059.2,-1055419520883114.2,-1059911571288590.4,-1064350415476436.9,-1068734706407269.2,-1073063074754611.1,-1077334128656500.8,-1081546453469839.2,-1085698611527845.1,-1089789141901034.0,-1093816560162130.8,-1097779358155393.0,-1101676003770785.5,-1105504940723552.8,-1109264588339672.8,-1112953341347794.0,-1116569569678223.5,-1120111618269589.1,-1123577806883850.6,-1126966429930330.2,-1130275756299506.5,-1133504029207332.0,-1136649466050893.8,-1139710258276254.2,-1142684571259373.5,-1145570544201068.5,-1148366290036975.5,-1151069895363581.8,-1153679420381403.5,-1156192898856477.5,-1158608338101365.8,-1160923718976941.0,-1163136995916303.2,-1165246096972214.8,-1167248923889528.5,-1169143352204152.5,-1170927231370180.0,-1172598384916866.0,-1174154610637258.0,-1175593680810321.0,-1176913342458544.5,-1178111317643064.8,-1179185303798469.0,-1180132974109523.5,-1180951977932204.0,-1181639941261485.5,-1182194467248495.5,-1182613136769735.2,-1182893509051208.5,-1183033122350425.0,-1183029494699391.0,-1182880124711831.2,-1182582492458032.0,-1182134060410873.2,-1181532274466745.5,-1180774565045232.0,-1179858348271609.5,-1178781027246392.0,-1177539993406338.0,-1176132627981516.8,-1174556303553257.0,-1172808385717973.0,-1170886234862119.0,-1168787208053692.8,-1166508661055991.0,-1164047950469518.5,-1161402436008210.2,-1158569482916378.5,-1155546464533050.5,-1152330765010635.5,-1148919782195120.5,-1145310930675304.0,-1141501645008827.5,-1137489383133077.5,-1133271629969365.2,-1128845901229023.5,-1124209747430461.2,-1119360758136475.4,-1114296566421463.2,-1109014853578529.1,-1103513354076766.2,-1097789860779388.5,-1091842230433668.2,-1085668389444011.8,-1079266339939825.5,-1072634166150168.0,-1065770041097505.0,-1058672233623217.4,-1051339115757829.6,-1043769170449219.5,-1035960999662388.1,-1027913332864621.0,-1019625035910157.0,-1011095120338671.9,-1002322753102171.1,-993307266734975.2,-984048169981687.2,-974545158898105.5,-964798128440103.4,-954807184555509.8,-944572656793935.1,-934095111449397.4,-923375365250361.2,-912414499611538.9,-901213875461390.6,-889775148658796.5,-878100286011712.4,-866191581909940.4,-854051675583177.0,-841683568994504.5,-829090645378244.8,-816276688429625.4,-803245902152135.0,-790002931366479.4,-776552882882964.5,-762901347336672.4,-749054421682054.6,-735018732340481.2,-720801458990817.8,-706410358989245.9,-691853792400193.0,-677140747615457.8,-662280867533268.0,-647284476263078.0,-632162606315385.4,-616927026228559.0,-601590268576706.5,-586165658293765.6,-570667341239257.5,-555110312920445.25,-539510447273793.0,-523884525395631.9,-508250264097602.1,-492626344146629.9,-477032438031796.0,-461489237081199.0,-446018477730678.9,-430642966722722.0,-415386604987768.1,-400274409931127.4,-385332535816350.0,-370588291899775.5,-356070157930392.0,-341807796583552.75,-327832062345530.4,-314175006307439.1,-300869876260520.0,-287951111408662.1,-275454330926659.75,-263416315491991.62,-251874980801267.88,-240869341947065.12,-230439467372901.44,-220626420939436.88,-211472190418355.8,-203019600475860.2,-195312207907940.0,-188394176536289.5,-182310128756873.12,-177104970241510.62,-172823683713100.56,-169511087032675.75,-167211550034672.94,-165968663607817.12,-165824853423792.62,-166820929445403.25,-168995560882279.22,-172384664591174.62,-177020693032008.7,-182931805794794.4,-190140906430661.22,-198664523906929.3,-208511515562468.03,-219681566134355.28,-232163455529356.3,-245933066937729.5,-260951107254117.47,-277160514499473.25,-294483533370233.9,-312818452117044.1,-332036014465246.4,-351975553223498.75,-372440943267853.1,-393196548790140.1,-413963454401947.7,-434416437689168.75,-454182383729394.4,-472841188505803.1,-489930683546863.0,-504957776742884.94,-517418870688562.56,-526833666026659.4,-532797516056668.6,-535058057843112.5,-533620634713625.06,-528881252945728.75,-521769924605851.56,-513851428031094.06,-507260590678235.75,-504233642379198.4,-505856838015880.4,-509626320038748.5,-505925468702077.9,-475372181217549.75,-391859486675561.56,-233385622168019.72,-16010163255421.94,0.0
7442.5,-410447614434594.0,-416524297635156.75,-422611951264047.4,-428710398781214.1,-434819458957261.5,-440938945782467.75,-447068668374131.6,-453208430882241.0,-459358032393428.4,-465517266833176.6,-471685922866256.9,-477863783795365.9,-484050627457926.6,-490246226121027.75,-496450346374466.9,-502662749021878.5,-508883188969887.9,-515111415115296.9,-521347170230230.25,-527590190845241.5,-533840207130323.75,-540096942773808.75,-546360114859105.4,-552629433739252.25,-558904602909253.25,-565185318876153.5,-571471271026820.4,-577762141493407.0,-584057605016448.8,-590357328805560.8,-596660972397715.0,-602968187513028.5,-609278617908068.5,-615591899226597.6,-621907658847757.1,-628225515731626.5,-634545080262133.8,-640865954087285.1,-647187729956659.1,-653509991556153.0,-659832313339921.4,-666154260359489.2,-672475388089987.6,-678795242253488.8,-685113358639398.5,-691429262921866.2,-697742470474185.4,-704052486180144.2,-710358804242293.2,-716660907987097.2,-722958269666933.2,-729250350258905.9,-735536599260449.4,-741816454481681.5,-748089341834469.9,-754354675118207.0,-760611855802238.6,-766860272804926.8,-773099302269326.6,-779328307335453.2,-785546637909096.6,-791753630427189.5,-797948607619687.0,-804130878267954.8,-810299736959631.8,-816454463839975.9,-822594324359659.4,-828718569019024.0,-834826433108770.2,-840917136447091.1,-846989883113245.1,-853043861177572.9,-859078242427955.8,-865092182092734.0,-871084818560102.1,-877055273093988.2,-883002649546442.0,-888926034066571.9,-894824494806043.8,-900697081621191.1,-906542825771787.6,-912360739616505.8,-918149816305150.4,-923909029467694.9,-929637332900236.9,-935333660247889.6,-940996924684758.6,-946626018591053.9,-952219813227455.2,-957777158406855.4,-963296882163586.5,-968777790420279.2,-974218666652488.6,-979618271551252.5,-984975342683755.4,-990288594152274.9,-995556716251608.8,-1000778375125207.8,-1005952212420233.4,-1011076844941787.0,-1016150864306573.5,-1021172836596294.5,-1026141302011056.8,-1031054774523117.8,-1035911741531339.2,-1040710663516668.5,-1045449973699097.9,-1050128077696458.9,-1054743353185540.6,-1059294149565982.1,-1063778787627442.0,-1068195559220581.0,-1072542726932425.2,-1076818523766700.1,-1081021152829779.2,-1085148787022923.4,-1089199568741516.2,-1093171609582058.1,-1097062990057718.4,-1100871759323293.6,-1104595934910467.5,-1108233502474317.0,-1111782415552072.5,-1115240595335188.5,-1118605930455832.2,-1121876276788993.1,-1125049457271433.6,-1128123261738813.8,-1131095446782370.0,-1133963735626617.0,-1136725818029596.5,-1139379350207328.2,-1141921954784151.5,-1144351220770772.2,-1146664703571916.8,-1148859925025593.5,-1150934373476067.5,-1152885503882763.0,-1154710737967442.5,-1156407464402094.5,-1157973039040127.5,-1159404785193576.0,-1160699993959185.0,-1161855924596345.5,-1162869804960068.0,-1163738831992261.8,-1164460172274829.8,-1165030962648216.5,-1165448310899229.8,-1165709296522166.0,-1165810971557458.5,-1165750361512265.8,-1165524466367641.0,-1165130261677140.5,-1164564699761987.5,-1163824711008101.0,-1162907205270609.8,-1161809073391701.0,-1160527188837934.0,-1159058409463445.0,-1157399579405746.5,-1155547531121169.8,-1153499087567260.5,-1151251064539844.5,-1148800273172749.0,-1146143522608583.5,-1143277622849313.0,-1140199387795756.5,-1136905638485542.5,-1133393206539433.5,-1129658937826392.5,-1125699696358156.8,-1121512368424552.8,-1117093866981241.5,-1112441136302035.8,-1107551156908429.2,-1102420950789468.2,-1097047586925563.6,-1091428187130414.5,-1085559932225659.5,-1079440068563462.0,-1073065914912714.4,-1066434869725121.9,-1059544418797938.9,-1052392143350668.4,-1044975728533600.9,-1037292972386542.8,-1029341795266667.9,-1021120249764890.8,-1012626531130679.4,-1003858988225684.8,-994816135027029.4,-985496662701504.4,-975899452272306.2,-966023587900306.8,-955868370802087.4,-945433333827273.0,-934718256717770.0,-923723182071691.0,-912448432034641.9,-900894625741026.9,-889062697527716.6,-876953915942128.1,-864569903566226.4,-851912657677273.2,-838984571765323.0,-825788457926373.5,-812327570148776.8,-798605628508982.0,-784626844290832.9,-770395946040472.5,-755918206566433.2,-741199470891584.8,-726246185160298.5,-711065426500417.8,-695664933835341.1,-680053139636635.0,-664239202602168.6,-648233041238553.6,-632045368319828.9,-615687726186551.8,-599172522840913.0,-582513068783818.6,-565723614529272.0,-548819388719481.6,-531816636750972.25,-514732659807352.9,-497585854178228.0,-480395750725739.4,-463183054340370.0,-445969683205532.6,-428778807665941.4,-411634888467565.1,-394563714106566.6,-377592436990859.25,-360749608080030.25,-344065209626969.9,-327570685596849.9,-311298969285151.4,-295284507595405.9,-279563281367732.75,-264172821069697.75,-249152217069611.25,-234542123606736.25,-220384755450311.75,-206723876096309.38,-193604776183258.0,-181074240611205.0,-169180502614709.75,-157973182764111.62,-147503210540017.12,-137822725732918.12,-128984956449817.25,-121044069946603.06,-114054991829889.44,-108073188362469.5,-103154405636361.25,-99354358216175.62,-96728358468671.94,-95330876143124.19,-95215015809580.44,-96431897454111.25,-99029922828562.62,-103053907019252.31,-108544051109040.88,-115534727759115.5,-124053047070475.19,-134117165308103.69,-145734294196592.7,-158898363901511.3,-173587289120506.2,-189759785916791.4,-207351688582616.3,-226271723286261.6,-246396712109801.5,-267566212696152.94,-289576653121292.5,-312175110763227.75,-335053025669767.06,-357840359661226.2,-380101051082519.6,-401331128307113.6,-420961612639154.25,-438369469542478.8,-452901480989907.4,-463918111613581.25,-470867169324547.8,-473399750841551.0,-471541720044970.75,-465927835143629.56,-458081366057192.2,-450657300068564.5,-447425555656520.4,-452515118472993.8,-468112047740597.75,-489787120208357.4,-500263070355840.44,-468215001113626.9,-365162598908401.25,-213614654645697.28,0.0
7440.0,-283802838568974.75,-290080192876476.5,-296372465142749.5,-302679521787475.4,-309001224928217.4,-315337432290639.5,-321687997116954.9,-328052768072601.6,-334431589151101.5,-340824299577063.25,-347230733707300.75,-353650720930038.75,-360084085562145.5,-366530646744392.0,-372990218334665.0,-379462608799123.75,-385947621101246.75,-392445052588735.75,-398954694878237.9,-405476333737840.6,-412009748967310.5,-418554714276018.6,-425110997158529.5,-431678358767798.9,-438256553785931.0,-444845330292478.75,-451444429630210.4,-458053586268321.4,-464672527663034.9,-471300974115549.4,-477938638627285.4,-484585226752384.4,-491240436447415.1,-497903957918234.5,-504575473463956.0,-511254657317984.4,-517941175486047.4,-524634685581202.6,-531334836655738.5,-538041269029944.5,-544753614117677.1,-551471494248690.9,-558194522487658.6,-564922302449849.9,-571654428113402.0,-578390483628128.6,-585130043120824.2,-591872670496988.6,-598617919238952.0,-605365332200299.6,-612114441396587.5,-618864767792259.4,-625615821083727.0,-632367099478566.9,-639118089470739.5,-645868265611841.1,-652617090278261.8,-659364013434251.0,-666108472390808.1,-672849891560356.1,-679587682207128.4,-686321242193246.1,-693049955720403.8,-699773193067130.2,-706490310321564.6,-713200649109707.5,-719903536319092.9,-726598283817831.5,-733284188168990.8,-739960530340253.9,-746626575408824.0,-753281572261537.9,-759924753290133.6,-766555334081652.5,-773172513103939.8,-779775471386200.6,-786363372194598.1,-792935360702863.4,-799490563657882.2,-806028089040269.9,-812547025719892.4,-819046443106333.8,-825525390794310.0,-831982898204015.8,-838417974216428.4,-844829606803551.1,-851216762653642.4,-857578386791433.0,-863913402193359.9,-870220709397873.6,-876499186110839.6,-882747686806099.0,-888965042321248.0,-895150059448707.8,-901301520522160.8,-907418182998459.1,-913498779035077.4,-919542015063271.4,-925546571357025.1,-931511101597950.0,-937434232436296.8,-943314563048237.4,-949150664689612.8,-954941080246340.1,-960684323781731.2,-966378880080918.5,-972023204192700.0,-977615720969047.2,-983154824602613.4,-988638878162558.2,-994066213129041.4,-999435128926791.0,-1004743892458142.6,-1009990737635993.1,-1015173864917152.2,-1020291440836609.9,-1025341597543239.2,-1030322432337545.1,-1035232007212069.2,-1040068348395126.5,-1044829445898567.2,-1049513253070344.5,-1054117686152678.6,-1058640623846689.0,-1063079906884395.1,-1067433337609083.6,-1071698679565043.5,-1075873657097811.1,-1079955954966051.6,-1083943217966347.8,-1087833050572192.8,-1091623016588604.1,-1095310638823812.5,-1098893398779617.9,-1102368736362057.4,-1105734049614166.0,-1108986694472666.9,-1112123984550588.8,-1115143190947880.1,-1118041542092240.5,-1120816223612489.6,-1123464378246948.9,-1125983105789447.2,-1128369463075688.2,-1130620464012903.8,-1132733079655854.0,-1134704238332418.2,-1136530825822196.5,-1138209685591729.0,-1139737619090134.5,-1141111386109182.5,-1142327705212031.5,-1143383254235079.2,-1144274670867629.0,-1144998553314308.8,-1145551461045459.5,-1145929915640959.5,-1146130401733266.5,-1146149368055738.5,-1145983228602622.0,-1145628363907412.0,-1145081122446653.5,-1144337822176578.0,-1143394752210402.0,-1142248174644432.5,-1140894326541601.5,-1139329422081427.0,-1137549654885888.2,-1135551200531116.0,-1133330219255329.5,-1130882858873918.5,-1128205257913112.5,-1125293548974199.5,-1122143862340844.5,-1118752329842620.0,-1115115088988478.5,-1111228287384507.5,-1107088087450979.4,-1102690671454340.2,-1098032246870506.5,-1093109052096530.1,-1087917362528403.0,-1082453497023575.9,-1076713824767468.5,-1070694772564068.0,-1064392832571541.2,-1057804570504517.2,-1050926634325628.1,-1043755763449661.2,-1036288798484555.9,-1028522691534325.2,-1020454517089829.9,-1012081483534200.5,-1003400945290527.0,-994410415640271.5,-985107580241699.1,-975490311378353.9,-965556682968431.2,-955304986366550.4,-944733746990121.0,-933841741803105.4,-922628017690483.0,-911091910757164.8,-899233066585465.8,-887051461485423.2,-874547424772355.6,-861721662105976.9,-848575279925108.6,-835109811011576.5,-821327241216207.1,-807230037378850.0,-792821176473133.0,-778104176005069.4,-763083125692691.2,-747762720451533.9,-732148294707982.2,-716245858059171.5,-700062132294242.8,-683604589787261.9,-666881493266905.6,-649901936962056.9,-632675889115671.0,-615214235851535.8,-597528826369826.4,-579632519437498.0,-561539231128455.6,-543263983756022.75,-524822955926283.4,-506233533625310.0,-487514362235890.6,-468685399360002.4,-449767968301669.0,-430784812040780.4,-411760147501646.9,-392719719890156.25,-373690856840100.0,-354702522071887.5,-335785368225218.0,-316971788480304.1,-298295966529517.25,-279793924401529.62,-261503567572223.75,-243464726719155.88,-225719195387482.88,-208310762732567.88,-191285240385249.5,-174690482346363.38,-158576396652969.38,-142994947364639.0,-128000145186686.12,-113648024770184.38,-99996606394844.0,-87105839337221.88,-75037523736465.62,-63855207172536.125,-53624051442227.0,-44410664125514.125,-36282888441092.0,-29309543549988.75,-23560105825097.625,-19104319597730.75,-16011723443583.0,-14351075092340.25,-14189654438674.188,-15592419789374.25,-18620987289520.688,-23332397320955.062,-29777624469698.875,-37999779369618.25,-48031941385896.81,-59894550888595.06,-73592279212090.19,-89110284123266.84,-106409750177109.31,-125422609151846.39,-146045339788704.7,-168131764670436.2,-191484805366313.8,-215847240964582.66,-240891665178045.66,-266210093602420.72,-291304099380357.94,-315577053834127.94,-338331177634268.75,-358773911287613.5,-376040944565103.75,-389247558309519.1,-397586146366505.56,-400495745054341.94,-397936815509473.56,-390803066882248.6,-381468836631468.5,-374352538405743.4,-376074070473208.75,-394172780802494.5,-432517279400823.25,-481763066184811.44,-509708893371639.4,-476457392638362.94,-394424664347417.94,0.0
7437.5,-147619688854814.25,-154050451757744.75,-160499948132196.88,-166968089478265.62,-173454783457529.62,-179959933806327.0,-186483440247228.88,-193025198398672.75,-199585099682726.5,-206163031230930.75,-212758875788191.62,-219372511614687.62,-226003812385728.75,-232652647089566.38,-239318879923056.62,-246002370185197.25,-252702972168442.62,-259420535047779.12,-266154902767513.5,-272905913925721.0,-279673401656307.5,-286457193508652.0,-293257111324758.0,-300072971113884.4,-306904582924593.1,-313751750714171.5,-320614272215372.1,-327491938800415.25,-334384535342207.75,-341291840072715.9,-348213624438444.6,-355149652952956.25,-362099683046382.0,-369063464911858.5,-376040741348839.5,-383031247603213.25,-390034711204170.25,-397050851797756.4,-404079380977050.1,-411120002108900.25,-418172410157152.4,-425236291502310.5,-432311323757551.4,-439397175581042.1,-446493506484470.5,-453599966637738.5,-460716196669736.9,-467841827465126.75,-474976479957072.0,-482119764915823.5,-489271282733108.6,-496430623202225.75,-503597365293789.0,-510771076927035.75,-517951314736607.25,-525137623834761.9,-532329537568896.5,-539526577274325.9,-546728252022233.75,-553934058362712.5,-561143480062805.25,-568355987839476.8,-575571039087432.9,-582788077601694.0,-590006533294850.4,-597225821908913.4,-604445344721677.8,-611664488247514.8,-618882623932512.2,-626099107843873.0,-633313280353499.1,-640524465815677.1,-647731972238772.6,-654935090950862.4,-662133096259232.0,-669325245103636.5,-676510776703266.2,-683688912197335.2,-690858854279209.4,-698019786824014.0,-705170874509639.5,-712311262431077.1,-719440075708017.4,-726556419085648.9,-733659376528599.2,-740748010807941.9,-747821363081243.6,-754878452465571.2,-761918275603432.0,-768939806221593.6,-775941994682750.8,-782923767530010.9,-789884027024159.1,-796821650673703.8,-803735490757665.1,-810624373841125.5,-817487100283522.2,-824322443739718.8,-831129150653844.1,-837905939745958.1,-844651501491568.8,-851364497594061.0,-858043560450094.6,-864687292608048.4,-871294266219620.8,-877863022484662.6,-884392071089393.2,-890879889638119.9,-897324923078627.2,-903725583121418.4,-910080247652992.6,-916387260143386.2,-922644929048233.9,-928851527205583.6,-935005291227800.8,-941104420888859.9,-947147078507380.9,-953131388325802.2,-959055435886100.1,-964917267402525.5,-970714889131826.1,-976446266741517.4,-982109324676760.8,-987701945526471.2,-993221969389341.1,-998667193240484.2,-1004035370299496.5,-1009324209400747.9,-1014531374366820.8,-1019654483386044.4,-1024691108395157.6,-1029638774468206.0,-1034494959212840.5,-1039257092175297.6,-1043922554255391.0,-1048488677132956.1,-1052952742707286.5,-1057311982551186.5,-1061563577381400.1,-1065704656547252.2,-1069732297539496.6,-1073643525521459.5,-1077435312884729.2,-1081104578831757.4,-1084648188987912.6,-1088062955045664.9,-1091345634443749.9,-1094492930084350.8,-1097501490091498.8,-1100367907614115.9,-1103088720677289.5,-1105660412085639.1,-1108079409382804.5,-1110342084871388.9,-1112444755697873.4,-1114383684007366.0,-1116155077173247.4,-1117755088107149.5,-1119179815654947.9,-1120425305084833.6,-1121487548673825.5,-1122362486399490.8,-1123046006743984.6,-1123533947617944.2,-1123822097412199.6,-1123906196185667.0,-1123781936998297.4,-1123444967398419.9,-1122890891074326.4,-1122115269680479.9,-1121113624849299.8,-1119881440400058.8,-1118414164757020.1,-1116707213589617.8,-1114755972688144.9,-1112555801089087.6,-1110102034465019.5,-1107389988794701.9,-1104414964329844.9,-1101172249875819.4,-1097657127404451.6,-1093864877017965.8,-1089790782284029.8,-1085430135962869.6,-1080778246148394.9,-1075830442846324.1,-1070582085013372.2,-1065028568082679.5,-1059165332001795.0,-1052987869810713.0,-1046491736788655.5,-1039672560199559.2,-1032526049667468.5,-1025048008214331.2,-1017234343994041.2,-1009081082757853.8,-1000584381087709.1,-991740540435289.9,-982546022006089.1,-972997462529016.0,-963091690953525.0,-952825746117475.9,-942196895430320.1,-931202654617382.2,-919840808572261.9,-908109433365448.4,-896006919458340.2,-883531996172715.5,-870683757466567.4,-857461689067801.2,-843865697017806.9,-829896137677146.0,-815553849245624.6,-800840184848749.5,-785757047242005.4,-770306925183447.2,-754492931523750.6,-738318843061083.1,-721789142205807.0,-704909060497163.0,-687684624010513.6,-670122700689470.0,-652231049632163.1,-634018372354952.9,-615494366049949.5,-596669778844691.9,-577556467063099.5,-558167454476292.9,-538516993519899.1,-518620628440846.25,-498495260321385.75,-478159213910774.6,-457632306175745.9,-436935916459189.5,-416093058112218.6,-395128451437746.1,-374068597753434.5,-352941854348135.9,-331778510068256.9,-310610861228226.4,-289473287491980.4,-268402327319089.88,-247436752509024.25,-226617641308751.5,-205988449470838.12,-185595078559486.5,-165485940697945.0,-145712018829039.12,-126326921417266.62,-107386930350107.38,-88951040591316.75,-71080989890619.0,-53841276551102.125,-37299162882564.625,-21524661507226.0,-6590501109184.0,7427932500292.625,20452685032235.625,32403358250762.625,43197277983271.875,52749715013552.625,60974170537773.25,67782740730861.125,73086578576264.88,76796475633478.0,78823592067347.0,79080370290805.25,77481676264489.75,73946223170750.44,68398345171667.0,60770204596389.25,51004534446403.19,39058039670663.69,24905605056158.375,8545484060418.75,-9994330228606.094,-30648326942845.844,-53304052284443.125,-77790802800149.42,-103866246550330.34,-131200896979946.47,-159360606978579.3,-187787717746096.56,-215782357462672.66,-242486931553920.7,-266879583413322.06,-287787174239545.8,-303936459247991.5,-314075448948875.56,-317217114549424.5,-313083296732220.06,-302844586066116.94,-290213372945543.6,-282718371326372.06,-292278679438082.0,-332588354390486.06,-408608508771080.25,-496014738340926.0,-536415608672942.9,-488233491232377.1,0.0
7435.0,-2066540350837.0,-8599866491925.5,-15155551123452.625,-21733552168085.875,-28333824240594.625,-34956318565992.0,-41600982895861.625,-48267761422843.0,-54956594693218.75,-61667419517583.125,-68400168879526.375,-75154771842320.12,-81931153453530.88,-88729234647538.38,-95548932145901.5,-102390158355536.5,-109252821264642.25,-116136824336346.75,-123042066400004.12,-129968441540101.5,-136915838982731.25,-143884142979557.12,-150873232689242.38,-157882982056265.75,-164913259687080.62,-171963928723559.0,-179034846713658.75,-186125865479256.62,-193236830981082.12,-200367583180703.88,-207517955899484.88,-214687776674461.0,-221876866611063.88,-229085040232626.62,-236312105326608.88,-243557862787465.25,-250822106456077.75,-258104622955707.25,-265405191524357.5,-272723583843501.38,-280059563863072.12,-287412887622672.75,-294783303068878.9,-302170549868603.6,-309574359218397.6,-316994453649638.0,-324430546829493.4,-331882343357589.5,-339349538558293.6,-346831818268509.9,-354328858620916.0,-361840325822525.0,-369365875928499.25,-376905154611115.1,-384457796923754.5,-392023427059875.6,-399601658106814.25,-407192091794335.6,-414794318237833.6,-422407915676067.75,-430032450203325.4,-437667475495915.75,-445312532532872.0,-452967149310757.5,-460630840552461.1,-468303107409870.1,-475983437160302.75,-483671302896584.6,-491366163210650.9,-499067461870558.5,-506774627490777.75,-514487073195665.1,-522204196275959.6,-529925377838209.6,-537649982447001.0,-545377357759847.0,-553106834154624.6,-560837724349435.25,-568569323014755.0,-576300906377748.5,-584031731818628.5,-591761037458922.4,-599488041741520.9,-607211943002392.5,-614931919033826.8,-622647126639079.4,-630356701178307.4,-638059756105664.4,-645755382497420.2,-653442648571015.4,-661120599194902.8,-668788255389077.1,-676444613816174.2,-684088646263031.2,-691719299112597.8,-699335492806103.1,-706936121295367.4,-714520051485181.6,-722086122665650.1,-729633145934418.9,-737159903608722.0,-744665148627163.0,-752147603941180.9,-759605961896131.1,-767038883601969.8,-774444998293457.5,-781822902679914.5,-789171160284470.2,-796488300772824.1,-803772819271550.2,-811023175675937.5,-818237793947441.1,-825415061400798.1,-832553327980876.6,-839650905529374.5,-846706067041481.6,-853717045912648.1,-860682035175631.2,-867599186728007.9,-874466610550399.2,-881282373915619.8,-888044500589076.5,-894750970020718.1,-901399716528893.2,-907988628476509.2,-914515547439948.5,-920978267371196.4,-927374533753743.6,-933702042752814.0,-939958440360580.2,-946141321537040.6,-952248229347334.2,-958276654096295.0,-964224032461150.9,-970087746623332.0,-975865123400430.9,-981553433379444.5,-987149890052522.8,-992651648956535.5,-998055806817866.6,-1003359400703986.2,-1008559407183394.9,-1013652741495747.5,-1018636256734006.8,-1023506743040681.8,-1028260926820295.5,-1032895469970423.2,-1037406969133781.5,-1041791954974036.0,-1046046891478163.2,-1050168175288397.0,-1054152135067037.5,-1057995030897537.5,-1061693053725601.5,-1065242324844210.8,-1068638895426776.5,-1071878746112905.8,-1074957786651517.0,-1077871855606395.2,-1080616720129576.2,-1083188075808275.0,-1085581546591489.0,-1087792684802731.8,-1089816971245795.8,-1091649815410857.5,-1093286555788683.8,-1094722460301195.5,-1095952726857113.0,-1096972484041985.5,-1097776791952407.0,-1098360643184882.2,-1098718963990347.5,-1098846615606086.5,-1098738395777396.2,-1098389040482152.2,-1097793225872123.0,-1096945570445730.8,-1095840637467790.0,-1094472937652612.0,-1092836932127844.5,-1090927035697352.8,-1088737620422478.8,-1086263019542103.0,-1083497531753055.0,-1080435425873571.5,-1077070945913767.8,-1073398316578337.8,-1069411749228072.8,-1065105448328154.0,-1060473618412672.0,-1055510471596299.2,-1050210235665660.0,-1044567162784552.0,-1038575538848883.0,-1032229693528945.5,-1025524011038451.2,-1018452941671659.5,-1011011014151806.2,-1003192848836087.5,-994993171824411.2,-986406830021285.0,-977428807202262.5,-968054241138545.8,-958278441835541.8,-948096910943310.8,-937505362399113.0,-926499744364414.0,-915076262520900.5,-903231404792225.2,-890961967560268.8,-878265083446735.5,-865138250732868.0,-851579364491794.0,-837586749509760.5,-823159195073918.5,-808295991705617.5,-792996969919130.2,-777262541086443.0,-761093740489051.0,-744492272637646.0,-727460558940018.5,-710001787796430.2,-692119967199997.8,-673819979917310.2,-655107641321299.8,-635989759944468.0,-616474200815542.2,-596569951636735.8,-576287191851538.0,-555637364644547.0,-534633251905057.25,-513289052174628.5,-491620461585896.5,-469644757784970.5,-447380886812879.0,-424849552902579.5,-402073311126663.25,-379076662807091.25,-355886153571643.5,-332530473912214.5,-309040562067174.5,-285449709013395.0,-261793665312926.88,-238110749513800.38,-214441957753590.75,-190831074156927.5,-167324781552923.12,-143972771963465.62,-120827856226257.0,-97946072013751.0,-75386789386443.88,-53212812869961.75,-31490478861994.5,-10289746945995.0,10315716600892.125,30248465188153.375,49427210739470.375,67766778144785.375,85178079319973.12,101568111911304.12,116839989063147.38,130893008478748.88,143622771378812.5,154921365072651.62,164677626922162.5,172777512779747.0,179104599871823.25,183540763023003.75,185967074622063.88,186264993492293.62,184317926654602.2,180013271814639.0,173245078350085.38,163917501799099.44,151949272527806.06,137279454353534.5,119874833809521.19,99739354564995.38,76926090807036.62,51552329764186.97,23818389289402.25,-5969203854906.6875,-37369674642930.67,-69774982750532.66,-102372611360804.05,-134106859533935.58,-163645218086132.88,-189364053637642.62,-209382473284445.7,-221700270922520.94,-224542596710738.0,-217084976027414.8,-200808667530621.62,-181711013314787.8,-173111094338830.75,-196954003515986.53,-276887558705605.0,-410342292711088.1,-524533370850410.06,-489540363243123.7,0.0
7432.5,152602293890685.12,146020346560790.25,139412663314132.12,132779239284746.0,126120072327958.5,119435163095709.0,112724515113647.75,105988134860047.75,99226031846568.62,92438218700925.25,85624711251496.62,78785528613913.5,71920693279696.88,65030231206953.875,58114171913227.125,51172548570497.5,44205398102430.0,37212761283888.375,30194682842794.625,23151211564354.375,16082400397742.625,8988306565268.875,1868991674108.5,-5275478169362.375,-12445032242549.375,-19639595086899.125,-26859086385350.0,-34103420836931.875,-41372508028427.625,-48666252303047.5,-55984552626039.75,-63327302447161.25,-70694389559949.25,-78085695957709.88,-85501097686154.12,-92940464692601.88,-100403660671675.88,-107890542907408.38,-115400962111671.75,-122934762258861.88,-130491780416726.88,-138071846573285.62,-145674783459707.12,-153300406369105.5,-160948522971106.12,-168618933122140.25,-176311428671329.62,-184025793261874.88,-191761802127864.38,-199519221886369.75,-207297810324746.75,-215097316183017.38,-222917478931238.12,-230758028541727.0,-238618685256044.0,-246499159346614.38,-254399150872852.5,-262318349431692.12,-270256433902389.0,-278213072185454.25,-286187920935612.9,-294180625288648.75,-302190818581997.0,-310218122068946.6,-318262144626328.9,-326322482455533.25,-334398718776719.9,-342490423516075.9,-350597152985964.75,-358718449557830.25,-366853841327681.5,-375002841774026.6,-383164949408070.0,-391339647416030.25,-399526403293418.1,-407724668471088.9,-415933877932916.9,-424153449824914.25,-432382785055625.75,-440621266887619.4,-448868260519891.75,-457123112661021.25,-465385151092869.1,-473653684224661.1,-481928000637250.0,-490207368617381.1,-498491035681766.9,-506778228090775.6,-515068150351555.5,-523359984710376.6,-531652890634028.5,-539946004280044.1,-548238437955576.1,-556529279564724.5,-564817592044108.1,-573102412786505.8,-581382753052332.2,-589657597368812.0,-597925902916586.0,-606186598903617.2,-614438585926170.2,-622680735316695.2,-630911888478408.5,-639130856206403.5,-647336417995116.8,-655527321331950.0,-663702280976912.8,-671859978228083.5,-679999060172765.0,-688118138924168.0,-696215790843469.2,-704290555747146.2,-712340936099426.2,-720365396189754.5,-728362361295186.8,-736330216827616.0,-744267307465742.8,-752171936271764.0,-760042363792711.8,-767876807146447.8,-775673439092286.0,-783430387086288.0,-791145732321271.5,-798817508751603.8,-806443702102869.5,-814022248866574.2,-821551035280019.2,-829027896291562.0,-836450614511504.2,-843816919148876.8,-851124484934458.0,-858370931030395.0,-865553819926847.8,-872670656326143.8,-879718886014975.2,-886695894725251.5,-893599006984263.0,-900425484954919.5,-907172527266867.8,-913837267839416.2,-920416774697226.2,-926908048779916.2,-933308022746719.0,-939613559777532.2,-945821452371773.5,-951928421146572.2,-957931113636009.8,-963826103093193.2,-969609887297166.8,-975278887366784.2,-980829446583839.8,-986257829227990.0,-991560219426094.8,-996732720018940.5,-1001771351448416.8,-1006672050668535.2,-1011430670083881.8,-1016042976519389.8,-1020504650225596.8,-1024811283923851.5,-1028958381896261.8,-1032941359125512.5,-1036755540490065.0,-1040396160020598.0,-1043858360224020.5,-1047137191481763.5,-1050227611529557.8,-1053124485026394.5,-1055822583220873.2,-1058316583723697.0,-1060601070395693.5,-1062670533361314.8,-1064519369158260.8,-1066141881034570.2,-1067532279405246.2,-1068684682481284.8,-1069593117084794.5,-1070251519664773.2,-1070653737529057.0,-1070793530308894.0,-1070664571673685.8,-1070260451314495.2,-1069574677216094.5,-1068600678238547.8,-1067331807030607.2,-1065761343298542.8,-1063882497455514.8,-1061688414678003.0,-1059172179397507.5,-1056326820257318.0,-1053145315565920.8,-1049620599280481.8,-1045745567555755.8,-1041513085895752.0,-1036915996947708.2,-1031947128980011.2,-1026599305088152.0,-1020865353175119.8,-1014738116755223.5,-1008210466632928.8,-1001275313511047.5,-993925621585444.0,-986154423186383.2,-977954834529656.0,-969320072643794.5,-960243473542920.8,-950718511718096.5,-940738821023450.2,-930298217036875.8,-919390720978627.2,-908010585274756.8,-896152320856004.2,-883810726286404.5,-870980918819580.2,-857658367484336.5,-843838928304803.5,-829518881763922.8,-814694972622505.0,-799364452209414.0,-783525123301505.2,-767175387714907.5,-750314296731753.0,-732941604488831.0,-715057824456430.8,-696664289137113.0,-677763213114983.2,-658357759586337.8,-638452110502103.2,-618051540451294.0,-597162494412642.8,-575792669498542.0,-553951100811331.25,-531648251526776.5,-508896107313163.5,-485708275186597.0,-462100086894061.75,-438088706905099.75,-413693245080931.5,-388934874076103.25,-363836951512584.75,-338425146949363.5,-312727573652181.25,-286774925148162.5,-260600616528526.25,-234240930439533.25,-207735167677233.5,-181125802275091.0,-154458640945128.5,-127782986702004.25,-101151806464549.25,-74621902388934.5,-48254086639257.75,-22113359240954.0,3730911416041.5,29204805962591.75,54229670006723.25,78721929545307.5,102592906999134.0,125748639440822.12,148089701152406.5,169511033449749.25,189901785835444.38,209145174114508.38,227118363294990.62,243692386123378.62,258732112271540.62,272096288896119.5,283637681057661.9,293203351004714.0,300635129496411.25,305770351319019.6,308442952441058.75,308485059746079.7,305729248364667.56,300011699241747.6,291176564280280.44,279081942363879.38,263607991408113.25,244667853987374.62,222222260714991.12,196298896901682.66,167017866627156.4,134624838761618.6,99533646594419.34,62380085242632.125,24088070090849.875,-14052560294918.297,-50302110726162.38,-82397644784645.3,-107531474129214.4,-122474725054521.75,-124041595565544.77,-110270416713181.16,-82942587098348.06,-52131195749833.47,-42348792184060.31,-94517918292106.25,-242649301921675.75,-428035910419614.6,-425774087554577.1,0.0
7430.0,316043660918140.5,309469575513494.5,302866678960402.4,296234919776005.75,289574248568622.5,282884618105017.25,276165983379385.88,269418301684061.0,262641532682006.0,255835638481123.88,249000583710437.75,242136335598175.38,235242864051824.25,228320141740179.88,221368144177462.75,214386849809529.0,207376240102248.5,200336299632086.0,193267016178952.25,186168380821370.38,179040388034023.5,171883035787733.5,164696325651934.25,157480262899700.62,150234856615401.5,142960119805023.75,135656069509254.5,128322726919370.75,120960117496019.25,113568271090947.38,106147222071762.0,98697009449789.88,91217677011111.38,83709273450859.25,76171852510837.5,68605473120565.875,61010199541825.5,53386101516780.75,45733254419779.25,38051739412917.0,30341643605452.5,22603060217171.625,14836088745801.5,7040835138556.75,-782588032052.375,-8634061388081.0,-16513458561547.25,-24420646005261.25,-32355482799002.5,-40317820450879.75,-48307502693813.0,-56324365276978.25,-64368235752111.5,-72438933254549.62,-80536268278856.75,-88660042448948.25,-96810048282530.88,-104986068949756.88,-113187878025939.12,-121415239238185.25,-129667906205798.75,-137945622174316.75,-146248119743004.25,-154575120585672.0,-162926335164646.0,-171301462437726.0,-179700189557971.25,-188122191566138.5,-196567131075599.25,-205034657949556.25,-213524408970381.0,-222036007500888.75,-230569063137344.25,-239123171354033.5,-247697913139177.75,-256292854622002.75,-264907546690749.5,-273541524601426.25,-282194307577071.5,-290865398397335.5,-299554282978126.0,-308260429941123.0,-316983290172903.25,-325722296373465.25,-334476862593898.0,-343246383762950.75,-352030235202272.0,-360827772130047.0,-369638329152784.0,-378461219744994.75,-387295735716501.0,-396141146667095.5,-404996699428289.5,-413861617491868.0,-422735100424980.0,-431616323271466.25,-440504435939152.0,-449398562572810.5,-458297800912494.75,-467201221636955.25,-476107867691835.25,-485016753602343.75,-493926864770107.75,-502837156753879.25,-511746554533825.5,-520653951759054.0,-529558209978087.75,-538458157851973.5,-547352590349705.5,-556240267925675.5,-565119915678817.8,-573990222493151.0,-582849840159425.8,-591697382477548.5,-600531424339509.0,-609350500792514.2,-618153106082026.0,-626937692674439.0,-635702670259120.5,-644446404729547.2,-653167217143281.2,-661863382660545.0,-670533129461177.8,-679174637639732.5,-687786038078531.0,-696365411298499.2,-704910786287601.8,-713420139306761.2,-721891392673113.8,-730322413520548.5,-738711012537430.2,-747054942681516.8,-755351897872040.5,-763599511659020.2,-771795355869881.5,-779936939233510.5,-788021705981928.8,-796047034429806.8,-804010235532122.0,-811908551420295.5,-819739153917232.2,-827499143031759.0,-835185545433021.2,-842795312905496.8,-850325320785369.5,-857772366379108.2,-865133167365197.8,-872404360180081.0,-879582498389519.5,-886664051046655.8,-893645401038270.2,-900522843420827.8,-907292583748089.2,-913950736392258.0,-920493322860775.2,-926916270111126.2,-933215408866213.5,-939386471933077.0,-945425092528010.0,-951326802611387.2,-957087031235761.5,-962701102911162.8,-968164235991797.5,-973471541088717.5,-978618019513417.5,-983598561757687.8,-988407946015474.5,-993040836753008.0,-997491783333855.5,-1001755218706157.5,-1005825458159796.5,-1009696698161884.0,-1013363015279531.2,-1016818365199594.2,-1020056581855742.8,-1023071376674006.8,-1025856337948737.2,-1028404930361790.8,-1030710494658673.2,-1032766247496332.2,-1034565281478366.0,-1036100565394460.2,-1037364944682125.2,-1038351142129966.8,-1039051758843119.5,-1039459275492825.8,-1039566053873705.8,-1039364338793753.0,-1038846260323895.5,-1038003836435623.2,-1036828976057164.0,-1035313482580662.2,-1033449057854883.8,-1031227306700322.2,-1028639741985821.8,-1025677790308442.0,-1022332798320862.5,-1018596039753440.5,-1014458723180982.8,-1009912000587359.0,-1004946976784383.8,-999554719744758.0,-993726271912538.2,-987452662558321.2,-980724921250289.5,-973534092516461.2,-965871251777753.5,-957727522636054.5,-949094095606153.5,-939962248385380.0,-930323367759771.0,-920168973251055.2,-909490742614035.0,-898280539299767.8,-886530442005658.0,-874232776439637.5,-861380149431718.2,-847965485532476.2,-833982066244425.8,-819423572038676.8,-804284127315865.2,-788558348476867.8,-772241395275396.0,-755329025631120.2,-737817654088385.5,-719704414111961.5,-700987224417335.0,-681664859539089.5,-661737024846432.0,-641204436220308.2,-620068904611443.8,-598333425703066.5,-576002274906091.0,-553081107917930.25,-529577067079075.5,-505498893763801.5,-480857047043255.25,-455663828860473.5,-429933515957755.0,-403682498797611.5,-376929427719103.25,-349695366572368.25,-322003954075772.75,-293881573142813.75,-265357528430482.25,-236464232367746.5,-207237399933209.0,-177716252465690.75,-147943730811585.5,-117966718139597.5,-87836272787693.75,-57607871549984.75,-27341663863010.25,2897262588762.0,33038604261139.75,63006551474667.0,92719484751482.75,122089656990023.5,151022860686930.25,179418079463111.5,207167123305689.88,234154247263523.5,260255753923942.88,285339580984934.4,309264876808265.0,331881569258770.4,353029936771259.9,372540195948034.6,390232127777340.9,405914775733763.75,419386264877591.5,430433813372028.25,438834038951063.6,444353705957838.1,446751117828346.4,445778440843951.2,441185354834679.94,432724574611970.9,420159984145922.94,403278388789239.56,381906237347965.3,355933116513063.2,325344396758876.3,290266126661361.1,251026121357181.0,208236082507995.62,162900219625254.44,116555349078164.67,71443512657430.45,30704872397555.64,-1458425851446.6875,-19790659579475.22,-18525338133968.598,6721174570810.082,54139421774642.02,105932765568152.02,114467522967570.36,3810304888052.9297,-234012873455179.56,-305576312947903.8,0.0
7427.5,487823509531325.5,481315690360438.9,474776337991050.1,468205355504194.25,461602647412064.0,454968119715947.25,448301679965749.25,441603237321121.4,434872702614255.4,428109988414378.25,421315009093993.4,414487680896909.6,407627922008111.1,400735652625511.25,393810795033639.9,386853273679313.0,379863015249337.6,372839948750308.0,365784005590539.25,358695119664199.9,351573227437700.1,344418268038392.25,337230183345639.1,330008918084322.75,322754419920853.75,315466639561726.25,308145530854723.4,300791050892802.25,293403160120756.0,285981822444711.75,278527005344536.38,271038679989237.12,263516821355426.75,255961408348931.0,248372423929627.25,240749855239585.5,233093693734625.0,225403935319331.75,217680580485674.38,209923634455275.62,202133107325453.88,194309014219121.62,186451375438661.12,178560216623842.5,170635568913940.88,162677469114109.38,154685959866161.12,146661089823847.25,138602913832764.5,130511493114999.12,122386895458644.5,114229195412306.38,106038474484738.12,97814821349716.62,89558332056336.5,81269110244810.12,72947267367961.12,64592922918535.625,56206204662492.75,47787248878412.125,39336200603212.0,30853213884298.5,22338452038344.5,13792087916858.75,5214304178713.5,-3394706430171.5,-12034740789821.25,-20705585111681.75,-29407014636366.5,-38138793323512.0,-46900673533495.0,-55692395700846.75,-64513687999110.25,-73364265996946.75,-82243832305261.0,-91152076215116.5,-100088673326189.75,-109053285165557.0,-118045558796519.5,-127065126417265.75,-136111604949066.5,-145184595613770.25,-154283683500308.75,-163408437119941.75,-172558407949967.0,-181733129965577.75,-190932119159613.25,-200154873049856.25,-209400870173589.25,-218669569569099.0,-227960410243788.25,-237272810628570.25,-246606168018219.5,-255959857997308.75,-265333233851415.0,-274725625963197.5,-284136341193012.5,-293564662243674.5,-303009847008988.5,-312471127905658.25,-321947711188189.25,-331438776246377.0,-340943474884959.25,-350460930585028.25,-359990237746797.0,-369530460913236.5,-379080633974210.5,-388639759350615.0,-398206807158090.25,-407780714349867.0,-417360383838241.5,-426944683594259.75,-436532445725103.0,-446122465528710.75,-455713500525149.5,-465304269464267.0,-474893451309097.75,-484479684194565.25,-494061564360964.5,-503637645061738.75,-513206435445043.0,-522766399408591.5,-532315954427316.5,-541853470353314.75,-551377268187596.0,-560885618823156.25,-570376741758884.0,-579848803783817.2,-589299917631298.0,-598728140602546.8,-608131473159239.0,-617507857484619.8,-626855176012763.8,-636171249925578.8,-645453837617165.2,-654700633125201.0,-663909264528997.0,-673077292313963.0,-682202207702188.5,-691281430948927.8,-700312309604822.0,-709292116743685.0,-718218049155795.0,-727087225506651.2,-735896684461209.2,-744643382773724.0,-753324193343324.8,-761935903235613.8,-770475211670588.0,-778938727977348.0,-787322969516082.5,-795624359568037.2,-803839225194164.8,-811963795063429.0,-819994197251743.5,-827926457012795.2,-835756494522097.8,-843480122595838.2,-851093044386249.8,-858590851055517.0,-865969019430354.5,-873222909639744.0,-880347762738533.8,-887338698319883.0,-894190712119910.2,-900898673618143.5,-907457323637834.2,-913861271950507.5,-920104994889595.8,-926182832978401.2,-932088988578187.2,-937817523562639.2,-943362357025559.2,-948717263029233.8,-953875868401553.8,-958831650590665.8,-963577935586696.5,-968107895920831.5,-972414548752956.5,-976490754059926.8,-980329212937532.2,-983922466030297.0,-987262892104309.0,-990342706779571.0,-993153961439575.8,-995688542337201.2,-997938169917540.2,-999894398379766.2,-1001548615501912.5,-1002892042754146.5,-1003915735728105.0,-1004610584911876.2,-1004967316842374.8,-1004976495669216.0,-1004628525166671.8,-1003913651232886.8,-1002821964918412.5,-1001343406029076.5,-999467767351368.0,-997184699551957.0,-994483716806534.8,-991354203216973.2,-987785420079898.5,-983766514074047.2,-979286526438324.8,-974334403217367.2,-968899006656466.5,-962969127833158.5,-956533500618485.0,-949580817066957.8,-942099744340624.2,-934078943279348.2,-925507088736438.2,-916372891806198.0,-906665124077739.0,-896372644057569.5,-885484425911988.2,-873989590689272.5,-861877440190949.0,-849137493671153.5,-835759527553219.5,-821733618363072.8,-807050189089943.5,-791700059196151.5,-775674498509283.2,-758965285242166.5,-741564768398225.5,-723465934832540.2,-704662481251831.8,-685148891449816.5,-664920519087933.5,-643973676345190.5,-622305728774965.2,-599915196720932.2,-576801863658975.0,-552966891846953.75,-528412945679731.75,-503144323162970.5,-477167095936049.25,-450489258292477.25,-423120885665429.5,-395074303067346.0,-366364263996188.0,-337008140348023.5,-307026123906891.0,-276441440019825.75,-245280574109000.25,-213573511726022.0,-181353992918096.25,-148659781754503.25,-115532951958271.5,-82020189705521.25,-48173114798420.25,-14048621591250.75,20290758741873.5,54776472760058.0,89333533998591.25,123880084430812.75,158326925291272.0,192577013974980.0,226524923272425.75,260056258743765.75,293047029623779.0,325362968356094.0,356858793797796.25,387377413491725.75,416749061440591.9,444790369927396.6,471303377683083.75,496074482930052.25,518873359708930.5,539451871100392.9,557543035845424.5,572860138758255.1,585096124836615.9,593923488519762.0,598994971997670.2,599945532060809.8,596396240507356.9,587961071686583.5,574257934132897.0,554925865374508.4,529651091100030.4,498205737903237.25,460504503562756.0,416686695129511.1,367233942996029.2,313137729133401.6,256135305901132.03,199035435525628.9,146148225019833.44,103789117325340.8,80668506959118.42,87510368718061.16,134064575788191.66,219334956119590.25,308622063948037.6,300914412769764.6,70001175614557.14,-141018228741147.3,0.0
7425.0,667415751295868.8,661033846372929.8,654618085661824.8,648168328830618.9,641684436303043.2,635166269306039.0,628613689918726.5,622026561122834.6,615404746854628.5,608748112058387.2,602056522741460.5,595329846030953.5,588567950232091.5,581770704888293.8,574937980843023.0,568069650303444.4,561165586905945.75,554225665783579.9,547249763635471.0,540237758798242.75,533189531319526.9,526104963033602.1,518983937639227.25,511826340779728.6,504632060125404.75,497400985458303.25,490133008759448.1,482828024298575.1,475485928726450.4,468106621169835.25,460690003329179.4,453235979579113.25,445744457071814.0,438215345843332.4,430648558922948.4,423044012445651.25,415401625767833.5,407721321586264.5,400003026060464.9,392246668938547.4,384452183686645.75,376619507622004.4,368748582049854.75,360839352404161.25,352891768392364.4,344905784144206.1,336881358364782.9,328818454491910.25,320717040857941.75,312577090856149.0,304398583111811.25,296181501658111.0,287925836117003.25,279631581885171.0,271298740325230.75,262927318962299.12,254517331686109.38,246068798958806.5,237581748028575.38,229056213149283.0,220492235806285.38,211889864948577.12,203249157227450.5,194570177241861.25,185852997790668.75,177097700131951.0,168304374249588.38,159473119127321.0,150604043030471.0,141697263795570.88,132752909128088.25,123771116908480.12,114752035506823.25,105695824106230.62,96602653035318.5,87472704109959.25,78306170984595.0,69103259513350.25,59864188121242.5,50589188185743.75,41278504428997.5,31932395320975.75,22551133493871.75,13135006168060.25,3684315589906.75,-5800620518210.75,-15319468495355.75,-24871878266621.0,-34457482854475.75,-44075897876539.75,-53726721029393.75,-63409531558045.0,-73123889710675.5,-82869336178247.25,-92645391518581.5,-102451555564462.5,-112287306815356.5,-122152101812297.75,-132045374495480.25,-141966535544099.0,-151914971697962.25,-161890045060389.75,-171891092381900.75,-181917424324158.75,-191968324703697.0,-202043049714833.5,-212140827131275.0,-222260855485826.5,-232402303227634.0,-242564307856393.75,-252745975032908.0,-262946377665398.5,-273164554970943.75,-283399511511402.5,-293650216203179.75,-303915601300193.5,-314194561349326.75,-324485952117724.75,-334788589491204.5,-345101248343099.25,-355422661372787.5,-365751517913188.5,-376086462706483.0,-386426094647301.5,-396768965492601.5,-407113578537486.25,-417458387256158.75,-427801793907232.25,-438142148102594.75,-448477745339006.5,-458806825491657.25,-469127571268823.25,-479438106626836.5,-489736495144536.5,-500020738356374.75,-510288774043370.75,-520538474481088.0,-530767644643839.5,-540974020364289.75,-551155266447704.25,-561308974740030.25,-571432662149075.8,-581523768618020.5,-591579655050567.2,-601597601187016.2,-611574803430621.8,-621508372623602.5,-631395331772216.2,-641232613720369.5,-651017058771296.2,-660745412256840.5,-670414322054040.5,-680020336048690.0,-689559899545695.8,-699029352626132.0,-708424927450962.2,-717742745511565.8,-726978814827263.0,-736129027090242.5,-745189154758377.5,-754154848096625.2,-763021632167860.2,-771784903774205.0,-780439928350110.5,-788981836808731.0,-797405622343283.5,-805706137185507.0,-813878089323499.8,-821916039181649.2,-829814396265646.8,-837567415776031.8,-845169195194093.8,-852613670844425.0,-859894614438921.0,-867005629607575.5,-873940148421949.0,-880691427917888.0,-887252546624710.8,-893616401108802.0,-899775702540416.0,-905722973293270.8,-911450543587482.2,-916950548187434.2,-922214923167156.8,-927235402757058.0,-932003516287044.0,-936510585242444.8,-940747720450628.8,-944705819417736.2,-948375563836689.8,-951747417289423.2,-954811623168259.0,-957558202843473.0,-959976954106313.2,-962057449919221.5,-963789037507600.2,-965160837830253.2,-966161745468685.8,-966780428978650.0,-967005331750799.5,-966824673431022.2,-966226451955045.5,-965198446256105.0,-963728219709099.8,-961803124379508.5,-959410306150576.2,-956536710807877.0,-953169091166318.2,-949294015331024.5,-944897876190368.0,-939966902246610.5,-934487169897455.0,-928444617289899.5,-921825059876699.5,-914614207814970.0,-906797685356406.8,-898361052389091.5,-889289828302107.5,-879569518355848.8,-869185642753652.2,-858123768623454.2,-846369545132322.5,-833908741971436.2,-820727291464775.8,-806811334571157.2,-792147271066714.0,-776721814212987.5,-760522050235159.0,-743535502954904.8,-725750203943605.5,-707154768583781.2,-687738478449835.2,-667491370443629.2,-646404333146009.0,-624469210872243.5,-601678915947728.2,-578027549750069.5,-553510533095346.75,-528124746579942.25,-501868681525250.25,-474742602211323.0,-446748720127523.75,-417891381014389.5,-388177265521951.75,-357615604367055.75,-326218408937243.75,-294000718363380.0,-260980864169928.25,-227180753713698.5,-192626173742658.5,-157347115550821.5,-121378123379024.75,-84758667921539.75,-47533547053354.75,-9753316202712.5,28525248830250.25,67238653351380.0,106316145737476.0,145679135414388.0,185240561579768.25,224904206460271.5,264563945789707.25,304102927921679.25,343392671551653.5,382292070444008.75,420646291898915.0,458285554065664.0,495023765812131.5,530657012021588.75,564961867429360.6,597693524241033.8,628583724023797.0,657338494585470.9,683635710507836.0,707122525746132.8,727412774199747.6,744084508079154.0,756677956848336.2,764694359794031.4,767596379407276.9,764811179473839.8,755737808078679.4,739761347020358.5,716277506457174.2,684733164703159.0,644691119205666.6,595931603482876.6,538609922806732.9,473500491265939.4,402374902281399.5,328586986758516.0,257964414650238.0,200090310317055.44,169824141005417.5,187896689239164.12,276176500627658.6,435402895610306.25,583741069088545.1,477554985453760.6,54044410092941.35,0.0
7422.5,854202107440075.0,848006281343420.8,841774716856725.5,835507233068915.6,829203649148465.8,822863784379761.8,816487458200707.6,810074490241605.0,803624700365344.2,797137908708942.4,790613935726480.2,784052602233448.0,777453729452592.8,770817139061247.6,764142653240246.2,757430094724422.5,750679286854774.5,743890053632314.5,737062219773680.9,730195610768535.5,723290052938829.4,716345373499955.0,709361400623877.9,702337963504271.8,695274892423746.8,688172018823202.0,681029175373385.2,673846196048718.8,666622916203452.4,659359172650215.8,652054803741043.8,644709649450937.1,637323551464041.0,629896353262520.4,622427900218196.0,614918039687034.0,607366621106581.1,599773496096401.6,592138518561640.8,584461544799775.1,576742433610665.9,568981046409988.9,561177247346173.1,553330903420908.0,545441884613364.4,537510064008215.6,529535317927563.6,521517526066915.9,513456571635293.5,505352341499622.6,497204726333514.75,489013620770575.25,480778923562374.0,472500537741200.6,464178370787771.5,455812334804004.1,447402346691027.25,438948328332585.9,430450206783966.9,421907914466656.1,413321389368852.75,404690575252042.0,396015421863785.1,387295885156927.1,378531927515398.25,369723517986811.6,360870632522052.4,351973254222069.25,343031373592076.4,334044988803392.4,325014105963132.9,315938739391990.6,306818911910351.6,297654655132977.75,288446009772529.9,279193025952163.0,269895763527499.25,260554292418221.75,251168692949600.25,241739056204220.12,232265484384239.12,222748091184459.5,213187002176560.0,203582355204799.25,193934300793535.5,184243002566922.12,174508637681115.5,164731397269397.75,154911486900566.75,145049127051003.5,135144553590810.0,125198018284444.5,115209789306277.25,105180151771497.25,95109408282843.75,84997879493611.75,74845904687420.0,64653842375224.75,54422070910103.5,44150989120319.5,33841016961209.0,23492596186431.25,13106191039169.0,2682288963863.25,-7778598660955.5,-18275935768060.0,-28809160824566.75,-39377686031929.25,-49980896502246.5,-60618149410178.0,-71288773119761.5,-81992066285421.25,-92727296926404.5,-103493701473889.75,-114290483789979.75,-125116814157781.25,-135971828241727.75,-146854626017321.0,-157764270669392.25,-168699787458036.0,-179660162551254.5,-190644341823414.0,-201651229618542.75,-212679687477492.25,-223728532827951.0,-234796537636307.25,-245882427020287.25,-256984877821316.5,-268102517135495.5,-279233920802093.0,-290377611848386.0,-301532058889727.25,-312695674483609.25,-323866813436564.5,-335043771062638.25,-346224781392212.75,-357408015329907.75,-368591578760259.25,-379773510599906.25,-390951780794923.75,-402124288262008.75,-413288858772140.25,-424443242775364.5,-435585113165348.25,-446712062982296.25,-457821603052870.25,-468911159565728.75,-479978071581278.5,-491019588474289.5,-502032867307983.75,-513014970138238.75,-523962861246584.25,-534873404300637.25,-545743359440735.75,-556569380291460.5,-567348010896883.8,-578075682578332.8,-588748710713600.5,-599363291436535.0,-609915498256063.5,-620401278593761.0,-630816450239206.5,-641156697722434.2,-651417568602979.5,-661594469675106.5,-671682663088971.2,-681677262387714.5,-691573228460563.0,-701365365412364.0,-711048316350108.0,-720616559087368.0,-730064401767790.2,-739385978409165.8,-748575244369942.5,-757625971740439.5,-766531744661471.8,-775285954573559.5,-783881795400430.2,-792312258671099.0,-800570128585427.8,-808647977028767.0,-816538158542022.5,-824232805254311.2,-831723821786275.2,-839002880133061.2,-846061414537087.5,-852890616361811.5,-859481428979013.5,-865824542683449.0,-871910389650216.5,-877729138951784.5,-883270691653398.0,-888524676007421.8,-893480442769304.2,-898127060660024.2,-902453312002332.8,-906447688560656.8,-910098387617484.0,-913393308321962.5,-916320048349904.5,-918865900917865.5,-921017852197945.5,-922762579184054.8,-924086448064992.5,-924975513164532.0,-925415516514008.8,-925391888128576.0,-924889747064468.0,-923893903341184.0,-922388860819688.5,-920358821135359.2,-917787688792718.2,-914659077537845.2,-910956318133963.2,-906662467675964.8,-901760320590674.0,-896232421481522.2,-890061079989035.2,-883228387852164.2,-875716238370134.2,-867506348480150.5,-858580283683062.8,-848919486067026.8,-838505305698405.2,-827319035669608.8,-815341951115443.0,-802555352532936.2,-788940613764411.2,-774479235030168.5,-759152901425333.2,-742943547325582.2,-725833427178388.5,-707805193190557.8,-688841980459105.8,-668927500131076.0,-648046141219107.2,-626183081743340.0,-603324409917178.8,-579457256144457.5,-554569936649421.0,-528652109618802.25,-501694944797920.5,-473691307550825.0,-444635958469069.0,-414525769695748.25,-383359959222894.5,-351140344522681.0,-317871616989064.0,-283561638799501.0,-248221763960277.0,-211867185479007.75,-174517310820556.75,-136196168056045.75,-96932845419294.25,-56761967353739.5,-15724210581586.75,26133135724306.0,68755560912545.0,112080669389181.0,156037456121202.75,200545513262637.5,245514158527789.0,290841474066300.5,336413242321535.75,382101762609560.25,427764528873017.75,473242745184824.0,518359651067588.0,562918623572979.5,606701017438466.2,649463698769412.5,690936222100015.8,730817596294583.0,768772583135721.2,804427476191856.6,837365320805090.0,867120565325347.6,893173189227509.6,914942451253175.2,931780564518255.5,942966873049527.5,947703533344994.5,945114385763335.8,934249777923461.8,914101812201537.0,883637235791020.2,841859700014256.2,787920755566296.5,721312412995234.0,642198739216261.4,551990085326821.06,454348453820926.4,356953090377288.94,274507977620220.06,233260285585317.12,275053277272000.88,449215480807492.6,751436737015884.1,922762324465961.0,342182239885690.6,0.0
7420.0,1047472997254552.5,1041523163557178.4,1035536182663388.0,1029511836676336.4,1023449907116860.9,1017350174948178.1,1011212420601614.6,1005036424003395.5,998821964602524.4,992568821399801.2,986276772977988.5,979945597533195.2,973575072907493.0,967164976622799.0,960715085916097.5,954225177775999.5,947695028980716.5,941124416137478.0,934513115723431.5,927860904128090.6,921167557697363.2,914432852779212.8,907656565771008.0,900838473168606.9,893978351617245.2,887075977964257.2,880131129313715.8,873143583083030.8,866113117061578.0,859039509471419.8,851922539030176.5,844761985016121.1,837557627335574.0,830309246592646.2,823016624161436.2,815679542260722.4,808297784031264.2,800871133615756.2,793399376241554.2,785882298306231.0,778319687466066.1,770711332727551.1,763057024542020.8,755356554903479.0,747609717449750.0,739816307567040.4,731976122498018.2,724088961453532.8,716154625728064.2,708172918819051.9,700143646550187.5,692066617198827.8,683941641627632.2,675768533420569.0,667547109023431.5,659277187888981.5,650958592626897.5,642591149158657.9,634174686877505.0,625709038813676.2,617194041805043.6,608629536673342.6,600015368406160.2,591351386344865.2,582637444378668.6,573873401144999.4,565059120236406.5,556194470414176.25,547279325828888.9,538313566248126.4,529297077291558.5,520229750673630.5,511111484454117.25,501942183296751.6,492721758736216.25,483450129453745.9,474127221561620.75,464752968896804.9,455327313324070.0,445850205048846.9,436321602940148.25,426741474863866.6,417109798026780.4,407426559331609.1,397691755743448.9,387905394667982.75,378067494341797.25,368178084235220.9,358237205468069.25,348244911238700.0,338201267266808.0,328106352250391.0,317960258337341.75,307763091612118.9,297514972597985.1,287216036775304.4,276866435116401.25,266466334637514.88,256015918968389.12,245515388940051.75,234964963191373.62,224364878794981.0,213715391903164.62,203016778414398.5,192269334661115.0,181473378119448.25,170629248141590.75,159737306711529.25,148797939224859.75,137811555293469.5,126778589575872.0,115699502633985.75,104574781817213.75,93404942174685.75,82190527396539.5,70932110785158.0,59630296257324.0,48285719378245.0,36899048428462.25,25470985504668.5,14002267655509.0,2493668053445.75,-9054002796168.75,-20639895807673.5,-32263122028095.25,-43922751309399.25,-55617810938658.0,-67347284224879.5,-79110109041148.5,-90905176320692.75,-102731328505474.0,-114587357945842.5,-126472005249761.25,-138383957580072.5,-150321846898228.5,-162284248152872.0,-174269677411607.25,-186276589934270.0,-198303378185946.25,-210348369787964.5,-222409825405035.5,-234485936566658.25,-246574823420902.75,-258674532418598.75,-270783033925947.0,-282898219763511.25,-295017900669524.5,-307139803685378.5,-319261569461168.0,-331380749479081.75,-343494803192420.0,-355601095077994.0,-367696891599606.0,-379779358080314.25,-391845555481126.75,-403892437083788.5,-415916845075269.75,-427915507031590.5,-439885032298571.0,-451821908267147.0,-463722496540837.5,-475583028993029.25,-487399603711713.75,-499168180829372.5,-510884578235763.0,-522544467171362.75,-534143367699357.5,-545676644054101.5,-557139499864103.25,-568526973247658.2,-579833931779479.2,-591055067326709.5,-602184890752992.8,-613217726489412.8,-624147706971378.2,-634968766940789.0,-645674637613111.8,-656258840709333.0,-666714682353155.0,-677035246834170.0,-687213390238297.2,-697241733947197.5,-707112658009055.5,-716818294383708.0,-726350520065815.0,-735700950090605.8,-744860930427551.0,-753821530768333.8,-762573537216500.8,-771107444887411.2,-779413450428329.2,-787481444469963.0,-795301004022313.2,-802861384829366.5,-810151513699082.5,-817159980827156.2,-823875032135284.5,-830284561647142.8,-836376103927936.2,-842136826616369.8,-847553523081059.0,-852612605236926.0,-857300096560973.2,-861601625350940.8,-865502418274976.2,-868987294265372.5,-872040658814795.8,-874646498739396.8,-876788377479492.0,-878449431015548.8,-879612364484720.2,-880259449591433.8,-880372522914455.5,-879932985222556.8,-878921801921428.0,-877319504765935.0,-875106194984146.2,-872261547973030.5,-868764819740210.0,-864594855281939.2,-859730099104464.0,-854148608114374.8,-847828067123423.2,-840745807234845.8,-832878827401401.8,-824203819470442.2,-814697197058324.0,-804335128625659.8,-793093575156270.5,-780948332876510.2,-767875081488082.5,-753849438426533.0,-738847019699786.2,-722843507906326.2,-705814728081288.8,-687736732071042.8,-668585892193028.5,-648339004998156.0,-626973406018020.5,-604467096449413.2,-580798882804102.2,-555948530633629.5,-529896933527509.5,-502626298679453.75,-474120350421539.0,-444364553241684.5,-413346355927408.5,-381055458620739.0,-347484104728446.0,-312627399811956.5,-276483659787610.25,-239054791006129.25,-200346705058792.5,-160369771486817.5,-119139311963471.75,-76676139992507.0,-33007150743674.25,11834033645449.25,57806357096259.0,104860553650489.75,152938293911758.5,201971243507702.5,251880021070986.0,302573040543103.25,353945219216048.75,405876528669018.25,458230360419629.75,510851671441775.25,563564866416131.0,616171363353655.2,668446776732047.8,720137637200032.0,770957549023019.2,820582665783760.5,868646341887736.2,914732793466805.4,958369580108129.6,999018703744088.6,1036066122491851.4,1068809511592289.5,1096444198503597.6,1118047400663239.8,1132561278499859.5,1138776008810444.5,1135315295289833.2,1120628825750231.8,1092999809572909.0,1050582128878336.1,991493381466521.9,914012871130482.2,816980619508018.2,700595643809508.8,568037623989203.8,428811944355341.6,305539748207551.9,246373025376421.06,340079074874084.4,697587061834624.8,1233604141899104.5,877889348206945.5,0.0
7417.5,1246429511210913.8,1240784534854183.8,1235101502508956.0,1229380163575479.0,1223620266238598.0,1217821557480598.8,1211983783094853.8,1206106687700296.0,1200190014756750.0,1194233506581148.8,1188236904364668.0,1182199948190807.0,1176122377054459.2,1170003928881989.2,1163844340552368.2,1157643347919391.2,1151400685835021.0,1145116088173894.8,1138789287859034.0,1132420016888797.0,1126008006365118.2,1119552986523077.8,1113054686761843.9,1106512835677038.5,1099927161094579.1,1093297390106027.0,1086623249105518.5,1079904463828317.0,1073140759391041.5,1066331860333635.4,1059477490663125.6,1052577373899237.9,1045631233121931.5,1038638791020909.8,1031599769947187.2,1024513891966760.5,1017380878916483.0,1010200452462187.0,1002972334159148.8,995696245514966.5,988371908054938.4,980999043390011.6,973577373287406.6,966106619743983.8,958586505062473.2,951016751930627.0,943397083503424.8,935727223488418.6,928006896234315.2,920235826822926.9,912413741164574.0,904540366097078.0,896615429488459.8,888638660343444.5,880609788913948.0,872528546813616.2,864394667136609.8,856207884580738.2,847967935575099.9,839674558412388.2,831327493386001.4,822926482932133.1,814471271776997.0,805961607089368.9,797397238638608.0,788777918958362.2,780103403516128.9,771373450888870.0,762587822944898.0,753746285032221.2,744848606173586.8,735894559268415.5,726883921301907.8,717816473561503.5,708692001860986.2,699510296772466.2,690271153866519.2,680974373960738.2,671619763377005.0,662207134207748.5,652736304591511.8,643207098998129.9,633619348523847.4,623972891196712.4,614267572292577.1,604503244662093.9,594679769069043.0,584797014540397.0,574854858728513.6,564853188285861.6,554791899252704.6,544670897458189.25,534490098935282.9,524249430350028.9,513948829445611.75,503588245501732.6,493167639809804.75,482686986164516.75,472146271372321.5,461545495777409.25,450884673805779.9,440163834528010.25,429383022241368.0,418542297071926.6,407641735597346.1,396681431491057.1,385661496188539.0,374582059576476.5,363443270705554.75,352245298527707.6,340988332658656.1,329672584166589.5,318298286387886.9,306865695770812.1,295375092748120.25,283826782639568.0,272221096585357.38,260558392511558.5,248839056128614.75,237063501964038.0,225232174430491.25,213345548930443.25,201404132998644.0,189408467483731.5,177359127770282.5,165256725042685.25,153101907592278.75,140895362169209.25,128637815380536.25,116330035136164.25,103972832144201.5,91567061457452.75,79113624072759.0,66613468584971.0,54067592897417.5,41477045990758.75,28842929752202.0,16166400867103.5,3448672775051.0,-9308982307407.5,-22105231295175.75,-34938678071849.25,-47807861253433.5,-60711251876098.25,-73647251005450.75,-86614187264754.25,-99610314279431.0,-112633808035106.75,-125682764146387.75,-138755195033488.25,-151849027003715.75,-164962097234785.25,-178092150656814.5,-191236836729809.75,-204393706113325.25,-217560207224950.75,-230733682684157.75,-243911365637989.25,-257090375964983.5,-270267716353653.5,-283440268251763.25,-296604787682600.25,-309757900924333.0,-322896100048513.75,-336015738313739.25,-349113025410372.5,-362184022552274.0,-375224637411362.0,-388230618890874.5,-401197551733117.75,-414120850957541.75,-426995756124961.75,-439817325423732.75,-452580429573817.25,-465279745544640.75,-477909750082762.25,-490464713045511.5,-502938690536793.5,-515325517841509.75,-527618802155181.0,-539811915105589.25,-551897985063529.25,-563869889240108.8,-575720245568306.8,-587441404367018.8,-599025439786222.8,-610464141032467.0,-621749003374506.5,-632871218929598.0,-643821667231753.8,-654590905584151.0,-665169159198878.2,-675546311128326.0,-685711891993754.0,-695655069518000.8,-705364637870796.2,-714829006836918.0,-724036190819309.8,-732973797691430.2,-741629017515431.0,-749988611145418.2,-758038898737905.2,-765765748194726.0,-773154563567311.2,-780190273454960.5,-786857319434174.2,-793139644560710.2,-799020681991334.8,-804483343777834.5,-809510009892229.8,-814082517549002.5,-818182150897680.5,-821789631167537.8,-824885107355165.8,-827448147555774.2,-829457731049944.2,-830892241269617.0,-831729459780157.5,-831946561429735.2,-831520110832899.5,-830426060372440.8,-828639749922259.2,-826135908514427.0,-822888658195994.8,-818871520345181.5,-814057424743325.0,-808418721727538.0,-801927197780601.0,-794554094948559.0,-786270134513772.2,-777045545391272.5,-766850097760225.0,-755653142489625.2,-743423656968973.8,-730130298010413.8,-715741462549398.0,-700225356936394.5,-683550075683118.8,-665683690603620.5,-646594351373640.0,-626250398621759.0,-604620490763407.2,-581673745894593.8,-557379900177088.75,-531709484271812.75,-504634019513437.75,-476126235668425.25,-446160312282615.75,-414712145805642.0,-381759644880850.75,-347283056415182.75,-311265325298745.5,-273692490935506.0,-234554124083554.0,-193843807897573.25,-151559667533018.0,-107704953231519.5,-62288682487314.75,-15326347730533.75,33159302997833.75,83137403600906.25,134568015282594.5,187401067175038.25,241575177009696.25,297016333132190.25,353636414672036.25,411331520862110.5,469980072955779.5,529440642393248.25,589549446158871.0,650117433807396.0,710926869368518.5,771727283975664.0,832230640065115.0,892105503587764.5,950969964977822.0,1008382980870246.5,1063833725643215.8,1116728445325846.1,1166374200264711.5,1211958777861069.8,1252525975498090.2,1286945440676109.5,1313876391301257.2,1331724967327508.0,1338595935252753.0,1332241417265312.0,1310013046786104.0,1268831054274564.5,1205197864975579.2,1115314141044112.0,995428088809189.0,842740855996410.2,657718514279488.4,450069278576785.8,253893745434446.7,161902458415462.94,376477204851915.25,1142258686782764.5,1671533201742470.0,0.0
7415.0,1450186498258980.2,1444903379245338.8,1439581813348109.5,1434221522149272.5,1428822225424850.8,1423383641146018.0,1417905485480776.2,1412387472796203.5,1406829315661318.5,1401230724850571.8,1395591409347991.8,1389911076352015.2,1384189431281031.8,1378426177779655.8,1372621017725777.5,1366773651238401.0,1360883776686315.8,1354951090697629.0,1348975288170189.5,1342956062282943.8,1336893104508250.0,1330786104625201.8,1324634750733982.5,1318438729271303.2,1312197725026966.8,1305911421161576.5,1299579499225473.5,1293201639178909.0,1286777519413521.8,1280306816775164.0,1273789206588122.8,1267224362680787.5,1260611957412830.8,1253951661703941.0,1247243145064169.5,1240486075625964.5,1233680120177932.8,1226824944200412.0,1219920211902907.8,1212965586263464.0,1205960729070053.2,1198905300964033.0,1191798961485774.2,1184641369122512.0,1177432181358527.8,1170171054727718.8,1162857644868665.8,1155491606582278.5,1148072593892110.0,1140600260107444.5,1133074257889245.2,1125494239319092.2,1117859855971183.0,1110170758987526.6,1102426599156463.2,1094627026994576.1,1086771692832184.6,1078860246902490.2,1070892339434543.4,1062867620750147.5,1054785741364857.8,1046646352093208.8,1038449104158325.5,1030193649306084.4,1021879639923973.4,1013506729164829.9,1005074571075631.5,996582820731507.4,988031134375180.1,979419169562014.9,970746585310875.8,962013042261018.8,953218202835208.8,944361731409309.5,935443294488560.8,926462560890788.5,917419201936807.0,908312891648246.2,899143306953108.6,889910127899284.8,880613037876361.5,871251723845986.5,861825876581112.5,852335190914442.9,842779365996390.1,833158105562921.0,823471118213610.8,813718117700297.2,803898823226715.2,794012959759489.5,784060258350914.0,774040456473940.2,763953298369808.0,753798535408778.1,743575926464446.8,733285238302127.5,722926245981811.2,712498733276222.2,702002493104546.1,691437327982361.1,680803050488388.0,670099483748657.8,659326461938729.9,648483830804626.1,637571448203139.4,626589184662258.8,615536923962403.5,604414563739254.0,593222016108956.1,581959208316507.9,570626083408197.9,559222600928946.5,547748737645479.0,536204488296274.0,524589866369265.0,512904904908292.6,501149657349414.0,489324198388092.5,477428624878469.75,465463056765839.5,453427638053591.0,441322537805852.9,429147951187172.9,416904100540573.75,404591236505431.75,392209639176598.75,379759619306323.9,367241519550525.6,354655715761069.6,342002618325728.5,329282673557584.4,316496365135709.0,303644215598989.0,290726787895078.0,277744686986487.0,264698561515926.5,251589105533083.75,238417060285090.5,225183216073037.0,211888414176945.5,198533548851728.5,185119569396741.5,171647482301629.0,158118353471262.5,144533310532661.0,130893545226905.5,117200315889151.25,103454950019945.75,89658846951186.25,75813480610155.25,61920402385208.5,47981244096768.25,33997721077470.0,19971635365359.5,5904879014232.75,-8200562474691.25,-22342606595431.75,-36519070149757.75,-50727665424933.25,-64965996231940.25,-79231553799262.0,-93521712517177.5,-107833725527350.5,-122164720152365.0,-136511693159691.75,-150871505854420.5,-165240878994958.5,-179616387525698.0,-193994455120584.75,-208371348531275.75,-222743171733518.5,-237105859865189.5,-251455172949303.25,-265786689395211.75,-280095799271043.0,-294377697340351.5,-308627375855856.5,-322839617103038.75,-337008985686314.0,-351129820550459.5,-365196226729926.5,-379202066818646.5,-393140952153049.25,-407006233700950.25,-420790992649143.75,-434488030682632.0,-448089859948628.75,-461588692698649.75,-474976430602379.5,-488244653727264.75,-501384609178289.0,-514387199392852.25,-527242970086293.25,-539942097844288.75,-552474377359216.75,-564829208308453.2,-576995581873729.0,-588962066901884.0,-600716795708749.2,-612247449529572.8,-623541243621151.0,-634584912022963.2,-645364691986881.5,-655866308087682.8,-666074956029532.2,-675975286166876.5,-685551386761910.8,-694786767004906.5,-703664339828274.2,-712166404550380.8,-720274629390876.8,-727970033905615.2,-735232971396344.5,-742043111358173.8,-748379422036528.5,-754220153174944.0,-759542819045728.8,-764324181867327.5,-768540235725284.2,-772166191128100.8,-775176460345243.5,-777544643692094.5,-779243516945974.5,-780245020098760.2,-780520247675012.8,-780039440870452.8,-778771981793891.2,-776686390127061.2,-773750322550896.5,-769930575324482.8,-765193090443999.0,-759502965854179.2,-752824470234082.8,-745121062933134.8,-736355419692343.2,-726489464850117.2,-715484410802601.0,-703300805565106.5,-689898589365071.0,-675237161288056.8,-659275457097671.5,-641972039458326.2,-623285201907354.8,-603173088050995.8,-581593827597955.0,-558505690996014.0,-533867264602492.75,-507637648500042.75,-479776679267045.75,-450245180229271.5,-419005241959388.75,-386020536057320.0,-351256665542575.75,-314681555526037.5,-276265888212617.0,-235983586729511.5,-193812352794031.5,-149734263851857.0,-103736436061188.75,-55811760410647.5,-5959720393843.25,45812698904604.25,99489998627436.0,155047036819817.75,212447764830544.0,271643808255297.25,332572865873590.5,395156892895226.0,459300025302116.0,524886189306355.0,591776322813439.0,659805112759758.8,728777121253664.5,798462131887405.0,868589491842640.0,938841150847261.2,1008842998717772.5,1078153971723274.2,1146252225423115.0,1212517447905002.8,1276208102394427.8,1336432034412495.0,1392108455867009.5,1441918842858608.5,1484243802761018.2,1517082579342827.0,1537951753781813.2,1543760158698470.0,1530658497632673.2,1493865396438972.5,1427478541051878.5,1324298101521246.2,1175755837936654.5,972312077482263.0,705759081023696.0,378812045036284.44,39537117598346.375,-117266204010860.92,435553900086978.4,2147989090515675.8,0.0
7412.5,1657776781822633.5,1652909832438405.2,1648004572115172.8,1643060699999269.8,1638077912895652.0,1633055905257688.5,1627994369177273.0,1622892994375267.0,1617751468192295.2,1612569475579907.5,1607346699092130.2,1602082818877428.5,1596777512671101.5,1591430455788120.0,1586041321116450.8,1580609779110867.2,1575135497787298.5,1569618142717703.0,1564057377025540.8,1558452861381830.0,1552804254001842.5,1547111210642453.5,1541373384600183.0,1535590426709954.5,1529761985344618.0,1523887706415246.0,1517967233372266.5,1512000207207446.8,1505986266456782.2,1499925047204316.2,1493816183086943.5,1487659305300231.5,1481454042605306.8,1475200021336858.8,1468896865412291.8,1462544196342085.8,1456141633241431.0,1449688792843151.5,1443185289512011.0,1436630735260436.5,1430024739765727.8,1423366910388807.0,1416656852194581.5,1409894167973974.8,1403078458267705.5,1396209321391879.0,1389286353465460.5,1382309148439723.2,1375277298129732.8,1368190392247956.5,1361048018440091.5,1353849762323184.8,1346595207526156.0,1339283935732791.2,1331915526727350.5,1324489558442833.8,1317005607012073.2,1309463246821709.8,1301862050569208.2,1294201589323006.0,1286481432585927.0,1278701148361996.8,1270860303226779.2,1262958462401376.8,1254995189830248.2,1246970048262976.2,1238882599340156.2,1230732403683551.2,1222519020990689.0,1214242010134081.8,1205900929265224.0,1197495335923577.2,1189024787150731.5,1180488839609933.2,1171887049711201.2,1163218973742234.0,1154484168005353.5,1145682188960691.2,1136812593375886.0,1127874938482527.2,1118868782139611.0,1109793683004282.4,1100649200710142.5,1091434896053414.1,1082150331187270.5,1072795069824643.5,1063368677449836.5,1053870721539283.8,1044300771791817.5,1034658400368794.2,1024943182144475.2,1015154694967058.0,1005292519930761.4,995356241659405.1,985345448601909.0,975259733340209.8,965098692910023.0,954861929135007.0,944549048974801.8,934159664887511.4,923693395207170.0,913149864536787.5,902528704157573.0,891829552454976.0,881052055362171.8,870195866821705.0,859260649265979.8,848246074117328.5,837151822308433.8,825977584823882.8,814723063263697.5,803387970429687.2,791972030935510.0,780474981841392.8,768896573314447.6,757236569315614.4,745494748314241.0,733670904031430.0,721764846213232.2,709776401434895.0,697705413937374.6,685551746497374.6,673315281332249.9,660995921041120.0,648593589583659.4,636108233298013.8,623539821959402.8,610888349881028.2,598153837058936.9,585336330362598.4,572435904772991.6,559452664670095.6,546386745171727.1,533238313525781.5,520007570557976.9,506694752177314.0,493300130941548.75,479824017685051.0,466266763211536.4,452628760054253.6,438910444306302.9,425112297523884.75,411234848705369.1,397278676349225.5,383244410593922.75,369132735443090.0,354944391079316.5,340680176270126.0,326340950869787.0,311927638420781.0,297441228858887.0,282882781326000.25,268253427094970.25,253554372610903.25,238786902653549.5,223952383625575.25,209052266971702.75,194088092733902.75,179061493247999.25,163974196987267.25,148828032558823.5,133624932858793.25,118366939392502.5,103056206766127.5,87695007356511.5,72285736166085.75,56830915870049.5,41333202063282.0,25795388714649.75,10220413836693.75,-5388634621090.5,-21028512646869.75,-36695813800197.75,-52386962595787.5,-68098207627986.25,-83825614426309.25,-99565058032123.75,-115312215286260.5,-131062556817067.75,-146811338718150.5,-162553593904728.25,-178284123137293.5,-193997485701040.25,-209687989729186.75,-225349682158202.0,-240976338302634.25,-256561451037130.5,-272098219573014.25,-287579537816702.25,-302997982297131.75,-318345799649299.75,-333614893641083.75,-348796811730473.25,-363882731140567.75,-378863444439826.25,-393729344615389.75,-408470409627630.75,-423076186434659.0,-437535774476055.75,-451837808605944.0,-465970441466369.5,-479921325293154.5,-493677593147610.5,-507225839569126.0,-520552100645367.0,-533641833498995.75,-546479895192134.75,-559050521052666.0,-571337302429538.5,-583323163887941.2,-594990339859284.8,-606320350765604.5,-617293978643335.2,-627891242297309.8,-638091372022674.0,-647872783939935.0,-657213053996918.0,-666088891701010.5,-674476113655795.8,-682349616988181.5,-689683352765622.8,-696450299517997.2,-702622436995465.2,-708170720312291.2,-713065054647378.8,-717274270695390.2,-720766101087913.0,-723507158032735.2,-725462912450766.2,-726597674925200.0,-726874578816265.0,-726255565937706.2,-724701375238518.2,-722171534985688.0,-718624359001362.2,-714016947571302.8,-708305193711452.5,-701443795556236.0,-693386275716727.2,-684085008549427.5,-673491256378097.5,-661555215822315.5,-648226075508389.5,-633452086571375.2,-617180647502601.0,-599358405056134.2,-579931373101127.2,-558845071496587.0,-536044687271991.0,-511475260623421.0,-485081898482550.0,-456810018687630.5,-426605628085171.5,-394415638222642.5,-360188222662387.25,-323873220363035.5,-285422590047983.75,-244790921026149.0,-201936006568965.5,-156819486708365.5,-109407568243521.75,-59671830885477.5,-7590129906460.75,46852392495829.5,103662172507198.5,162835948894192.25,224359324061773.75,288205134213276.0,354331593052551.0,422680162776045.25,493173091373379.5,565710534881947.2,640167154972298.5,716388042923227.0,794183766267712.5,873324257997115.0,953531161640591.0,1034468096950400.8,1115728104082661.5,1196817237057226.2,1277132880584539.5,1355934819930837.2,1432306353467355.5,1505101744635268.2,1572875000088187.0,1633783266590817.5,1685455988108042.5,1724818236689587.5,1747852975609532.5,1749281234992333.5,1722127522276923.2,1657110086976052.8,1541730769490274.0,1358823541270540.0,1084341728903926.0,685809556602746.2,133672527395379.0,-514836286972760.9,-768495546442806.8,1133725415110791.0,0.0
7410.0,1868156503111661.8,1863756531532005.8,1859318911358279.8,1854843325064081.0,1850329452312416.2,1845776969934879.0,1841185551910901.8,1836554869347085.8,1831884590456645.5,1827174380538940.5,1822423901959154.8,1817632814128087.0,1812800773482120.2,1807927433463336.5,1803012444499825.0,1798055453986187.5,1793056106264256.5,1788014042604057.0,1782928901185005.5,1777800317077400.8,1772627922224191.2,1767411345423066.5,1762150212308880.0,1756844145336431.2,1751492763763638.8,1746095683635107.0,1740652517766143.5,1735162875727228.5,1729626363828975.8,1724042585107617.5,1718411139311034.2,1712731622885368.0,1707003628962259.8,1701226747346726.8,1695400564505730.8,1689524663557471.5,1683598624261449.0,1677622023009319.8,1671594432816610.0,1665515423315316.8,1659384560747447.5,1653201407959543.0,1646965524398247.0,1640676466106945.5,1634333785723564.2,1627937032479560.2,1621485752200166.0,1614979487305957.2,1608417776815801.8,1601800156351252.5,1595126158142464.2,1588395311035694.0,1581607140502463.0,1574761168650466.2,1567856914236295.8,1560893892680074.8,1553871616082081.5,1546789593241460.2,1539647329677106.2,1532444327650831.0,1525180086192904.0,1517854101130088.5,1510465865116260.8,1503014867665755.8,1495500595189536.2,1487922531034322.5,1480280155524812.5,1472572946009122.0,1464800376907589.0,1456961919765092.0,1449057043307031.5,1441085213499124.8,1433045893611204.5,1424938544285163.2,1416762623607244.0,1408517587184847.2,1400202888228071.0,1391817977636155.2,1383362304089071.2,1374835314144450.0,1366236452340090.8,1357565161302287.5,1348820881860211.5,1340003053166609.8,1331111112825091.8,1322144497024279.8,1313102640679106.5,1303984977579571.0,1294790940547259.5,1285519961599966.0,1276171472124744.5,1266744903059748.8,1257239685085240.2,1247655248824131.2,1237991025052471.5,1228246444920308.0,1218420940183326.2,1208513943445740.2,1198524888414916.0,1188453210168185.0,1178298345432395.5,1168059732876704.8,1157736813419187.8,1147329030547834.0,1136835830656520.8,1126256663396620.2,1115590982044865.5,1104838243888169.8,1093997910626115.8,1083069448791837.6,1072052330192082.9,1060946032367249.6,1049750039072234.8,1038463840778983.8,1027086935201626.8,1015618827845168.2,1004059032578712.2,992407072234262.5,980662479232161.8,968824796234294.1,956893576826233.5,944868386229529.2,932748802045437.0,920534415031380.2,908224829911562.9,895819666223144.0,883318559199497.8,870721160692124.1,858027140132827.9,845236185537911.2,832348004556115.5,819362325562195.0,806278898798065.1,793097497563519.4,779817919458646.5,766439987680142.0,752963552373804.1,739388492045605.4,725714715033848.9,711942161045011.8,698070802755982.0,684100647485546.9,670031738938081.8,655864159022523.0,641598029749867.9,627233515212534.5,612770823649127.2,598210209598238.6,583551976145123.1,568796477265221.6,553944120268708.5,538995368350380.25,523950743249437.4,508810828023845.25,493576269944252.6,478247783512551.75,462826153610476.25,447312238783818.6,431706974668091.5,416011377561707.25,400226548153046.25,384353675407976.75,368394040624755.25,352349021663469.75,336220097357502.0,320008852114844.25,303716980717340.5,287346293326360.25,270898720703692.25,254376319656848.75,237781278718310.0,221115924068669.75,204382725714004.5,187584303928228.0,170723435971600.75,153803063097014.75,136826297856128.0,119796431717859.0,102716943012275.75,85591505213329.0,68423995574456.75,51218504131529.75,33979343088129.5,16711056598715.5,-581569034302.75,-17893494732983.75,-35219417568672.75,-52553759221556.5,-69890653956829.0,-87223936098742.75,-104547126983382.5,-121853421370483.75,-139135673294123.5,-156386381331718.25,-173597673270309.75,-190761290148771.0,-207868569654250.5,-224910428850907.75,-241877346218782.0,-258759342980589.25,-275545963694169.75,-292226256088437.5,-308788750120948.25,-325221436235542.75,-341511742799079.5,-357646512697102.25,-373611979069161.25,-389393740165844.5,-404976733311060.5,-420345207955005.5,-435482697805473.25,-450371992027889.75,-464995105507555.75,-479333248171303.5,-493366793370145.0,-507075245329371.0,-520437205678490.25,-533430339079912.5,-546031337982981.25,-558215886538679.0,-569958623720174.2,-581233105705804.0,-592011767593783.8,-602265884532520.0,-611965532366794.0,-621079547918588.2,-629575489042168.0,-637419594616512.5,-644576744664514.2,-651010420817910.0,-656682667379990.5,-661554053275176.8,-665583635215851.2,-668728922463031.8,-670945843608854.5,-672188715866048.2,-672410217413265.8,-671561363415684.2,-669591486418714.8,-666448221899330.8,-662077499855563.2,-656423543420653.2,-649428875605360.2,-641034335400785.0,-631179104615829.2,-619800746979342.5,-606835261207966.0,-592217149928302.2,-575879506547403.5,-557754122390355.0,-537771616669630.5,-515861592119700.75,-491952819424730.75,-465973453889440.75,-437851288157360.25,-407514045171018.25,-374889716001379.0,-339906947657493.25,-302495486533495.25,-262586683775168.75,-220114069575813.0,-175014004274188.5,-127226415173924.0,-76695629302397.0,-23371313976675.5,32790460812865.0,91826021348913.0,153762729773726.75,218617438363451.0,286394725228655.5,357084867920709.5,430661496903135.75,507078850152285.25,586268520489465.0,668135544528184.8,752553620349204.5,839359151383525.2,928343683539084.0,1019244112312986.2,1111729758548541.8,1205385004768082.5,1299685589262007.2,1393965786871195.8,1487372442280154.8,1578799994214299.5,1666798004959443.0,1749438972799163.5,1824128905903068.0,1887335524029975.2,1934197346573975.8,1957956438267428.0,1949112469244162.0,1894075544896448.8,1772750151694402.0,1553542792546226.5,1182302785471726.0,561405525331069.25,-455442989513816.25,-1827754915132905.5,-1890538494428922.0,0.0
7407.5,2080211573738115.0,2076325087290887.0,2072402130909194.8,2068442376408037.0,2064445492398060.2,2060411144255069.0,2056338994089382.2,2052228700715037.5,2048079919618846.5,2043892302929310.5,2039665499385407.5,2035399154305245.5,2031092909554609.0,2026746403515387.0,2022359271053908.5,2017931143489178.0,2013461648561038.5,2008950410398260.5,2004397049486569.5,1999801182636629.2,1995162422951983.8,1990480379796982.8,1985754658764694.0,1980984861644814.0,1976170586391617.8,1971311427091920.5,1966406973933107.2,1961456813171225.2,1956460527099168.0,1951417694014964.5,1946327888190192.0,1941190679838545.2,1936005635084568.0,1930772315932586.0,1925490280235849.5,1920159081665927.5,1914778269682370.8,1909347389502666.8,1903865982072534.0,1898333584036565.0,1892749727709270.0,1887113941046535.8,1881425747617552.2,1875684666577234.5,1869890212639179.2,1864041896049200.2,1858139222559480.0,1852181693403389.8,1846168805271012.0,1840100050285427.8,1833974915979810.5,1827792885275380.2,1821553436460279.2,1815256043169412.5,1808900174365345.5,1802485294320273.0,1796010862599173.0,1789476334044192.5,1782881158760327.0,1776224782102499.0,1769506644664082.2,1762726182266979.8,1755882825953321.0,1748976001978881.0,1742005131808317.8,1734969632112309.0,1727868914766707.0,1720702386853811.5,1713469450665870.0,1706169503710931.0,1698801938721159.8,1691366143663748.5,1683861501754560.0,1676287391474633.0,1668643186589699.2,1660928256172859.0,1653141964630581.5,1645283671732180.0,1637352732642951.0,1629348497961141.5,1621270313758937.2,1613117521627671.8,1604889458727449.0,1596585457841410.5,1588204847434842.2,1579746951719390.5,1571211090722583.5,1562596580362960.8,1553902732531030.2,1545128855176363.2,1536274252401093.0,1527338224560126.5,1518320068368387.5,1509219077015410.8,1500034540287631.8,1490765744698737.8,1481411973628441.0,1471972507470070.0,1462446623787396.0,1452833597481100.0,1443132700965341.5,1433343204354888.2,1423464375663288.8,1413495481012600.2,1403435784855188.5,1393284550208174.0,1383041038901079.0,1372704511837292.5,1362274229269983.5,1351749451093109.0,1341129437148219.8,1330413447547774.5,1319600743015712.5,1308690585246078.5,1297682237280511.8,1286574963905453.0,1275368032069986.5,1264060711325227.0,1252652274286249.2,1241141997117574.2,1229529160043292.8,1217813047882925.8,1205992950614218.0,1194068163964055.0,1182037990028819.2,1169901737925484.8,1157658724474875.8,1145308274918539.2,1132849723670758.0,1120282415107314.5,1107605704392663.5,1094818958347268.5,1081921556356941.8,1068912891326082.5,1055792370676826.4,1042559417396202.2,1029213471133487.0,1015753989350038.0,1002180448524022.0,988492345412537.8,974689198373761.2,960770548751853.4,946735962327532.1,932585030837286.4,918317373564399.1,903932639005073.4,889430506613115.5,874810688626771.6,860072931981521.0,845217020312748.1,830242776052477.8,815150062624463.0,799938786742200.2,784608900814588.6,769160405464234.4,753593352163579.2,737907845994312.5,722104048535764.5,706182180888258.5,690142526837644.1,673985436167578.2,657711328126386.6,641320695055657.9,624814106188083.9,608192211622381.2,591455746483509.5,574605535276767.8,557642496444775.25,540567647136714.5,523382108199713.1,506087109402605.6,488683994902880.75,471174228968056.75,453559401963242.25,435841236617194.25,418021594579735.0,400102483283969.5,382086063127330.25,363974654986133.5,345770748078951.0,327477008194794.5,309096286302803.5,290631627560841.0,272086280741168.5,253463708092128.5,234767595655562.0,216001864060530.5,197170679814718.0,178278467115794.25,159329920205890.0,140330016293241.75,121284029065992.0,102197542824093.5,83076467256172.0,63927052889214.25,44755907239892.0,25570011697298.0,6376739167842.5,-12816127485992.0,-32000376180419.75,-51167345485110.25,-70307903603552.75,-89412426423836.25,-108470774603888.5,-127472269654552.0,-146405668983363.5,-165259139861361.25,-184020232275018.25,-202675850625220.5,-221212224235282.25,-239614876630264.0,-257868593550460.0,-275957389662742.0,-293864473934723.5,-311572213638350.75,-329062096951651.0,-346314694130050.5,-363309617221997.0,-380025478307621.5,-396439846244026.5,-412529201906534.25,-428268891922051.0,-443633080898662.25,-458594702164952.0,-473125407043335.75,-487195512694275.5,-500773948582699.25,-513828201634565.75,-526324260170561.5,-538226556725690.5,-549497909888269.5,-560099465320092.5,-569990636151469.0,-579129042981088.8,-587470453751638.2,-594968723818212.8,-601575736578655.2,-607241345093432.5,-611913315188253.8,-615537270606320.2,-618056640859246.8,-619412612517813.8,-619544084786110.2,-618387630316848.5,-615877462352545.8,-611945409418031.2,-606520898945790.0,-599530951388133.2,-590900186560608.8,-580550844171000.5,-568402820719074.2,-554373725205775.25,-538378956368692.5,-520331804464913.75,-500143580955490.0,-477723779809647.75,-452980274544861.5,-425819555554334.75,-396147012751131.75,-363867269084626.5,-328884571068807.0,-291103243116536.0,-250428213217675.5,-206765618360343.5,-160023499115142.5,-110112594044796.0,-56947246160639.0,-446435665357.5,59465044086754.0,122855246788325.0,189783543724480.0,260298871414053.5,334437712248375.25,412221748000479.25,493655102127677.0,578721050676912.2,667378026723144.5,759554659312816.8,855143458681197.0,953992559663834.2,1055894624777599.5,1160571524621777.5,1267652657711259.8,1376643591637739.0,1486879867318437.0,1597457952542334.0,1707130936154763.8,1814149872152740.0,1916021673628514.8,2009139616141022.0,2088220032930930.5,2145440318496723.0,2169085521130299.0,2141233563585126.8,2032985604863051.0,1792006391387934.5,1305395604112174.8,299913324996191.75,-1777975071446323.0,-5029334772541778.0,0.0
7405.0,2292765202540149.0,2289433644095785.5,2286067290884624.5,2282665810190975.0,2279228865783587.5,2275756117876677.5,2272247223090580.0,2268701834412026.5,2265119601154045.5,2261500168915493.5,2257843179540214.0,2254148271075823.0,2250415077732127.0,2246643229839167.5,2242832353804909.5,2238982072072554.0,2235092003077501.2,2231161761203942.0,2227190956741110.2,2223179195839167.5,2219126080464756.8,2215031208356199.0,2210894172978365.0,2206714563477197.8,2202491964633936.5,2198225956818990.5,2193916115945519.5,2189562013422704.2,2185163216108720.5,2180719286263420.5,2176229781500745.0,2171694254740856.5,2167112254162024.0,2162483323152256.5,2157807000260705.0,2153082819148843.0,2148310308541445.5,2143488992177368.8,2138618388760164.2,2133698011908528.5,2128727370106618.5,2123705966654237.0,2118633299616934.8,2113508861776010.8,2108332140578480.5,2103102618086997.2,2097819770929768.2,2092483070250503.5,2087091981658398.2,2081645965178205.5,2076144475200417.8,2070586960431595.5,2064972863844865.5,2059301622630654.0,2053572668147664.8,2047785425874155.5,2041939315359566.2,2036033750176522.0,2030068137873284.0,2024041879926682.0,2017954371695586.0,2011805002374979.2,2005593154950685.2,1999318206154813.5,1992979526421987.5,1986576479846427.5,1980108424139957.8,1973574710591011.0,1966974684024713.0,1960307682764141.8,1953573038592818.5,1946770076718557.8,1939898115738751.0,1932956467607195.0,1925944437602567.2,1918861324298652.5,1911706419536466.5,1904479008398357.5,1897178369184248.5,1889803773390146.0,1882354485689043.8,1874829763914392.5,1867228859046269.5,1859551015200434.0,1851795469620416.0,1843961452672840.0,1836048187846157.2,1828054891752984.5,1819980774136276.5,1811825037879511.8,1803586879021158.5,1795265486773629.2,1786860043546994.0,1778369724977699.0,1769793699962576.0,1761131130698424.2,1752381172727465.8,1743542974988991.0,1734615679877532.0,1725598423307892.8,1716490334787425.0,1707290537495901.5,1697998148373412.8,1688612278216687.8,1679132031784279.0,1669556507911080.5,1659884799632646.8,1650115994319833.8,1640249173824267.2,1630283414635216.5,1620217788048435.0,1610051360347591.2,1599783192998910.2,1589412342859715.5,1578937862401557.2,1568358799948648.8,1557674199932422.0,1546883103162964.2,1535984547118206.5,1524977566251740.5,1513861192320206.0,1502634454731197.8,1491296380912748.0,1479845996705422.5,1468282326778181.0,1456604395069153.5,1444811225252590.5,1432901841233270.8,1420875267669721.0,1408730530527682.2,1396466657665309.2,1384082679451675.5,1371577629420216.5,1358950544958852.2,1346200468038578.5,1333326445982440.2,1320327532276871.0,1307202787427481.0,1293951279861493.5,1280572086879132.0,1267064295656355.2,1253427004301485.0,1239659322968381.5,1225760375028954.5,1211729298307932.2,1197565246382964.2,1183267389953286.8,1168834918280322.2,1154267040703785.5,1139562988237001.0,1124722015245378.1,1109743401212121.5,1094626452595527.8,1079370504782372.2,1063974924142159.8,1048439110187234.9,1032762497843992.8,1016944559840710.4,1000984809217781.5,984882801966417.4,968638139802226.2,952250473080348.5,935719503859190.0,919044989120159.6,902226744151157.0,885264646101988.2,868158637720243.9,850908731276663.4,833515012689400.1,815977645857152.6,798296877211523.2,780473040499592.4,762506561808170.5,744397964841802.9,726147876467185.5,707757032537298.8,689226284009210.4,670556603370215.2,651749091387691.2,632804984198803.9,613725660757027.6,594512650653242.5,575167642330057.9,555692491708949.0,536089231250672.5,516360079470542.0,496507450931050.75,476533966735516.75,456442465547486.0,436236015161855.0,415917924654844.25,395491757141270.25,374961343168851.75,354330794780663.75,333604520278250.5,312787239719393.5,291884001186017.5,270900197859256.25,249841585940346.5,228714303457567.0,207524890001198.5,186280307430113.0,164987961595361.25,143655725127860.75,122291961339076.75,100905549285276.5,79505910047795.0,58103034283369.75,36707511100379.0,15330558318406.5,-6015945829858.25,-27319429493968.75,-48566592436490.25,-69743369636281.5,-90834893200379.75,-111825452519857.25,-132698452604584.25,-153436370531786.5,-174020709943573.0,-194431953529435.5,-214649513431149.75,-234651679509470.75,-254415565414885.25,-273917052408373.0,-293130730882821.0,-312029839541646.0,-330586202198448.75,-348770162170246.5,-366550514247431.75,-383894434236159.0,-400767406083625.25,-417133146614241.75,-432953527924921.5,-448188497511523.25,-462795996225770.5,-476731874193729.75,-489949804863259.25,-502401197389615.0,-514035107616144.25,-524798147961455.5,-534634396586428.75,-543485306284804.0,-551289613620772.0,-557983248927125.0,-563499247879135.2,-567767665473773.0,-570715493372386.5,-572266581709063.5,-572341566628075.5,-570857804993724.2,-567729317916253.2,-562866744960127.25,-556177311147628.0,-547564809143432.0,-536929599306299.25,-524168630624110.25,-509175485909990.75,-491840455031479.0,-472050640373053.25,-449690099195420.25,-424640028053362.5,-396778994967045.0,-365983225608866.0,-332126950367222.5,-295082819778098.5,-254722396473178.5,-210916732478689.0,-163537041416299.5,-112455475919016.5,-57546021412895.0,1314481602716.5,64245173383947.5,131359853694862.5,202765485500681.5,278560500959396.5,358832879009957.5,443657949661160.5,533095854924140.75,627188551707375.5,725956163031133.2,829392344677001.2,937458089822599.2,1050072966526750.5,1167102038757085.5,1288335434767356.5,1413455319448222.0,1541981285428877.8,1673178943355341.2,1805906383086180.5,1938357501142825.5,2067638676093310.0,2189087118165737.5,2295211183744997.0,2374097494209292.0,2406891276975243.5,2362057705484344.0,2172594687872418.2,1628464517071303.0,-30562421104343.555,-4655083013379721.0,0.0
7402.5,2504586444262212.0,2501845475159110.0,2499071853560786.5,2496265248319913.0,2493425324549730.0,2490551743577935.0,2487644162900004.5,2484702236131950.5,2481725612962486.0,2478713939104617.0,2475666856246634.0,2472584002002523.0,2469465009861771.0,2466309509138565.0,2463117124920393.0,2459887478016019.0,2456620184902859.0,2453314857673718.0,2449971103982920.5,2446588526991797.0,2443166725313548.0,2439705292957471.0,2436203819272544.0,2432661888890374.5,2429079081667501.5,2425454972627046.5,2421789131899721.5,2418081124664183.0,2414330511086731.5,2410536846260365.5,2406699680143170.0,2402818557496054.0,2398893017819835.0,2394922595291669.0,2390906818700822.0,2386845211383783.0,2382737291158749.5,2378582570259429.0,2374380555268226.5,2370130747048768.0,2365832640677796.0,2361485725376425.5,2357089484440780.5,2352643395171995.0,2348146928805611.0,2343599550440364.0,2339000718966372.5,2334349886992735.5,2329646500774558.0,2324890000139406.5,2320079818413209.0,2315215382345627.5,2310296112034890.5,2305321420852131.0,2300290715365237.0,2295203395262215.5,2290058853274131.0,2284856475097597.5,2279595639316884.0,2274275717325633.0,2268896073248236.0,2263456063860891.0,2257955038512372.5,2252392339044546.0,2246767299712672.2,2241079247105526.0,2235327500065391.0,2229511369607945.5,2223630158842114.0,2217683162889924.5,2211669668806412.5,2205588955499642.0,2199440293650900.5,2193222945635127.5,2186936165441640.5,2180579198595240.5,2174151282077754.8,2167651644250112.5,2161079504775032.5,2154434074540399.0,2147714555583440.0,2140920141015790.0,2134050014949555.5,2127103352424478.0,2120079319336329.0,2112977072366643.5,2105795758913941.8,2098534517026544.2,2091192475337172.8,2083768752999441.5,2076262459626423.8,2068672695231479.2,2060998550171478.0,2053239105092651.0,2045393430879246.0,2037460588605204.8,2029439629489077.2,2021329594852408.2,2013129516081848.2,2004838414595238.0,1996455301811936.5,1987979179127688.0,1979409037894329.0,1970743859404643.2,1961982614882705.0,1953124265480063.5,1944167762278138.5,1935112046297212.8,1925956048512436.5,1916698689877272.2,1907338881354835.0,1897875523957609.0,1888307508796032.2,1878633717136499.5,1868853020469328.8,1858964280587254.5,1848966349675116.5,1838858070411346.5,1828638276081953.8,1818305790707723.8,1807859429185401.0,1797297997443617.5,1786620292614443.8,1775825103221399.5,1764911209384905.8,1753877383046078.2,1742722388209969.0,1731444981209261.5,1720043910989608.0,1708517919417773.0,1696865741613848.8,1685086106308868.5,1673177736229198.2,1661139348509186.2,1648969655133592.0,1636667363411430.0,1624231176482942.2,1611659793861462.0,1598951912012099.0,1586106224969211.8,1573121424994762.2,1559996203279770.8,1546729250691170.8,1533319258566529.8,1519764919559185.2,1506064928536518.2,1492217983534209.0,1478222786769476.2,1464078045716460.5,1449782474247070.0,1435334793840819.0,1420733734867311.2,1405978037945288.0,1391066455382308.5,1375997752699393.5,1360770710245154.2,1345384124904201.2,1329836811904862.8,1314127606731534.8,1298255367147224.2,1282218975332207.8,1266017340144990.8,1249649399512108.5,1233114122953666.8,1216410514251868.0,1199537614270182.5,1182494503931215.5,1165280307361774.5,1147894195214070.2,1130335388172517.2,1112603160656018.8,1094696844726280.1,1076615834213135.6,1058359589068559.9,1039927639961612.4,1021319593127239.5,1002535135482575.0,983574040025062.5,964436171527570.4,945121492546408.9,925630069759075.8,905962080649430.6,886117820558960.1,866097710123786.5,845902303118155.4,825532294726203.8,804988530265019.5,784272014383199.4,763383920760422.5,742325602334895.1,721098602086952.1,699704664408596.5,678145747090337.1,656424033958279.6,634541948196221.6,612502166389239.5,590307633327188.0,567961577608476.8,545467528086572.25,522829331203811.25,500051169259378.5,477137579660596.0,454093475209154.5,430924165476421.25,407635379324550.0,384233288632892.25,360724533291945.5,337116247530014.75,313416087640693.75,289632261182339.25,265773557723841.75,241849381214110.0,217869784055972.25,193845502968392.25,169787996724197.0,145709485853699.5,121622994407903.25,97542393878026.5,73482449371187.0,49458868144956.0,25488350606177.75,1588643881954.25,-22221401927292.75,-45921774700916.5,-69491238344402.75,-92907267815379.75,-116145981015788.25,-139182067437567.5,-161988713451196.75,-184537524129431.25,-206798441503127.5,-228739659152030.0,-250327533041401.0,-271526488525452.5,-292298923451137.0,-312605107311351.25,-332403076415404.75,-351648525067185.0,-370294692768399.75,-388292247496169.75,-405589165141750.25,-422130605241208.75,-437858783180047.75,-452712839113384.0,-466628703912096.25,-479538962524850.0,-491372715237185.5,-502055437413562.5,-511508838427938.25,-519650720624881.75,-526394839308398.0,-531650764931525.25,-535323748858676.0,-537314594296937.75,-537519534244340.75,-535830118585046.25,-532133112775398.75,-526310410912805.0,-518238966362526.5,-507790743535776.5,-494832694864320.25,-479226767497699.75,-460829944750871.75,-439494327838264.5,-415067263921572.75,-387391526937739.75,-356305558005658.25,-321643772355187.5,-283236939561671.0,-240912643232725.0,-194495824937192.0,-143809414744022.0,-88675046770703.5,-28913851970713.5,35652688857260.0,105201862298360.0,179908859234355.5,259946006845965.5,345482205152004.25,436682719451180.0,533709526164027.5,636722448354093.0,745881320310762.8,861349325694065.5,983297332006740.0,1111908240298934.0,1247378596167550.5,1389911077171925.0,1539684462012754.2,1696775014903244.0,1860982565072698.0,2031488027455589.2,2206260950745884.5,2381250320114916.0,2549960183959918.5,2705684600301174.5,2850046674304113.5,2985797755147726.0,2843720635017969.0,636656256841865.5,0.0
7400.0,2714399700622751.0,2712278543223271.5,2710127304027559.0,2707945659382562.0,2705733281761521.0,2703489839712212.5,2701214997804462.0,2698908416576906.5,2696569752483003.0,2694198657836267.0,2691794780754738.0,2689357765104653.0,2686887250443330.0,2684382871961230.0,2681844260423215.0,2679271042108964.0,2676662838752559.0,2674019267481215.0,2671339940753147.0,2668624466294567.0,2665872447035801.5,2663083481046509.0,2660257161469993.0,2657393076456605.5,2654490809096222.0,2651549937349770.0,2648570033979823.0,2645550666480227.0,2642491397004763.0,2639391782294819.0,2636251373606089.0,2633069716634246.0,2629846351439626.0,2626580812370878.0,2623272627987584.0,2619921320981829.0,2616526408098732.5,2613087400055906.5,2609603801461844.0,2606075110733225.5,2602500820011141.0,2598880415076198.5,2595213375262539.5,2591499173370729.0,2587737275579522.0,2583927141356500.0,2580068223367565.5,2576159967385295.5,2572201812196132.5,2568193189506430.5,2564133523847322.5,2560022232478433.0,2555858725290406.5,2551642404706270.0,2547372665581612.0,2543048895103574.0,2538670472688675.5,2534236769879442.5,2529747150239860.0,2525200969249648.0,2520597574197353.0,2515936304072267.0,2511216489455189.0,2506437452408005.0,2501598506362131.0,2496698956005800.0,2491738097170217.5,2486715216714596.5,2481629592410075.5,2476480492822552.5,2471267177194444.5,2465988895325379.0,2460644887451865.0,2455234384125951.5,2449756606092902.5,2444210764167912.5,2438596059111918.5,2432911681506505.5,2427156811627982.0,2421330619320639.0,2415432263869250.5,2409460893870862.0,2403415647105918.0,2397295650408785.5,2391100019537739.5,2384827859044461.0,2378478262143136.0,2372050310579222.0,2365543074497960.0,2358955612312724.0,2352286970573299.0,2345536183834184.0,2338702274523028.5,2331784252809316.5,2324781116473409.0,2317691850776087.0,2310515428328722.0,2303250808964222.5,2295896939608900.0,2288452754155452.5,2280917173337189.0,2273289104603731.0,2265567441998352.5,2257751066037191.0,2249838843590534.5,2241829627766430.0,2233722257796871.5,2225515558926809.0,2217208342306289.2,2208799404886000.8,2200287529316558.5,2191671483851853.5,2182950022256819.0,2174121883720001.2,2165185792771324.2,2156140459205463.5,2146984578011289.5,2137716829307840.2,2128335878287332.0,2118840375165717.8,2109228955141381.2,2099500238362523.5,2089652829903897.8,2079685319753526.0,2069596282810124.0,2059384278891937.5,2049047852757807.5,2038585534141267.8,2027995837798544.0,2017277263571393.2,2006428296465747.0,1995447406747186.0,1984333050054342.5,1973083667531373.5,1961697685980724.5,1950173518037464.2,1938509562366556.8,1926704203884481.5,1914755814006753.2,1902662750922904.0,1890423359900646.5,1878035973620990.8,1865498912546210.8,1852810485322654.0,1839968989220493.5,1826972710612672.8,1813819925495363.8,1800508900052462.2,1787037891266719.8,1773405147580295.5,1759608909607688.5,1745647410904099.5,1731518878792558.8,1717221535253236.8,1702753597878624.5,1688113280898443.0,1673298796278367.0,1658308354896894.0,1643140167804924.0,1627792447572863.5,1612263409730380.8,1596551274304195.5,1580654267459603.5,1564570623251774.8,1548298585493184.8,1531836409743955.2,1515182365432177.2,1498334738111802.5,1481291831866036.0,1464051971864687.5,1446613507084356.8,1428974813200910.0,1411134295664191.8,1393090392965523.5,1374841580109141.0,1356386372299344.5,1337723328855856.0,1318851057370572.5,1299768218119656.0,1280473528745750.2,1260965769225913.0,1241243787141816.0,1221306503269666.8,1201152917508347.5,1180782115165350.0,1160193273621174.8,1139385669394102.2,1118358685628499.4,1097111820031151.2,1075644693281536.5,1053957057943484.1,1032048807907188.6,1009919988392260.1,987570806544292.1,965001642659215.0,942213062071745.8,919205827746328.5,895980913611091.8,872539518677773.0,848883081992911.6,825013298468263.9,800932135641058.2,776641851417634.1,752145012856952.0,727444516053701.5,702543607184011.1,677445904780312.8,652155423305545.8,626676598100781.5,601014311784347.0,575173922184777.8,549161291894314.5,522982819534316.5,496645472828691.0,470156823586479.75,443525084699928.25,416759149269695.5,389868631974442.75,362863912807767.25,335756183311258.0,308557495438573.75,281280813191490.0,253940067175119.5,226550212225817.5,199127288271552.75,171688484590829.5,144252207642372.75,116838152643880.5,89467379083836.0,62162390355849.25,34947217709926.75,7847508719414.5,-19109379534002.75,-45894282352331.75,-72476124183792.75,-98821810049419.0,-124896111428887.25,-150661546404493.75,-176078253868432.5,-201103861607573.75,-225693348092496.75,-249798897814162.75,-273369750032839.25,-296352040830797.25,-318688638393597.0,-340318971485537.0,-361178851134406.25,-381200285600217.0,-400311288773876.0,-418435682236398.0,-435492891309428.25,-451397735545694.5,-466060214246189.75,-479385287752234.0,-491272655448122.5,-501616531627315.25,-510305420625585.25,-517221892911732.75,-522242364153873.5,-525236879649782.5,-526068906924656.25,-524595139758641.25,-520665317404830.5,-514122063285932.0,-504800747993722.25,-492529381924777.75,-477128543309006.5,-458411347629994.25,-436183464347950.25,-410243186185339.0,-380381554665874.0,-346382542566868.75,-308023288631940.5,-265074371059609.5,-217300092080671.5,-164458723600727.5,-106302629316946.5,-42578125889020.5,26975134135786.0,102625594494955.0,184652556269219.5,273351039910066.0,369039890387890.5,472074783366099.25,582868477969151.2,701921509266009.5,829867397429500.2,967536973391728.2,1116045581830035.8,1276902529968256.8,1452130116596224.2,1644354737647999.0,1856800134515510.5,2093152577303958.2,2357828414847760.0,2660265403446315.0,3039918412974927.0,3668014700883137.0,5074283532865726.0,7430952289322922.0,0.0
7397.5,2920895087633528.5,2919415940031363.0,2917909662336823.0,2916375944001551.0,2914814470558503.0,2913224923566114.0,2911606980551598.0,2909960314953350.0,2908284596062452.0,2906579488963259.5,2904844654473051.0,2903079749080736.5,2901284424884600.0,2899458329529058.0,2897601106140429.0,2895712393261693.0,2893791824786221.0,2891839029890458.0,2889853632965552.5,2887835253547906.0,2885783506248626.0,2883698000681865.5,2881578341392043.0,2879424127779900.0,2877234954027408.0,2875010409021478.0,2872750076276480.0,2870453533855532.5,2868120354290555.0,2865750104501057.5,2863342345711662.0,2860896633368311.0,2858412517053166.5,2855889540398171.0,2853327240997242.5,2850725150317100.0,2848082793606683.0,2845399689805149.5,2842675351448439.5,2839909284574365.5,2837100988626229.0,2834249956354926.0,2831355673719525.0,2828417619786297.0,2825435266626178.5,2822408079210635.0,2819335515305916.0,2816217025365669.0,2813052052421895.0,2809840031974227.5,2806580391877498.0,2803272552227591.0,2799915925245533.0,2796509915159825.5,2793053918086983.5,2789547321910250.0,2785989506156489.0,2782379841871209.0,2778717691491715.0,2775002408718355.0,2771233338383845.5,2767409816320663.0,2763531169226454.0,2759596714527485.0,2755605760240076.0,2751557604830013.5,2747451537069928.0,2743286835894616.5,2739062770254279.0,2734778598965676.0,2730433570561171.0,2726026923135654.0,2721557884191327.0,2717025670480349.0,2712429487845307.5,2707768531057529.5,2703041983653212.0,2698249017767356.0,2693388793965525.0,2688460461073382.5,2683463156004047.0,2678396003583240.0,2673258116372232.0,2668048594488592.0,2662766525424752.0,2657410983864384.0,2651981031496610.5,2646475716828054.5,2640894074992759.0,2635235127559977.0,2629497882339882.0,2623681333187197.0,2617784459802811.0,2611806227533377.0,2605745587168974.0,2599601474738848.5,2593372811305310.0,2587058502755813.0,2580657439593317.0,2574168496724971.5,2567590533249214.5,2560922392241362.0,2554162900537787.5,2547310868518781.0,2540365089890201.0,2533324341464041.5,2526187382938034.5,2518952956674424.0,2511619787478071.0,2504186582374037.0,2496652030384829.0,2489014802307488.0,2481273550490714.0,2473426908612267.5,2465473491456844.0,2457411894694689.5,2449240694661233.0,2440958448137989.5,2432563692135064.5,2424054943675583.0,2415430699582370.0,2406689436267279.0,2397829609523565.0,2388849654321700.0,2379747984609118.0,2370522993114354.0,2361173051156089.0,2351696508457667.0,2342091692967648.5,2332356910687045.0,2322490445503879.0,2312490559035790.5,2302355490481441.5,2292083456481498.0,2281672650990080.0,2271121245157549.0,2260427387225614.0,2249589202435785.5,2238604792952240.5,2227472237800299.8,2216189592821694.8,2204754890647981.5,2193166140693453.5,2181421329169048.2,2169518419118808.8,2157455350480568.5,2145230040172620.0,2132840382208255.8,2120284247840163.0,2107559485736802.2,2094663922193004.2,2081595361377181.5,2068351585617689.5,2054930355731008.2,2041329411394626.0,2027546471567642.5,2013579234962297.0,1999425380569854.5,1985082568244485.0,1970548439348932.0,1955820617466122.0,1940896709180994.5,1925774304937185.2,1910450979973442.5,1894924295344934.0,1879191799034995.2,1863251027163108.2,1847099505295357.5,1830734749863902.2,1814154269702494.2,1797355567705425.2,1780336142617784.2,1763093490965418.0,1745625109133410.2,1727928495602562.5,1710001153353844.5,1691840592451449.8,1673444332815741.2,1654809907198056.2,1635934864370103.2,1616816772541443.8,1597453223019423.8,1577841834126770.5,1557980255393063.0,1537866172037231.2,1517497309759371.5,1496871439861250.5,1475986384716103.8,1454840023609609.2,1433430298975272.2,1411755223048939.0,1389812884968644.2,1367601458347674.5,1345119209350473.5,1322364505302811.0,1299335823869677.0,1276031762836380.5,1252451050530586.2,1228592556925384.5,1204455305465949.0,1180038485665049.2,1155341466515456.8,1130363810770316.5,1105105290145695.6,1079565901502956.5,1053745884072089.2,1027645737781051.5,1001266242760062.5,974608480094188.2,947673853901981.0,920464114822787.1,892981385000371.2,865228184655893.5,837207460348952.5,808922615031357.4,780377540004723.8,751576648899541.0,722524913800542.5,693227903650541.8,663691825072724.8,633923565759669.8,603930740585901.5,573721740609878.8,543305785140778.5,512692977055303.75,481894361560062.5,450921988605790.25,419788979170832.0,388509595642755.25,357099316538920.25,325574915818936.25,293954547054443.5,262257832734319.0,230505958996156.75,198721776087737.5,166929904874921.25,135156849724801.25,103431118105086.25,71783347251968.0,40246438269253.5,8855698030627.0,-22351010735450.75,-53333110793380.75,-84047142792992.25,-114446588320086.25,-144481683222754.5,-174099220841184.5,-203242344784776.0,-231850330924067.25,-259858358297893.25,-287197268680106.25,-313793314607482.0,-339567895743613.0,-364437283545896.5,-388312334317692.75,-411098190869673.5,-432693973188221.75,-452992458719988.0,-471879753136765.25,-489234952750596.25,-504929800112549.75,-518828334757436.0,-530786541556645.0,-540651999716622.0,-548263536109690.75,-553450887337770.0,-556034375682417.25,-555824604836443.5,-552622181950921.75,-546217472907638.75,-536390397574636.75,-522910270685262.25,-505535691193302.0,-484014477367627.25,-458083634696236.5,-427469326007534.75,-391886783542082.25,-351040053817462.0,-304621386605031.0,-252309951090569.5,-193769356698086.5,-128643127970775.75,-56546761575863.5,22945830632831.25,110324981644337.0,206182526237711.0,311272194708003.0,426606151754995.75,553606824724830.25,694340458203611.2,851864282836511.0,1030713028313662.2,1237507832066966.0,1481547532652745.0,1775072181609867.2,2133635472344259.8,2586068532334526.5,3263486509718172.0,4906994904656678.0,9797954714418324.0,0.0
7395.0,3122739567139783.0,3121917101707289.0,3121070783444480.0,3120200320065889.5,3119305415408791.5,3118385769374884.0,3117441077870998.0,3116471032748810.5,3115475321743533.5,3114453628411577.0,3113405632067155.0,3112331007717821.0,3111229425998908.0,3110100553106860.0,3108944050731430.0,3107759575986724.5,3106546781341075.0,3105305314545715.5,3104034818562238.5,3102734931488817.5,3101405286485160.0,3100045511696187.0,3098655230174385.5,3097234059800852.0,3095781613204957.0,3094297497682641.5,3092781315113309.0,3091232661875267.0,3089651128759732.0,3088036300883338.0,3086387757599131.0,3084705072406030.0,3082987812856718.0,3081235540463940.5,3079447810605166.0,3077624172425609.0,3075764168739561.0,3073867335930005.0,3071933203846486.0,3069961295701201.0,3067951127963291.0,3065902210251275.5,3063814045223626.0,3061686128467418.0,3059517948385053.5,3057308986078999.0,3055058715234511.0,3052766602000317.5,3050432104867210.5,3048054674544523.0,3045633753834441.0,3043168777504131.0,3040659172155614.0,3038104356093388.0,3035503739189721.5,3032856722747602.0,3030162699361285.0,3027421052774420.5,3024631157735690.0,3021792379851935.0,3018904075438720.0,3015965591368299.0,3012976264914922.0,3009935423597474.5,3006842385019356.0,3003696456705595.5,3000496935937139.0,2997243109582266.0,2993934253925092.0,2990569634491101.5,2987148505869689.0,2983670111533626.0,2980133683655442.0,2976538442920644.0,2972883598337750.0,2969168347045072.0,2965391874114213.0,2961553352350219.0,2957651942088356.0,2953686790987439.0,2949657033819701.0,2945561792257113.0,2941400174654152.0,2937171275826931.0,2932874176828678.0,2928507944721501.5,2924071632344396.0,2919564278077461.0,2914984905602270.0,2910332523658363.0,2905606125795816.0,2900804690123852.0,2895927179055451.0,2890972539047925.0,2885939700339431.5,2880827576681374.0,2875635065066690.5,2870361045453965.5,2865004380487375.5,2859563915212417.0,2854038476787424.5,2848426874190838.0,2842727897924234.0,2836940319711083.0,2831062892191264.5,2825094348611306.0,2819033402510382.0,2812878747402070.0,2806629056451878.0,2800282982150591.0,2793839155983428.0,2787296188095094.0,2780652666950743.0,2773907158992918.0,2767058208294529.0,2760104336207953.0,2753044041010332.0,2745875797545162.5,2738598056860307.0,2731209245842514.0,2723707766848625.0,2716091997333576.5,2708360289475404.0,2700510969797398.0,2692542338787643.0,2684452670516138.0,2676240212249763.0,2667903184065338.0,2659439778461076.0,2650848159966746.0,2642126464752876.0,2633272800239384.0,2624285244704019.0,2615161846891076.0,2605900625620822.0,2596499569400167.0,2586956636035122.0,2577269752245627.0,2567436813283400.0,2557455682553478.0,2547324191240202.5,2537040137938432.5,2526601288290838.5,2516005374632200.0,2505250095641678.5,2494333116004127.0,2483252066081557.0,2472004541595993.0,2460588103324985.0,2449000276811185.0,2437238552087482.0,2425300383419257.0,2413183189065513.5,2400884351060635.0,2388401215018794.0,2375731089963043.0,2362871248181326.0,2349818925111814.0,2336571319260079.5,2323125592150842.0,2309478868317185.0,2295628235330346.5,2281570743873385.0,2267303407862276.0,2252823204618179.5,2238127075094956.8,2223211924166174.2,2208074620976250.0,2192711999360593.5,2177120858339989.5,2161297962694800.5,2145240043624938.2,2128943799501969.0,2112405896720106.5,2095622970653355.0,2078591626726499.0,2061308441608166.5,2043769964534780.0,2025972718774732.5,2007913203242800.8,1989587894275471.5,1970993247578550.2,1952125700359195.0,1932981673655341.2,1913557574876334.8,1893849800569513.2,1873854739428504.2,1853568775559988.2,1832988292026901.2,1812109674687138.2,1790929316348233.2,1769443621259727.2,1747649009966522.5,1725541924547991.8,1703118834269342.0,1680376241673484.5,1657310689143573.8,1633918765968421.2,1610197115945158.0,1586142445555822.2,1561751532757077.5,1537021236424850.0,1511948506498554.2,1486530394872567.5,1460764067085858.0,1434646814864101.8,1408176069572317.5,1381349416639965.5,1354164611024673.2,1326619593785198.8,1298712509839070.5,1270441726985397.2,1241805856278833.5,1212803773846488.0,1183434644245742.5,1153697945467598.5,1123593495697217.1,1093121481950799.0,1062282490716038.5,1031077540731832.9,999508118052087.9,967576213548099.6,935284363014261.9,902635690052825.2,869633951924994.5,836283588568025.0,802589774990994.4,768558477275837.8,734196512424811.2,699511612311094.0,664512492005557.0,629208922769944.8,593611810024839.0,557733276619776.0,521586751752809.25,485187065907578.25,448550552197594.0,411695154529858.25,374640543023111.5,337408237139760.75,300021737014767.25,262506663489305.5,224890907381575.5,187204788551413.75,149481225338958.0,111755914980053.75,74067525621641.25,36457900578338.5,-1027724514209.75,-38340490984220.5,-75427672178830.75,-112232413626521.0,-148693457660102.5,-184744851883078.5,-220315640909047.0,-255329540872503.0,-289704596305260.25,-323352819102696.0,-356179809476287.75,-388084359013747.75,-418958036257478.25,-448684755581034.25,-477140330609004.25,-504192014008646.25,-529698026204652.0,-553507076456625.0,-575457880817674.8,-595378682783985.2,-613086783962284.2,-628388093816134.0,-641076709453616.2,-650934538362964.8,-657730978729806.5,-661222672987117.8,-661153349662389.0,-657253764814933.8,-649241744647548.8,-636822310478630.8,-619687828001761.8,-597518050601744.0,-569979797313755.8,-536725778293110.5,-497391682915849.25,-451589954768657.0,-398897482456146.0,-338832374845156.5,-270811457521121.0,-194074130573484.75,-107548228945847.25,-9617449805726.25,102273927559541.5,232271498683271.25,387114338681238.25,577455448723883.2,818764091876013.8,1128498169743702.5,1509220897507402.0,1905433417394982.8,2296341490629963.5,4259941456871384.0,0.0
7392.5,3318588725739051.0,3318429682121365.5,3318250325930227.0,3318050387721528.0,3317829594296327.0,3317587668641626.0,3317324329870093.0,3317039293158705.0,3316732269686310.5,3316402966570060.0,3316051086800716.0,3315676329176790.5,3315278388237510.0,3314856954194563.5,3314411712862639.0,3313942345588687.0,3313448529179906.5,3312929935830452.0,3312386233046778.0,3311817083571643.0,3311222145306737.0,3310601071233874.0,3309953509334777.0,3309279102509364.0,3308577488492565.0,3307848299769586.0,3307091163489636.0,3306305701378049.0,3305491529646799.0,3304648258903347.0,3303775494057815.0,3302872834228429.0,3301939872645212.0,3300976196551881.5,3299981387105929.0,3298955019276820.0,3297896661742310.0,3296805876782809.0,3295682220173769.5,3294525241076056.0,3293334481924256.0,3292109478312884.0,3290849758880445.0,3289554845191310.0,3288224251615354.0,3286857485205325.0,3285454045571878.0,3284013424756255.0,3282535107100519.0,3281018569115345.0,3279463279345284.0,3277868698231451.0,3276234277971596.0,3274559462377503.0,3272843686729659.0,3271086377629127.0,3269286952846599.5,3267444821168529.0,3265559382240323.0,3263630026406503.5,3261656134547805.0,3259637077915119.0,3257572217960237.0,3255460906163336.0,3253302483857113.0,3251096282047532.5,3248841621231099.0,3246537811208584.5,3244184150895160.0,3241779928126831.0,3239324419463126.0,3236816889985950.0,3234256593094538.0,3231642770296416.5,3228974650994309.0,3226251452268894.0,3223472378657350.0,3220636621927574.5,3217743360848033.0,3214791760953118.0,3211780974303955.0,3208710139244546.0,3205578380153184.0,3202384807189035.0,3199128516033786.0,3195808587628295.5,3192424087904114.5,3188974067509814.0,3185457561532010.0,3181873589210972.0,3178221153650752.0,3174499241523697.5,3170706822769269.0,3166842850287053.0,3162906259623866.5,3158895968654850.0,3154810877258448.0,3150649866985159.5,3146411800719975.0,3142095522338363.0,3137699856355731.5,3133223607570228.0,3128665560698793.5,3124024480006352.0,3119299108928027.5,3114488169684283.0,3109590362888891.0,3104604367149594.5,3099528838661393.0,3094362410792330.0,3089103693661671.0,3083751273710401.5,3078303713263917.0,3072759550086822.0,3067117296929759.5,3061375441068136.5,3055532443832722.0,3049586740131975.0,3043536737966066.0,3037380817932495.0,3031117332723248.0,3024744606613428.0,3018260934941307.0,3011664583579741.5,3004953788398930.0,2998126754720454.0,2991181656762618.5,2984116637077025.5,2976929805976450.0,2969619240953968.0,2962182986093398.0,2954619051471090.0,2946925412549112.0,2939100009559913.0,2931140746882559.0,2923045492410644.0,2914812076912031.0,2906438293380548.5,2897921896379869.0,2889260601379749.0,2880452084084886.0,2871493979756671.0,2862383882528125.0,2853119344712399.5,2843697876105201.0,2834116943281574.0,2824373968887525.5,2814466330927025.0,2804391362044936.0,2794146348806544.0,2783728530974377.0,2773135100783058.0,2762363202213086.5,2751409930264399.0,2740272330230768.0,2728947396976088.0,2717432074213752.5,2705723253790398.0,2693817774975430.0,2681712423757816.0,2669403932151816.0,2656888977513408.0,2644164181869340.5,2631226111260886.0,2618071275104532.5,2604696125572066.0,2591097056992614.5,2577270405279529.0,2563212447385097.0,2548919400786412.0,2534387423005893.5,2519612611170295.0,2504591001612293.0,2489318569519049.0,2473791228632521.0,2458004831006612.0,2441955166826643.0,2425637964297089.5,2409048889603883.0,2392183546958140.0,2375037478728635.0,2357606165670903.5,2339885027261432.0,2321869422146044.0,2303554648712237.5,2284935945795972.0,2266008493534167.0,2246767414375014.5,2227207774259094.5,2207324583985234.2,2187112800776092.5,2166567330059538.0,2145683027483092.5,2124454701179936.8,2102877114306400.2,2080944987872266.0,2058653003886792.8,2035995808845093.0,2012968017581231.2,1989564217516416.0,1965778973332718.2,1941606832104948.0,1917042328925805.2,1892079993061900.5,1866714354681101.0,1840939952194546.2,1814751340259949.0,1788143098496156.8,1761109840962672.5,1733646226461786.2,1705746969725174.2,1677406853551440.2,1648620741965904.2,1619383594479284.5,1589690481527446.5,1559536601180583.2,1528917297216575.0,1497828078660346.0,1466264640898494.5,1434222888486470.2,1401698959774288.5,1368689253485942.5,1335190457397601.0,1301199579270349.0,1266713980204580.0,1231731410595356.5,1196250048881089.5,1160268543291933.5,1123786056819119.0,1086802315642511.1,1049317661270676.4,1011333106665918.6,972850396646172.6,933872072876240.8,894401543782792.2,854443159750884.4,814002293984425.2,773085429439108.0,731700252263958.8,689855752216665.9,647562330548305.8,604831915884994.0,561678088667181.75,518116214741707.0,474163588737132.75,429839587889087.0,385165837018915.75,340166385405421.75,294867896325441.75,249299850073157.5,203494761299956.25,157488411544273.5,111320097842905.0,65032898329025.5,18673955724847.0,-27705220375677.0,-74048431571238.25,-120294448261208.0,-166376646088327.25,-212222620647789.75,-257753780095483.5,-302884915568008.5,-347523749709568.75,-391570464116914.75,-434917207203230.75,-477447584897080.25,-519036137799983.0,-559547810012242.25,-598837416911185.5,-636749121869590.5,-673115935411325.8,-707759254835545.0,-740488468166342.2,-771100653711798.5,-799380415883001.5,-825099909544852.8,-848019119223960.8,-867886475770362.0,-884439910433145.5,-897408461664155.8,-906514556117787.0,-911477066791375.8,-912015176041076.0,-907852874636605.0,-898723481335648.8,-884372617028732.8,-864556117864025.0,-839025463383292.5,-807485593321577.5,-769495065356892.2,-724250347899627.5,-670145843389545.5,-603925118663212.0,-519190156212842.75,-404400375252538.25,-243340638678419.38,-36478629230446.75,65543249564767.0,-832580433725446.4,-5254695744277584.0,0.0
7390.0,3507099070820519.5,3507601952665792.0,3508088256587182.0,3508557739865829.0,3509010156223715.5,3509445255765020.0,3509862784916363.0,3510262486365947.0,3510644099001569.0,3511007357847445.5,3511351993999887.5,3511677734561735.5,3511984302575585.0,3512271416955731.0,3512538792418840.0,3512786139413301.5,3513013164047242.0,3513219568015163.0,3513405048523189.5,3513569298212883.0,3513712005083601.0,3513832852413360.5,3513931518678190.0,3514007677469920.0,3514060997412391.0,3514091142076042.0,3514097769890837.5,3514080534057515.5,3514039082457095.0,3513973057558630.5,3513882096325161.5,3513765830117812.5,3513623884598029.0,3513455879627876.0,3513261429168384.0,3513040141175886.0,3512791617496299.0,3512515453757325.0,3512211239258497.0,3511878556859052.5,3511516982863561.0,3511126086905274.5,3510705431827149.0,3510254573560465.0,3509773061001029.0,3509260435882876.0,3508716232649423.0,3508139978322025.5,3507531192365871.0,3506889386553156.0,3506214064823482.5,3505504723141412.0,3504760849351114.0,3503981923028058.0,3503167415327647.0,3502316788830770.0,3501429497386173.0,3500504985949582.0,3499542690419521.0,3498542037469728.0,3497502444378110.0,3496423318852156.5,3495304058850722.0,3494144052402104.0,3492942677418336.0,3491699301505600.0,3490413281770676.0,3489083964623348.0,3487710685574650.5,3486292769030895.0,3484829528083352.0,3483320264293499.5,3481764267473748.0,3480160815463524.5,3478509173900616.0,3476808595987667.0,3475058322253724.0,3473257580310691.5,3471405584604631.0,3469501536161727.0,3467544622328849.0,3465534016508559.0,3463468877888444.0,3461348351164651.0,3459171566259487.0,3456937638032943.0,3454645665988027.5,3452294733969735.0,3449883909857538.0,3447412245251236.0,3444878775150012.0,3442282517624555.0,3439622473482083.0,3436897625924102.0,3434106940196752.5,3431249363233559.0,3428323823290431.5,3425329229572713.0,3422264471854152.0,3419128420087540.0,3415919924006915.5,3412637812721074.0,3409280894298231.0,3405847955341641.0,3402337760555952.0,3398749052304113.0,3395080550154620.0,3391330950418889.0,3387498925678534.5,3383583124302362.0,3379582169952815.0,3375494661081681.5,3371319170414811.0,3367054244425628.0,3362698402797193.0,3358250137872565.0,3353707914093243.0,3349070167425421.5,3344335304773829.0,3339501703382871.5,3334567710224853.0,3329531641374994.0,3324391781373010.0,3319146382570954.0,3313793664467106.0,3308331813025588.5,3302758979981492.5,3297073282131199.0,3291272800607673.5,3285355580140414.0,3279319628299835.0,3273162914725763.0,3266883370339838.0,3260478886541493.5,3253947314387306.5,3247286463753407.0,3240494102480749.0,3233567955502925.0,3226505703956340.0,3219304984272467.0,3211963387251975.0,3204478457120491.0,3196847690565798.0,3189068535756268.5,3181138391340343.0,3173054605426880.0,3164814474546233.0,3156415242591914.0,3147854099742726.0,3139128181365280.0,3130234566896819.0,3121170278708330.5,3111932280947925.5,3102517478364506.0,3092922715111820.0,3083144773532966.0,3073180372925531.0,3063026168287556.5,3052678749044574.0,3042134637758051.0,3031390288815600.0,3020442087103412.0,3009286346661445.5,2997919309321969.0,2986337143332162.0,2974535941961566.0,2962511722095297.5,2950260422814042.0,2937777903961959.0,2925059944703804.0,2912102242072678.0,2898900409509993.0,2885449975399441.0,2871746381596874.0,2857784981958293.0,2843561040868288.0,2829069731771555.0,2814306135710346.0,2799265239871030.0,2783941936143162.5,2768331019694893.5,2752427187568796.0,2736225037302645.0,2719719065580059.0,2702903666916364.0,2685773132385520.0,2668321648394487.5,2650543295511919.0,2632432047358755.0,2613981769568846.0,2595186218828541.0,2576039042004850.0,2556533775372686.0,2536663843952537.0,2516422560970876.5,2495803127456725.0,2474798631988779.0,2453402050608865.5,2431606246918685.5,2409403972378266.0,2386787866826082.0,2363750459242395.0,2340284168779211.5,2316381306082103.5,2292034074931284.5,2267234574231495.0,2241974800382745.0,2216246650066494.8,2190041923484735.5,2163352328092429.5,2136169482867080.8,2108484923162716.8,2080290106199421.0,2051576417243681.8,2022335176539213.2,1992557647052825.5,1962235043104982.0,1931358539960353.2,1899919284459695.0,1867908406780831.0,1835317033423591.8,1802136301521065.0,1768357374587669.2,1733971459823319.2,1698969827102365.8,1663343829786165.8,1627084927509009.5,1590184711098912.8,1552634929807337.0,1514427521035452.0,1475554642759064.5,1436008708869914.0,1395782427667645.0,1354868843754690.8,1313261383605262.5,1270953905100070.2,1227940751340033.8,1184216809075395.8,1139777572111117.5,1094619210075549.5,1048738642966875.1,1002133621920895.9,954802816674413.9,906745910230517.4,857963701265653.8,808458214853334.1,758232822115302.4,707292369448094.6,655643318010569.6,603293894195772.5,550254251847972.0,496536647021788.0,442155626114188.5,387128228230060.0,331474202666190.5,275216242414154.25,218380234586156.0,160995528654385.5,103095223357722.25,44716473060141.5,-14099185768445.75,-73305487453017.25,-132851069158192.5,-192679082211792.75,-252726783371436.0,-312925107442938.75,-373198223699611.25,-433463079999515.75,-493628940508354.0,-553596925725809.75,-613259567386023.2,-672500396186229.2,-731193587797200.0,-789203703089478.2,-846385573213176.5,-902584400895287.0,-957636178692109.0,-1011368566805248.9,-1063602433107934.6,-1114154344575794.2,-1162840424563389.0,-1209482171822672.5,-1253915099116440.5,-1296001423241148.0,-1335648559424822.5,-1372835865409643.5,-1407652912554173.0,-1440353328056047.0,-1471428275534786.5,-1501701015649833.5,-1532433696592130.2,-1565406795388135.0,-1602849376053118.5,-1646897638115063.8,-1697857664617045.5,-1750335465836593.2,-1791373452407296.8,-1856843229258654.0,-2592143151379329.0,-8430958143467662.0,0.0
7387.5,3686940701730759.0,3688095584912299.0,3689237745800869.0,3690366971493204.5,3691483045785914.0,3692585749118748.5,3693674858516773.0,3694750147531412.5,3695811386180361.0,3696858340886304.0,3697890774414456.0,3698908445808868.5,3699911110327493.0,3700898519375958.0,3701870420440051.0,3702826557016858.0,3703766668544545.0,3704690490330743.0,3705597753479510.5,3706488184816836.5,3707361506814660.0,3708217437513365.5,3709055690442718.0,3709875974541222.0,3710677994073836.0,3711461448548041.0,3712226032628199.0,3712971436048177.0,3713697343522193.0,3714403434653849.0,3715089383843293.0,3715754860192493.0,3716399527408562.0,3717023043705092.5,3717625061701453.0,3718205228320015.0,3718763184681241.0,3719298565996595.0,3719811001459236.0,3720300114132416.0,3720765520835559.5,3721206832027942.0,3721623651689947.0,3722015577201800.0,3722382199219768.5,3722723101549722.0,3723037861018035.5,3723326047339733.5,3723587222983841.5,3723820943035854.5,3724026755057272.5,3724204198942124.5,3724352806770408.0,3724472102658381.0,3724561602605616.5,3724620814338755.0,3724649237151871.5,3724646361743371.0,3724611670049342.0,3724544635073258.5,3724444720711985.0,3724311381577937.5,3724144062817363.0,3723942199924603.5,3723705218552276.5,3723432534317242.0,3723123552602282.5,3722777668353376.0,3722394265872453.0,3721972718605531.5,3721512388926124.0,3721012627913773.5,3720472775127637.0,3719892158374962.0,3719270093474340.0,3718605884013621.0,3717898821102334.0,3717148183118480.0,3716353235449598.0,3715513230227887.0,3714627406059298.0,3713694987746432.0,3712715186005059.0,3711687197174132.0,3710610202919123.0,3709483369928500.0,3708305849603189.0,3707076777738835.0,3705795274200679.5,3704460442590874.0,3703071369908030.0,3701627126198810.0,3700126764201370.0,3698569318980415.5,3696953807553701.0,3695279228509708.5,3693544561616320.0,3691748767420220.0,3689890786836817.0,3687969540730429.0,3685983929484481.0,3683932832561462.0,3681815108052379.0,3679629592215448.0,3677375099003707.0,3675050419581327.0,3672654321828266.0,3670185549833011.0,3667642823373092.0,3665024837383016.5,3662330261409362.0,3659557739052641.0,3656705887395618.0,3653773296417740.0,3650758528395296.5,3647660117286961.5,3644476568104325.0,3641206356267039.0,3637847926942174.0,3634399694367373.0,3630860041157401.0,3627227317593646.0,3623499840896142.0,3619675894477657.0,3615753727179400.5,3611731552487846.0,3607607547732237.0,3603379853262220.5,3599046571605150.0,3594605766602511.0,3590055462524954.0,3585393643165382.0,3580618250909533.0,3575727185783504.0,3570718304477628.5,3565589419346099.0,3560338297381766.0,3554962659165441.0,3549460177789125.5,3543828477752480.5,3538065133831906.0,3532167669921539.0,3526133557845509.0,3519960216140730.0,3513645008809554.0,3507185244041533.5,3500578172903585.5,3493820987997810.0,3486910822086196.0,3479844746681480.0,3472619770603364.0,3465232838499301.0,3457680829329098.0,3449960554812504.5,3442068757838995.0,3434002110838945.0,3425757214115380.0,3417330594135487.5,3408718701781089.0,3399917910557246.0,3390924514758190.5,3381734727589798.0,3372344679247784.0,3362750414950864.0,3352947892928087.0,3342932982359606.0,3332701461270152.0,3322249014374514.0,3311571230874329.0,3300663602205580.0,3289521519736168.0,3278140272413026.0,3266515044358287.0,3254640912414029.5,3242512843635288.0,3230125692730981.5,3217474199452597.0,3204552985930492.0,3191356553957831.5,3177879282222278.5,3164115423485687.0,3150059101712197.0,3135704309145335.5,3121044903334804.5,3106074604113991.0,3090786990529315.0,3075175497722860.5,3059233413769965.0,3042953876473782.0,3026329870119091.0,3009354222188058.0,2992019600040977.0,2974318507565532.5,2956243281798482.0,2937786089524299.0,2918938923855779.0,2899693600802288.0,2880041755831986.0,2859974840435086.0,2839484118696029.0,2818560663883340.0,2797195355066834.5,2775378873772981.0,2753101700690249.0,2730354112437616.0,2707126178410673.0,2683407757721292.0,2659188496248377.5,2634457823818981.0,2609204951540946.0,2583418869310278.0,2557088343518704.5,2530201914989258.5,2502747897170383.0,2474714374621883.5,2446089201829151.0,2416860002385412.0,2387014168585392.0,2356538861477709.5,2325421011427532.0,2293647319245649.0,2261204257945038.0,2228078075191354.5,2194254796519580.5,2159720229395209.8,2124459968205132.2,2088459400270483.0,2051703712981573.8,2014177902163202.2,1975866781787646.0,1936754995162137.0,1896827027727788.5,1856067221617870.8,1814459792134911.8,1771988846318409.2,1728638403788130.0,1684392420061757.0,1639234812560428.8,1593149489531128.8,1546120382131268.5,1498131479937855.8,1449166870161550.2,1399210780864629.2,1348247628501201.2,1296262070118131.2,1243239060575846.5,1189163915169369.5,1134022378051564.2,1077800696882620.5,1020485704151725.2,962064905638975.6,902526576507185.0,841859865534164.4,780054908015882.0,717102947888785.4,652996469634908.6,587729340544436.0,521296963915800.25,453696443769995.0,384926761639643.75,314988965958820.5,243886374517520.5,171624790342466.0,98212731204783.75,23661672707027.5,-52013695472966.5,-128795201165447.75,-206660910937454.0,-285584844018219.5,-365536683789578.5,-446481494381942.6,-528379453844344.75,-611185621136090.8,-694849762710423.9,-779316277082227.1,-864524274573866.5,-950407897663799.4,-1036897010162483.5,-1123918449072366.5,-1211398134912699.0,-1299264496687263.8,-1387453923423202.5,-1475919366972165.0,-1564643893842584.2,-1653662089971661.0,-1743094048617586.2,-1833199689222917.2,-1924466120648034.5,-2017748835923521.2,-2114500298656882.5,-2217138398753176.5,-2329630322033051.0,-2458374785685836.0,-2613361799793987.5,-2808975621251757.0,-3061095882097040.5,-3366179019019113.5,-3607279867371069.0,-3237597158203125.0,-1341863352833756.8,0.0
7385.0,3856810204284657.5,3858598662646187.5,3860378298463943.5,3862148930866795.5,3863910375994115.0,3865662446942156.0,3867404953709343.0,3869137703140474.0,3870860498869783.0,3872573141262849.5,3874275427357350.0,3875967150802568.5,3877648101797723.0,3879318067028983.0,3880976829605232.0,3882624168992503.5,3884259860947056.0,3885883677447088.0,3887495386623029.0,3889094752686391.0,3890681535857143.0,3892255492289574.5,3893816373996614.0,3895363928772559.0,3896897900114203.0,3898418027140282.0,3899924044509242.0,3901415682335277.0,3902892666102565.5,3904354716577711.0,3905801549720319.0,3907232876591652.0,3908648403261359.0,3910047830712184.5,3911430854742646.0,3912797165867613.5,3914146449216751.0,3915478384430749.0,3916792645555324.0,3918088900932904.0,3919366813091965.0,3920626038633936.0,3921866228117655.0,3923087025941263.0,3924288070221519.0,3925468992670447.0,3926629418469261.5,3927768966139491.0,3928887247411258.5,3929983867088600.0,3931058422911813.0,3932110505416695.0,3933139697790637.5,3934145575725489.0,3935127707267089.5,3936085652661416.0,3937018964197237.0,3937927186045192.5,3938809854093213.0,3939666495778182.0,3940496629913747.0,3941299766514176.0,3942075406614167.5,3942823042084504.5,3943542155443449.0,3944232219663762.0,3944892697975243.0,3945523043662673.0,3946122699859034.0,3946691099333888.0,3947227664276795.5,3947731806075634.0,3948202925089681.0,3948640410417344.5,3949043639658371.0,3949411978670412.0,3949744781319787.0,3950041389226281.0,3950301131501842.0,3950523324482998.0,3950707271456829.5,3950852262380328.0,3950957573592957.0,3951022467522251.0,3951046192382236.0,3951027981864508.0,3950967054821751.5,3950862614943493.0,3950713850423893.5,3950519933621354.0,3950280020709699.5,3949993251320733.5,3949658748177911.0,3949275616720886.0,3948842944720694.0,3948359801885293.5,3947825239455216.0,3947238289789038.0,3946597965938397.0,3945903261212264.0,3945153148730161.0,3944346580964031.0,3943482489268415.0,3942559783398646.0,3941577351016677.5,3940534057184237.0,3939428743842922.0,3938260229280865.0,3937027307585607.0,3935728748082770.0,3934363294760120.0,3932929665676614.0,3931426552355992.0,3929852619164473.0,3928206502672096.0,3926486810997222.5,3924692123133746.5,3922820988260463.0,3920871925032113.0,3918843420851567.0,3916733931122565.5,3914541878482496.0,3912265652014585.0,3909903606438912.5,3907454061281631.0,3904915300021741.0,3902285569214757.0,3899563077592595.5,3896745995138962.0,3893832452139518.5,3890820538206095.0,3887708301274139.0,3884493746572646.0,3881174835565707.0,3877749484864870.0,3874215565111393.0,3870570899827528.0,3866813264235872.0,3862940384045854.0,3858949934206338.0,3854839537623350.0,3850606763841861.5,3846249127690531.0,3841764087888317.0,3837149045611775.0,3832401343021871.0,3827518261749068.5,3822497021335437.0,3817334777632463.0,3812028621153238.5,3806575575377624.0,3800972595008969.0,3795216564180913.5,3789304294612757.0,3783232523711837.0,3776997912621309.5,3770597044211668.0,3764026421014297.5,3757282463095331.5,3750361505867972.0,3743259797841442.0,3735973498304643.0,3728498674942571.0,3720831301383451.0,3712967254674527.0,3704902312684379.0,3696632151429562.0,3688152342323347.5,3679458349344212.0,3670545526121781.0,3661409112937734.0,3652044233639220.5,3642445892462264.0,3632608970762502.0,3622528223650657.5,3612198276529985.5,3601613621532946.0,3590768613854256.5,3579657467977468.0,3568274253792105.0,3556612892598405.0,3544667152996640.0,3532430646657917.5,3519896823973402.0,3507058969578790.0,3493910197750875.0,3480443447673037.0,3466651478566436.0,3452526864683730.0,3438061990162099.0,3423249043732417.0,3408080013281390.0,3392546680263590.5,3376640613960278.0,3360353165582070.0,3343675462212541.0,3326598400589994.0,3309112640724724.0,3291208599349332.5,3272876443199747.5,3254106082124912.5,3234887162023281.5,3215209057604600.0,3195060864975759.0,3174431394049867.0,3153309160778154.0,3131682379204739.0,3109538953344863.0,3086866468887770.5,3063652184726074.5,3039883024314199.0,3015545566859271.0,2990626038348771.0,2965110302420205.0,2938983851079162.0,2912231795273331.0,2884838855331315.5,2856789351276535.0,2828067193028042.5,2798655870501753.0,2768538443627423.5,2737697532298626.5,2706115306275163.0,2673773475059531.0,2640653277771530.0,2606735473047694.0,2572000328994902.0,2536427613230492.0,2499996583044222.5,2462685975720573.0,2424473999063275.5,2385338322167328.5,2345256066487288.5,2304203797254257.0,2262157515297485.0,2219092649330247.5,2174984048763012.5,2129805977110435.0,2083532106061803.0,2036135510287532.8,1987588663056801.5,1937863432743463.8,1886931080298958.0,1834762257771626.2,1781327007951992.8,1726594765222669.0,1670534357689752.0,1613114010669781.2,1554301351602574.8,1494063416455454.2,1432366657678973.8,1369176953768223.0,1304459620477958.0,1238179423734463.0,1170300594283617.2,1100786844114032.5,1029601384698385.0,956706947107145.8,882065804069790.5,805639794092212.8,727390347789518.0,647278516664588.6,565265004658995.9,481310202927846.9,395374228446193.1,307416967241253.25,217398123256398.0,125277274074908.12,31013934935885.25,-65432367390055.375,-164102009317390.62,-265035172522766.12,-368271732991969.4,-473851138380229.25,-581812278254013.2,-692193357479087.8,-805031792833508.8,-920364169671410.1,-1038226324068242.0,-1158653665117367.5,-1281681937801156.5,-1407348778167234.0,-1535696682850737.0,-1666778502941431.0,-1800667459888145.5,-1937475304228972.0,-2077385214333368.2,-2220711499323322.5,-2368008225102446.5,-2520267399638849.0,-2679281432193595.0,-2848306552934346.0,-3033270606834251.0,-3244915185098846.0,-3502238640568647.0,-3835928316801611.0,-4278121213614561.0,-4745974451067950.0,-4220956880506148.0,3919138794956534.0,0.0
7382.5,4015443609236034.0,4017838762005655.0,4020228957243077.0,4022614047392837.0,4024993882258986.5,4027368308955537.0,4029737171855864.0,4032100312541060.5,4034457569747205.0,4036808779311521.0,4039153774117423.5,4041492384038382.5,4043824435880619.5,4046149753324588.0,4048468156865206.5,4050779463750827.0,4053083487920901.0,4055380039942317.0,4057668926944364.0,4059949952552322.5,4062222916819594.0,4064487616158394.5,4066743843268944.0,4068991387067109.0,4071230032610488.0,4073459561022879.0,4075679749417104.0,4077890370816142.5,4080091194072532.0,4082281983786006.0,4084462500219305.0,4086632499212135.0,4088791732093224.5,4090939945590411.0,4093076881738751.5,4095202277786560.0,4097315866099357.5,4099417374061661.0,4101506523976571.0,4103583032963084.0,4105646612851099.0,4107696970074043.5,4109733805559043.5,4111756814614621.0,4113765686815804.0,4115760105886622.0,4117739749579899.0,4119704289554284.0,4121653391248448.0,4123586713752361.5,4125503909675604.0,4127404625012605.0,4129288499004741.0,4131155163999212.0,4133004245304626.0,4134835361043171.5,4136648121999318.0,4138442131464953.0,4140216985080835.0,4141972270674300.5,4143707568093095.0,4145422449035251.0,4147116476874879.0,4148789206483801.0,4150440184048873.5,4152068946884914.0,4153675023243099.0,4155257932114718.0,4156817183030152.5,4158352275852955.5,4159862700568889.0,4161347937069800.5,4162807454932172.5,4164240713190221.5,4165647160103375.0,4167026232918006.0,4168377357623214.0,4169699948700540.0,4170993408867416.0,4172257128814172.0,4173490486934452.0,4174692849048810.0,4175863568121329.5,4177001983969054.5,4178107422964027.0,4179179197727727.5,4180216606817702.0,4181218934406144.0,4182185449950215.0,4183115407853856.0,4184008047120845.0,4184862590998850.0,4185678246614230.0,4186454204597291.0,4187189638697724.0,4187883705389974.0,4188535543468181.0,4189144273630448.0,4189708998052080.0,4190228799947498.5,4190702743120463.5,4191129871502283.0,4191509208677648.0,4191839757397697.0,4192120499079967.0,4192350393294803.5,4192528377237834.0,4192653365188099.0,4192724247951356.0,4192739892288177.0,4192699140326299.5,4192600808956814.0,4192443689213642.5,4192226545635827.0,4191948115612072.5,4191607108707010.0,4191202205968598.0,4190732059216098.5,4190195290307985.0,4189590490389175.0,4188916219116938.0,4188171003864791.5,4187353338903701.0,4186461684559854.0,4185494466348267.0,4184450074081445.0,4183326860952315.0,4182123142590566.5,4180837196091591.5,4179467259017087.5,4178011528366444.0,4176468159517940.0,4174835265138768.0,4173110914062867.0,4171293130135515.0,4169379891023563.0,4167369126990209.0,4165258719633096.0,4163046500584543.5,4160730250172653.0,4158307696041943.0,4155776511732198.0,4153134315214102.5,4150378667380200.0,4147507070489676.0,4144516966565393.0,4141405735741542.0,4138170694560245.0,4134809094215339.0,4131318118741536.0,4127694883147088.5,4123936431487988.5,4120039734881693.0,4116001689458263.0,4111819114246748.5,4107488748994553.0,4103007251917423.0,4098371197377644.5,4093577073487903.0,4088621279638200.5,4083500123943095.0,4078209820606436.0,4072746487200687.0,4067106141857757.0,4061284700368210.0,4055277973185556.0,4049081662332232.5,4042691358203733.5,4036102536267215.5,4029310553650785.0,4022310645619497.0,4015097921933977.0,4007667363087402.5,4000013816416404.0,3992131992081327.0,3984016458911071.0,3975661640107553.5,3967061808804686.5,3958211083476534.0,3949103423189107.0,3939732622690075.5,3930092307330458.0,3920175927812083.0,3909976754754445.0,3899487873074306.5,3888702176171147.5,3877612359911328.5,3866210916403569.0,3854490127558031.0,3842442058421098.0,3830058550277570.0,3817331213511727.0,3804251420218458.0,3790810296555242.0,3776998714825503.0,3762807285283559.0,3748226347650957.0,3733245962333687.0,3717855901329437.0,3702045638813594.5,3685804341392424.0,3669120858011360.0,3651983709506052.0,3634381077783308.0,3616300794618751.0,3597730330057458.0,3578656780403575.0,3559066855784275.5,3538946867273126.0,3518282713557330.0,3497059867132929.0,3475263360011464.0,3452877768921129.0,3429887199984901.0,3406275272857552.0,3382025104302894.0,3357119291191957.0,3331539892902169.0,3305268413096915.0,3278285780864061.0,3250572331191283.0,3222107784755074.0,3192871226999395.0,3162841086478810.0,3131995112439723.5,3100310351612002.0,3067763124181651.5,3034328998913500.0,2999982767390755.0,2964698417335953.0,2928449104975141.5,2891207126403932.0,2852943887910428.0,2813629875205833.5,2773234621508489.5,2731726674421555.5,2689073561537664.0,2645241754696424.0,2600196632811566.5,2553902443174375.0,2506322261128267.0,2457417947995866.5,2407150107124663.0,2355478037899934.0,2302359687554116.5,2247751600580040.0,2191608865531391.8,2133885058967411.0,2074532186270644.2,2013500619036522.0,1950739028702761.5,1886194316055854.8,1819811536222789.0,1751533818731009.2,1681302282201357.0,1609055943231646.5,1534731619038199.2,1458263823456598.8,1379584655971118.8,1298623683557195.5,1215307815300123.8,1129561170016654.0,1041304937481908.5,950457234386730.6,856932956863833.8,760643632380992.6,661497275076353.0,559398250294457.75,454247156287201.06,345940733920451.7,234371818971490.7,119429356477450.44,998502961545.9375,-121039149275506.0,-246805180543314.94,-376423724774802.6,-510020543113691.4,-647721682747859.4,-789651576225926.8,-935930385156858.5,-1086670322586055.5,-1241970596645091.2,-1401910504263146.0,-1566540079344913.8,-1735867604927585.5,-1909843337170280.5,-2088339198619108.8,-2271125492162429.0,-2457848942170616.5,-2648023856678669.0,-2841064901217735.5,-3036427479852447.0,-3234008626143484.0,-3435168745699601.0,-3645222268253690.0,-3879223551309527.0,-4173413089724351.0,-4591495116211241.0,-5060904706081706.0,-3536212037207995.0,0.0
7380.0,4161629250103963.0,4164595933110293.5,4167561409539847.0,4170525565467155.5,4173488284699351.0,4176449448731382.5,4179408936700270.5,4182366625338367.0,4185322388925611.5,4188276099240739.0,4191227625511438.0,4194176834363411.0,4197123589768322.0,4200067752990611.0,4203009182533133.0,4205947734081604.5,4208883260447814.0,4211815611511593.5,4214744634161481.5,4217670172234094.5,4220592066452119.0,4223510154360936.0,4226424270263827.0,4229334245155720.0,4232239906655443.0,4235141078936465.0,4238037582656053.0,4240929234882839.5,4243815849022733.0,4246697234743154.0,4249573197895528.0,4252443540436022.0,4255308060344448.0,4258166551541317.5,4261018803802964.0,4263864602674729.0,4266703729382117.0,4269535960739897.0,4272361069059096.5,4275178822051800.0,4277988982733749.0,4280791309324641.5,4283585555146086.0,4286371468517160.0,4289148792647489.0,4291917265527805.0,4294676619817893.0,4297426582731867.0,4300166875920720.0,4302897215352057.5,4305617311186923.5,4308326867653696.0,4311025582918916.0,4313713148954987.0,4316389251404685.0,4319053569442359.5,4321705775631742.0,4324345535780294.5,4326972508789966.0,4329586346504300.5,4332186693551749.0,4334773187185133.5,4337345457117106.5,4339903125351540.0,4342445806010690.0,4344973105158064.0,4347484620616818.0,4349979941783614.0,4352458649437769.0,4354920315545586.5,4357364503059710.0,4359790765713400.5,4362198647809544.0,4364587684004274.0,4366957399085036.5,4369307307742965.5,4371636914339352.0,4373945712666102.0,4376233185699964.0,4378498805350358.0,4380742032200629.0,4382962315242520.0,4385159091603676.0,4387331786267974.0,4389479811788451.5,4391602567992646.5,4393699441680094.5,4395769806311760.0,4397813021691177.5,4399828433637022.0,4401815373646880.0,4403773158551952.0,4405701090162392.5,4407598454903035.5,4409464523439181.0,4411298550292169.0,4413099773444413.5,4414867413933560.0,4416600675435474.0,4418298743835666.5,4419960786788829.0,4421585953266100.0,4423173373089685.0,4424722156454419.0,4426231393435886.0,4427700153484652.0,4429127484906176.0,4430512414325963.0,4431853946139453.0,4433151061946210.0,4434402719967845.0,4435607854449221.0,4436765375042330.0,4437874166172340.5,4438933086385200.0,4439940967676204.5,4440896614798909.0,4441798804553741.0,4442646285055643.0,4443437774980047.0,4444171962786464.5,4444847505918962.0,4445463029982722.0,4446017127895915.5,4446508359016040.0,4446935248239850.0,4447296285076028.0,4447589922689616.5,4447814576917279.0,4447968625252384.0,4448050405798874.0,4448058216192848.0,4447990312490721.0,4447844908022821.0,4447620172211212.5,4447314229350486.0,4446925157350212.0,4446450986437724.0,4445889697819809.0,4445239222301856.0,4444497438862927.0,4443662173185212.0,4442731196136186.0,4441702222201784.0,4440572907868830.0,4439340849954853.0,4438003583883391.0,4436558581902780.0,4435003251246364.0,4433334932231937.0,4431550896298207.0,4429648343975917.5,4427624402791195.0,4425476125098596.0,4423200485841205.0,4420794380235031.0,4418254621374855.0,4415577937758522.0,4412760970726601.5,4409800271814137.0,4406692300011155.0,4403433418928389.5,4400019893864564.5,4396447888771415.0,4392713463112470.0,4388812568611429.5,4384741045885828.0,4380494620961446.5,4376068901662775.0,4371459373874619.0,4366661397669696.0,4361670203296915.5,4356480887024721.0,4351088406833702.5,4345487577952371.0,4339673068229785.0,4333639393338366.0,4327380911800017.0,4320891819828316.0,4314166145979230.0,4307197745602493.0,4299980295085416.0,4292507285880537.5,4284772018308126.0,4276767595124194.5,4268486914844175.0,4259922664812075.0,4251067314004369.5,4241913105557464.0,4232452049007049.0,4222675912227110.0,4212576213055828.5,4202144210595024.0,4191370896169149.0,4180246983929256.0,4168762901086648.0,4156908777760223.5,4144674436420818.0,4132049380915031.0,4119022785050228.0,4105583480721592.5,4091719945561113.0,4077420290087542.0,4062672244335329.5,4047463143939459.5,4031779915652067.0,4015609062265527.5,3998936646915480.0,3981748276735940.5,3964029085837324.0,3945763717576704.0,3926936306088115.5,3907530457039058.0,3887529227577629.0,3866915105432822.0,3845669987128600.5,3823775155270146.0,3801211254858468.5,3777958268587078.0,3753995491071765.0,3729301501961689.5,3703854137876859.0,3677630463113705.5,3650606739056817.5,3622758392230812.0,3594059980921983.0,3564485160294481.0,3534006645920464.0,3502596175637775.0,3470224469642161.0,3436861188713835.0,3402474890470137.5,3367032983527104.5,3330501679442782.5,3292845942304004.0,3254029435805914.0,3214014467659686.0,3172761931148365.5,3130231243633560.0,3086380281796438.0,3041165313375207.0,2994540925137483.0,2946459946799998.0,2896873370579313.0,2845730266025978.5,2792977689760759.0,2738560589695342.0,2682421703281689.0,2624501449294727.0,2564737812613104.0,2503066221424155.0,2439419416243886.0,2373727310114180.0,2305916839321483.0,2235911803980345.5,2163632697848813.8,2088996526802117.5,2011916615500061.5,1932302401961447.5,1850059220029901.8,1765088070112870.2,1677285379141014.8,1586542751484599.2,1492746713648405.5,1395778457040919.0,1295513585098963.2,1191821873705246.0,1084567057372761.9,973606658364689.0,858791882142450.9,739967610792733.0,616972537071568.9,489639496397981.56,357796073933729.25,221265590853969.88,79868611117123.42,-66574837848097.48,-218242062892251.6,-375303146078569.5,-537914494851822.6,-706209729740770.2,-880286776866240.0,-1060189478395058.6,-1245881176691175.5,-1437206393374692.2,-1633834636325868.5,-1835177077956697.0,-2040261605124073.5,-2247543218148974.5,-2454612490706496.0,-2657740133920946.5,-2851152381778478.0,-3025859446017430.0,-3167767405541225.5,-3254856791352414.5,-3254428957244080.0,-3129583177650285.0,-2916010438952082.5,-3311311321321046.0,-9962197199059460.0,0.0
7377.5,4294220353070858.0,4297715413794176.0,4301212826628247.0,4304712510610799.0,4308214382894340.0,4311718358706607.5,4315224351310135.0,4318732271960899.0,4322242029866048.0,4325753532140673.0,4329266683763602.0,4332781387532196.5,4336297544016116.0,4339815051510042.5,4343333805985317.0,4346853701040478.0,4350374627850663.0,4353896475115858.0,4357419129007951.5,4360942473116563.0,4364466388393633.0,4367990753096726.5,4371515442731014.0,4375040329989915.0,4378565284694349.0,4382090173730573.0,4385614860986566.5,4389139207286912.0,4392663070326158.5,4396186304600606.0,4399708761338477.5,4403230288428444.0,4406750730346442.5,4410269928080762.0,4413787719055331.5,4417303937051193.0,4420818412126066.5,4424330970531994.0,4427841434631017.0,4431349622808780.5,4434855349386080.5,4438358424528241.0,4441858654152302.0,4445355839831936.5,4448849778700036.0,4452340263348928.5,4455827081728116.0,4459310017039521.0,4462788847630119.0,4466263346881935.5,4469733283099291.5,4473198419393256.0,4476658513563204.0,4480113317975425.0,4483562579438663.0,4487006039076545.0,4490443432196781.0,4493874488157063.0,4497298930227555.0,4500716475449883.0,4504126834492551.0,4507529711502622.0,4510924803953638.0,4514311802489601.0,4517690390764938.0,4521060245280334.0,4524421035214304.0,4527772422250387.0,4531114060399831.0,4534445595819652.0,4537766666625900.0,4541076902702052.0,4544375925502303.0,4547663347849698.0,4550938773728881.0,4554201798073344.0,4557452006546992.0,4560688975319870.0,4563912270837861.0,4567121449586188.0,4570316057846538.0,4573495631447588.0,4576659695508786.0,4579807764177112.0,4582939340356675.0,4586053915430892.0,4589150968977005.0,4592229968472752.0,4595290368994912.0,4598331612909468.0,4601353129553164.0,4604354334906156.0,4607334631255488.0,4610293406849122.0,4613230035540199.0,4616143876421226.0,4619034273447916.0,4621900555052278.0,4624742033744672.0,4627558005704464.0,4630347750358892.0,4633110529949794.0,4635845589087794.0,4638552154293527.0,4641229433525511.0,4643876615694200.0,4646492870161785.0,4649077346227264.0,4651629172596302.0,4654147456835382.0,4656631284809702.0,4659079720104310.0,4661491803427893.0,4663866551998633.0,4666202958911555.0,4668499992486708.0,4670756595597548.0,4672971684978840.0,4675144150513391.0,4677272854496854.0,4679356630879903.0,4681394284486940.0,4683384590210552.0,4685326292180866.0,4687218102908918.0,4689058702403132.0,4690846737257954.0,4692580819713660.0,4694259526686310.0,4695881398766801.0,4697444939187864.0,4698948612757931.0,4700390844760603.0,4701770019818506.0,4703084480720258.0,4704332527209151.0,4705512414732202.0,4706622353148076.0,4707660505392365.0,4708624986098667.0,4709513860173802.0,4710325141325435.0,4711056790540363.0,4711706714511568.0,4712272764012118.0,4712752732213892.0,4713144352949025.0,4713445298911899.0,4713653179799352.0,4713765540386777.0,4713779858537578.0,4713693543143432.0,4713503931992629.0,4713208289563676.0,4712803804741232.0,4712287588451302.0,4711656671212477.0,4710908000599892.0,4710038438618401.0,4709044758981329.0,4707923644290985.0,4706671683116984.0,4705285366968197.0,4703761087154013.0,4702095131530361.0,4700283681125783.0,4698322806642564.0,4696208464827784.0,4693936494708860.0,4691502613687917.0,4688902413489077.0,4686131355952470.0,4683184768668496.0,4680057840445569.0,4676745616604218.0,4673242994090184.0,4669544716398682.0,4665645368301752.0,4661539370370137.0,4657220973280820.0,4652684251900844.0,4647923099137658.0,4642931219545738.0,4637702122678751.0,4632229116176000.0,4626505298571388.0,4620523551812517.0,4614276533476981.0,4607756668672275.0,4600956141605059.0,4593866886804868.0,4586480579986552.0,4578788628535072.0,4570782161595324.0,4562452019748962.0,4553788744259172.0,4544782565863448.0,4535423393093457.0,4525700800099968.0,4515604013959738.0,4505121901440088.0,4494242955195652.0,4482955279370492.0,4471246574577349.5,4459104122224445.0,4446514768158565.0,4433464905591684.5,4419940457276503.0,4405926856894588.0,4391409029618760.5,4376371371809353.0,4360797729801781.0,4344671377740488.0,4327974994411927.0,4310690639026501.0,4292799725896600.0,4274282997954862.5,4255120499053519.5,4235291544982189.0,4214774693137818.0,4193547710776385.0,4171587541771664.0,4148870271801686.0,4125371091878481.0,4101064260131133.0,4075923061746310.0,4049919766963893.0,4023025587018290.0,3995210627908327.5,3966443841870143.5,3936692976418382.0,3905924520810795.5,3874103649780368.0,3841194164366873.5,3807158429666486.5,3771957309303409.5,3735550096411460.0,3697894440895918.5,3658946272726829.5,3618659720993843.0,3576987028430080.5,3533878461087726.0,3489282212821803.0,3443144304210310.5,3395408475509491.0,3346016073212261.0,3294905929747028.0,3242014235823658.0,3187274404905277.5,3130616929260371.0,3071969227032678.0,3011255479760199.0,2948396459784840.5,2883309347027916.0,2815907534673718.5,2746100423416374.5,2673793204101571.0,2598886628856739.5,2521276771181098.0,2440854775998958.5,2357506601417685.0,2271112754941688.5,2181548028263507.2,2088681236595588.8,1992374970970031.8,1892485375211787.2,1788861963636229.5,1681347501266485.5,1569777975946934.5,1453982701727894.0,1333784606092530.0,1209000771049590.8,1079443321288089.9,944920783541913.6,805240083007653.6,660209399465054.0,509642184258590.3,353362749694662.4,191214000757980.44,23068111156745.375,-151158706377040.38,-331485652562527.0,-517838500419586.5,-710008617199051.5,-907593859830017.0,-1109911832688017.4,-1315870134841070.5,-1523768302212102.0,-1730988973827012.8,-1933505126722102.5,-2125073087898285.0,-2295869499731384.5,-2430103666669364.0,-2501669969364559.5,-2465998503218884.5,-2244953490343739.5,-1702859191128569.0,-639631711234579.8,949786071942620.8,911668254953093.5,0.0
7375.0,4412147191646501.5,4416119905989747.0,4420098263333283.0,4424082214043077.0,4428071706976035.5,4432066689445844.0,4436067107188018.0,4440072904324139.0,4444084023325239.5,4448100404974344.5,4452121988328124.5,4456148710677644.0,4460180507508184.0,4464217312458123.5,4468259057276831.0,4472305671781568.0,4476357083813367.0,4480413219191848.5,4484474001668968.0,4488539352881648.5,4492609192303288.0,4496683437194085.0,4500762002550183.0,4504844801051580.0,4508931743008774.0,4513022736308129.0,4517117686355895.0,4521216496020880.0,4525319065575721.0,4529425292636713.0,4533535072102165.0,4537648296089244.0,4541764853869274.0,4545884631801410.0,4550007513264710.0,4554133378588494.0,4558262104980985.0,4562393566456174.0,4566527633758860.0,4570664174287806.0,4574803052016985.0,4578944127414832.0,4583087257361468.0,4587232295063837.0,4591379089968688.0,4595527487673354.0,4599677329834260.0,4603828454073106.0,4607980693880635.0,4612133878517953.0,4616287832915302.0,4620442377568241.0,4624597328431128.0,4628752496807859.0,4632907689239771.0,4637062707390622.0,4641217347928579.0,4645371402405117.0,4649524657130741.0,4653676893047453.0,4657827885597836.0,4661977404590705.0,4666125214063176.0,4670271072139089.0,4674414730883648.0,4678555936154187.0,4682694427446923.0,4686829937739623.0,4690962193330000.0,4695090913669776.0,4699215811194226.0,4703336591147117.0,4707452951400850.0,4711564582271723.0,4715671166330115.0,4719772378205456.0,4723867884385834.0,4727957343012056.0,4732040403666018.0,4736116707153173.0,4740185885278952.0,4744247560618939.0,4748301346282583.0,4752346845670282.0,4756383652223613.0,4760411349168486.0,4764429509251020.0,4768437694465900.0,4772435455776965.0,4776422332829807.0,4780397853656112.0,4784361534369459.0,4788312878852359.0,4792251378434180.0,4796176511559722.0,4800087743448112.0,4803984525741712.0,4807866296144697.0,4811732478050999.0,4815582480161239.0,4819415696088282.0,4823231503951074.0,4827029265956316.0,4830808327967627.0,4834568019061738.0,4838307651071291.0,4842026518113808.0,4845723896106339.0,4849399042265315.0,4853051194591109.0,4856679571336761.0,4860283370460346.0,4863861769060416.0,4867413922793912.0,4870938965275964.0,4874436007460942.0,4877904137004089.0,4881342417603064.0,4884749888318691.0,4888125562874177.0,4891468428932028.0,4894777447347884.0,4898051551400409.0,4901289645996452.0,4904490606850497.0,4907653279637541.0,4910776479118400.0,4913858988236449.0,4916899557184756.0,4919896902442509.0,4922849705779611.0,4925756613228268.0,4928616234020330.0,4931427139489139.0,4934187861934489.0,4936896893449403.0,4939552684707198.0,4942153643707378.0,4944698134478788.0,4947184475738384.0,4949610939503907.0,4951975749658711.0,4954277080466872.0,4956513055036670.0,4958681743730387.0,4960781162518392.0,4962809271275243.0,4964763972015584.0,4966643107067401.0,4968444457180197.0,4970165739565430.0,4971804605866548.0,4973358640055756.0,4974825356254563.0,4976202196475028.0,4977486528278440.0,4978675642348100.0,4979766749972647.0,4980756980436229.0,4981643378311709.0,4982422900652828.0,4983092414081126.0,4983648691763227.0,4984088410273848.0,4984408146339729.0,4984604373459435.0,4984673458393719.0,4984611657520962.0,4984415113051870.0,4984079849097367.0,4983601767583362.0,4982976644005720.0,4982200123018504.0,4981267713848166.0,4980174785526076.0,4978916561931368.0,4977488116635730.0,4975884367541338.0,4974100071302715.0,4972129817522860.0,4969968022713524.0,4967608924008991.0,4965046572622241.0,4962274827031781.0,4959287345886929.0,4956077580618628.0,4952638767742331.0,4948963920838776.0,4945045822197762.0,4940877014109359.0,4936449789786096.0,4931756183898967.0,4926787962709152.0,4921536613776488.0,4915993335224710.0,4910149024542558.0,4903994266898680.0,4897519322947247.0,4890714116099917.0,4883568219238618.0,4876070840842258.0,4868210810499116.0,4859976563775172.0,4851356126407152.0,4842337097787385.0,4832906633705844.0,4823051428313018.0,4812757695265227.0,4802011148012049.0,4790796979183358.0,4779099839031213.0,4766903812879417.0,4754192397531078.0,4740948476581718.0,4727154294582738.0,4712791429996898.0,4697840766884349.0,4682282465254246.0,4666095930013406.0,4649259778439528.0,4631751806102414.0,4613548951152188.0,4594627256888810.0,4574961832522151.0,4554526812026516.0,4533295310987745.0,4511239381334825.0,4488329963841339.5,4464536838275019.0,4439828571065942.0,4414172460355865.0,4387534478282325.0,4359879210341737.0,4331169791665702.0,4301367840033886.0,4270433385435416.5,4238324795978484.0,4204998699935009.5,4170409903693632.0,4134511305380254.0,4097253803890931.0,4058586203067312.0,4018455110730546.0,3976804832276126.0,3933577258520032.0,3888711747477375.5,3842144999749252.0,3793810927194182.0,3743640514569746.5,3691561673851118.0,3637499090971308.5,3581374064788556.5,3523104338178222.0,3462603921279993.5,3399782907120842.0,3334547280097877.5,3266798718168238.0,3196434390086254.5,3123346749693900.5,3047423330162481.0,2968546542272765.0,2886593482399538.0,2801435757954240.0,2712939340792482.5,2620964462713790.0,2525365571932410.0,2425991375622413.0,2322685001781983.5,2215284324300053.0,2103622508998861.2,1987528856559633.2,1866830041922904.8,1741351880732165.0,1610921794010830.8,1475372195760235.8,1334545099083372.5,1188298331338349.0,1036513877478729.5,879109048160613.5,716051419167608.8,547378849889337.75,373226425204471.25,193862985482656.38,9741198058183.75,-178432803474175.25,-369600785499524.75,-562209696652667.6,-754000227617054.1,-941685699891955.5,-1120451955296665.9,-1283157946959541.8,-1419020279982359.0,-1511368504865267.8,-1533623697661547.5,-1441625573883889.0,-1157902343415409.0,-536913597782238.0,722843130582142.0,3445440017088146.5,1.2015585459709202e+16,0.0
7372.5,4514428641484455.0,4518821247996625.0,4523222449297787.0,4527632224516999.0,4532050551629545.0,4536477407428065.0,4540912767492983.0,4545356606162208.0,4549808896500091.0,4554269610265635.0,4558738717879902.0,4563216188392626.0,4567701989448011.0,4572196087249668.0,4576698446524696.0,4581209030486866.0,4585727800798897.0,4590254717533787.0,4594789739135178.0,4599332822376744.0,4603883922320552.0,4608442992274379.0,4613009983747967.0,4617584846408173.0,4622167528032979.0,4626757974464365.0,4631356129559961.0,4635961935143502.0,4640575330954003.0,4645196254593652.0,4649824641474378.0,4654460424763046.0,4659103535325254.0,4663753901667694.0,4668411449879017.0,4673076103569200.0,4677747783807322.0,4682426409057759.0,4687111895114701.0,4691804155034984.0,4696503099069176.0,4701208634590859.0,4705920666024067.0,4710639094768822.0,4715363819124729.0,4720094734212540.0,4724831731893668.0,4729574700687569.0,4734323525686939.0,4739078088470658.0,4743838267014420.0,4748603935598980.0,4753374964715955.0,4758151220971094.0,4762932566984956.0,4767718861290913.0,4772509958230406.0,4777305707845364.0,4782105955767710.0,4786910543105860.0,4791719306328142.0,4796532077143014.0,4801348682376014.0,4806168943843340.0,4810992678221929.0,4815819696915978.0,4820649805919744.0,4825482805676576.0,4830318490933993.0,4835156650594742.0,4839997067563688.0,4844839518590414.0,4849683774107388.0,4854529598063591.0,4859376747753426.0,4864224973640783.0,4869074019178112.0,4873923620620330.0,4878773506833432.0,4883623399097590.0,4888473010904620.0,4893322047749594.0,4898170206916444.0,4903017177257344.0,4907862638965684.0,4912706263342414.0,4917547712555582.0,4922386639392782.0,4927222687006362.0,4932055488651081.0,4936884667414020.0,4941709835936476.0,4946530596127562.0,4951346538869270.0,4956157243712688.0,4960962278565088.0,4965761199367581.0,4970553549763025.0,4975338860753855.0,4980116650349493.0,4984886423203002.0,4989647670236601.0,4994399868255667.0,4999142479550842.0,5003874951487822.0,5008596716084420.0,5013307189574448.0,5018005771957971.0,5022691846537461.0,5027364779439361.0,5032023919120535.0,5036668595859085.0,5041298121228985.0,5045911787557949.0,5050508867367954.0,5055088612797774.0,5059650255006925.0,5064193003560282.0,5068716045792765.0,5073218546153283.0,5077699645527254.0,5082158460536858.0,5086594082818264.0,5091005578274952.0,5095391986306257.0,5099752319010212.0,5104085560359760.0,5108390665351294.0,5112666559124553.0,5116912136052738.0,5121126258801756.0,5125307757357421.0,5129455428019390.0,5133568032360558.0,5137644296150595.0,5141682908242263.0,5145682519419031.0,5149641741202536.0,5153559144618309.0,5157433258918119.0,5161262570257266.0,5165045520325022.0,5168780504926388.0,5172465872513219.0,5176099922662717.0,5179680904501174.0,5183207015070774.0,5186676397637158.0,5190087139935368.0,5193437272351628.0,5196724766038402.0,5199947530959964.0,5203103413865622.0,5206190196187629.0,5209205591860658.0,5212147245059582.0,5215012727852134.0,5217799537762912.0,5220505095244981.0,5223126741055172.0,5225661733529023.0,5228107245751045.0,5230460362615911.0,5232718077775845.0,5234877290469325.0,5236934802226010.0,5238887313442494.0,5240731419823271.0,5242463608681074.0,5244080255090364.0,5245577617887577.0,5246951835511328.0,5248198921675497.0,5249314760867803.0,5250295103666052.0,5251135561863905.0,5251831603397662.0,5252378547065041.0,5252771557026612.0,5253005637079994.0,5253075624696491.0,5252976184809359.0,5252701803342294.0,5252246780466241.0,5251605223572020.0,5250771039945627.0,5249737929132438.0,5248499374975888.0,5247048637315434.0,5245378743327884.0,5243482478495404.0,5241352377182666.0,5238980712804691.0,5236359487566133.0,5233480421751651.0,5230334942546112.0,5226914172362264.0,5223208916652379.0,5219209651179263.0,5214906508720722.0,5210289265180318.0,5205347325075911.0,5200069706376017.0,5194445024652540.0,5188461476516860.0,5182106822304627.0,5175368367972843.0,5168232946171062.0,5160686896446570.0,5152716044541480.0,5144305680737531.0,5135440537202232.0,5126104764287690.0,5116281905731050.0,5105954872702972.0,5095105916647966.0,5083716600857631.0,5071767770714972.0,5059239522545031.0,5046111171003883.0,5032361214934842.0,5017967301617293.0,5002906189330151.0,4987153708148142.0,4970684718885516.0,4953473070097752.0,4935491553047913.0,4916711854540159.0,4897104507518768.0,4876638839326754.0,4855282917513938.0,4833003493080114.0,4809765941034773.0,4785534198150965.0,4760270697787114.0,4733936301647422.0,4706490228348799.0,4677889978660471.0,4648091257281750.0,4617047891024289.0,4584711743268180.0,4551032624566742.0,4515958199284215.0,4479433888164354.0,4441402766747918.5,4401805459584936.5,4360580030225772.5,4317661867026596.5,4272983564873567.0,4226474803021360.5,4178062219361726.0,4127669281595615.0,4075216155988594.0,4020619574658520.0,3963792702694927.0,3904645006865624.5,3843082128258449.5,3779005761975445.0,3712313547995374.0,3642898978616059.0,3570651329568772.0,3495455624076970.0,3417192641958797.0,3335738989538938.0,3250967250888188.5,3162746247069397.5,3070941438049552.0,2975415512272349.0,2876029222258290.5,2772642541886746.5,2665116243337771.5,2553314020458205.0,2437105322382227.5,2316369108884117.0,2190998800097324.5,2060908771635552.0,1926042846626359.0,1786385365090722.2,1641975577183048.0,1492926322512159.0,1339448241927852.0,1181881150757282.8,1020734733195109.5,856741480547045.2,690925933756912.0,524696038071812.5,359965139647702.0,199317350747635.75,46235182397917.5,-94583570706030.25,-216784967225473.25,-311760345897204.0,-367888396606341.25,-369726551489266.25,-297514328302391.75,-127672273775768.25,166035211809445.75,623840299906741.8,1419828577298316.5,3061099212893239.0,0.0
7370.0,4600182976159871.0,4604931321331667.0,4609690808386697.0,4614461441784002.0,4619243225149196.0,4624036161250508.0,4628840251974210.0,4633655498299400.0,4638481900272131.0,4643319456978894.0,4648168166519388.0,4653028025978600.0,4657899031398156.0,4662781177746929.0,4667674458890882.0,4672578867562127.0,4677494395327178.0,4682421032554370.0,4687358768380439.0,4692307590676213.0,4697267486011410.0,4702238439618520.0,4707220435355722.0,4712213455668846.0,4717217481552304.0,4722232492509027.0,4727258466509308.0,4732295379948577.0,4737343207604053.0,4742401922590234.0,4747471496313225.0,4752551898423828.0,4757643096769386.0,4762745057344359.0,4767857744239541.0,4772981119589958.0,4778115143521321.0,4783259774095086.0,4788414967251994.0,4793580676754104.0,4798756854125257.0,4803943448589934.0,4809140407010434.0,4814347673822358.0,4819565190968336.0,4824792897829941.0,4830030731157730.0,4835278624999392.0,4840536510625894.0,4845804316455620.0,4851081967976400.0,4856369387665390.0,4861666494906742.0,4866973205906976.0,4872289433608007.0,4877615087597746.0,4882950074018209.0,4888294295471043.0,4893647650920418.0,4899010035593177.0,4904381340876174.0,4909761454210723.0,4915150258984047.0,4920547634417656.0,4925953455452550.0,4931367592631140.0,4936789911975823.0,4942220274864040.0,4947658537899787.0,4953104552781399.0,4958558166165535.0,4964019219527233.0,4969487549015890.0,4974962985307076.0,4980445353450021.0,4985934472710644.0,4991430156409991.0,4996932211757930.0,5002440439681936.0,5007954634650842.0,5013474584493356.0,5019000070211208.0,5024530865786712.0,5030066737984616.0,5035607446148004.0,5041152741988071.0,5046702369367584.0,5052256064077808.0,5057813553608666.0,5063374556911950.0,5068938784157296.0,5074505936480740.0,5080075705725546.0,5085647774175110.0,5091221814277606.0,5096797488362153.0,5102374448346173.0,5107952335433665.0,5113530779804068.0,5119109400291404.0,5124687804053351.0,5130265586229910.0,5135842329591303.0,5141417604174716.0,5146990966909511.0,5152561961230508.0,5158130116678884.0,5163694948490298.0,5169255957169752.0,5174812628052739.0,5180364430852172.0,5185910819190605.0,5191451230117197.0,5196985083608884.0,5202511782055177.0,5208030709725994.0,5213541232221922.0,5219042695906239.0,5224534427318047.0,5230015732565818.0,5235485896700616.0,5240944183068260.0,5246389832639620.0,5251822063318254.0,5257240069224517.0,5262643019955256.0,5268030059818186.0,5273400307039968.0,5278752852946981.0,5284086761117792.0,5289401066506154.0,5294694774533490.0,5299966860149612.0,5305216266860484.0,5310441905721725.0,5315642654296517.0,5320817355576540.0,5325964816864442.0,5331083808616357.0,5336173063242867.0,5341231273866770.0,5346257093035899.0,5351249131389224.0,5356205956274337.0,5361126090314348.0,5366008009922154.0,5370850143759941.0,5375650871141671.0,5380408520376208.0,5385121367048672.0,5389787632237430.0,5394405480664081.0,5398973018773647.0,5403488292742028.0,5407949286407718.0,5412353919124542.0,5416700043532146.0,5420985443240678.0,5425207830426086.0,5429364843332172.0,5433454043675433.0,5437472913948495.0,5441418854617802.0,5445289181210948.0,5449081121288890.0,5452791811298017.0,5456418293296835.0,5459957511551771.0,5463406308996337.0,5466761423547636.0,5470019484273886.0,5473177007406377.0,5476230392188883.0,5479175916557353.0,5482009732642184.0,5484727862085192.0,5487326191162888.0,5489800465707318.0,5492146285815318.0,5494359100336554.0,5496434201130294.0,5498366717080334.0,5500151607857052.0,5501783657414960.0,5503257467213600.0,5504567449149082.0,5505707818182845.0,5506672584653709.0,5507455546258474.0,5508050279685746.0,5508450131886851.0,5508648210966904.0,5508637376678402.0,5508410230498710.0,5507959105272060.0,5507276054395684.0,5506352840528716.0,5505180923801588.0,5503751449502446.0,5502055235216180.0,5500082757390346.0,5497824137301241.0,5495269126391983.0,5492407090953326.0,5489226996116464.0,5485717389125815.0,5481866381858242.0,5477661632553789.0,5473090326721406.0,5468139157181633.0,5462794303206582.0,5457041408715862.0,5450865559485566.0,5444251259325507.0,5437182405178412.0,5429642261092828.0,5421613431019924.0,5413077830382532.0,5404016656363128.0,5394410356855808.0,5384238598025665.0,5373480230417572.0,5362113253554926.0,5350114778967775.0,5337460991588727.0,5324127109454324.0,5310087341649179.0,5295314844430169.0,5279781675468514.0,5263458746148672.0,5246315771864855.0,5228321220258728.0,5209442257345713.0,5189644691482477.0,5168892915134971.0,5147149844415072.0,5124376856364904.0,5100533723981810.0,5075578548994173.0,5049467692419841.0,5022155702965315.0,4993595243356680.0,4963737014733408.0,4932529679285729.0,4899919781377082.0,4865851667467942.0,4830267405249453.0,4793106702508669.0,4754306826387170.0,4713802523867792.0,4671525944538475.0,4627406566948156.0,4581371130200526.0,4533343572844300.0,4483244981634768.5,4430993553388903.0,4376504573969932.5,4319690419463594.5,4260460585904839.5,4198721755557132.0,4134377909833457.5,4067330501605256.0,3997478703034602.5,3924719749396686.0,3848949404903563.0,3770062583645157.0,3687954167875825.5,3602520077565626.0,3513658660131094.0,3421272488476246.0,3325270680055619.5,3225571881025990.5,3122108099385493.5,3014829621310001.0,2903711307947161.5,2788760648108954.0,2670028037855220.0,2547619872450284.0,2421715169570989.0,2292586591786121.0,2160626892461484.5,2026381954145632.2,1890591688274655.5,1754240059766847.0,1618615284250888.8,1485380625773579.0,1356654812610880.8,1235098030710549.0,1123992658331110.5,1027291971761139.5,949570686491523.2,895710527848216.5,869892978633683.2,872796107937677.8,894169892031450.0,893671266982047.0,752468108487778.0,151965090670638.0,-1802899604437207.0,-9101678306990812.0,0.0
7367.5,4668637752823423.0,4673672039046024.0,4678719551051964.0,4683780314414369.0,4688854354145530.0,4693941694677202.0,4699042359840404.0,4704156372844618.0,4709283756256459.0,4714424531977741.0,4719578721222947.0,4724746344496079.0,4729927421566872.0,4735121971446367.0,4740330012361793.0,4745551561730782.0,4750786636134853.0,4756035251292186.0,4761297422029634.0,4766573162253974.0,4771862484922344.0,4777165402011900.0,4782481924488602.0,4787812062275165.0,4793155824218086.0,4798513218053811.0,4803884250373912.0,4809268926589332.0,4814667250893628.0,4820079226225188.0,4825504854228393.0,4830944135213723.0,4836397068116712.0,4841863650455782.0,4847343878288902.0,4852837746169013.0,4858345247098218.0,4863866372480687.0,4869401112074235.0,4874949453940539.0,4880511384393945.0,4886086887948844.0,4891675947265556.0,4897278543094673.0,4902894654219836.0,4908524257398888.0,4914167327303345.0,4919823836456153.0,4925493755167660.0,4931177051469773.0,4936873691048217.0,4942583637172859.0,4948306850626033.0,4954043289628801.0,4959792909765082.0,4965555663903615.0,4971331502117630.0,4977120371602227.0,4982922216589325.0,4988736978260166.0,4994564594655254.0,5000405000581659.0,5006258127517631.0,5012123903514389.0,5018002253095055.0,5023893097150590.0,5029796352832676.0,5035711933443419.0,5041639748321801.0,5047579702726743.0,5053531697716700.0,5059495630025673.0,5065471391935497.0,5071458871144314.0,5077457950631106.0,5083468508516136.0,5089490417917190.0,5095523546801471.0,5101567757833003.0,5107622908215404.0,5113688849529864.0,5119765427568180.0,5125852482160694.0,5131949846998924.0,5138057349452773.0,5144174810382072.0,5150302043942319.0,5156438857384382.0,5162585050847987.0,5168740417148758.0,5174904741558627.0,5181077801579335.0,5187259366708835.0,5193449198200338.0,5199647048813745.0,5205852662559198.0,5212065774432488.0,5218286110142047.0,5224513385827205.0,5230747307767416.0,5236987572082159.0,5243233864421149.0,5249485859644551.0,5255743221492815.0,5262005602245777.0,5268272642370662.0,5274543970158546.0,5280819201348899.0,5287097938741781.0,5293379771797227.0,5299664276221359.0,5305951013538763.0,5312239530650603.0,5318529359377967.0,5324820015989897.0,5331111000715542.0,5337401797239836.0,5343691872182106.0,5349980674556965.0,5356267635216821.0,5362552166275323.0,5368833660511034.0,5375111490750557.0,5381385009230370.0,5387653546936520.0,5393916412921373.0,5400172893596523.0,5406422252000917.0,5412663727043295.0,5418896532717907.0,5425119857292480.0,5431332862467363.0,5437534682504723.0,5443724423326586.0,5449901161580551.0,5456063943671842.0,5462211784760398.0,5468343667721600.0,5474458542069192.0,5480555322838844.0,5486632889430830.0,5492690084410119.0,5498725712262194.0,5504738538102773.0,5510727286339555.0,5516690639284051.0,5522627235711414.0,5528535669366166.0,5534414487411541.0,5540262188820146.0,5546077222703472.0,5551857986577711.0,5557602824563211.0,5563310025514777.0,5568977821079901.0,5574604383681871.0,5580187824424580.0,5585726190915694.0,5591217465004687.0,5596659560432099.0,5602050320386227.0,5607387514963196.0,5612668838526320.0,5617891906960298.0,5623054254815738.0,5628153332339198.0,5633186502383725.0,5638151037194691.0,5643044115065392.0,5647862816856720.0,5652604122374848.0,5657264906600684.0,5661841935764473.0,5666331863258684.0,5670731225381923.0,5675036436906356.0,5679243786460723.0,5683349431720622.0,5687349394397467.0,5691239555016958.0,5695015647477634.0,5698673253379510.0,5702207796112414.0,5705614534693119.0,5708888557339865.0,5712024774772337.0,5715017913224612.0,5717862507158000.0,5720552891660136.0,5723083194516016.0,5725447327936034.0,5727638979925397.0,5729651605278612.0,5731478416181966.0,5733112372406183.0,5734546171070692.0,5735772235960048.0,5736782706372281.0,5737569425478071.0,5738123928168720.0,5738437428369993.0,5738500805798038.0,5738304592132503.0,5737838956581138.0,5737093690809046.0,5736058193204931.0,5734721452455475.0,5733072030398181.0,5731098044121901.0,5728787147283356.0,5726126510607005.0,5723102801534711.0,5719702162990838.0,5715910191227574.0,5711711912714714.0,5707091760037424.0,5702033546765216.0,5696520441255061.0,5690534939351502.0,5684058835946935.0,5677073195365652.0,5669558320536226.0,5661493720918021.0,5652858079149605.0,5643629216389094.0,5633784056319730.0,5623298587797963.0,5612147826126213.0,5600305772938677.0,5587745374696012.0,5574438479793740.0,5560355794300271.0,5545466836353432.0,5529739889260206.0,5513141953362974.0,5495638696757965.0,5477194404977889.0,5457771929782126.0,5437332637235041.0,5415836355296870.0,5393241321203693.0,5369504128974774.0,5344579677458490.0,5318421119414841.0,5290979812235328.0,5262205271023352.0,5232045124903936.0,5200445077605243.0,5167348873562263.0,5132698271041852.0,5096433024087598.0,5058490875443418.0,5018807563050614.0,4977316843241548.0,4933950534396199.0,4888638585613306.0,4841309175910641.0,4791888850653842.0,4740302703377124.0,4686474612974673.0,4630327548501943.0,4571783956651144.0,4510766250508278.0,4447197422658389.5,4381001811334224.5,4312106055427388.0,4240440283215553.5,4165939591132938.5,4088545883490541.0,4008210162567616.0,3924895381964361.0,3838580005742577.5,3749262453081222.0,3656966654434795.5,3561749001915002.0,3463707044752848.0,3362990359942564.0,3259814115633025.0,3154475932638315.0,3047376720603123.5,2939046186858356.5,2830173627273630.0,2721644302447655.0,2614580994938832.5,2510388920734264.0,2410799500931021.5,2317903680385727.0,2234156899757832.8,2162322442788468.5,2105291399291776.8,2065661597180266.8,2044839454827087.5,2041157853168363.5,2045847177219813.0,2034064814426012.8,1944147088893601.5,1628661292931950.2,742255460290556.8,-1432887866905222.5,-4500964801275814.0,0.0
7365.0,4719138647341837.0,4724384273217446.0,4729644695432197.0,4734919955780870.0,4740210095711007.0,4745515156306661.0,4750835178271665.0,4756170201912401.0,4761520267120100.0,4766885413352580.0,4772265679615505.0,4777661104443060.0,4783071725878077.0,4788497581451595.0,4793938708161806.0,4799395142452412.0,4804866920190327.0,4810354076642767.0,4815856646453639.0,4821374663619268.0,4826908161463413.0,4832457172611558.0,4838021728964454.0,4843601861670899.0,4849197601099723.0,4854808976810957.0,4860436017526173.0,4866078751097954.0,4871737204478473.0,4877411403687176.0,4883101373777506.0,4888807138802656.0,4894528721780349.0,4900266144656554.0,4906019428268185.0,4911788592304674.0,4917573655268446.0,4923374634434220.0,4929191545807138.0,4935024404079652.0,4940873222587160.0,4946738013262321.0,4952618786588052.0,4958515551549131.0,4964428315582364.0,4970357084525314.0,4976301862563486.0,4982262652175974.0,4988239454079485.0,4994232267170730.0,5000241088467072.0,5006265913045448.0,5012306733979452.0,5018363542274565.0,5024436326801428.0,5030525074227159.0,5036629768944585.0,5042750392999376.0,5048886926014989.0,5055039345115361.0,5061207624845268.0,5067391737088301.0,5073591650982356.0,5079807332832576.0,5086038746021649.0,5092285850917403.0,5098548604777578.0,5104826961651704.0,5111120872280001.0,5117430283989163.0,5123755140584985.0,5130095382241676.0,5136450945387779.0,5142821762588578.0,5149207762424882.0,5155608869368059.0,5162025003651197.0,5168456081136277.0,5174902013177198.0,5181362706478557.0,5187838062949990.0,5194327979555974.0,5200832348160910.0,5207351055369328.0,5213883982361070.0,5220431004721250.0,5226991992264842.0,5233566808855695.0,5240155312219786.0,5246757353752528.0,5253372778319906.0,5260001424053250.0,5266643122137394.0,5273297696592043.0,5279964964046051.0,5286644733504398.0,5293336806107617.0,5300040974883365.0,5306757024489923.0,5313484730951261.0,5320223861383442.0,5326974173712022.0,5333735416380108.0,5340507328046782.0,5347289637275510.0,5354082062212194.0,5360884310252463.0,5367696077697870.0,5374517049400520.0,5381346898395762.0,5388185285522476.0,5395031859030523.0,5401886254174847.0,5408748092795785.0,5415616982885025.0,5422492518136714.0,5429374277483130.0,5436261824614374.0,5443154707481438.0,5450052457782064.0,5456954590428712.0,5463860602997968.0,5470769975160688.0,5477682168092135.0,5484596623861336.0,5491512764798876.0,5498429992842283.0,5505347688858130.0,5512265211939959.0,5519181898681092.0,5526097062421311.0,5533009992466429.0,5539919953279638.0,5546826183643548.0,5553727895791750.0,5560624274508657.0,5567514476196426.0,5574397627907570.0,5581272826341911.0,5588139136806451.0,5594995592136642.0,5601841191577482.0,5608674899622828.0,5615495644811190.0,5622302318476250.0,5629093773450217.0,5635868822718108.0,5642626238020896.0,5649364748405405.0,5656083038718774.0,5662779748045121.0,5669453468082038.0,5676102741454351.0,5682726059962541.0,5689321862763031.0,5695888534477485.0,5702424403228093.0,5708927738595659.0,5715396749497281.0,5721829581980071.0,5728224316927401.0,5734578967673860.0,5740891477525013.0,5747159717177814.0,5753381482037405.0,5759554489425754.0,5765676375677477.0,5771744693117858.0,5777756906917964.0,5783710391821458.0,5789602428737440.0,5795430201193480.0,5801190791642650.0,5806881177618106.0,5812498227728496.0,5818038697487134.0,5823499224967612.0,5828876326278072.0,5834166390846176.0,5839365676506276.0,5844470304380055.0,5849476253541406.0,5854379355455948.0,5859175288185183.0,5863859570344760.0,5868427554805980.0,5872874422129051.0,5877195173716233.0,5881384624672428.0,5885437396360256.0,5889347908636098.0,5893110371753080.0,5896718777916288.0,5900166892474999.0,5903448244736084.0,5906556118382071.0,5909483541476770.0,5912223276040691.0,5914767807177869.0,5917109331735020.0,5919239746473293.0,5921150635732293.0,5922833258565348.0,5924278535324394.0,5925477033672251.0,5926418953999522.0,5927094114222746.0,5927491933940056.0,5927601417920103.0,5927411138899763.0,5926909219665822.0,5926083314395835.0,5924920589233330.0,5923407702072763.0,5921530781530057.0,5919275405075245.0,5916626576304663.0,5913568701331439.0,5910085564274749.0,5906160301830438.0,5901775376908275.0,5896912551324501.0,5891552857542317.0,5885676569457905.0,5879263172235430.0,5872291331201573.0,5864738859818388.0,5856582686763296.0,5847798822156644.0,5838362322990933.0,5828247257832083.0,5817426670881816.0,5805872545512455.0,5793555767411119.0,5780446087500417.0,5766512084837811.0,5751721129736592.0,5736039347398988.0,5719431582407216.0,5701861364482694.0,5683290875998486.0,5663680921817320.0,5642990902128981.0,5621178789079239.0,5598201108120302.0,5574012925173730.0,5548567840884669.0,5521817993465962.0,5493714071888131.0,5464205341472964.0,5433239684303139.0,5400763657277948.0,5366722571137941.0,5331060594364470.0,5293720886551911.0,5254645766673909.0,5213776922648294.0,5171055669784127.0,5126423267112770.0,5079821302318872.0,5031192158067173.0,4980479575057161.0,4927629330243088.0,4872590052477816.0,4815314202560008.0,4755759250521672.0,4693889090286000.0,4629675740931675.0,4563101395189827.0,4494160890052256.5,4422864692174966.5,4349242512912008.0,4273347695153682.5,4195262547436792.5,4115104840467985.0,4033035726814806.5,3949269393797269.5,3864084806681227.5,3777839931552361.0,3690988820055632.5,3604101845564375.0,3517889119724498.0,3433226545400100.0,3351182830738502.0,3273043689846465.0,3200325725369412.0,3134766089483553.5,3078263401568470.0,3032728396302672.0,2999776677510808.5,2980158085154087.0,2972766703517039.5,2973018687792737.0,2970353725376952.0,2944750351992991.0,2863097684886507.5,2681135713096327.5,2380959284758076.0,2229502816219334.0,4827899026141542.0,0.0
7362.5,4751157111670141.0,4756535592628057.0,4761929886433324.0,4767340045658055.0,4772766122672580.0,4778208169631578.0,4783666238459794.0,4789140380837299.0,4794630648184317.0,4800137091645567.0,4805659762074144.0,4811198710014891.0,4816753985687273.0,4822325638967727.0,4827913719371469.0,4833518276033752.0,4839139357690553.0,4844777012658671.0,4850431288815221.0,4856102233576509.0,4861789893876260.0,4867494316143196.0,4873215546277921.0,4878953629629118.0,4884708610969020.0,4890480534468144.0,4896269443669246.0,4902075381460520.0,4907898390047940.0,4913738510926816.0,4919595784852448.0,4925470251809929.0,4931361950983001.0,4937270920721999.0,4943197198510805.0,4949140820932822.0,4955101823635891.0,4961080241296182.0,4967076107580963.0,4973089455110261.0,4979120315417342.0,4985168718908017.0,4991234694818698.0,4997318271173187.0,5003419474738152.0,5009538330977251.0,5015674864003869.0,5021829096532399.0,5028001049828062.0,5034190743655187.0,5040398196223905.0,5046623424135241.0,5052866442324502.0,5059127264002954.0,5065405900597696.0,5071702361689713.0,5078016654950009.0,5084348786073782.0,5090698758712591.0,5097066574404413.0,5103452232501556.0,5109855730096347.0,5116277061944517.0,5122716220386220.0,5129173195264601.0,5135647973841843.0,5142140540712592.0,5148650877714697.0,5155178963837164.0,5161724775125237.0,5168288284582497.0,5174869462069927.0,5181468274201755.0,5188084684238084.0,5194718651974083.0,5201370133625734.0,5208039081711925.0,5214725444932826.0,5221429168044417.0,5228150191729012.0,5234888452461658.0,5241643882372289.0,5248416409103447.0,5255205955663462.0,5262012440274918.0,5268835776218220.0,5275675871670162.0,5282532629537224.0,5289405947283510.0,5296295716753093.0,5303201823986566.0,5310124149031634.0,5317062565747494.0,5324016941602836.0,5330987137467181.0,5337973007395377.0,5344974398404968.0,5351991150246221.0,5359023095164513.0,5366070057654826.0,5373131854208072.0,5380208293048934.0,5387299173864939.0,5394404287526426.0,5401523415797111.0,5408656331034851.0,5415802795882318.0,5422962562947158.0,5430135374471283.0,5437320961988874.0,5444519045972699.0,5451729335468287.0,5458951527715548.0,5466185307757314.0,5473430348034360.0,5480686307966383.0,5487952833518405.0,5495229556752047.0,5502516095361122.0,5509812052190917.0,5517117014740590.0,5524430554647985.0,5531752227156225.0,5539081570561386.0,5546418105640476.0,5553761335059031.0,5561110742757458.0,5568465793315368.0,5575825931292982.0,5583190580548747.0,5590559143532216.0,5597931000551220.0,5605305509012304.0,5612682002633378.0,5620059790627488.0,5627438156856510.0,5634816358953634.0,5642193627413321.0,5649569164647438.0,5656942144006236.0,5664311708762716.0,5671676971058912.0,5679037010812508.0,5686390874582217.0,5693737574390191.0,5701076086499724.0,5708405350146379.0,5715724266220635.0,5723031695900030.0,5730326459228724.0,5737607333642249.0,5744873052435213.0,5752122303169500.0,5759353726020538.0,5766565912058974.0,5773757401465041.0,5780926681672798.0,5788072185441230.0,5795192288849117.0,5802285309210427.0,5809349502906824.0,5816383063133768.0,5823384117556477.0,5830350725871882.0,5837280877272562.0,5844172487808364.0,5851023397641371.0,5857831368189524.0,5864594079154133.0,5871309125426202.0,5877974013866321.0,5884586159952621.0,5891142884291023.0,5897641408981840.0,5904078853836374.0,5910452232437068.0,5916758448034293.0,5922994289272671.0,5929156425739517.0,5935241403327589.0,5941245639404056.0,5947165417777263.0,5952996883452435.0,5958736037167175.0,5964378729697184.0,5969920655922205.0,5975357348641883.0,5980684172130676.0,5985896315420672.0,5990988785300576.0,5995956399018817.0,6000793776678175.0,6005495333308883.0,6010055270606759.0,6014467568322319.0,6018725975286492.0,6022824000057985.0,6026754901176958.0,6030511677009127.0,6034087055164116.0,6037473481471294.0,6040663108496118.0,6043647783579507.0,6046419036382556.0,6048968065918646.0,6051285727054753.0,6053362516463756.0,6055188558009453.0,6056753587546191.0,6058046937115190.0,6059057518520114.0,6059773806265028.0,6060183819838706.0,6060275105330356.0,6060034716363234.0,6059449194334343.0,6058504547950626.0,6057186232054656.0,6055479125736008.0,6053367509728448.0,6050835043097432.0,6047864739228041.0,6044438941129708.0,6040539296081720.0,6036146729652230.0,6031241419133881.0,6025802766451106.0,6019809370608281.0,6013238999764042.0,6006068563036095.0,5998274082162633.0,5989830663171872.0,5980712468240438.0,5970892687955161.0,5960343514231950.0,5949036114190318.0,5936940605334148.0,5924026032449008.0,5910260346695239.0,5895610387455280.0,5880041867584975.0,5863519362823447.0,5846006306236975.0,5827464988710973.0,5807856566663805.0,5787141078339515.0,5765277470247411.0,5742223635558540.0,5717936466547582.0,5692371923488299.0,5665485122778340.0,5637230447491272.0,5607561684039122.0,5576432189186324.0,5543795092297485.0,5509603538438968.0,5473810978803418.0,5436371515904469.0,5397240312116509.0,5356374071436410.0,5313731605849756.0,5269274499428566.0,5222967885313599.0,5174781353093753.0,5124690006851126.0,5072675697370164.0,5018728455806410.0,4962848160587016.0,4905046474602059.0,4845349095988247.0,4783798373150566.0,4720456343226349.0,4655408262980107.0,4588766711895131.0,4520676358259093.0,4451319488583262.5,4380922405100400.0,4309762788183008.0,4238178086746156.0,4166574915080545.0,4095439254112948.0,4025346899250146.0,3956972927663962.5,3891097740742386.0,3828605085983217.5,3770463766515907.0,3717678610008330.5,3671186560579528.0,3631659583286462.5,3599158547369876.0,3572569941574305.5,3548781473735875.5,3521708890943598.5,3481846738427149.0,3418739079085059.5,3333793533335821.0,3285226930362202.0,3523166066751809.5,4754496141822753.0,6173172154754718.0,0.0
7360.0,4764296741575087.0,4769726697217543.0,4775172897824645.0,4780635400889760.0,4786114263774892.0,4791609543698044.0,4797121297720189.0,4802649582731808.0,4808194455439020.0,4813755972349258.0,4819334189756502.0,4824929163726057.0,4830540950078820.0,4836169604375093.0,4841815181897867.0,4847477737635578.0,4853157326264338.0,4858854002129614.0,4864567819227322.0,4870298831184339.0,4876047091238416.0,4881812652217456.0,4887595566518162.0,4893395886084011.0,4899213662382552.0,4905048946382007.0,4910901788527135.0,4916772238714363.0,4922660346266144.0,4928566159904521.0,4934489727723881.0,4940431097162865.0,4946390314975414.0,4952367427200918.0,4958362479133453.0,4964375515290060.0,4970406579378058.0,4976455714261345.0,4982522961925651.0,4988608363442738.0,4994711958933484.0,5000833787529833.0,5006973887335573.0,5013132295385904.0,5019309047605753.0,5025504178766811.0,5031717722443236.0,5037949710965994.0,5044200175375786.0,5050469145374512.0,5056756649275239.0,5063062713950634.0,5069387364779761.0,5075730625593273.0,5082092518616861.0,5088473064412978.0,5094872281820729.0,5101290187893908.0,5107726797837084.0,5114182124939709.0,5120656180508168.0,5127148973795686.0,5133660511930072.0,5140190799839165.0,5146739840173970.0,5153307633229366.0,5159894176862314.0,5166499466407498.0,5173123494590310.0,5179766251437064.0,5186427724182400.0,5193107897173732.0,5199806751772668.0,5206524266253305.0,5213260415697284.0,5220015171885486.0,5226788503186296.0,5233580374440267.0,5240390746841092.0,5247219577812775.0,5254066820882823.0,5260932425551375.0,5267816337156089.0,5274718496732678.0,5281638840870907.0,5288577301565927.0,5295533806064767.0,5302508276707825.0,5309500630765186.0,5316510780267561.0,5323538631831708.0,5330584086480099.0,5337647039454641.0,5344727380024265.0,5351824991286125.0,5358939749960225.0,5366071526177208.0,5373220183259070.0,5380385577492571.0,5387567557895039.0,5394765965972326.0,5401980635468632.0,5409211392107872.0,5416458053326331.0,5423720427996234.0,5430998316139947.0,5438291508634432.0,5445599786905624.0,5452922922612344.0,5460260677319366.0,5467612802159223.0,5474979037482392.0,5482359112495318.0,5489752744885936.0,5497159640436152.0,5504579492620821.0,5512011982192691.0,5519456776752829.0,5526913530305906.0,5534381882799853.0,5541861459649196.0,5549351871241557.0,5556852712426544.0,5564363561986484.0,5571883982088199.0,5579413517715151.0,5586951696079156.0,5594498026010900.0,5602051997328416.0,5609613080182640.0,5617180724379214.0,5624754358675489.0,5632333390051866.0,5639917202956369.0,5647505158521440.0,5655096593751825.0,5662690820682388.0,5670287125504686.0,5677884767661001.0,5685482978904559.0,5693080962324532.0,5700677891334431.0,5708272908622386.0,5715865125061742.0,5723453618580398.0,5731037432987143.0,5738615576753266.0,5746187021747575.0,5753750701922914.0,5761305511952166.0,5768850305811635.0,5776383895309660.0,5783905048558110.0,5791412488384459.0,5798904890681863.0,5806380882694725.0,5813839041236966.0,5821277890840195.0,5828695901828842.0,5836091488319113.0,5843463006138584.0,5850808750663040.0,5858126954567051.0,5865415785484607.0,5872673343575972.0,5879897658996773.0,5887086689265103.0,5894238316522306.0,5901350344682887.0,5908420496468756.0,5915446410322879.0,5922425637197147.0,5929355637209026.0,5936233776161405.0,5943057321919713.0,5949823440640177.0,5956529192842847.0,5963171529322719.0,5969747286891970.0,5976253183946124.0,5982685815846574.0,5989041650111626.0,5995317021407899.0,6001508126333595.0,6007611017984808.0,6013621600295700.0,6019535622143014.0,6025348671205068.0,6031056167564935.0,6036653357047259.0,6042135304277654.0,6047496885453393.0,6052732780813584.0,6057837466796804.0,6062805207873645.0,6067630048041460.0,6072305801968029.0,6076826045770765.0,6081184107417630.0,6085373056735716.0,6089385695013244.0,6093214544180463.0,6096851835554906.0,6100289498136319.0,6103519146436585.0,6106532067830194.0,6109319209410806.0,6111871164340082.0,6114178157675196.0,6116230031662314.0,6118016230484092.0,6119525784450462.0,6120747293623295.0,6121668910867349.0,6122278324321933.0,6122562739290342.0,6122508859547049.0,6122102868066328.0,6121330407180220.0,6120176558178743.0,6118625820371177.0,6116662089634128.0,6114268636480037.0,6111428083689285.0,6108122383559655.0,6104332794839728.0,6100039859427029.0,6095223378928733.0,6089862391201912.0,6083935147012659.0,6077419086978963.0,6070290818991725.0,6062526096342050.0,6054099796821757.0,6044985903108450.0,6035157484797524.0,6024586682501501.0,6013244694503933.0,6001101766530976.0,5988127185290600.0,5974289276528426.0,5959555408461676.0,5943892001581148.0,5927264545956528.0,5909637627345568.0,5890974963594759.0,5871239453030368.0,5850393236777188.0,5828397777210435.0,5805213955046942.0,5780802187917911.0,5755122573639428.0,5728135061811215.0,5699799657829991.0,5670076663901915.0,5638926962178056.0,5606312345714061.0,5572195903563788.0,5536542466945831.0,5499319124054081.0,5460495811693692.0,5420045992475202.0,5377947426740623.0,5334183048654527.0,5288741955872775.0,5241620521769130.0,5192823638177201.0,5142366094753065.0,5090274098064031.0,5036586928934534.0,4981358729860920.0,4924660404671756.0,4866581599007920.0,4807232711166446.0,4746746856318824.0,4685281670047211.0,4623020784966984.0,4560174739789854.0,4496980972050495.0,4433702384893799.5,4370623732776375.5,4308044685948605.0,4246267815250522.5,4185578726884011.5,4126213903103038.5,4068309036349189.0,4011816132613845.5,3956370580314506.5,3901079149340405.0,3844187785813199.0,3782582394220087.0,3711106420556052.0,3621835492715497.0,3503970986179345.5,3346466733391251.0,3148937662264421.0,2952289118982682.0,2897845644312962.0,3205792597276042.5,3282804587666352.0,0.0
7357.5,4758298260197915.0,4763696453509184.0,4769110720235264.0,4774541116674923.0,4779987698986660.0,4785450523176044.0,4790929645082655.0,4796425120366608.0,4801937004494656.0,4807465352725859.0,4813010220096797.0,4818571661406335.0,4824149731199883.0,4829744483753209.0,4835355973055699.0,4840984252793143.0,4846629376329940.0,4852291396690804.0,4857970366541847.0,4863666338171125.0,4869379363468553.0,4875109493905210.0,4880856780512003.0,4886621273857685.0,4892403024026171.0,4898202080593184.0,4904018492602160.0,4909852308539428.0,4915703576308620.0,4921572343204288.0,4927458655884734.0,4933362560343973.0,4939284101882870.0,4945223325079365.0,4951180273757794.0,4957154990957277.0,4963147518899119.0,4969157898953228.0,4975186171603493.0,4981232376412102.0,4987296551982757.0,4993378735922786.0,4999478964804054.0,5005597274122702.0,5011733698257638.0,5017888270427752.0,5024061022647815.0,5030251985683022.0,5036461189002137.0,5042688660729187.0,5048934427593674.0,5055198514879249.0,5061480946370796.0,5067781744299887.0,5074100929288546.0,5080438520291271.0,5086794534535262.0,5093168987458795.0,5099561892647672.0,5105973261769717.0,5112403104507207.0,5118851428487221.0,5125318239209800.0,5131803539973866.0,5138307331800839.0,5144829613355834.0,5151370380866420.0,5157929628038794.0,5164507345971351.0,5171103523065512.0,5177718144933742.0,5184351194304670.0,5191002650925207.0,5197672491459548.0,5204360689384996.0,5211067214884444.0,5217792034735457.0,5224535112195805.0,5231296406885340.0,5238075874664091.0,5244873467506452.0,5251689133371330.0,5258522816068106.0,5265374455118279.0,5272243985612643.0,5279131338063828.0,5286036438254068.0,5292959207078019.0,5299899560380452.0,5306857408788653.0,5313832657539342.0,5320825206299908.0,5327834948983790.0,5334861773559762.0,5341905561854936.0,5348966189351241.0,5356043524975174.0,5363137430880541.0,5370247762223992.0,5377374366933032.0,5384517085466305.0,5391675750565822.0,5398850187000848.0,5406040211303184.0,5413245631493494.0,5420466246798363.0,5427701847357751.0,5434952213922494.0,5442217117541480.0,5449496319238128.0,5456789569675770.0,5464096608811518.0,5471417165538221.0,5478750957314024.0,5486097689779093.0,5493457056359037.0,5500828737854489.0,5508212402016368.0,5515607703106251.0,5523014281441299.0,5530431762923170.0,5537859758550276.0,5545297863912780.0,5552745658669631.0,5560202706007006.0,5567668552077391.0,5575142725418571.0,5582624736351757.0,5590114076358029.0,5597610217432263.0,5605112611413649.0,5612620689291873.0,5620133860488060.0,5627651512109395.0,5635173008176472.0,5642697688822229.0,5650224869461372.0,5657753839929086.0,5665283863587835.0,5672814176400964.0,5680343985971738.0,5687872470546481.0,5695398777980320.0,5702922024664055.0,5710441294410532.0,5717955637298928.0,5725464068475199.0,5732965566906874.0,5740459074090399.0,5747943492709000.0,5755417685239086.0,5762880472503042.0,5770330632166188.0,5777766897175629.0,5785187954138530.0,5792592441637343.0,5799978948479324.0,5807346011877631.0,5814692115561083.0,5822015687809650.0,5829315099412540.0,5836588661545587.0,5843834623564607.0,5851051170711125.0,5858236421726805.0,5865388426372716.0,5872505162849389.0,5879584535113516.0,5886624370086828.0,5893622414752672.0,5900576333135452.0,5907483703158008.0,5914342013371731.0,5921148659554010.0,5927900941167419.0,5934596057674750.0,5941231104703770.0,5947803070055427.0,5954308829548774.0,5960745142695824.0,5967108648199126.0,5973395859264620.0,5979603158722062.0,5985726793944944.0,5991762871561628.0,5997707351948976.0,6003556043499569.0,6009304596653219.0,6014948497683133.0,6020483062226863.0,6025903428551723.0,6031204550544150.0,6036381190412114.0,6041427911089338.0,6046339068329929.0,6051108802481514.0,6055731029924989.0,6060199434168495.0,6064507456583213.0,6068648286768288.0,6072614852532140.0,6076399809477296.0,6079995530175938.0,6083394092923356.0,6086587270056758.0,6089566515827056.0,6092322953811782.0,6094847363857660.0,6097130168542289.0,6099161419145125.0,6100930781119203.0,6102427519056436.0,6103640481141046.0,6104558083087725.0,6105168291563689.0,6105458607096653.0,6105416046474308.0,6105027124644957.0,6104277836133789.0,6103153635994904.0,6101639420325748.0,6099719506378206.0,6097377612309484.0,6094596836626070.0,6091359637385809.0,6087647811236846.0,6083442472387688.0,6078724031620670.0,6073472175481800.0,6067665845803461.0,6061283219743752.0,6054301690557048.0,6046697849345914.0,6038447468084852.0,6029525484252490.0,6019905987461268.0,6009562208533348.0,5998466511539295.0,5986590389392848.0,5973904463682176.0,5960378489516275.0,5945981366276023.0,5930681155284117.0,5914445105547964.0,5897239688886057.0,5879030645922368.0,5859783044626665.0,5839461353291282.0,5818029530068203.0,5795451131443438.0,5771689442297706.0,5746707630490811.0,5720468929207249.0,5692936850605202.0,5664075434609439.0,5633849536964327.0,5602225160893438.0,5569169836864930.0,5534653054991873.0,5498646754443428.0,5461125873822297.0,5422068965664433.0,5381458876887483.0,5339283494953933.0,5295536556456032.0,5250218510419408.0,5203337422395037.0,5154909896756099.0,5104961982741317.0,5053530013658192.0,5000661306946374.0,4946414623797085.0,4890860248558415.0,4834079497492612.0,4776163400175807.0,4717210210731075.0,4657321295028626.0,4596594797783224.0,4535116312712942.0,4472945550643212.0,4410097713456864.5,4346517920982747.5,4282046580215673.5,4216372991636282.0,4148973679637637.0,4079030762283615.5,4005323842705893.5,3926085847819422.0,3838807970256159.5,3739969859045665.0,3624656660237436.0,3486003725225827.0,3314385329561732.0,3096231043560991.0,2812179387524919.5,2432922348831722.5,1902725585795360.5,1061769239400310.5,-606712198604956.2,-3047191682358877.5,0.0
7355.0,4733043042017629.0,4738325454546940.0,4743623157548787.0,4748936199911794.0,4754264630294504.0,4759608497111391.0,4764967848518488.0,4770342732398550.0,4775733196345787.0,4781139287650132.0,4786561053281038.0,4791998539870789.0,4797451793697304.0,4802920860666436.0,4808405786293731.0,4813906615685652.0,4819423393520226.0,4824956164027131.0,4830504970967170.0,4836069857611150.0,4841650866718116.0,4847248040512942.0,4852861420663256.0,4858491048255673.0,4864136963771322.0,4869799207060644.0,4875477817317433.0,4881172833052118.0,4886884292064225.0,4892612231414051.0,4898356687393465.0,4904117695495846.0,4909895290385144.0,4915689505863986.0,4921500374840858.0,4927327929296298.0,4933172200248074.0,4939033217715331.0,4944911010681666.0,4950805607057094.0,4956717033638880.0,4962645316071198.0,4968590478803585.0,4974552545048144.0,4980531536735466.0,4986527474469236.0,4992540377479460.0,4998570263574304.0,5004617149090466.0,5010681048842070.0,5016761976068004.0,5022859942377680.0,5028974957695148.0,5035107030201526.0,5041256166275673.0,5047422370433087.0,5053605645262926.0,5059805991363121.0,5066023407273523.0,5072257889407009.0,5078509431978467.0,5084778026931643.0,5091063663863733.0,5097366329947656.0,5103686009851955.0,5110022685658236.0,5116376336776050.0,5122746939855174.0,5129134468695159.0,5135538894152096.0,5141960184042486.0,5148398303044132.0,5154853212593937.0,5161324870782534.0,5167813232245615.0,5174318248051867.0,5180839865587404.0,5187378028436558.0,5193932676258938.0,5200503744662603.0,5207091165073238.0,5213694864599192.0,5220314765892235.0,5226950787003897.0,5233602841237230.0,5240270836993842.0,5246954677616059.0,5253654261223998.0,5260369480547443.0,5267100222752290.0,5273846369261412.0,5280607795569717.0,5287384371053235.0,5294175958771986.0,5300982415266465.0,5307803590347436.0,5314639326878912.0,5321489460553992.0,5328353819663316.0,5335232224855936.0,5342124488892268.0,5349030416388853.0,5355949803554691.0,5362882437918758.0,5369828098048465.0,5376786553258699.0,5383757563311103.0,5390740878103255.0,5397736237347369.0,5404743370238151.0,5411761995109389.0,5418791819078891.0,5425832537681331.0,5432883834488541.0,5439945380716820.0,5447016834820758.0,5454097842073062.0,5461188034129889.0,5468287028581129.0,5475394428485071.0,5482509821886867.0,5489632781320201.0,5496762863291492.0,5503899607746008.0,5511042537515155.0,5518191157744286.0,5525344955300215.0,5532503398157729.0,5539665934764214.0,5546831993381610.0,5554000981404800.0,5561172284655501.0,5568345266650727.0,5575519267844818.0,5582693604844007.0,5589867569592446.0,5597040428528555.0,5604211421710559.0,5611379761909957.0,5618544633671640.0,5625705192339414.0,5632860563045431.0,5640009839662187.0,5647152083715523.0,5654286323257087.0,5661411551694639.0,5668526726578452.0,5675630768342084.0,5682722558995636.0,5689800940769579.0,5696864714707123.0,5703912639203046.0,5710943428486781.0,5717955751047463.0,5724948227998578.0,5731919431379704.0,5738867882392759.0,5745792049570049.0,5752690346871291.0,5759561131706665.0,5766402702882820.0,5773213298468646.0,5779991093577429.0,5786734198061962.0,5793440654118923.0,5800108433798747.0,5806735436417057.0,5813319485863484.0,5819858327803632.0,5826349626769676.0,5832790963134913.0,5839179829967434.0,5845513629757809.0,5851789671015537.0,5858005164728724.0,5864157220681287.0,5870242843621724.0,5876258929277207.0,5882202260206612.0,5888069501485697.0,5893857196217511.0,5899561760860765.0,5905179480368653.0,5910706503130285.0,5916138835706666.0,5921472337352833.0,5926702714317411.0,5931825513910656.0,5936836118331656.0,5941729738245071.0,5946501406097585.0,5951145969163789.0,5955658082311052.0,5960032200472596.0,5964262570817750.0,5968343224608066.0,5972267968727790.0,5976030376876959.0,5979623780415210.0,5983041258844292.0,5986275629917136.0,5989319439361379.0,5992164950205187.0,5994804131693463.0,5997228647782619.0,5999429845202509.0,6001398741074543.0,6003126010075603.0,6004601971138159.0,6005816573678021.0,6006759383342285.0,6007419567271612.0,6007785878872707.0,6007846642099084.0,6007589735240676.0,6007002574226000.0,6006072095444046.0,6004784738097344.0,6003126426102495.0,6001082549560196.0,5998637945823392.0,5995776880199884.0,5992483026334588.0,5988739446326870.0,5984528570650213.0,5979832177955007.0,5974631374850801.0,5968906575782293.0,5962637483133632.0,5955803067719106.0,5948381549844825.0,5940350381156478.0,5931686227522863.0,5922364953244139.0,5912361606918503.0,5901650409351555.0,5890204743949844.0,5877997150104742.0,5864999320145611.0,5851182100523005.0,5836515497974312.0,5820968691526663.0,5804510051305756.0,5787107165245327.0,5768726874930894.0,5749335321963096.0,5728898006390814.0,5707379858940773.0,5684745328957474.0,5660958490161764.0,5635983166533501.0,5609783080816546.0,5582322028322487.0,5553564078857902.0,5523473809698482.0,5492016572552547.0,5459158797357621.0,5424868335482642.0,5389114844393126.0,5351870214979042.0,5313109041415126.0,5272809131446497.0,5230952052136865.0,5187523702075753.0,5142514895409297.0,5095921935303239.0,5047747143867238.0,4997999301253811.0,4946693927408640.0,4893853314263268.0,4839506182072461.0,4783686788636080.0,4726433261229667.0,4667784844443288.0,4607777658346136.0,4546438435429660.0,4483775546387627.5,4419766429301360.0,4354340301695404.0,4287354762688901.5,4218564595414917.5,4147580788039503.0,4073817564700139.0,3996425160978565.0,3914206361530137.0,3825515681841108.5,3728141798455143.5,3619176544285798.5,3494876903633851.5,3350527084481185.5,3180296627910731.5,2977041550299607.0,2731839582021708.0,2432608127083717.0,2059956847408805.5,1575255631401145.0,887875161464412.9,-226308732751436.0,-2251608046952586.5,-5672338002250224.0,0.0
7352.5,4688555122229887.0,4693638048626415.0,4698734875234752.0,4703845637382186.0,4708970369996392.0,4714109107588895.0,4719261884238076.0,4724428733571689.0,4729609688748895.0,4734804782441775.0,4740014046816330.0,4745237513512950.0,4750475213626314.0,4755727177684737.0,4760993435628929.0,4766274016790158.0,4771568949867787.0,4776878262906188.0,4782201983270993.0,4787540137624679.0,4792892751901466.0,4798259851281491.0,4803641460164275.0,4809037602141415.0,4814448299968508.0,4819873575536292.0,4825313449840957.0,4830767942953611.0,4836237073988890.0,4841720861072659.0,4847219321308817.0,4852732470745137.0,4858260324338143.0,4863802895916981.0,4869360198146261.0,4874932242487842.0,4880519039161512.0,4886120597104555.0,4891736923930156.0,4897368025884607.0,4903013907803293.0,4908674573065403.0,4914350023547354.0,4920040259574845.0,4925745279873563.0,4931465081518427.0,4937199659881403.0,4942949008577774.0,4948713119410864.0,4954491982315173.0,4960285585297820.0,4966093914378326.0,4971916953526597.0,4977754684599129.0,4983607087273325.0,4989474138979895.0,4995355814833274.0,5001252087559983.0,5007162927424896.0,5013088302155320.0,5019028176862827.0,5024982513962792.0,5030951273091521.0,5036934411020929.0,5042931881570681.0,5048943635517702.0,5054969620502995.0,5061009780935654.0,5067064057894023.0,5073132389023853.0,5079214708433421.0,5085310946585462.0,5091421030185852.0,5097544882068900.0,5103682421079176.0,5109833561949728.0,5115998215176595.0,5122176286889481.0,5128367678718473.0,5134572287656660.0,5140790005918540.0,5147020720794045.0,5153264314498070.0,5159520664015336.0,5165789640940432.0,5172071111312891.0,5178364935447111.0,5184670967756970.0,5190989056574932.0,5197319043965484.0,5203660765532682.0,5210014050221641.0,5216378720113722.0,5222754590215238.0,5229141468239424.0,5235539154381472.0,5241947441086353.0,5248366112809217.0,5254794945768081.0,5261233707688548.0,5267682157540289.0,5274140045264973.0,5280607111495386.0,5287083087265364.0,5293567693710306.0,5300060641757830.0,5306561631808305.0,5313070353404859.0,5319586484892486.0,5326109693065869.0,5332639632805520.0,5339175946701798.0,5345718264666382.0,5352266203530731.0,5358819366631061.0,5365377343379364.0,5371939708819910.0,5378506023170773.0,5385075831349740.0,5391648662484113.0,5398224029403743.0,5404801428116700.0,5411380337266928.0,5417960217573219.0,5424540511248774.0,5431120641400677.0,5437700011408463.0,5444278004281026.0,5450853981991040.0,5457427284786034.0,5463997230475224.0,5470563113691180.0,5477124205125372.0,5483679750736570.0,5490228970931065.0,5496771059713617.0,5503305183807993.0,5509830481745910.0,5516346062923159.0,5522851006621604.0,5529344360995767.0,5535825142022529.0,5542292332412569.0,5548744880481995.0,5555181698982556.0,5561601663888883.0,5568003613140931.0,5574386345339936.0,5580748618395944.0,5587089148125049.0,5593406606794238.0,5599699621611803.0,5605966773161062.0,5612206593775151.0,5618417565850451.0,5624598120096173.0,5630746633717516.0,5636861428529670.0,5642940768999843.0,5648982860214364.0,5654985845767808.0,5660947805570902.0,5666866753573914.0,5672740635402029.0,5678567325899058.0,5684344626575735.0,5690070262958652.0,5695741881835681.0,5701357048393670.0,5706913243243881.0,5712407859330570.0,5717838198717836.0,5723201469249718.0,5728494781078258.0,5733715143054095.0,5738859458973867.0,5743924523678524.0,5748907018996369.0,5753803509524441.0,5758610438241572.0,5763324121946177.0,5767940746511641.0,5772456361951793.0,5776866877288758.0,5781168055215149.0,5785355506542290.0,5789424684425850.0,5793370878360018.0,5797189207930964.0,5800874616320117.0,5804421863547474.0,5807825519444787.0,5811079956348319.0,5814179341500465.0,5817117629149316.0,5819888552335002.0,5822485614351393.0,5824902079871563.0,5827130965725211.0,5829165031316123.0,5830996768667682.0,5832618392084360.0,5834021827417194.0,5835198700921336.0,5836140327693972.0,5836837699681230.0,5837281473243085.0,5837461956265887.0,5837369094812849.0,5836992459303802.0,5836321230216656.0,5835344183304401.0,5834049674323296.0,5832425623269818.0,5830459498126519.0,5828138298119747.0,5825448536495623.0,5822376222824756.0,5818906844850672.0,5815025349902613.0,5810716125899435.0,5805962981978876.0,5800749128794761.0,5795057158534546.0,5788869024720736.0,5782166021872715.0,5774928765120119.0,5767137169875924.0,5758770431696648.0,5749807006479127.0,5740224591168390.0,5730000105179767.0,5719109672770670.0,5707528606634361.0,5695231393029478.0,5682191678806087.0,5668382260741936.0,5653775077661936.0,5638341205880622.0,5622050858581617.0,5604873389831041.0,5586777304013408.0,5567730271579754.0,5547699152108283.0,5526650025798201.0,5504548234646638.0,5481358434696079.0,5457044660883252.0,5431570406167303.0,5404898716760207.0,5376992305419550.0,5347813684882532.0,5317325323607379.0,5285489826024525.0,5252270139459363.0,5217629789734964.0,5181533147149067.0,5143945723979362.0,5104834503818095.0,5064168301754231.0,5021918152553913.0,4978057721331928.0,4932563727484696.0,4885416367508627.0,4836599715280816.0,4786102068807397.0,4733916199530829.0,4680039442965110.0,4624473546316826.0,4567224158072480.0,4508299804024961.0,4447710141026232.5,4385463210374222.0,4321561322946962.5,4255995093123998.0,4188734992976129.5,4119719617331231.0,4048839631214279.5,3975916115748702.0,3900671749112083.0,3822692987688190.0,3741381217725628.5,3655890862182990.5,3565052891740381.5,3467283518858080.0,3360480731272439.0,3241916793799707.0,3108144356595795.5,2954948903005268.5,2777401322847199.5,2570086619870567.0,2327587736305914.0,2045227670786836.0,1719782395341915.8,1349181236132945.5,929496138534925.8,451906611570409.4,-59881379352036.375,-292701325676138.0,515565981780844.25,0.0
7350.0,4625001658034609.0,4629802802888314.0,4634615866254116.0,4639440863974892.0,4644277811248664.0,4649126722608342.0,4653987611900918.0,4658860492266121.0,4663745376114503.0,4668642275104948.0,4673551200121597.0,4678472161250146.0,4683405167753530.0,4688350228046966.0,4693307349672312.0,4698276539271778.0,4703257802560915.0,4708251144300897.0,4713256568270061.0,4718274077234696.0,4723303672919042.0,4728345355974504.0,4733399125948018.0,4738464981249611.0,4743542919119045.0,4748632935591605.0,4753735025462944.0,4758849182253002.0,4763975398168931.0,4769113664067046.0,4774263969413729.0,4779426302245288.0,4784600649126719.0,4789786995109364.0,4794985323687409.0,4800195616753196.0,4805417854551338.0,4810652015631554.0,4815898076800242.0,4821156013070710.0,4826425797612047.0,4831707401696602.0,4837000794646000.0,4842305943775687.0,4847622814337933.0,4852951369463273.0,4858291570100313.0,4863643374953874.0,4869006740421426.0,4874381620527725.0,4879767966857660.0,4885165728487204.0,4890574851912430.0,4895995280976558.0,4901426956794913.0,4906869817677820.0,4912323799051274.0,4917788833375400.0,4923264850060589.0,4928751775381260.0,4934249532387162.0,4939758040812149.0,4945277216980352.0,4950806973709660.0,4956347220212438.0,4961897861993379.0,4967458800744424.0,4973029934236641.0,4978611156208967.0,4984202356253740.0,4989803419698878.0,4995414227486644.0,5001034656048855.0,5006664577178446.0,5012303857897251.0,5017952360319907.0,5023609941513736.0,5029276453354474.0,5034951742377747.0,5040635649626104.0,5046328010491521.0,5052028654553176.0,5057737405410388.0,5063454080510520.0,5069178490971719.0,5074910441400305.0,5080649729702625.0,5086396146891210.0,5092149476885034.0,5097909496303682.0,5103675974255225.0,5109448672117592.0,5115227343313226.0,5121011733076777.0,5126801578215646.0,5132596606863077.0,5138396538223594.0,5144201082310503.0,5150009939675174.0,5155822801127866.0,5161639347449767.0,5167459249095942.0,5173282165888916.0,5179107746702538.0,5184935629135793.0,5190765439176210.0,5196596790852516.0,5202429285876166.0,5208262513271303.0,5214096048992842.0,5219929455532139.0,5225762281509918.0,5231594061255923.0,5237424314374853.0,5243252545298099.0,5249078242820761.0,5254900879623411.0,5260719911778063.0,5266534778237788.0,5272344900309337.0,5278149681108236.0,5283948504995611.0,5289740736996161.0,5295525722196545.0,5301302785123455.0,5307071229100675.0,5312830335584276.0,5318579363475196.0,5324317548408338.0,5330044102017299.0,5335758211173844.0,5341459037201153.0,5347145715059867.0,5352817352505894.0,5358473029218920.0,5364111795900498.0,5369732673340563.0,5375334651451171.0,5380916688266194.0,5386477708905679.0,5392016604503493.0,5397532231096862.0,5403023408476287.0,5408488918994348.0,5413927506331764.0,5419337874219052.0,5424718685112032.0,5430068558819406.0,5435386071080487.0,5440669752091130.0,5445918084975838.0,5451129504203865.0,5456302393947154.0,5461435086377744.0,5466525859902266.0,5471572937331008.0,5476574483978937.0,5481528605695918.0,5486433346823351.0,5491286688074192.0,5496086544333318.0,5500830762375022.0,5505517118494248.0,5510143316048107.0,5514706982904049.0,5519205668790836.0,5523636842548462.0,5527997889272822.0,5532286107350895.0,5536498705381967.0,5540632798980254.0,5544685407454071.0,5548653450356546.0,5552533743902594.0,5556322997246752.0,5560017808616151.0,5563614661292782.0,5567109919438853.0,5570499823758942.0,5573780486992250.0,5576947889228131.0,5579997873037728.0,5582926138414302.0,5585728237514586.0,5588399569193199.0,5590935373321847.0,5593330724884789.0,5595580527841745.0,5597679508749100.0,5599622210130000.0,5601402983583615.0,5603015982623585.0,5604455155235340.0,5605714236141764.0,5606786738766323.0,5607665946882662.0,5608344905939270.0,5608816414047780.0,5609073012623171.0,5609106976664049.0,5608910304661107.0,5608474708121743.0,5607791600698945.0,5606852086912520.0,5605646950451052.0,5604166642043083.0,5602401266886632.0,5600340571626442.0,5597973930869267.0,5595290333228232.0,5592278366888435.0,5588926204687324.0,5585221588704921.0,5581151814360981.0,5576703714018366.0,5571863640094785.0,5566617447688148.0,5560950476724569.0,5554847533642496.0,5548292872631552.0,5541270176450541.0,5533762536856067.0,5525752434681065.0,5517221719611724.0,5508151589721769.0,5498522570835202.0,5488314495802338.0,5477506483789816.0,5466076919703358.0,5454003433882479.0,5441262882229917.0,5427831326964974.0,5413684018220254.0,5398795376735164.0,5383138977938400.0,5366687537754731.0,5349412900520455.0,5331286029446592.0,5312277000130045.0,5292354997681295.0,5271488318112698.0,5249644374715219.0,5226789710242958.0,5202890015825000.0,5177910157632083.0,5151814212441133.0,5124565513362508.0,5096126707120682.0,5066459824406087.0,5035526364938956.0,5003287398998490.0,4969703687262685.0,4934735820862054.0,4898344383555600.0,4860490137863840.0,4821134236806878.0,4780238462548367.0,4737765492675602.0,4693679193967799.0,4647944942205924.0,4600529964709118.0,4551403699646047.0,4500538162501789.0,4447908305035638.0,4393492345185589.0,4337272037062102.5,4279232837642659.5,4219363910008028.5,4157657880628053.0,4094110238608485.0,4028718225786529.0,3961479015396643.5,3892386910382411.0,3821429206327206.5,3748580253901912.0,3673793116993987.5,3596988051284125.5,3518036822438413.0,3436741647690341.0,3352807296225047.0,3265804663472699.5,3175124028340569.0,3079916378499132.0,2979021959645534.0,2870887133024783.0,2753474696994425.5,2624180720934063.0,2479785413723965.5,2316490932327053.0,2130141611082461.8,1916789776580216.0,1673870342122861.2,1402381189718974.8,1110632989401435.4,820430535216838.0,577858719813886.8,478045803504695.56,744863931431115.5,1983665766784174.5,5628054864885278.0,0.0
7347.5,4542691830452164.0,4547131390287622.0,4551580322944224.0,4556038619244767.0,4560506269052936.0,4564983261248276.0,4569469583700523.0,4573965223243320.0,4578470165647280.0,4582984395592364.0,4587507896639597.0,4592040651202071.0,4596582640515216.0,4601133844606351.0,4605694242263452.0,4610263811003154.0,4614842527037954.0,4619430365242572.0,4624027299119488.0,4628633300763600.0,4633248340825993.0,4637872388476796.0,4642505411367095.0,4647147375589888.0,4651798245640034.0,4656457984373206.0,4661126552963781.0,4665803910861658.0,4670490015747983.0,4675184823489723.0,4679888288093092.0,4684600361655766.0,4689320994317879.0,4694050134211742.0,4698787727410274.0,4703533717874094.0,4708288047397231.0,4713050655551439.0,4717821479629044.0,4722600454584313.0,4727387512973280.0,4732182584891998.0,4736985597913169.0,4741796477021106.0,4746615144544980.0,4751441520090300.0,4756275520468582.0,4761117059625146.0,4765966048564994.0,4770822395276715.0,4775686004654351.0,4780556778417176.0,4785434615027314.0,4790319409605147.0,4795211053842443.0,4800109435913133.0,4805014440381663.0,4809925948108875.0,4814843836155316.0,4819767977681905.0,4824698241847891.0,4829634493706015.0,4834576594094779.0,4839524399527767.0,4844477762079890.0,4849436529270492.0,4854400543943215.0,4859369644142513.0,4864343662986733.0,4869322428537627.0,4874305763666236.0,4879293485914980.0,4884285407355872.0,4889281334444720.0,4894281067871215.0,4899284402404739.0,4904291126735807.0,4909301023312957.0,4914313868174993.0,4919329430778395.0,4924347473819780.0,4929367753053218.0,4934390017102280.0,4939414007266625.0,4944439457322952.0,4949466093320157.0,4954493633368488.0,4959521787422513.0,4964550257057707.0,4969578735240442.0,4974606906091171.0,4979634444640588.0,4984661016578523.0,4989686277995350.0,4994709875115649.0,4999731444023877.0,5004750610381773.0,5009766989137234.0,5014780184224372.0,5019789788254459.0,5024795382197461.0,5029796535053840.0,5034792803516288.0,5039783731621074.0,5044768850388640.0,5049747677453076.0,5054719716680108.0,5059684457773197.0,5064641375867346.0,5069589931110198.0,5074529568229969.0,5079459716089783.0,5084379787227925.0,5089289177383522.0,5094187265007151.0,5099073410755841.0,5103946956971918.0,5108807227145142.0,5113653525357504.0,5118485135710145.0,5123301321731668.0,5128101325767258.0,5132884368347883.0,5137649647538870.0,5142396338267124.0,5147123591626216.0,5151830534158530.0,5156516267113650.0,5161179865682120.0,5165820378203678.0,5170436825349022.0,5175028199274157.0,5179593462746290.0,5184131548240253.0,5188641357004326.0,5193121758094364.0,5197571587375032.0,5201989646486890.0,5206374701778132.0,5210725483199555.0,5215040683161460.0,5219318955350982.0,5223558913508404.0,5227759130160881.0,5231918135311948.0,5236034415085132.0,5240106410319932.0,5244132515118323.0,5248111075339896.0,5252040387043645.0,5255918694874375.0,5259744190391550.0,5263515010338402.0,5267229234848910.0,5270884885590322.0,5274479923838638.0,5278012248484471.0,5281479693966538.0,5284880028129987.0,5288210950006562.0,5291470087513555.0,5294654995068342.0,5297763151115188.0,5300791955560828.0,5303738727115238.0,5306600700533837.0,5309375023757203.0,5312058754944244.0,5314648859394616.0,5317142206355948.0,5319535565711319.0,5321825604542225.0,5324008883562101.0,5326081853415204.0,5328040850835576.0,5329882094660468.0,5331601681692494.0,5333195582404488.0,5334659636480872.0,5335989548189038.0,5337180881574073.0,5338229055469864.0,5339129338319396.0,5339876842796752.0,5340466520223152.0,5340893154768989.0,5341151357433653.0,5341235559794578.0,5341140007516776.0,5340858753613731.0,5340385651450395.0,5339714347478610.0,5338838273695186.0,5337750639812508.0,5336444425131346.0,5334912370105337.0,5333146967586400.0,5331140453740164.0,5328884798620379.0,5326371696391167.0,5323592555185879.0,5320538486591385.0,5317200294746618.0,5313568465044368.0,5309633152425534.0,5305384169255327.0,5300810972771427.0,5295902652094559.0,5290647914792807.0,5285035072991782.0,5279052029023941.0,5272686260611695.0,5265924805580564.0,5258754246100571.0,5251160692456407.0,5243129766349569.0,5234646583738878.0,5225695737229509.0,5216261278024968.0,5206326697461496.0,5195874908150198.0,5184888224758886.0,5173348344473331.0,5161236327186638.0,5148532575475435.0,5135216814433481.0,5121268071446494.0,5106664656007328.0,5091384139688013.0,5075403336404961.0,5058698283136172.0,5041244221274756.0,5023015578832177.0,5003985953737202.0,4984128098513713.0,4963413906662121.0,4941814401116144.0,4919299725199300.0,4895839136564538.0,4871401004666172.0,4845952812386586.0,4819461162521287.0,4791891789915451.0,4763209580143193.0,4733378595727811.0,4702362111016692.0,4670122656948067.0,4636622077076851.0,4601821596361664.0,4565681904351046.0,4528163254539380.0,4489225581784790.0,4448828639782326.5,4406932160652099.0,4363496038714435.5,4318480540456234.5,4271846542508919.0,4223555799110515.5,4173571239948202.5,4121857298386513.5,4068380268765893.0,4013108689553641.0,3956013746442363.0,3897069685752992.0,3836254223358461.0,3773548927337912.0,3708939543095316.0,3642416216942127.0,3573973557130198.0,3503610448714408.0,3431329508752087.0,3357136029107143.0,3281036202935412.0,3203034364696828.5,3123128888759309.0,3041306284675288.5,2957532894901763.0,2871743441926775.0,2783825490044577.0,2693598696059359.0,2600787556646827.0,2504986289701575.5,2405614655349881.0,2301864201854982.0,2192636120195111.5,2076475539767346.2,1951514383620464.2,1815448852039651.5,1665603595363205.0,1499182097605511.5,1313887905407570.5,1109250790934274.6,889245732651115.1,667193234817970.1,474428350405622.44,374126976630062.9,476574761462166.25,919123416141110.2,1630751008249966.5,1452537411592228.2,0.0
7345.0,4442074197668972.5,4446075911153892.0,4450083926317687.0,4454098203965504.0,4458118703569279.0,4462145383237072.5,4466178199681702.5,4470217108188626.0,4474262062583076.0,4478313015196426.5,4482369916831764.5,4486432716728655.0,4490501362527061.0,4494575800230425.0,4498655974167870.0,4502741826955493.5,4506833299456754.0,4510930330741909.0,4515032858046469.0,4519140816728683.0,4523254140225981.0,4527372760010381.0,4531496605542819.0,4535625604226376.0,4539759681358377.0,4543898760081317.0,4548042761332613.0,4552191603793124.0,4556345203834403.0,4560503475464687.0,4564666330273537.0,4568833677375133.0,4573005423350170.0,4577181472186322.0,4581361725217235.0,4585546081060008.0,4589734435551114.0,4593926681680748.0,4598122709525510.0,4602322406179430.0,4606525655683246.0,4610732338951916.0,4614942333700308.0,4619155514367003.0,4623371752036183.0,4627590914357533.0,4631812865464111.0,4636037465888117.0,4640264572474526.0,4644494038292497.0,4648725712544517.0,4652959440473206.0,4657195063265711.0,4661432417955649.0,4665671337322478.0,4669911649788290.0,4674153179311884.0,4678395745280088.0,4682639162396242.0,4686883240565737.0,4691127784778555.0,4695372594988706.0,4699617465990479.0,4703862187291403.0,4708106542981840.0,4712350311601096.0,4716593265999952.0,4720835173199506.0,4725075794246238.0,4729314884063153.0,4733552191296900.0,4737787458160765.0,4742020420273384.0,4746250806493061.0,4750478338747571.0,4754702731859292.0,4758923693365532.0,4763140923333909.0,4767354114172633.0,4771562950435523.0,4775767108621616.0,4779966256969188.0,4784160055244019.0,4788348154521728.0,4792530196963982.0,4796705815588412.0,4800874634032008.0,4805036266307819.0,4809190316554737.0,4813336378780126.0,4817474036595118.0,4821602862942295.0,4825722419815547.0,4829832257971838.0,4833931916634644.0,4838020923188765.0,4842098792866263.0,4846165028423231.0,4850219119807075.0,4854260543814054.0,4858288763736684.0,4862303229000765.0,4866303374791620.0,4870288621669212.0,4874258375171805.0,4878212025407745.0,4882148946634996.0,4886068496828015.0,4889970017231548.0,4893852831900907.0,4897716247228275.0,4901559551454575.0,4905382014166416.0,4909182885777597.0,4912961396994667.0,4916716758265992.0,4920448159213748.0,4924154768048297.0,4927835730964289.0,4931490171517923.0,4935117189984639.0,4938715862696662.0,4942285241359600.0,4945824352347437.0,4949332195975138.0,4952807745748093.0,4956249947587564.0,4959657719031338.0,4963029948408641.0,4966365493988501.0,4969663183100495.0,4972921811227007.0,4976140141065918.0,4979316901562696.0,4982450786910770.0,4985540455519069.0,4988584528945510.0,4991581590795263.0,4994530185582432.0,4997428817553898.0,5000275949473906.0,5003070001367972.0,5005809349224621.0,5008492323653406.0,5011117208497605.0,5013682239399918.0,5016185602319426.0,5018625431998033.0,5020999810374458.0,5023306764943891.0,5025544267061250.0,5027710230185930.0,5029802508065886.0,5031818892858733.0,5033757113187527.0,5035614832128770.0,5037389645130053.0,5039079077854722.0,5040680583950779.0,5042191542741158.0,5043609256832404.0,5044930949638629.0,5046153762817579.0,5047274753615400.0,5048290892116698.0,5049199058396222.0,5049996039568472.0,5050678526731311.0,5051243111799540.0,5051686284224266.0,5052004427593656.0,5052193816110628.0,5052250610942718.0,5052170856439322.0,5051950476211219.0,5051585269067180.0,5051070904802242.0,5050402919832036.0,5049576712667325.0,5048587539222830.0,5047430507954019.0,5046100574815531.0,5044592538034521.0,5042901032692132.0,5041020525106004.0,5038945307006522.0,5036669489499355.0,5034186996806527.0,5031491559778129.0,5028576709166544.0,5025435768654888.0,5022061847631095.0,5018447833699063.0,5014586384917927.0,5010469921760543.0,5006090618782047.0,5001440395989302.0,4996510909902002.0,4991293544296130.0,4985779400620554.0,4979959288077577.0,4973823713358426.0,4967362870024826.0,4960566627528227.0,4953424519858444.0,4945925733814173.0,4938059096888366.0,4929813064762233.0,4921175708402634.0,4912134700758704.0,4902677303055014.0,4892790350680019.0,4882460238670639.0,4871672906795922.0,4860413824245353.0,4848667973930476.0,4836419836411944.0,4823653373468166.0,4810352011326480.0,4796498623583121.0,4782075513844445.0,4767064398129066.0,4751446387078549.0,4735201968033838.0,4718310987044995.0,4700752630894169.0,4682505409225316.0,4663547136890196.0,4643854916637727.0,4623405122294360.0,4602173382606010.0,4580134565938212.0,4557262766060803.0,4533531289276757.0,4508912643192622.0,4483378527470667.0,4456899826950743.5,4429446607584104.0,4400988115681977.5,4371492781049993.0,4340928224655682.0,4309261271561618.5,4276457969951603.5,4242483617182820.0,4207302793913594.5,4170879407485103.0,4133176745876512.0,4094157543706871.0,4053784061923705.0,4012018182996542.0,3968821523622840.5,3924155567150750.0,3877981818124394.5,3830261981556532.0,3780958169722069.0,3730033139431106.5,3677450562864842.0,3623175335117523.0,3567173921549589.5,3509414747876770.5,3449868635536819.0,3388509284209259.0,3325313802306213.0,3260263284661831.0,3193343434334299.0,3124545222149861.0,3053865573034745.0,2981308061872049.0,2906883593029556.0,2830611026113033.0,2752517694985367.0,2672639746484120.5,2591022198103804.5,2507718578386982.0,2422789967754860.0,2336303198589451.0,2248327899070738.2,2158931973511201.8,2068175002121968.0,1976098918257870.2,1882715191815133.0,1787987639582584.0,1691809953127695.5,1593977196657542.0,1494151107669311.0,1391820474088537.8,1286261021603952.0,1176505791757299.5,1061350165229589.1,939441747541378.0,809556114043080.0,671255719219592.9,526299952336137.7,381418471921754.5,253108123607868.2,173228123359234.66,181870693142796.7,238094159748072.3,-192515958199778.5,-3088400122038299.0,0.0
7342.5,4323732533151709.5,4327224683113662.5,4330719587088129.5,4334217171541261.0,4337717361183474.5,4341220078932552.0,4344725245875913.0,4348232781232038.5,4351742602311029.0,4355254624474309.0,4358768761093373.0,4362284923507648.0,4365803020981381.0,4369322960659560.0,4372844647522829.5,4376367984341384.5,4379892871627817.0,4383419207588882.0,4386946888076162.0,4390475806535598.0,4394005853955867.5,4397536918815566.0,4401068887029173.0,4404601641891771.0,4408135064022471.0,4411669031306542.0,4415203418836178.0,4418738098849881.5,4422272940670443.0,4425807810641446.5,4429342572062300.5,4432877085121721.0,4436411206829660.5,4439944790947609.0,4443477687917247.0,4447009744787410.0,4450540805139299.0,4454070709009900.0,4457599292813585.5,4461126389261817.5,4464651827280921.5,4468175431927871.5,4471697024304045.0,4475216421466881.0,4478733436339379.0,4482247877617415.5,4485759549674762.5,4489268252465808.0,4492773781425865.0,4496275927369035.0,4499774476383546.5,4503269209724499.0,4506759903703948.0,4510246329578244.0,4513728253432585.0,4517205436062641.0,4520677632853246.0,4524144593654010.0,4527606062651818.0,4531061778240079.0,4534511472884679.0,4537954872986518.0,4541391698740538.0,4544821663991158.0,4548244476083985.0,4551659835713736.0,4555067436768222.0,4558466966168304.0,4561858103703704.0,4565240521864545.0,4568613885668502.0,4571977852483438.0,4575332071845380.0,4578676185271723.0,4582009826069508.0,4585332619138625.0,4588644180769804.0,4591944118437242.0,4595232030585686.0,4598507506411836.0,4601770125639887.0,4605019458291017.0,4608255064446692.0,4611476494005529.0,4614683286433593.0,4617874970507890.0,4621051064052860.0,4624211073669658.0,4627354494458013.0,4630480809730420.0,4633589490718448.0,4636679996270914.0,4639751772543670.0,4642804252680761.0,4645836856486653.0,4648848990089302.0,4651840045593739.0,4654809400725882.0,4657756418466295.0,4660680446673550.0,4663580817696872.0,4666456847977740.0,4669307837640080.0,4672133070068699.0,4674931811475580.0,4677703310453649.0,4680446797517622.0,4683161484631503.0,4685846564722323.0,4688501211179652.0,4691124577340446.0,4693715795958733.0,4696273978659672.0,4698798215377432.0,4701287573776409.0,4703741098655208.0,4706157811332815.0,4708536709016393.0,4710876764150086.0,4713176923744196.0,4715436108684075.0,4717653213018084.0,4719827103223874.0,4721956617452307.0,4724040564748230.0,4726077724247356.0,4728066844348391.0,4730006641859649.0,4731895801119202.0,4733732973087731.0,4735516774413104.0,4737245786465734.0,4738918554343722.0,4740533585846715.0,4742089350417437.0,4743584278049756.0,4745016758162127.0,4746385138435228.0,4747687723612529.0,4748922774262502.0,4750088505501142.0,4751183085673404.0,4752204634992129.0,4753151224132933.0,4754020872783568.0,4754811548146073.0,4755521163390127.0,4756147576055821.0,4756688586404085.0,4757141935712912.0,4757505304517440.0,4757776310791897.0,4757952508071371.0,4758031383511203.0,4758010355881821.0,4757886773496697.0,4757657912071023.0,4757320972508647.0,4756873078614673.0,4756311274731097.0,4755632523292697.0,4754833702300320.0,4753911602708614.0,4752862925725145.0,4751684280017702.0,4750372178826540.0,4748923036978110.0,4747333167796831.0,4745598779911175.0,4743715973950393.0,4741680739127920.0,4739488949707475.0,4737136361347713.0,4734618607321121.0,4731931194602737.0,4729069499824179.0,4726028765088194.0,4722804093639006.0,4719390445383360.0,4715782632257251.0,4711975313432989.0,4707962990361266.0,4703740001642639.0,4699300517722782.0,4694638535405726.0,4689747872179123.0,4684622160345542.0,4679254840953634.0,4673639157522943.0,4667768149556021.0,4661634645831524.0,4655231257471795.0,4648550370778550.0,4641584139830182.0,4634324478834279.0,4626763054229063.0,4618891276527445.0,4610700291897702.0,4602180973474864.0,4593323912397280.0,4584119408563076.0,4574557461101740.0,4564627758556535.0,4554319668774063.0,4543622228498120.0,4532524132665721.0,4521013723404425.0,4509078978731085.0,4496707500953716.5,4483886504779757.5,4470602805135898.5,4456842804706858.5,4442592481202968.5,4427837374369378.5,4412562572752914.5,4396752700246477.5,4380391902435140.5,4363463832773032.0,4345951638625689.0,4327837947218947.5,4309104851542638.5,4289733896265619.0,4269706063727955.5,4249001760086631.0,4227600801703178.5,4205482401875109.5,4182625158028413.0,4159007039505714.0,4134605376104312.0,4109396847540453.0,4083357474041282.5,4056462608294140.0,4028686929014836.0,4000004436432518.0,3970388450029369.5,3939811608919245.0,3908245875300868.0,3875662541479528.5,3842032241016571.0,3807324964639867.0,3771510081631310.5,3734556367500715.5,3696432038860369.5,3657104796532174.5,3616541878051495.0,3574710120879942.5,3531576037805305.0,3487105906192466.0,3441265872956771.0,3394022077362774.0,3345340794009510.0,3295188598650333.0,3243532559814093.5,3190340459547125.0,3135581046985254.0,3079224328893896.0,3021241901784889.5,2961607330732636.0,2900296580570816.0,2837288505754595.0,2772565405821136.0,2706113654070794.0,2637924407817650.0,2567994409313610.0,2496326887222879.5,2422932569296832.5,2347830817648228.0,2271050898714686.5,2192633400585459.8,2112631810772703.2,2031114267635123.5,1948165498349623.0,1863888955326301.5,1778409160868031.8,1691874266009745.2,1604458822676560.2,1516366756566323.5,1427834507976376.2,1339134272967921.5,1250577216877129.8,1162516426989407.0,1075349187354110.5,989517837077589.0,905507911470139.9,823841287689967.9,745060368384948.0,669696457394476.8,598210660463650.0,530887795216613.4,467651553472745.0,407751300249540.4,349247432543968.25,288195674840729.6,217401405552703.62,124543281442235.62,-10860866813298.375,-223116090850528.1,-568073049120899.2,-1084241350431207.2,-1229333202045336.0,0.0
7340.0,4188380203467442.5,4191296555150856.0,4194211695052399.5,4197125511776160.5,4200037891712882.5,4202948718996452.5,4205857875459461.5,4208765240587807.5,4211670691474326.0,4214574102771414.5,4217475346642637.0,4220374292713284.5,4223270808019854.0,4226164756958431.5,4229056001231958.0,4231944399796321.0,4234829808805297.0,4237712081554255.5,4240591068422640.0,4243466616815175.0,4246338571101777.5,4249206772556129.0,4252071059292891.5,4254931266203518.5,4257787224890639.0,4260638763600967.5,4263485707156713.0,4266327876885448.0,4269165090548388.5,4271997162267066.0,4274823902448327.5,4277645117707638.5,4280460610790643.5,4283270180492927.0,4286073621577950.5,4288870724693098.5,4291661276283806.0,4294445058505696.5,4297221849134694.0,4299991421475056.5,4302753544265275.0,4305507981581768.5,4308254492740359.0,4310992832195410.5,4313722749436623.5,4316443988883399.5,4319156289776705.0,4321859386068390.5,4324553006307885.0,4327236873526190.0,4329910705117119.0,4332574212715704.0,4335227102073671.0,4337869072931950.5,4340499818890099.0,4343119027272584.5,4345726378991814.0,4348321548407868.0,4350904203184790.0,4353474004143397.0,4356030605110469.5,4358573652764250.5,4361102786476145.5,4363617638148515.0,4366117832048459.5,4368602984637477.5,4371072704396892.5,4373526591648923.5,4375964238373288.0,4378385228019193.5,4380789135312621.5,4383175526058736.0,4385543956939305.0,4387893975304983.0,4390225118962316.0,4392536915955313.0,4394828884341437.5,4397100531961847.0,4399351356205741.5,4401580843768615.0,4403788470404279.0,4405973700670435.0,4408135987667650.5,4410274772771517.5,4412389485357804.5,4414479542520409.0,4416544348781891.0,4418583295796364.0,4420595762044541.0,4422581112520668.5,4424538698411165.0,4426467856764657.0,4428367910153194.0,4430238166324387.5,4432077917844172.0,4433886441729933.5,4435662999073706.0,4437406834655143.5,4439117176543952.0,4440793235691475.0,4442434205511094.0,4444039261447101.5,4445607560531718.5,4447138240929862.0,4448630421471319.0,4450083201169916.0,4451495658729301.5,4452866852034930.5,4454195817631793.5,4455481570187506.0,4456723101940241.5,4457919382131084.5,4459069356420294.5,4460171946286981.0,4461226048411669.0,4462230534041235.5,4463184248335622.0,4464086009695803.0,4464934609072359.0,4465728809254096.5,4466467344136030.0,4467148917966110.0,4467772204569987.0,4468335846553144.0,4468838454479628.5,4469278606026681.0,4469654845114453.0,4469965681010012.5,4470209587404828.5,4470385001464863.5,4470490322852377.0,4470523912718541.5,4470484092665915.5,4470369143679779.5,4470177305027343.5,4469906773123753.5,4469555700363832.0,4469122193918411.0,4468604314494118.5,4468000075055386.0,4467307439507488.5,4466524321339268.0,4465648582224278.0,4464678030578929.0,4463610420076250.0,4462443448113788.0,4461174754234122.0,4459801918496453.5,4458322459797632.0,4456733834140954.0,4455033432851019.5,4453218580732844.5,4451286534173416.0,4449234479183757.5,4447059529379575.0,4444758723898440.0,4442329025251433.0,4439767317107077.0,4437070402005367.5,4434234998999584.5,4431257741223529.5,4428135173381782.0,4424863749160438.5,4421439828555783.0,4417859675118222.5,4414119453108778.5,4410215224565315.5,4406142946275657.5,4401898466654599.5,4397477522521829.5,4392875735777632.0,4388088609973203.5,4383111526772330.0,4377939742301116.0,4372568383382347.5,4366992443651078.5,4361206779547882.5,4355206106186220.0,4348984993090292.5,4342537859799710.5,4335858971337265.0,4328942433536071.0,4321782188222322.0,4314372008249905.0,4306705492383097.5,4298776060023635.0,4290576945778464.5,4282101193864514.5,4273341652346999.0,4264290967207747.0,4254941576240356.0,4245285702768954.0,4235315349187777.0,4225022290318825.0,4214398066585333.5,4203433976999057.5,4192121071959834.5,4180450145866385.0,4168411729537874.0,4155996082446428.0,4143193184761591.0,4129992729208523.0,4116384112742805.0,4102356428045827.5,4087898454846053.0,4072998651072915.0,4057645143851796.0,4041825720350428.5,4025527818489231.0,4008738517530455.0,3991444528563867.0,3973632184909663.0,3955287432462891.5,3936395820007522.0,3916942489532730.0,3896912166588928.5,3876289150726679.0,3855057306067818.0,3833200052065234.5,3810700354515626.5,3787540716898399.0,3763703172123874.0,3739169274785094.0,3713920094020118.0,3687936207105631.0,3661197693918634.0,3633684132420477.5,3605374595337458.0,3576247648234414.0,3546281349202643.5,3515453250411516.0,3483740401804475.0,3451119357255370.0,3417566183540531.0,3383056472526296.0,3347565357021543.0,3311067530800491.0,3273537273363897.0,3234948480077142.5,3195274698402992.0,3154489171035784.5,3112564886844139.0,3069474640641980.0,3025191102934932.5,2979686900932481.0,2932934712278238.0,2884907373133753.0,2835578002458527.5,2784920144564127.5,2732907932287406.5,2679516273432439.5,2624721063478553.0,2568499427950636.0,2510829998306500.0,2451693225726031.0,2391071737801915.0,2328950743849553.0,2265318495396480.5,2200166809407462.0,2133491662986545.8,2065293869718418.0,1995579849529046.5,1924362506038098.8,1851662227946312.5,1777508034183414.5,1701938886512020.2,1625005198268491.0,1546770574219174.0,1467313824501151.2,1386731305784604.2,1305139655742519.0,1222679003370485.2,1139516758500041.5,1055852109862591.8,971921393012050.0,888004527493747.5,804432765728491.0,721598040209675.0,639964231157779.2,560080683165861.25,482598235442729.5,408287816795348.5,338061144732460.5,272991983450061.5,214334257760999.12,163529188215599.62,122185902767514.12,92005879811262.62,74596265636359.5,71072647382076.38,81276204630514.5,102308635208633.38,125917447240689.75,134118888915411.0,92767805066790.5,-54390022412407.25,-374648745793197.0,-844436488645945.6,-917951302352326.4,1349916395188546.0,0.0
7337.5,4036853161519623.0,4039133822642437.0,4041408954814298.0,4043678406155211.5,4045942022093970.5,4048199645317973.0,4050451115722002.5,4052696270355938.5,4054934943371394.0,4057166965967235.5,4059392166333972.0,4061610369596970.0,4063821397758502.0,4066025069638550.5,4068221200814392.5,4070409603558886.5,4072590086777476.0,4074762455943839.5,4076926513034189.0,4079082056460156.5,4081228881000259.0,4083366777729890.0,4085495533949814.0,4087614933113120.0,4089724754750606.0,4091824774394553.5,4093914763500835.0,4095994489369353.5,4098063715062743.5,4100122199323289.5,4102169696488036.5,4104205956402043.5,4106230724329722.0,4108243740864230.0,4110244741834856.5,4112233458212371.0,4114209616012254.5,4116172936195794.5,4118123134568959.5,4120059921679031.0,4121983002708897.0,4123892077368995.5,4125786839786799.0,4127666978393820.5,4129532175810060.0,4131382108725818.5,4133216447780838.5,4135034857440667.5,4136836995870214.5,4138622514804392.5,4140391059415795.5,4142142268179323.0,4143875772733680.5,4145591197739656.0,4147288160735134.5,4148966271986707.0,4150625134337826.0,4152264343053419.0,4153883485660830.0,4155482141787045.5,4157059882992057.5,4158616272598299.0,4160150865516028.5,4161663208064570.0,4163152837789279.0,4164619283274141.5,4166062063949879.0,4167480689897452.5,4168874661646806.0,4170243469970780.0,4171586595674009.0,4172903509376707.5,4174193671293178.5,4175456531004922.5,4176691527228192.5,4177898087575836.0,4179075628313282.0,4180223554108505.5,4181341257775798.5,4182428120013199.0,4183483509133369.5,4184506780787777.0,4185497277683971.5,4186454329295772.0,4187377251566168.0,4188265346602732.5,4189117902365331.0,4189934192345926.0,4190713475240233.0,4191454994611015.5,4192157978542781.0,4192821639287627.5,4193445172901997.0,4194027758874076.5,4194568559741572.5,4195066720699603.0,4195521369198394.0,4195931614530528.0,4196296547407411.5,4196615239524661.0,4196886743116099.5,4197110090496019.5,4197284293589378.0,4197408343449583.0,4197481209763486.5,4197501840343241.5,4197469160604622.5,4197382073031410.5,4197239456625447.0,4197040166341931.5,4196783032509515.5,4196466860234783.0,4196090428790596.5,4195652490987906.5,4195151772530465.0,4194586971351983.5,4193956756935195.5,4193259769612293.5,4192494619846168.0,4191659887491916.0,4190754121037978.0,4189775836826342.0,4188723518251162.0,4187595614935152.5,4186390541883094.5,4185106678611765.0,4183742368255585.0,4182295916647250.5,4180765591372601.0,4179149620798960.0,4177446193076119.0,4175653455109181.5,4173769511502394.5,4171792423473093.0,4169720207734888.0,4167550835349129.0,4165282230543721.0,4162912269498309.5,4160438779094800.0,4157859535632213.0,4155172263504753.0,4152374633842053.0,4149464263110389.0,4146438711673781.5,4143295482313707.5,4140032018706261.0,4136645703855452.5,4133133858481367.5,4129493739361865.5,4125722537626417.0,4121817377000713.5,4117775312000596.0,4113593326073820.5,4109268329688171.5,4104797158364368.5,4100176570652173.0,4095403246048119.5,4090473782853171.5,4085384695968658.0,4080132414628752.5,4074713280067759.0,4069123543120411.0,4063359361753385.0,4057416798526194.0,4051291817979584.5,4044980283949568.5,4038477956805185.0,4031780490608056.0,4024883430191815.0,4017782208159484.0,4010472141796816.0,4002948429899707.5,3995206149513719.5,3987240252583823.5,3979045562512453.5,3970616770624048.5,3961948432534270.0,3953034964422133.0,3943870639203409.0,3934449582603703.5,3924765769129705.0,3914813017937299.5,3904584988595275.5,3894075176743629.0,3883276909645571.5,3872183341632640.5,3860787449442526.0,3849082027449518.5,3837059682787844.0,3824712830368482.5,3812033687790532.5,3799014270148628.0,3785646384738465.0,3771921625663116.5,3757831368343459.0,3743366763936820.0,3728518733668807.0,3713277963084211.5,3697634896223983.0,3681579729736396.0,3665102406931942.0,3648192611792883.0,3630839762950064.5,3613033007641468.0,3594761215668953.5,3576012973371944.0,3556776577639350.0,3537040029983760.0,3516791030705126.0,3496016973174576.0,3474704938272814.0,3452841689021899.0,3430413665453849.0,3407406979764822.0,3383807411809432.5,3359600404996241.5,3334771062652614.5,3309304144935137.5,3283184066370586.0,3256394894122248.0,3228920347087272.0,3200743795942805.5,3171848264271964.0,3142216430915675.5,3111830633712721.5,3080672874808729.5,3048724827735019.0,3015967846480759.5,2982382976806825.0,2947950970077435.5,2912652299916437.5,2876467182029171.5,2839375597568828.5,2801357320468248.5,2762391949204934.0,2722458943518996.0,2681537666661595.5,2639607433815676.0,2596647567402413.0,2552637460066489.0,2507556646222122.0,2461384883141007.5,2414102242674038.0,2365689214822644.0,2316126824514487.0,2265396763094242.5,2213481536215842.0,2160364630020751.5,2106030697711574.8,2050465768885560.8,1993657484284474.8,1935595358952304.2,1876271077179351.5,1815678823061226.5,1753815651028510.5,1690681901325112.5,1626281666154732.8,1560623313105374.0,1493720073542562.0,1425590704985033.5,1356260238112659.5,1285760821097663.5,1214132676519543.2,1141425189384862.5,1067698148941436.8,993023172339625.5,917485345131291.5,841185122609562.8,764240547735617.2,686789856722507.0,608994563341286.8,531043139051776.25,453155439814586.5,375588073865575.25,298640959926882.75,222665394175593.0,148074027672972.25,75353252135537.5,5078593397590.5,-62066200558490.25,-125265658566750.0,-183544063302170.12,-235731712965681.5,-280426806789187.62,-315956017892980.0,-340341278807068.1,-351288877156016.9,-346232935109556.6,-322494360114118.6,-277667585637650.62,-210434365763172.12,-122141317227925.25,-19662003420852.25,79810564078407.0,141843621352711.75,108506872141208.62,-92417397909079.62,-470551156082605.5,-717086082697110.4,-211759016313966.94,0.0
7335.0,3870101650389462.5,3871693839951629.0,3873275905849420.5,3874847654078677.0,3876408887461820.5,3877959405591226.0,3879499004771464.0,3881027477960385.0,3882544614709018.5,3884050201100268.0,3885544019686371.5,3887025849425093.0,3888495465614623.0,3889952639827166.0,3891397139841165.0,3892828729572152.0,3894247169002186.0,3895652214107838.0,3897043616786709.5,3898421124782423.5,3899784481608087.0,3901133426468153.5,3902467694178676.5,3903787015085906.5,3905091114983188.5,3906379715026128.0,3907652531645981.5,3908909276461237.0,3910149656187321.5,3911373372544427.0,3912580122163370.0,3913769596489474.5,3914941481684397.0,3916095458525896.0,3917231202305417.0,3918348382723541.0,3919446663783150.5,3920525703680330.0,3921585154692898.5,3922624663066554.5,3923643868898542.5,3924642406018812.0,3925619901868579.5,3926575977376255.5,3927510246830658.5,3928422317751454.5,3929311790756747.0,3930178259427767.5,3931021310170568.0,3931840522074658.5,3932635466768530.5,3933405708271944.0,3934150802844937.5,3934870298833476.5,3935563736511634.0,3936230647920235.5,3936870556701880.0,3937482977932235.5,3938067417947529.0,3938623374168123.0,3939150334918091.0,3939647779240678.0,3940115176709560.5,3940551987235784.5,3940957660870270.5,3941331637601789.5,3941673347150279.5,3941982208755378.0,3942257630960081.0,3942499011389352.5,3942705736523604.5,3942877181466883.0,3943012709709637.5,3943111672885923.0,3943173410524915.0,3943197249796547.0,3943182505251170.5,3943128478553030.0,3943034458207428.5,3942899719281407.5,3942723523117759.5,3942505117042216.5,3942243734063621.0,3941938592566902.0,3941588895998663.5,3941193832545192.5,3940752574802674.5,3940264279439431.0,3939728086849948.5,3939143120800477.5,3938508488066000.0,3937823278058311.5,3937086562444994.5,3936297394759017.0,3935454809998742.5,3934557824218058.5,3933605434106373.0,3932596616558200.0,3931530328232067.0,3930405505098436.5,3929221061976354.5,3927975892058524.5,3926668866424485.0,3925298833541571.0,3923864618753327.5,3922365023755040.0,3920798826056013.0,3919164778428266.0,3917461608341246.0,3915688017382192.0,3913842680661763.5,3911924246204513.5,3909931334323818.5,3907862536980812.0,3905716417126910.0,3903491508029464.0,3901186312580094.5,3898799302585214.0,3896328918038281.0,3893773566373257.0,3891131621698776.0,3888401424012498.0,3885581278395098.0,3882669454183343.0,3879664184121700.5,3876563663491880.5,3873366049219718.0,3870069458958802.0,3866671970150193.0,3863171619057621.0,3859566399777485.5,3855854263222980.0,3852033116081686.0,3848100819745878.0,3844055189214877.5,3839893991968666.0,3835614946812049.5,3831215722688573.5,3826693937463418.0,3822047156674470.5,3817272892250761.0,3812368601197431.0,3807331684246374.5,3802159484471721.0,3796849285869252.5,3791398311898885.5,3785803723989319.0,3780062620003922.5,3774172032666948.0,3768128927949141.5,3761930203411794.5,3755572686508291.0,3749053132842213.0,3742368224381024.0,3735514567624375.0,3728488691726092.0,3721287046568865.0,3713906000790706.5,3706341839762232.0,3698590763513842.0,3690648884611881.0,3682512225982928.5,3674176718685286.5,3665638199626930.5,3656892409229043.0,3647934989034454.0,3638761479260255.0,3629367316293978.5,3619747830132759.5,3609898241765031.0,3599813660494316.0,3589489081204879.5,3578919381569026.0,3568099319196027.5,3557023528722775.5,3545686518846434.0,3534082669299545.0,3522206227768249.0,3510051306754499.0,3497611880383434.0,3484881781157310.0,3471854696657753.5,3458524166198394.0,3444883577430392.0,3430926162903717.0,3416644996587556.0,3402032990353773.0,3387082890427819.0,3371787273812261.0,3356138544688652.0,3340128930804361.0,3323750479851729.0,3306995055847932.0,3289854335524878.0,3272319804739665.0,3254382754917328.0,3236034279538981.0,3217265270689954.0,3198066415684205.0,3178428193783038.0,3158340873028244.0,3137794507211859.5,3116778933007264.0,3095283767288844.5,3073298404670514.0,3050812015296375.0,3027813542920498.0,3004291703316475.5,2980234983061717.0,2955631638746057.0,2930469696659290.5,2904736953017898.5,2878420974797238.5,2851509101242324.0,2823988446137550.0,2795845900923904.0,2767068138761008.0,2737641619641133.0,2707552596672905.5,2676787123664245.0,2645331064146823.5,2613170101998441.0,2580289753835163.5,2546675383361968.0,2512312217889147.0,2477185367242121.5,2441279845314417.5,2404580594538080.0,2367072513572330.0,2328740488540505.5,2289569428177286.0,2249544303282984.5,2208650190920001.5,2166872323828071.5,2124196145580550.0,2080607372053659.5,2036092059834789.5,1990636682255169.5,1944228213796614.5,1896854223692385.0,1848502979618732.0,1799163562457133.8,1748825993198167.0,1697481373157025.5,1645122038778877.8,1591741732430358.8,1537335790702814.0,1481901351894777.0,1425437584497596.8,1367945938681130.8,1309430422969382.8,1249897908512590.8,1189358463608135.2,1127825721404820.0,1065317284053452.0,1001855166954547.2,937466287219675.0,872183001031499.8,806043695293283.8,739093439848522.8,671384707690259.5,602978172055724.8,533943591236674.75,464360794494493.5,394320785877793.25,323926987305931.0,253296648421437.75,182562458990675.75,111874410802355.5,41401971089087.0,-28663350181508.0,-98104929475991.75,-166677309061314.5,-234101631578725.25,-300059970476524.25,-364188212898460.0,-426067043586292.6,-485210442674525.75,-541050945771838.75,-592920726538787.4,-640027368686577.6,-681423041538536.8,-715965778212777.4,-742271870838448.1,-758659408219031.9,-763085357186252.8,-753083519996455.0,-725720238313049.2,-677602253661775.1,-605001944832600.9,-504216535809287.56,-372357508186443.25,-208876111186723.75,-18253493247233.0,185601938193835.38,372300148998101.9,480800793593650.0,373183990190380.9,-321828034470266.75,-2219985458421007.8,0.0
7332.5,3689180730818023.5,3690039445242241.0,3690883243231445.5,3691711888056112.5,3692525139343253.0,3693322753013880.5,3694104481219268.0,3694870072275981.0,3695619270599642.0,3696351816637402.0,3697067446799112.0,3697765893387132.5,3698446884524782.0,3699110144083371.0,3699755391607811.5,3700382342240753.5,3700990706645227.0,3701580190925752.5,3702150496547882.5,3702701320256149.5,3703232353990373.0,3703743284800301.0,3704233794758544.5,3704703560871752.0,3705152254990016.0,3705579543714445.5,3705985088302873.0,3706368544573650.0,3706729562807498.5,3707067787647364.5,3707382857996228.0,3707674406912829.0,3707942061505258.5,3708185442822375.0,3708404165742970.0,3708597838862674.0,3708766064378508.5,3708908437971058.0,3709024548684198.0,3709113978802315.0,3709176303724986.0,3709211091839019.5,3709217904387833.5,3709196295338093.0,3709145811243538.0,3709065991105949.5,3708956366233170.5,3708816460094139.5,3708645788170828.5,3708443857807055.0,3708210168054055.5,3707944209512778.0,3707645464172788.5,3707313405247724.0,3706947497007225.5,3706547194605228.5,3706111943904564.0,3705641181297753.5,3705134333523937.0,3704590817481802.0,3704010040038458.0,3703391397834128.5,3702734277082580.0,3702038053367180.0,3701302091432462.5,3700525744971128.0,3699708356406331.5,3698849256669161.5,3697947764971195.5,3697003188572013.0,3696014822541524.0,3694981949517015.0,3693903839454770.5,3692779749376125.5,3691608923107843.0,3690390591016644.0,3689123969737774.5,3687808261897439.5,3686442655828980.0,3685026325282613.5,3683558429128591.5,3682038111053624.5,3680464499250372.5,3678836706099875.5,3677153827846716.5,3675414944266743.5,3673619118327186.0,3671765395838952.5,3669852805100922.0,3667880356536052.0,3665847042319071.5,3663751835995562.5,3661593692092228.0,3659371545718106.5,3657084312156526.0,3654730886447557.0,3652310142960745.0,3649820934957854.5,3647262094145405.0,3644632430216732.5,3641930730383322.5,3639155758895137.0,3636306256549687.5,3633380940189552.0,3630378502188070.5,3627297609922912.0,3624136905237226.0,3620895003888075.5,3617570494981830.0,3614161940396207.0,3610667874188634.5,3607086801990610.5,3603417200387698.0,3599657516284833.5,3595806166256584.5,3591861535881984.5,3587821979063593.5,3583685817330402.0,3579451339124187.0,3575116799068945.5,3570680417222985.5,3566140378313290.0,3561494830951747.5,3556741886832783.0,3551879619912032.0,3546906065565579.0,3541819219729328.0,3536617038018073.0,3531297434823820.5,3525858282392884.5,3520297409881317.5,3514612602388209.5,3508801599966370.5,3502862096609937.0,3496791739218427.5,3490588126536756.5,3484248808070758.0,3477771282977687.5,3471152998931280.0,3464391350960862.0,3457483680264024.0,3450427272992427.0,3443219359010244.0,3435857110624800.0,3428337641288950.5,3420658004274778.5,3412815191318168.5,3404806131233873.0,3396627688500670.5,3388276661816242.5,3379749782621457.0,3371043713593709.0,3362155047109064.0,3353080303672940.5,3343815930319145.0,3334358298977080.5,3324703704807037.0,3314848364503498.0,3304788414566485.5,3294519909541012.0,3284038820224804.5,3273341031844561.0,3262422342201032.5,3251278459783429.0,3239905001853666.0,3228297492501158.0,3216451360668979.5,3204361938152360.0,3192024457570679.5,3179434050314269.5,3166585744467567.0,3153474462710374.5,3140095020199200.0,3126442122430969.0,3112510363091618.5,3098294221892458.0,3083788062397519.5,3068986129845442.0,3053882548969925.0,3038471321823176.5,3022746325607308.0,3006701310519121.5,2990329897614365.0,2973625576698137.0,2956581704248808.5,2939191501383614.0,2921448051874847.0,2903344300226540.0,2884873049822417.5,2866026961157037.0,2846798550163163.0,2827180186649665.0,2807164092865619.5,2786742342207801.0,2765906858090348.0,2744649412997160.0,2722961627739553.0,2700834970943729.0,2678260758794974.5,2655230155067918.0,2631734171474947.5,2607763668367781.0,2583309355830415.5,2558361795205183.0,2532911401097389.5,2506948443908190.0,2480463052949819.0,2453445220202203.5,2425884804775270.0,2397771538147074.0,2369095030254147.0,2339844776517289.0,2310010165893471.0,2279580490052578.5,2248544953786484.0,2216892686767491.5,2184612756783473.2,2151694184588292.5,2118125960518230.8,2083897063038323.0,2048996479396818.5,2013413228581387.5,1977136386787470.0,1940155115627209.2,1902458693326941.0,1864036549182238.0,1824878301562184.0,1784973799778967.2,1744313170165021.2,1702886866728061.5,1660685726784366.2,1617701032002741.5,1573924575325712.5,1529348734270716.0,1483966551152390.5,1437771820807434.5,1390759186445767.2,1342924244295998.8,1294263657758854.8,1244775281829364.8,1194458298596580.8,1143313364677989.8,1091342771493970.0,1038550619334640.0,984943006216522.0,930528232568086.2,875317022820316.2,819322765008986.5,762561769517759.8,705053548103185.0,646821114342073.0,587891306626138.2,528295134796306.75,468068151457541.5,407250848944072.5,345889082814758.0,284034522652435.75,221745130826524.25,159085669768278.0,96128238224884.0,32952836937881.75,-30352035712262.75,-93688757257896.5,-156949922437837.75,-220017649663872.75,-282762848222822.0,-345044438791799.25,-406708515226513.75,-467587428607372.75,-527498764184072.75,-586244166741237.9,-643607948079640.0,-699355379118042.2,-753230524969888.1,-804953419392413.8,-854216288800077.4,-900678417131631.5,-943959080390270.2,-983627760000197.8,-1019190550720099.8,-1050071292725884.2,-1075585458509496.8,-1094904195149915.9,-1107005149984452.4,-1110605795929942.5,-1104073947554817.9,-1085309071559644.5,-1051586903777420.5,-999358795588279.0,-923996010091435.5,-819467939003332.2,-677944974962107.8,-489342570847315.75,-240978948853097.38,81728339335711.38,489378313434479.75,960913579912842.1,1336962307058970.0,1013337328752436.2,-811725144452024.8,0.0
7330.0,3495239761270626.5,3495328328285132.0,3495397071651793.5,3495445712384998.0,3495473967414376.5,3495481549517205.0,3495468167249555.5,3495433524876156.0,3495377322298926.0,3495299254984183.0,3495199013888474.0,3495076285383006.0,3494930751176652.0,3494762088237497.5,3494569968712897.0,3494354059848018.0,3494114023902819.0,3493849518067459.0,3493560194376078.0,3493245699618927.0,3492905675252816.5,3492539757309828.0,3492147576304284.0,3491728757137900.5,3491282919003119.0,3490809675284554.5,3490308633458528.0,3489779394990646.0,3489221555231377.5,3488634703309591.5,3488018422023999.5,3487372287732483.5,3486695870239226.5,3485988732679636.5,3485250431402974.0,3484480515852690.0,3483678528444355.0,3482844004441184.0,3481976471827084.5,3481075451177151.0,3480140455525600.0,3479170990231040.5,3478166552839038.5,3477126632941938.0,3476050712035841.0,3474938263374703.5,3473788751821496.0,3472601633696321.5,3471376356621484.5,3470112359363377.5,3468809071671174.0,3467465914112212.0,3466082297904010.0,3464657624742867.0,3463191286628909.0,3461682665687568.5,3460131133987374.0,3458536053353984.0,3456896775180378.0,3455212640233115.5,3453482978454584.0,3451707108761132.0,3449884338837009.5,3448013964924002.0,3446095271606690.5,3444127531593208.0,3442110005491408.0,3440041941580342.0,3437922575576937.0,3435751130397751.5,3433526815915735.5,3431248828711833.5,3428916351821356.5,3426528554474979.0,3424084591834248.0,3421583604721484.5,3419024719343944.0,3416407047012106.5,3413729683851974.5,3410991710511227.5,3408192191859114.5,3405330176679914.5,3402404697359860.5,3399414769567339.5,3396359391926253.5,3393237545682360.0,3390048194362444.0,3386790283426183.5,3383462739910500.0,3380064472066278.5,3376594368987242.5,3373051300230843.0,3369434115430972.5,3365741643902310.0,3361972694236150.5,3358126053887482.5,3354200488753176.0,3350194742741042.0,3346107537329588.0,3341937571118282.0,3337683519368077.5,3333344033532045.5,3328917740775858.5,3324403243487943.5,3319799118779064.0,3315103917971124.0,3310316166074966.0,3305434361256945.0,3300456974294029.5,3295382448017213.5,3290209196743005.0,3284935605692747.0,3279560030399533.0,3274080796102476.5,3268496197128104.5,3262804496258595.5,3257003924086658.5,3251092678356783.0,3245068923292612.0,3238930788910197.5,3232676370316899.5,3226303726995655.0,3219810882074409.5,3213195821580440.0,3206456493679339.5,3199590807898428.5,3192596634334350.5,3185471802844649.0,3178214102223053.5,3170821279358338.5,3163291038376448.5,3155621039765780.0,3147808899485386.5,3139852188055923.5,3131748429633208.0,3123495101064196.0,3115089630925291.0,3106529398542835.0,3097811732995702.0,3088933912099937.5,3079893161375365.0,3070686652994164.0,3061311504711444.0,3051764778777825.0,3042043480834137.5,3032144558788356.0,3022064901674929.0,3011801338496736.0,3001350637049916.5,2990709502731930.0,2979874577333218.5,2968842437812924.5,2957609595059232.0,2946172492634900.0,2934527505508747.0,2922670938773851.0,2910599026353378.0,2898307929695087.0,2885793736455631.0,2873052459175946.5,2860080033949152.5,2846872319082559.0,2833425093755535.0,2819734056675166.5,2805794824731867.0,2791602931657317.5,2777153826687289.0,2762442873232258.5,2747465347558928.0,2732216437486069.0,2716691241098482.0,2700884765483154.5,2684791925492135.5,2668407542536999.0,2651726343420277.5,2634742959209667.0,2617451924161387.0,2599847674699558.0,2581924548459187.5,2563676783400884.5,2545098517006238.5,2526183785563501.5,2506926523554086.0,2487320563151268.0,2467359633843472.5,2447037362195554.0,2426347271762650.5,2405282783172382.0,2383837214392541.5,2362003781202808.0,2339775597890633.0,2317145678193067.0,2294106936508151.0,2270652189401467.5,2246774157435525.5,2222465467352002.0,2197718654639317.0,2172526166520689.8,2146880365400769.5,2120773532811999.8,2094197873905344.8,2067145522533552.5,2039608546979224.5,2011578956384084.2,1983048707940538.8,1954009714911583.5,1924453855550455.5,1894372982997214.5,1863758936235770.0,1832603552201476.0,1800898679136795.8,1768636191300310.5,1735808005142726.0,1702406097072698.5,1668422522944885.5,1633849439413266.0,1598679127303804.0,1562904017172740.5,1526516717229516.0,1489510043817232.8,1451877054658144.8,1413611085087417.8,1374705787514946.0,1335155174372805.2,1294953664824458.2,1254096135531634.8,1212577975795455.2,1170395147410041.2,1127544249589381.2,1084022589351515.8,1039828257768124.5,994960212511857.2,949418367158384.8,903203687724399.5,856318296946548.0,808765586828764.5,760550340006016.5,711678860490341.5,662159114378889.0,612000881112462.0,561215915874846.75,509818123716294.75,457823745966332.25,405251559468789.75,352123089122081.25,298462834136244.25,244298508320125.75,189661294581488.75,134586113653158.25,79111906841221.75,23281932317958.25,-32855925858448.5,-89248837235128.5,-145838694717104.25,-202561776952249.75,-259348406464464.25,-316122607536860.5,-372801768890833.5,-429296317424173.0,-485509410673961.1,-541336657262259.5,-596665876357295.4,-651376909113565.9,-705341497083842.2,-758423244622621.5,-810477684153208.2,-861352464579525.4,-910887683673089.8,-958916384329996.2,-1005265231246195.9,-1049755377445472.2,-1092203517246538.1,-1132423100837568.0,-1170225651572520.0,-1205422074601166.8,-1237823766200066.2,-1267243215349044.2,-1293493615770469.2,-1316386753490224.8,-1335728066740609.8,-1351307239988306.8,-1362881914826792.8,-1370150959550807.5,-1372712051640362.8,-1369995795131805.0,-1361164724957679.0,-1344959513493970.0,-1319465097201697.0,-1281754020532451.8,-1227339747848286.0,-1149335643662569.2,-1037168067128220.6,-874664881179011.1,-637464621770627.0,-290400113370916.5,212036405883617.75,912689194804851.2,1805384406884178.0,2704521074325078.0,2577607137144585.0,0.0
7327.5,3289510973222384.5,3288801485887412.0,3288067239388830.0,3287307914030181.5,3286523185633914.5,3285712725469846.5,3284876200182359.0,3284013271716259.5,3283123597241320.0,3282206829075447.0,3281262614606457.0,3280290596212437.0,3279290411180659.0,3278261691625007.0,3277204064401910.5,3276117151024736.0,3275000567576606.0,3273853924621630.5,3272676827114500.0,3271468874308410.5,3270229659661304.0,3268958770740363.0,3267655789124748.5,3266320290306532.0,3264951843589781.5,3263550011987782.0,3262114352118337.0,3260644414097111.5,3259139741428987.0,3257599870897382.5,3256024332451496.5,3254412649091432.5,3252764336751163.0,3251078904179292.0,3249355852817553.5,3247594676677035.0,3245794862212034.5,3243955888191539.0,3242077225568259.5,3240158337345170.0,3238198678439509.0,3236197695544183.0,3234154826986525.0,3232069502584344.5,3229941143499221.5,3227769162086989.5,3225552961745337.5,3223291936758485.5,3220985472138859.5,3218632943465718.0,3216233716720659.5,3213787148119948.0,3211292583943582.5,3208749360361061.5,3206156803253766.0,3203514228033871.0,3200820939459760.5,3198076231447821.5,3195279386880581.0,3192429677411091.5,3189526363263492.5,3186568693029678.0,3183555903461974.5,3180487219261753.0,3177361852863908.5,3174179004217089.0,3170937860559631.5,3167637596191066.0,3164277372239143.5,3160856336422272.5,3157373622807273.5,3153828351562367.5,3150219628705283.5,3146546545846406.0,3142808179926861.5,3139003592951418.5,3135131831716136.0,3131191927530619.0,3127182895934805.5,3123103736410154.5,3118953432085135.0,3114730949434907.0,3110435237975075.5,3106065229949403.5,3101619840011376.5,3097097964899486.0,3092498483106125.5,3087820254539975.5,3083062120181747.5,3078222901733172.0,3073301401259111.5,3068296400822644.5,3063206662113039.5,3058030926066443.5,3052767912479180.5,3047416319613534.5,3041974823795878.5,3036442079006997.0,3030816716464521.5,3025097344197293.0,3019282546611555.5,3013370884048828.5,3007360892335339.0,3001251082322873.5,2995039939420924.0,2988725923120001.0,2982307466505973.5,2975782975765328.0,2969150829681207.5,2962409379120110.0,2955556946509141.0,2948591825303680.0,2941512279445377.0,2934316542810347.5,2927002818647476.0,2919569279006728.0,2912014064157370.0,2904335281996032.5,2896531007444515.5,2888599281837284.0,2880538112298591.0,2872345471109159.5,2864019295062427.0,2855557484810271.5,2846957904198255.0,2838218379590360.0,2829336699183241.0,2820310612310028.0,2811137828733735.0,2801816017930359.5,2792342808361751.0,2782715786738390.0,2772932497272206.0,2762990440919642.0,2752887074615140.0,2742619810495315.5,2732186015114103.0,2721583008649149.0,2710808064099893.0,2699858406477657.5,2688731211988276.5,2677423607207730.5,2665932668251376.5,2654255419937412.0,2642388834945265.0,2630329832969672.0,2618075279871339.0,2605621986825070.0,2592966709466436.5,2580106147038089.0,2567036941536958.5,2553755676863687.5,2540258877975760.0,2526543010045943.5,2512604477627772.5,2498439623829990.5,2484044729501975.0,2469416012432429.0,2454549626563739.5,2439441661224630.0,2424088140383980.0,2408485021928885.0,2392628196970294.5,2376513489179868.0,2360136654161910.0,2343493378864664.0,2326579281035484.0,2309389908724832.5,2291920739844405.0,2274167181785156.5,2256124571101366.0,2237788173267481.8,2219153182514892.5,2200214721756424.0,2180967842606920.8,2161407525508915.5,2141528679973129.0,2121326144944248.0,2100794689303254.0,2079929012518461.0,2058723745458321.5,2037173451380092.0,2015272627109490.8,1993015704427689.5,1970397051683193.0,1947410975647492.5,1924051723634844.2,1900313485908087.0,1876190398394020.5,1851676545733694.0,1826765964694906.8,1801452647976238.5,1775730548434151.5,1749593583767171.0,1723035641693615.0,1696050585662175.5,1668632261137592.5,1640774502506863.0,1612471140654820.0,1583716011261591.5,1554502963878462.5,1524825871842751.2,1494678643097010.0,1464055231982605.2,1432949652082999.5,1401355990197651.5,1369268421533404.0,1336681226206658.5,1303588807156439.8,1269985709575827.2,1235866641976953.5,1201226499013176.5,1166060386190789.0,1130363646612160.5,1094131889902097.2,1057361023479920.4,1020047286350843.0,982187285602208.8,943778035802462.0,904817001513908.5,865302143143900.0,825231966373346.2,784605575416174.2,743422730378544.8,701683909002121.0,659390373091436.8,616544239941182.5,573148559094774.8,529207394780780.75,484725914388022.75,439710483353369.75,394168766847508.0,348109838652913.75,301544297633971.75,254484392200617.5,206944153163042.25,158939535364192.0,110488568457534.75,61611517167522.5,12331051327068.5,-37327574073121.75,-87336328667695.75,-137664206279970.5,-188277014345833.75,-239137153446658.0,-290203387410415.25,-341430604702115.25,-392769572148109.9,-444166682435334.25,-495563697310550.75,-546897488992046.6,-598099783016275.6,-649096906596364.9,-699809547593395.2,-750152530423610.4,-800034616677216.8,-849358339943097.6,-898019886357360.2,-945909034763198.9,-992909173127324.0,-1038897411043947.6,-1083744811805066.5,-1127316771647096.0,-1169473578397328.0,-1210071186801328.8,-1248962253217045.8,-1285997477926216.2,-1321027308716107.2,-1353904064101122.2,-1384484537766174.5,-1412633146273589.5,-1438225677911707.8,-1461153689003408.2,-1481329570961392.0,-1498692270912810.5,-1513213582115535.8,-1524904814938222.5,-1533823496236713.8,-1540079497025883.0,-1543839614438957.8,-1545329072237958.5,-1544827559771270.0,-1542656154318191.8,-1539149531203242.0,-1534604880762874.0,-1529194303686214.5,-1522820142181877.2,-1514881123766297.0,-1503898934030653.0,-1486926699855387.5,-1458619983125975.5,-1409798944808040.8,-1325284423299102.8,-1180798551870301.2,-938823778579499.2,-543118568976491.0,91904723440218.06,1118779438924048.1,2860664694530260.5,5002954819338112.0,0.0
7325.0,3073297295573967.5,3071770920965769.0,3070214910395464.5,3068628906056330.0,3067012545324478.0,3065365460684751.0,3063687279655369.0,3061977624711260.5,3060236113206061.0,3058462357292784.0,3056655963843091.5,3054816534365177.5,3052943664920221.0,3051036946037377.0,3049095962627299.5,3047120293894137.0,3045109513246002.0,3043063188203863.5,3040980880308850.5,3038862145027923.0,3036706531657883.0,3034513583227693.0,3032282836399087.0,3030013821365407.0,3027706061748667.0,3025359074494788.5,3022972369766978.5,3020545450837220.5,3018077813975841.5,3015568948339102.5,3013018335854801.0,3010425451105831.5,3007789761211664.5,3005110725707714.0,3002387796422546.5,2999620417352895.5,2996808024536432.0,2993950045922254.0,2991045901239066.0,2988095001860966.5,2985096750670846.5,2982050541921316.0,2978955761093133.5,2975811784751079.5,2972617980397237.5,2969373706321622.5,2966078311450115.5,2962731135189654.0,2959331507270618.0,2955878747586370.5,2952372166029896.0,2948811062327478.5,2945194725869376.0,2941522435537413.0,2937793459529482.5,2934007055180821.0,2930162468782094.5,2926258935394153.5,2922295678659452.5,2918271910610035.5,2914186831472065.0,2910039629466789.5,2905829480607921.0,2901555548495344.5,2897216984105088.0,2892812925575506.5,2888342497989595.5,2883804813153374.5,2879198969370277.5,2874524051211470.5,2869779129282048.0,2864963259983002.0,2860075485268943.0,2855114832401451.0,2850080313698029.0,2844970926276556.0,2839785651795187.5,2834523456187616.5,2829183289393634.5,2823764085084911.0,2818264760385926.0,2812684215589971.5,2807021333870159.0,2801274980985365.0,2795444004981018.5,2789527235884688.5,2783523485396373.5,2777431546573447.0,2771250193510163.0,2764978181011675.5,2758614244262481.5,2752157098489250.0,2745605438617936.5,2738957938925155.0,2732213252683710.0,2725370011802266.5,2718426826459068.0,2711382284729670.5,2704234952208634.5,2696983371625117.5,2689626062452350.5,2682161520510916.0,2674588217565836.5,2666904600917421.5,2659109092985834.5,2651200090889394.5,2643175966016570.5,2635035063591682.5,2626775702234290.0,2618396173512307.5,2609894741488835.5,2601269642262759.0,2592519083503136.0,2583641243977445.0,2574634273073733.5,2565496290316760.0,2556225384878212.0,2546819615081107.5,2537277007898500.5,2527595558446635.5,2517773229472697.0,2507807950837357.0,2497697618992294.0,2487440096452925.5,2477033211266606.5,2466474756476564.5,2455762489581873.0,2444894131993818.0,2433867368489021.0,2422679846659723.5,2411329176361680.5,2399812929160170.5,2388128637774618.5,2376273795522453.5,2364245855762798.0,2352042231340702.5,2339660294032648.5,2327097373994140.0,2314350759210255.0,2301417694950106.5,2288295383226216.5,2274980982259939.5,2261471605954092.5,2247764323374115.8,2233856158239106.0,2219744088424258.8,2205425045476294.5,2190895914143625.8,2176153531923104.5,2161194688625369.5,2146016125960939.8,2130614537149363.8,2114986566553922.0,2099128809344530.0,2083037811191732.8,2066710067994841.8,2050142025647525.2,2033330079844386.5,2016270575932339.5,1998959808810819.5,1981394022885231.8,1963569412078283.5,1945482119904225.5,1927128239611390.0,1908503814398738.5,1889604837712637.0,1870427253630426.5,1850966957337891.0,1831219795708168.0,1811181567990269.0,1790848026615849.5,1770214878133568.5,1749277784280993.0,1728032363204721.5,1706474190840150.5,1684598802463106.0,1662401694426463.0,1639878326095733.0,1617024121998656.0,1593834474204866.5,1570304744952786.0,1546430269542222.8,1522206359512312.0,1497628306125932.5,1472691384183171.5,1447390856187980.5,1421721976893905.2,1395679998256561.0,1369260174822484.0,1342457769586050.5,1315268060348406.0,1287686346614699.0,1259707957068466.0,1231328257664738.5,1202542660386332.8,1173346632710887.5,1143735707839535.0,1113705495741613.5,1083251695073612.8,1052370106034555.0,1021056644224321.0,989307355575973.0,957118432438030.6,924486230887782.6,891407289362270.6,857878348699362.0,823896373687614.5,789458576230085.2,754562440234302.1,719205748347863.8,683386610666928.9,647103495552968.0,610355262701733.5,573141198617315.2,535461054653544.75,497315087794705.5,458704104357593.5,419629506807349.0,380093343890136.5,340098364296570.25,299648074080712.0,258746798070387.5,217399745515289.25,175613080229742.25,133393995496812.75,90750794009400.5,47692973131686.75,4231315770478.75,-39622012850042.25,-83853362215384.25,-128447487057044.25,-173387431112106.0,-218654403832178.25,-264227649786533.75,-310084310531308.1,-356199278753691.5,-402545044549463.5,-449091533756373.1,-495805938348054.4,-542652538996830.25,-589592520043422.0,-636583777272236.1,-683580719088568.6,-730534061936103.9,-777390621087618.5,-824093098298946.5,-870579868247513.0,-916784766195844.5,-962636879943073.0,-1008060349872422.8,-1052974181791208.0,-1097292078317040.5,-1140922295818301.0,-1183767535401189.2,-1225724878187052.5,-1266685777183976.0,-1306536120472294.5,-1345156383245731.8,-1382421889532550.2,-1418203208221512.2,-1452366712391632.0,-1484775335944771.8,-1515289567207522.8,-1543768725524554.0,-1570072573897217.5,-1594063328361657.5,-1615608132900334.5,-1634582076965574.0,-1650871840707390.0,-1664380060020456.5,-1675030508458945.8,-1682774194278169.5,-1687596465955053.0,-1689525205052440.8,-1688640156259036.0,-1685083393772211.0,-1679070840813349.0,-1670904630617251.8,-1660985902188776.0,-1649827332882929.5,-1638064279292481.0,-1626462764141873.0,-1615921613678012.2,-1607464670075875.0,-1602216948203284.0,-1601355520580323.5,-1606021253856151.2,-1617170481850177.0,-1635335196395883.5,-1660245122934946.2,-1690244130627261.5,-1721406287910067.5,-1746219313728701.5,-1751618849443944.5,-1715833386736402.5,-1602187887581646.0,-1343586276843528.2,-800071990257290.1,358791858721332.06,3225029908874182.5,0.0
7322.5,2847959590774538.5,2845606750029560.5,2843219541495219.0,2840797572864316.5,2838340446750624.5,2835847760613836.0,2833319106683278.0,2830754071880380.0,2828152237739859.0,2825513180329621.5,2822836470169336.5,2820121672147665.5,2817368345438140.5,2814576043413635.0,2811744313559437.5,2808872697384881.0,2805960730333506.5,2803007941691747.5,2800013854496090.5,2796977985438704.0,2793899844771503.5,2790778936208605.5,2787614756827183.5,2784406796966659.0,2781154540126222.5,2777857462860646.5,2774515034674359.5,2771126717913768.0,2767691967657763.0,2764210231606422.0,2760680949967837.5,2757103555343067.0,2753477472609160.5,2749802118800239.0,2746076902986577.0,2742301226151677.5,2738474481067291.5,2734596052166348.5,2730665315413771.0,2726681638175124.5,2722644379083088.0,2718552887901682.5,2714406505388251.0,2710204563153123.5,2705946383516955.0,2701631279365682.5,2697258554003069.0,2692827501000801.5,2688337404046088.5,2683787536786738.5,2679177162673659.5,2674505534800764.0,2669771895742205.0,2664975477386948.5,2660115500770593.5,2655191175904436.5,2650201701601719.0,2645146265301024.5,2640024042886786.0,2634834198506843.0,2629575884387050.0,2624248240642838.5,2618850395087738.0,2613381463038794.5,2607840547118833.5,2602226737055564.0,2596539109477439.5,2590776727706253.5,2584938641546455.5,2579023887071089.0,2573031486404370.0,2566960447500834.0,2560809763921027.5,2554578414603697.5,2548265363634450.0,2541869560010839.0,2535389937403855.0,2528825413915773.0,2522174891834342.0,2515437257383260.0,2508611380468948.5,2501696114423545.5,2494690295744148.0,2487592743828240.0,2480402260705299.0,2473117630764585.0,2465737620479054.5,2458260978125426.5,2450686433500377.5,2443012697632857.5,2435238462492527.5,2427362400694332.0,2419383165199203.0,2411299389010913.0,2403109684869096.5,2394812644938453.5,2386406840494195.5,2377890821603712.0,2369263116804575.5,2360522232778864.5,2351666654023921.5,2342694842519565.0,2333605237391869.5,2324396254573580.0,2315066286461254.0,2305613701569261.5,2296036844180733.0,2286334033995617.5,2276503565775974.0,2266543708988662.5,2256452707445630.5,2246228778941956.2,2235870114891883.8,2225374879963073.2,2214741211709315.2,2203967220201975.5,2193050987660478.5,2181990568082133.8,2170783986871667.0,2159429240470803.2,2147924295988344.5,2136267090831129.5,2124455532336378.2,2112487497405910.5,2100360832142790.0,2088073351490954.0,2075622838878484.0,2063007045865163.0,2050223691795055.8,2037270463454882.2,2024145014739005.5,2010844966321926.5,1997367905339232.0,1983711385078019.5,1969872924677884.0,1955850008843618.2,1941640087570899.2,1927240575886255.5,1912648853602769.5,1897862265093019.0,1882878119080867.5,1867693688453865.5,1852306210098089.8,1836712884757401.2,1820910876919236.5,1804897314729162.0,1788669289936622.0,1772223857874405.0,1755558037474580.5,1738668811323815.0,1721553125761168.5,1704207891021677.8,1686629981429269.8,1668816235642749.2,1650763456958889.5,1632468413676899.0,1613927839528802.0,1595138434180625.0,1576096863809538.0,1556799761762472.5,1537243729302109.5,1517425336446501.2,1497341122908972.5,1476987599145473.5,1456361247516910.8,1435458523574581.0,1414275857477273.5,1392809655549263.0,1371056301988925.5,1349012160738422.5,1326673577525541.2,1304036882089517.5,1281098390603460.8,1257854408306784.8,1234301232361971.5,1210435154950934.0,1186252466627191.0,1161749459941196.0,1136922433357272.8,1111767695481809.4,1086281569623667.5,1060460398709137.1,1034300550575221.6,1007798423666603.6,980950453163301.5,953753117567794.0,926202945782271.2,898296524708674.1,870030507406331.0,841401621844233.8,812406680287449.5,783042589359715.1,753306360826960.8,723195123149470.9,692706133853395.5,661836792775641.1,630584656239614.6,598947452222973.9,566923096582423.4,534509710404696.6,501705638557270.9,468509469516876.0,434920056558801.0,400936540395022.1,366558373354636.25,331785345205659.6,296617610723215.5,261055719115299.75,225100645423757.5,188753824024867.0,152017184360825.5,114893189040641.5,77384874456353.0,39495894067988.25,1230564518392.25,-37406085253241.25,-76408261722594.0,-115769351132038.88,-155481860291552.0,-195537353630148.75,-235926386292857.88,-276638433072506.38,-317661812960840.0,-358983609100100.9,-400589583914439.6,-442464089200847.4,-484589970962306.6,-526948468772045.5,-569519109467965.9,-612279594991387.0,-655205684205133.2,-698271068554049.0,-741447241467628.2,-784703361451261.0,-828006108871741.9,-871319536516470.8,-914604914096927.5,-957820566978917.0,-1000921709558557.8,-1043860273868386.8,-1086584734197903.0,-1129039928753102.0,-1171166879667668.5,-1212902613022655.8,-1254179980941636.2,-1294927488315753.0,-1335069127291085.5,-1374524223334626.5,-1413207297502384.8,-1451027950484223.0,-1487890775117953.2,-1523695305376571.2,-1558336011367208.2,-1591702351671988.0,-1623678896447178.2,-1654145537118943.2,-1682977801316593.0,-1710047294915120.5,-1735222296767271.0,-1758368535940715.0,-1779350186083394.2,-1798031116958170.8,-1814276449239691.8,-1827954465351956.0,-1838938936408150.5,-1847111933104069.0,-1852367196545185.5,-1854614153177951.2,-1853782665821470.8,-1849828619627583.0,-1842740446739621.2,-1832546695230347.0,-1819324744896143.5,-1803210762445585.0,-1784410968679617.0,-1763214256823507.2,-1740006149875122.0,-1715284010610368.5,-1689673315185401.0,-1663944664576948.5,-1639031032849155.0,-1616044535388105.0,-1596291746737762.0,-1581286318205108.0,-1572757366430326.0,-1572651876795749.5,-1583129283079052.5,-1606546611035578.0,-1645433374420952.5,-1702457103010036.5,-1780382789639108.8,-1882029526216716.5,-2010210577656233.0,-2167562020496146.0,-2355922683711962.5,-2574583809132336.5,-2818159626166258.0,-3088231513343240.0,-3464959973355767.5,-3749383587180848.0,0.0
7320.0,2614903471177638.5,2611723889819381.5,2608505437687791.5,2605247692523859.0,2601950226814095.5,2598612607716285.0,2595234396984084.5,2591815150890474.5,2588354420150013.0,2584851749839903.5,2581306679319841.5,2577718742150615.0,2574087466011463.0,2570412372616144.0,2566692977627722.0,2562928790572029.5,2559119314749791.0,2555264047147403.0,2551362478346329.5,2547414092431093.5,2543418366895865.5,2539374772549600.5,2535282773419716.5,2531141826654291.5,2526951382422750.5,2522710883815031.5,2518419766739199.0,2514077459817483.0,2509683384280724.0,2505236953861207.0,2500737574683837.0,2496184645155672.0,2491577555853751.0,2486915689411219.0,2482198420401716.0,2477425115222004.0,2472595131972816.0,2467707820337891.5,2462762521461192.5,2457758567822253.5,2452695283109655.0,2447571982092601.5,2442387970490565.5,2437142544840979.0,2431834992364958.5,2426464590831019.5,2421030608416778.5,2415532303568609.5,2409968924859215.0,2404339710843124.5,2398643889910063.0,2392880680136192.5,2387049289133183.0,2381148913895099.0,2375178740643102.5,2369137944667903.0,2363025690169985.0,2356841130097557.0,2350583405982226.0,2344251647772357.5,2337844973664135.5,2331362489930263.5,2324803290746329.5,2318166458014799.5,2311451061186628.0,2304656157080485.5,2297780789699569.0,2290823990046013.5,2283784775932877.5,2276662151793700.5,2269455108489640.5,2262162623114158.5,2254783658795294.0,2247317164495492.5,2239762074809018.5,2232117309756934.2,2224381774579688.5,2216554359527293.8,2208633939647132.5,2200619374569393.2,2192509508290183.0,2184303168952312.0,2175999168623813.8,2167596303074215.5,2159093351548597.8,2150489076539512.2,2141782223556775.2,2132971520895215.8,2124055679400442.8,2115033392232674.8,2105903334628743.2,2096664163662316.0,2087314518002466.2,2077853017670660.2,2068278263796277.0,2058588838370789.5,2048783304000717.8,2038860203659498.2,2028818060438420.0,2018655377296785.2,2008370636811466.2,1997962300926038.5,1987428810699702.8,1976768586056213.5,1965980025533009.5,1955061506030849.2,1944011382564162.0,1932827988012445.2,1921509632872974.5,1910054605015177.0,1898461169437006.5,1886727568023690.0,1874852019309245.0,1862832718241196.5,1850667835948945.0,1838355519516250.8,1825893891758377.2,1813281051004417.5,1800515070885412.5,1787594000128842.8,1774515862360211.0,1761278655912368.5,1747880353643373.0,1734318902763649.8,1720592224673332.0,1706698214810651.2,1692634742512368.0,1678399650887243.2,1663990756703640.5,1649405850292418.5,1634642695466328.0,1619699029457215.0,1604572562872421.0,1589260979671837.0,1573761937167174.5,1558073066045106.0,1542191970416035.5,1526116227890358.5,1509843389684190.0,1493370980756678.0,1476696499981099.0,1459817420352146.0,1442731189231884.8,1425435228637061.8,1407926935570596.0,1390203682400240.5,1372262817287620.0,1354101664671012.5,1335717525805465.5,1317107679364049.5,1298269382104298.5,1279199869604108.2,1259896357071660.5,1240356040234166.0,1220576096310582.8,1200553685073717.5,1180285950007482.0,1159770019565417.8,1139003008536997.2,1117982019528554.2,1096704144566184.8,1075166466828366.8,1053366062516505.2,1031300002872181.2,1008965356350322.6,986359190958181.4,963478576770523.0,940320588632124.9,916882309059333.1,893160831353176.9,869153262937253.8,844856728934479.9,820268375997612.1,795385376409368.1,770204932468977.8,744724281182994.0,718940699279306.5,692851508564445.4,666454081645527.2,639745848039460.4,612724300693464.0,585387002942366.4,557731595929772.4,529755806521783.5,501457455743758.0,472834467772408.9,443884879517542.9,414606850829782.75,384998675372872.1,355058792201414.0,324785798087439.4,294178460641738.9,263235732278657.5,231956765075956.0,200340926584387.0,168387816644833.38,136097285274260.75,103469451685277.25,70504724507816.38,37203823285365.625,3567801322260.375,-30401930037191.375,-64703575612526.75,-99334928984056.12,-134293343388269.62,-169575700812168.62,-205178379181823.62,-241097217535319.0,-277327479064862.38,-313863811907442.75,-350700207558047.9,-387829956773956.9,-425245602833334.4,-462938892006124.0,-500900721090274.5,-539121081861673.4,-577589002282002.0,-616292484305145.9,-655218438120014.9,-694352612665839.8,-733679522255511.2,-773182369143527.0,-812842961878095.2,-852641629282155.2,-892557129916217.8,-932566556887341.1,-972645237884135.2,-1012766630338049.6,-1052902211637395.2,-1093021364353590.1,-1133091256480259.5,-1173076716736644.5,-1212940105048847.0,-1252641178397855.0,-1292136952314435.5,-1331381558410382.2,-1370326098466629.5,-1408918495754856.0,-1447103344454721.5,-1484821758248680.0,-1522011219436014.5,-1558605430213872.0,-1594534168133078.8,-1629723148159110.2,-1664093894263413.8,-1697563624048839.0,-1730045150587770.0,-1761446806437427.5,-1791672395709874.5,-1820621181133115.0,-1848187914264609.2,-1874262918432314.5,-1898732235605708.8,-1921477850266879.0,-1942378005488026.8,-1961307628856083.0,-1978138888646990.5,-1992741903769873.5,-2004985634499769.0,-2014738984915394.0,-2021872152264725.5,-2026258263189129.0,-2027775341818296.5,-2026308660143920.8,-2021753526689222.5,-2014018575158449.0,-2003029620250096.2,-1988734152838140.5,-1971106550854335.2,-1950154084916999.5,-1925923798413647.5,-1898510339639781.8,-1868064817998607.5,-1834804746596307.8,-1799025119680606.5,-1761110656071408.0,-1721549221641396.8,-1680946430877066.5,-1640041430939651.8,-1599723911825982.5,-1561052497963519.0,-1525274916989150.2,-1493850801597082.5,-1468478801290318.5,-1451131075168223.0,-1444100514073596.2,-1450069629980163.0,-1472215498042855.8,-1514373000812705.2,-1581289074479940.2,-1679012294308421.2,-1815469155487965.0,-2001265861286436.8,-2250700023984694.8,-2582904332828582.0,-3023428232827608.0,-3609700430403550.0,-4418186206206215.5,-5685818676340714.0,-8432907763645502.0,0.0
7317.5,2375565867319750.0,2371568496996755.0,2367528061699831.0,2363444114613099.0,2359316203587204.0,2355143871067760.5,2350926654022763.5,2346664083868983.5,2342355686397305.0,2338000981697012.5,2333599484078995.5,2329150701997875.0,2324654137973026.5,2320109288508479.5,2315515644011703.5,2310872688711231.5,2306179900573146.0,2301436751216373.0,2296642705826808.5,2291797223070224.0,2286899755003986.5,2281949746987512.5,2276946637591511.0,2271889858505950.5,2266778834446761.0,2261612983061249.5,2256391714832215.0,2251114432980748.5,2245780533367710.2,2240389404393860.2,2234940426898637.2,2229432974057569.5,2223866411278300.2,2218240096095228.8,2212553378062736.0,2206805598646987.5,2200996091116321.5,2195124180430176.0,2189189183126572.0,2183190407208125.8,2177127152026592.8,2170998708165914.0,2164804357323777.5,2158543372191669.0,2152215016333412.0,2145818544062185.0,2139353200316013.8,2132818220531726.2,2126212830517370.2,2119536246323084.5,2112787674110426.5,2105966310020140.0,2099071340038381.8,2092101939861387.0,2085057274758587.0,2077936499434172.8,2070738757887116.5,2063463183269650.0,2056108897744202.5,2048675012338821.5,2041160626801062.0,2033564829450388.8,2025886697029067.2,2018125294551596.0,2010279675152667.2,2002348879933701.8,1994331937807965.0,1986227865344295.2,1978035666609477.8,1969754333009281.0,1961382843128220.2,1952920162568043.5,1944365243785030.0,1935717025926108.5,1926974434663867.5,1918136382030498.2,1909201766250750.2,1900169471573928.0,1891038368105046.2,1881807311635160.2,1872475143471011.2,1863040690264020.0,1853502763838762.2,1843860161020994.0,1834111663465354.5,1824256037482856.0,1814292033868268.8,1804218387727548.8,1794033818305440.8,1783737028813404.0,1773326706258015.8,1762801521270030.0,1752160127934271.5,1741401163620540.8,1730523248815753.8,1719524986957528.5,1708404964269432.0,1697161749598162.5,1685793894252902.5,1674299931847130.0,1662678378143187.5,1650927730899901.5,1639046469723602.5,1627033055922900.5,1614885932367548.0,1602603523351848.0,1590184234462968.2,1577626452454641.2,1564928545126700.5,1552088861210954.0,1539105730263938.5,1525977462567080.8,1512702349034876.0,1499278661131719.5,1485704650798031.0,1471978550386367.2,1458098572608299.2,1444062910492793.8,1429869737356965.5,1415517206790039.2,1401003452651492.5,1386326589084314.5,1371484710544449.5,1356475891847509.0,1341298188233917.5,1325949635453703.8,1310428249872249.0,1294732028598352.0,1278858949636062.8,1262806972061814.5,1246574036228471.0,1230158063997993.5,1213556959004549.0,1196768606949953.8,1179790875933477.5,1162621616818147.8,1145258663635803.2,1127699834033275.2,1109942929762226.5,1091985737215307.4,1073826028011440.6,1055461559633204.0,1036890076119475.5,1018109308816634.9,999116977191860.1,979910789712216.4,960488444793463.4,940847631822738.5,920986032259488.1,900901320819292.9,880591166745476.5,860053235173694.0,839285188594964.4,818284688422931.5,797049396671495.6,775576977749269.5,753865100377710.0,731911439640151.0,709713679169418.2,687269513482061.9,664576650467817.6,641632814043314.2,618435746979577.8,594983213913499.8,571273004553891.9,547302937093526.9,523070861839048.6,498574665071461.25,473812273150545.4,448781656877377.75,423480836129887.25,397907884787304.75,372060935960235.1,345938187544030.5,319537908114203.4,292858443183670.25,265898221842731.25,238655763803921.38,211129686875135.38,183318714885725.88,155221686091734.75,126837562087868.5,98165437255421.12,69204548776957.5,39954287250402.375,10414207936881.625,-19415957321271.375,-49536287474027.0,-79946658888125.75,-110646731179813.0,-141635932210711.88,-172913442199318.75,-204478176897991.0,-236328769782629.12,-268463553199449.38,-300880538410319.9,-333577394475095.75,-366551425906236.5,-399799549027719.25,-433318266966924.9,-467103643204641.1,-501151273604848.4,-535456256842259.0,-570013163141913.6,-604816001241417.2,-639858183482620.2,-675132488935838.6,-710631024456039.5,-746345183566807.2,-782265603064509.6,-818382117231869.9,-854683709547212.6,-891158461773165.1,-927793500306504.0,-964574939669477.4,-1001487823022233.8,-1038516059576302.0,-1075642358790492.8,-1112848161233435.8,-1150113566001371.0,-1187417254586376.0,-1224736411098934.8,-1262046638760411.8,-1299321872595888.8,-1336534288276624.5,-1373654207084734.8,-1410649997001424.2,-1447487969955025.0,-1484132275307369.0,-1520544789707811.0,-1556685003504797.8,-1592509903977106.0,-1627973855732317.5,-1663028478720951.5,-1697622524433533.2,-1731701750987154.5,-1765208797971269.0,-1798083062112989.0,-1830260575044123.2,-1861673884710350.5,-1892251942262448.5,-1921919996616451.5,-1950599499270549.5,-1978208022429157.5,-2004659194017105.0,-2029862653778665.5,-2053724035357367.2,-2076144980054403.5,-2097023188877870.0,-2116252520535011.5,-2133723144198362.8,-2149321757207960.2,-2162931879368983.5,-2174434237180201.5,-2183707253193927.5,-2190627657771112.0,-2195071242758455.5,-2196913779074259.5,-2196032122832385.5,-2192305537431567.5,-2185617261945126.5,-2175856359094337.0,-2162919878977863.2,-2146715377422935.0,-2127163830139025.0,-2104202985558123.2,-2077791200047799.0,-2047911798740566.2,-2014578003152702.5,-1977838462678495.2,-1937783420617535.0,-1894551536490657.8,-1848337375304347.8,-1799399562191121.5,-1748069589906934.2,-1694761261713589.0,-1639980761621755.5,-1584337382045949.5,-1528555028785935.2,-1473484801430890.0,-1420119269809145.8,-1369609617538326.5,-1323287722928466.0,-1282696663781561.8,-1249635288411134.5,-1226225660112639.0,-1215016630240932.0,-1219142674785038.5,-1242564142198471.5,-1290421732509499.0,-1369540210195788.5,-1489104503907655.2,-1661486622883147.2,-1903091935513365.0,-2234857208775132.5,-2681408006827809.0,-3265107910658063.0,-3976781079978318.5,-4650072283970122.0,-4461642361205839.0,0.0
7315.0,2131401520181242.8,2126604335092364.2,2121760274168231.0,2116868872164886.2,2111929658529981.0,2106942157335843.8,2101905887211698.8,2096820361275031.0,2091685087062068.8,2086499566457403.0,2081263295622716.2,2075975764924612.8,2070636458861562.5,2065244855989920.8,2059800428849049.0,2054302643885492.5,2048750961376247.0,2043144835351076.5,2037483713513893.0,2031767037163176.5,2025994241111453.8,2020164753603801.0,2014277996235380.2,2008333383868006.5,2002330324545735.5,1996268219409460.2,1990146462610529.5,1983964441223367.8,1977721535157103.0,1971417117066192.8,1965050552260056.0,1958621198611696.5,1952128406465318.8,1945571518542955.0,1938949869850066.0,1932262787580154.5,1925509591018369.0,1918689591444106.2,1911802092032619.2,1904846387755627.5,1897821765280944.5,1890727502871112.8,1883562870281073.5,1876327128654855.8,1869019530421322.0,1861639319188946.8,1854185729639671.5,1846657987421832.2,1839055309042174.0,1831376901756976.0,1823621963462299.0,1815789682583379.5,1807879237963186.5,1799889798750163.2,1791820524285195.2,1783670563987803.0,1775439057241622.5,1767125133279171.8,1758727911065972.0,1750246499184029.8,1741679995714743.0,1733027488121262.0,1724288053130355.2,1715460756613828.5,1706544653469546.8,1697538787502133.5,1688442191303370.5,1679253886132406.5,1669972881795807.8,1660598176527550.2,1651128756869006.2,1641563597549025.5,1631901661364200.0,1622141899059396.0,1612283249208650.0,1602324638096543.0,1592264979600172.0,1582103175071808.0,1571838113222405.5,1561468670006052.8,1550993708505546.0,1540412078819201.0,1529722617949084.0,1518924149690818.2,1508015484525133.5,1496995419511371.0,1485862738183108.8,1474616210446137.0,1463254592478997.8,1451776626636318.0,1440181041355181.5,1428466551064797.5,1416631856099749.2,1404675642617092.0,1392596582517615.0,1380393333371599.0,1368064538349378.2,1355608826157093.2,1343024810977990.0,1330311092419676.0,1317466255467744.8,1304488870446198.2,1291377492985155.2,1278130663996326.5,1264746909656740.8,1251224741401330.5,1237562655924879.5,1223759135193987.8,1209812646469664.5,1195721642341213.5,1181484560772149.2,1167099825158837.5,1152565844402683.0,1137881012996678.5,1123043711127175.0,1108052304791780.2,1092905145934381.8,1077600572598268.2,1062136909098450.4,1046512466214275.6,1030725541403554.0,1014774419039410.8,998657370671202.2,982372655310866.8,965918519746178.9,949293198882416.9,932494916114094.2,915521883728423.8,898372303342326.0,881044366374869.0,863536254557109.0,845846140481455.0,827972188192728.1,809912553823269.1,791665386274514.6,773228827947639.2,754601015525963.2,735780080811986.2,716764151622058.5,697551352741876.8,678139806946111.0,658527636085720.0,638712962246638.9,618693908983759.0,598468602634310.0,578035173714978.1,557391758407341.4,536536500136428.5,515467551247477.75,494183074786235.75,472681246388443.9,450960256284436.75,429018311425122.4,406853637735917.9,384464482505611.5,361849116917472.0,339005838730302.9,315932975117610.1,292628885673440.4,269091965593920.38,245320649044041.25,221313412719729.88,197068779615759.88,172585323010709.12,147861670680655.5,122896509354072.38,97688589420927.75,72236729909781.62,46539823747370.625,20596843315996.875,-5593153675223.0,-32031017988215.125,-58717502305068.75,-85653254309561.75,-112838809381243.88,-140274582881171.12,-167960862007264.25,-195897797196129.75,-224085393046889.75,-252523498741362.38,-281211797933507.12,-310149798079713.1,-339336819179946.25,-368771981898314.1,-398454195029889.6,-428382142279047.9,-458554268312719.3,-488968764050185.25,-519623551149093.7,-550516265645423.0,-581644240703031.0,-613004488426307.0,-644593680687260.6,-676408128916077.8,-708443762801875.8,-740696107847987.0,-773160261723661.6,-805830869351599.0,-838702096668223.5,-871767602991101.0,-905020511925321.8,-938453380738281.1,-972058168129721.1,-1005826200321622.9,-1039748135390218.8,-1073813925760321.0,-1108012778780220.5,-1142333115293820.2,-1176762526125265.5,-1211287726390469.2,-1245894507549466.8,-1280567687113695.8,-1315291055923158.8,-1350047322910158.8,-1384818057269034.0,-1419583627955221.8,-1454323140442366.5,-1489014370673138.8,-1523633696148407.8,-1558156024110584.8,-1592554716790784.0,-1626801513706356.2,-1660866451015773.8,-1694717777962370.0,-1728321870467746.0,-1761643141970376.0,-1794643951645960.5,-1827284510194370.5,-1859522783434569.0,-1891314394014978.0,-1922612521623713.5,-1953367802172553.2,-1983528226532099.0,-2013039039515402.0,-2041842639945524.2,-2069878482801665.0,-2097082984621228.0,-2123389433544882.5,-2148727905631464.5,-2173025189343494.8,-2196204720416112.0,-2218186529677114.5,-2238887206788106.0,-2258219883332127.0,-2276094239186610.5,-2292416536698173.5,-2307089687822965.0,-2320013360118947.0,-2331084128279421.0,-2340195678784972.0,-2347239076226420.0,-2352103100915783.5,-2354674668553169.0,-2354839343949505.5,-2352481962105969.0,-2347487371302174.5,-2339741314217506.0,-2329131464462091.5,-2315548637167753.0,-2298888193407137.5,-2279051659067859.0,-2255948579275167.0,-2229498629363069.5,-2199634002532178.0,-2166302092452683.5,-2129468485880649.5,-2089120275530488.0,-2045269696646549.0,-1997958081629347.5,-1947260115479577.5,-1893288360723188.0,-1836198004275665.0,-1776191761499438.0,-1713524856766848.0,-1648509989252836.5,-1581522194333836.5,-1513003535908778.5,-1443467630229903.2,-1373504132850915.0,-1303783553680466.5,-1235063151600845.8,-1168195266573508.2,-1104140355677701.0,-1043988298883382.2,-988993301345773.2,-940629937197707.9,-900680355264193.8,-871364765613060.0,-855527521679148.9,-856886132410749.2,-880333756853312.2,-932243947195561.5,-1020631686816486.9,-1154805209468512.0,-1343550683308468.0,-1588881879224842.5,-1864376183294339.2,-2034090521619549.5,-1538880623639702.0,1729849877613441.8,0.0
7312.5,1883869567110797.8,1878299240441245.8,1872678678261030.8,1867007403631502.5,1861284934439716.5,1855510783338092.0,1849684457683406.5,1843805459475159.0,1837873285293263.0,1831887426235098.0,1825847367851901.2,1819752590084496.2,1813602567198382.8,1807396767718143.5,1801134654361217.5,1794815683970995.8,1788439307449278.5,1782004969688061.8,1775512109500678.5,1768960159552289.8,1762348546289723.2,1755676689870663.0,1748944004092208.0,1742149896318782.0,1735293767409424.0,1728375011644438.5,1721393016651437.0,1714347163330762.5,1707236825780311.5,1700061371219760.5,1692820159914201.8,1685512545097213.8,1678137872893362.8,1670695482240150.5,1663184704809439.0,1655604864928332.8,1647955279499578.8,1640235257921459.8,1632444102007230.0,1624581105904094.5,1616645556011770.0,1608636730900630.2,1600553901229481.0,1592396329662978.0,1584163270788720.5,1575853971034051.0,1567467668582590.2,1559003593290547.5,1550460966602832.5,1541839001469021.8,1533136902259201.0,1524353864679753.5,1515489075689105.5,1506541713413512.0,1497510947062918.8,1488395936846940.2,1479195833891049.0,1469909780152997.5,1460536908339564.2,1451076341823677.8,1441527194562001.0,1431888571013042.0,1422159566055883.0,1412339264909592.5,1402426743053439.0,1392421066147974.0,1382321289957096.2,1372126460271200.8,1361835612831520.0,1351447773255776.0,1340961956965263.5,1330377169113492.0,1319692404516527.5,1308906647585169.2,1298018872259118.5,1287028041943280.0,1275933109446398.5,1264733016922154.8,1253426695812953.8,1242013066796555.0,1230491039735783.8,1218859513631505.5,1207117376579112.0,1195263505728739.2,1183296767249463.0,1171216016297749.5,1159020096990407.8,1146707842382351.5,1134278074449459.2,1121729604076855.6,1109061231052937.8,1096271744069502.5,1083359920728336.2,1070324527554650.5,1057164320017770.2,1043878042559495.0,1030464428630578.2,1016922200735786.0,1003250070488038.0,989446738672130.5,975510895318588.5,961441219788213.2,947236380867907.8,932895036878436.8,918415835794722.2,903797415379423.5,889038403330470.9,874137417443344.0,859093065788877.6,843903946907416.0,828568650020229.5,813085755259062.2,797453833914814.2,781671448706358.2,765737154070550.5,749649496474548.0,733407014751619.2,717008240461660.5,700451698277718.2,683735906399863.4,666859376997849.8,649820616684048.2,632618127018201.8,615250405045686.4,597715943870971.2,580013233268103.5,562140760330123.75,544097010159406.75,525880466601031.4,507489613021380.25,488922933134282.0,470178911877129.1,451256036339528.4,432152796747150.5,412867687503608.1,393399208293309.4,373745865248401.25,353906172183048.5,333878651898488.4,313661837562457.1,293254274166755.0,272654520066934.5,251861148608275.62,230872749842431.12,209687932339345.62,188305325099271.62,166723579569982.62,144941371774513.38,122957404555016.75,100770409938651.0,78379151631689.38,55782427648322.75,32979073081037.25,9967963019699.25,-13251984373078.75,-36681804622366.375,-60322483528834.875,-84174953575392.5,-108240090143338.5,-132518707528422.75,-157011554746607.62,-181719311118896.62,-206642581624058.88,-231781892007428.25,-257137683633484.0,-282710308069188.4,-308500021384481.3,-334506978155610.75,-360731225156277.3,-387172694720794.2,-413831197762750.6,-440706416431743.5,-467797896389960.44,-495105038689485.94,-522627091230229.5,-550363139777433.1,-578312098516675.0,-606472700123237.5,-634843485321557.8,-663422791909389.9,-692208743220035.1,-721199235994819.0,-750391927636633.9,-779784222814105.8,-809373259384474.9,-839155893601939.9,-869128684576668.2,-899287877948233.5,-929629388735639.2,-960148783324555.5,-990841260550738.5,-1021701631837025.4,-1052724300339596.2,-1083903239057577.6,-1115231967858391.6,-1146703529369614.2,-1178310463686517.5,-1210044781842877.0,-1241897937991153.2,-1273860800236744.0,-1305923620069682.0,-1338076000336070.8,-1370306861690503.8,-1402604407470055.8,-1434956086929909.2,-1467348556780587.5,-1499767640966975.2,-1532198288630095.5,-1564624530193802.2,-1597029431520530.8,-1629395046082894.5,-1661702365101444.5,-1693931265603525.5,-1726060456363871.0,-1758067421694751.0,-1789928363062137.5,-1821618138514922.0,-1853110199926777.0,-1884376528065297.0,-1915387565520728.2,-1946112147547531.8,-1976517430896367.5,-2006568820742657.5,-2036229895850959.0,-2065462332152773.0,-2094225824959726.0,-2122478010085188.0,-2150174384206035.0,-2177268224863691.5,-2203710510580528.8,-2229449841655771.8,-2254432362305226.5,-2278601684923214.0,-2301898817374390.0,-2324262094369677.0,-2345627114146078.0,-2365926681856757.0,-2385090761287759.5,-2403046436753248.5,-2419717887284641.0,-2435026375522946.0,-2448890254050273.5,-2461224992258254.0,-2471943227249860.5,-2480954842708647.0,-2488167080146439.0,-2493484687457204.0,-2496810110259734.0,-2498043732101903.0,-2497084170218722.0,-2493828634176711.5,-2488173355384869.5,-2480014096089193.5,-2469246747067921.0,-2455768023773677.5,-2439476271081260.0,-2420272387036528.5,-2398060875986883.0,-2372751041111032.0,-2344258325534943.0,-2312505809774561.5,-2277425871004700.5,-2238962006404835.0,-2197070818328515.8,-2151724153004879.5,-2102911376605921.5,-2050641762495688.5,-1994946951040075.0,-1935883428305918.5,-1873534952296582.5,-1808014835346858.0,-1739467969728503.8,-1668072461986422.0,-1594040722806713.8,-1517619847792928.8,-1439091127245820.8,-1358768549891142.0,-1276996230370680.0,-1194144811507425.0,-1110607092297464.0,-1026793435654150.1,-943127936565382.6,-860046884970054.0,-778001699040120.2,-697469104117893.1,-618971586798175.2,-543110443312876.25,-470610897728380.6,-402371688562812.9,-339496537775783.56,-283255556241532.1,-234868763333340.22,-194895055852360.38,-161778025862823.97,-128531627772100.08,-74985654276934.83,51361150088630.55,383849467281773.3,1247927891853278.8,2877910047622857.0,0.0
7310.0,1634420386063643.5,1628111853663086.2,1621750237227848.2,1615335055319769.2,1608865821571657.8,1602342044635406.0,1595763228129697.2,1589128870587312.2,1582438465402029.2,1575691500775135.5,1568887459661544.2,1562025819715527.5,1555106053236083.0,1548127627111918.2,1541090002766088.0,1533992636100275.5,1526834977438725.8,1519616471471857.0,1512336557199548.2,1504994667874112.8,1497590230942983.5,1490122667991110.2,1482591394683086.2,1474995820705027.2,1467335349706206.8,1459609379240475.0,1451817300707471.5,1443958499293662.2,1436032353913202.8,1428038237148672.0,1419975515191679.5,1411843547783384.0,1403641688154940.8,1395369282967915.5,1387025672254672.8,1378610189358794.2,1370122160875544.0,1361560906592412.5,1352925739429786.5,1344215965381768.2,1335430883457201.5,1326569785620919.0,1317631956735286.0,1308616674502060.5,1299523209404632.0,1290350824650688.0,1281098776115354.2,1271766312284875.0,1262352674200884.8,1252857095405334.5,1243278801886143.2,1233617012023635.8,1223870936537836.2,1214039778436704.0,1204122732965387.5,1194118987556557.8,1184027721781949.0,1173848107305154.2,1163579307835800.8,1153220479085197.0,1142770768723544.5,1132229316338847.8,1121595253397612.4,1110867703207470.2,1100045780881848.6,1089128593306816.9,1078115239110258.8,1067004808633493.9,1055796383905529.0,1044489038620071.4,1033081838115496.2,1021573839357912.8,1009964090927547.9,998251633008607.2,986435497382833.0,974514707426952.1,962488278114267.0,950355216020565.0,938114519334654.0,925765177873704.8,913306173103728.6,900736478165419.8,888055057905675.2,875260868915088.0,862352859571723.6,849329970091526.2,836191132585680.5,822935271125308.5,809561301813872.2,796068132867681.2,782454664704918.0,768719790043616.1,754862394009051.2,740881354251009.2,726775541071442.5,712543817563022.5,698185039759144.6,683698056795942.8,669081711086922.5,654334838510834.9,639456268613435.5,624444824823818.8,609299324686044.0,594018580106808.1,578601397619917.8,563046578668434.0,547352919905285.3,531519213513306.7,515544247545600.1,499426806287213.1,483165670639187.8,466759618526015.25,450207425327657.75,433507864337310.7,416659707246132.25,399661724656233.3,382512686623303.06,365211363230255.56,347756525193417.3,330146944502766.6,312381395097900.9,294458653581393.1,276377499971342.0,258136718494977.12,239735098425287.38,221171434962688.12,202444530163907.12,183553193920313.38,164496244988041.62,145272512072386.75,125880834969030.5,106320065764815.0,86589070100879.12,66686728501140.375,46611937769196.375,26363612456925.25,5940686408177.75,-14657885618883.625,-35433126247043.75,-56386033688977.5,-77517579865804.12,-98828708430926.12,-120320332694671.38,-141993333445020.75,-163848556659477.5,-185886811102928.8,-208108865806049.75,-230515447418594.3,-253107237431621.0,-275884869262431.7,-298848925195679.56,-321999933173836.2,-345338363429831.8,-368864624954398.94,-392579061790244.75,-416481949144817.0,-440573489313092.56,-464853807401313.5,-489322946842251.4,-513980864692121.75,-538827426698765.7,-563862402130270.2,-589085458352698.1,-614496155145018.2,-640093938738858.1,-665878135570025.5,-691847945728253.4,-718002436090910.0,-744340533125826.0,-770861015347668.1,-797562505411654.4,-824443461827592.1,-851502170276531.5,-878736734511522.0,-906145066823137.5,-933724878049611.4,-961473667110546.9,-989388710042301.6,-1017467048512165.2,-1045705477787595.8,-1074100534135705.2,-1102648481627296.1,-1131345298318660.5,-1160186661783387.2,-1189167933965294.0,-1218284145322682.2,-1247529978232888.0,-1276899749625191.8,-1306387392808987.8,-1335986438463141.5,-1365689994751398.8,-1395490726527760.0,-1425380833594762.5,-1455352027976757.5,-1485395510169437.5,-1515501944326167.8,-1545661432341069.8,-1575863486788339.5,-1606097002676976.8,-1636350227980027.8,-1666610732897512.5,-1696865377812688.8,-1727100279901944.2,-1757300778359760.8,-1787451398201685.5,-1817535812610250.8,-1847536803791403.5,-1877436222312237.2,-1907214944894806.5,-1936852830645699.5,-1966328675706877.0,-1995620166320260.2,-2024703830306807.2,-2053554986970533.0,-2082147695449265.5,-2110454701547146.0,-2138447383099238.8,-2166095693936270.0,-2193368106537978.0,-2220231553486890.0,-2246651367861252.8,-2272591222736389.5,-2298013069998715.0,-2322877078716340.0,-2347141573355205.5,-2370762972180752.5,-2393695726242735.0,-2415892259405840.0,-2437302909961944.5,-2457875874442080.0,-2477557154338317.0,-2496290506548871.0,-2514017398474726.0,-2530676968824127.0,-2546205995323371.0,-2560538870689616.5,-2573607588394891.0,-2585341739941183.0,-2595668525575131.5,-2604512780598118.0,-2611797019673760.5,-2617441501799700.0,-2621364318893475.0,-2623481511241481.5,-2623707213372880.0,-2621953834242682.0,-2618132275934043.0,-2612152195410745.0,-2603922314155506.0,-2593350780802823.0,-2580345592096826.5,-2564815077648900.0,-2546668454003828.0,-2525816453404667.0,-2502172032322864.5,-2475651164225622.0,-2446173720106076.0,-2413664438905087.0,-2378053987986550.5,-2339280111149229.0,-2297288858099606.5,-2252035884678763.5,-2203487807213170.0,-2151623586904328.5,-2096435910932311.2,-2037932525673043.0,-1976137463896550.5,-1911092091870164.0,-1842855883912382.0,-1771506811319788.5,-1697141210244450.8,-1619872970044540.8,-1539831861563318.0,-1457160806316456.5,-1372011876425669.8,-1284540816358334.2,-1194899897387365.8,-1103228961157853.0,-1009644586091888.1,-914227421970497.6,-817007876385144.2,-717950473628132.9,-616937274871550.8,-513750613140684.25,-408054811027277.44,-299375093839240.8,-187068915011226.94,-70279363660884.66,52149202714832.266,181828557418146.47,321115933466328.75,473628888773589.9,645127588523281.9,844960771705791.2,1088240129292704.9,1398153506980162.2,1802723658806943.5,2292684215023836.0,2575619097917134.0,1081594298443896.2,0.0
7307.5,1384482855269818.5,1377478775536801.0,1370419325483892.8,1363304026677774.0,1356132396111752.0,1348903946164123.0,1341618184556371.0,1334274614311259.0,1326872733710780.0,1319412036254021.5,1311892010614927.2,1304312140599982.2,1296671905105842.0,1288970778076909.5,1281208228462889.2,1273383720176318.0,1265496712050121.5,1257546657795175.5,1249533005957938.2,1241455199878129.8,1233312677646522.8,1225104872062831.8,1216831210593754.5,1208491115331180.5,1200084002950589.8,1191609284669674.0,1183066366207219.8,1174454647742270.8,1165773523873613.2,1157022383579615.0,1148200610178450.5,1139307581288764.5,1130342668790796.0,1121305238788020.1,1112194651569341.1,1103010261571884.0,1093751417344447.0,1084417461511637.5,1075007730738771.2,1065521555697576.9,1055958261032761.2,1046317165329499.0,1036597581081919.6,1026798814662630.5,1016920166293381.0,1006960930016900.5,996920393670020.5,986797838858133.0,976592540931084.5,966303768960575.5,955930785719168.1,945472847660994.6,934929204904237.5,924299101215533.2,913581773996356.2,902776454271515.5,891882366679890.0,880898729467495.0,869824754483033.2,858659647176044.2,847402606597795.9,836052825405063.0,824609489866938.5,813071779874830.0,801438868955817.0,789709924289519.5,777884106728677.2,765960570823603.5,753938464850722.2,741816930845379.0,729595104639144.2,717272115901816.8,704847088188373.5,692319138991087.4,679687379797068.5,666950916151486.8,654108847726763.0,641160268397970.8,628104266324802.9,614939924040347.8,601666318547049.2,588282521420150.0,574787598918988.0,561180612106502.06,547460616977327.6,533626664594887.1,519677801237880.4,505613068556610.9,491431503739604.44,477132139690985.9,462714005219102.2,448176125236916.44,433517520974699.44,418737210205574.25,403834207484510.1,388807524401362.7,373656169848598.56,358379150304369.8,342975470131624.06,327444131893988.2,311784136689154.94,295994484500579.7,280074174568298.8,264022205779740.56,247837577081387.88,231519287912284.88,215066338660299.2,198477731142217.06,181752469108685.25,164889558775141.7,147888009379887.25,130746833770495.75,113465049019837.5,96041677073045.75,78475745426777.0,60766287842226.0,42912345093392.0,24912965752161.875,6767207011857.375,-11525864449056.0,-29967171561293.875,-48557625915259.5,-67298126765770.5,-86189559988979.44,-105232796989346.19,-124428693554456.88,-143778088655358.44,-163281803189982.8,-182940638667131.38,-202755375828371.56,-222726773205086.88,-242855565607781.62,-263142462544635.88,-283588146566151.5,-304193271532599.3,-324958460800833.56,-345884305326862.75,-366971361680454.9,-388220149967826.94,-409631151658326.4,-431204807310855.1,-452941514195524.25,-474841623805898.9,-496905439256946.1,-519133212563595.4,-541525141794585.94,-564081368096055.2,-586801972579041.1,-609686973064870.5,-632736320682078.9,-655949896308260.0,-679327506849957.2,-702868881353370.1,-726573666938387.6,-750441424548076.8,-774471624505436.8,-798663641868901.2,-823016751577639.1,-847530123377356.5,-872202816516937.4,-897033774205761.4,-922021817821169.8,-947165640855113.0,-972463802588484.2,-997914721481250.2,-1023516668265917.2,-1049267758731428.5,-1075165946184007.4,-1101209013570956.8,-1127394565252827.5,-1153720018408852.5,-1180182594059879.0,-1206779307692483.5,-1233506959467325.5,-1260362123994145.5,-1287341139655185.5,-1314440097458165.2,-1341654829399287.0,-1368980896316055.2,-1396413575209075.2,-1423947846011275.5,-1451578377782406.0,-1479299514305921.5,-1507105259064833.0,-1534989259572371.8,-1562944791032826.5,-1590964739307268.5,-1619041583158432.8,-1647167375748496.5,-1675333725363153.0,-1703531775335008.8,-1731752183139129.0,-1759985098633414.2,-1788220141416493.5,-1816446377275972.0,-1844652293700180.5,-1872825774427087.2,-1900954073004791.5,-1929023785338964.2,-1957020821204004.8,-1984930374696183.0,-2012736893609199.5,-2040424047714964.0,-2067974695935424.5,-2095370852394782.0,-2122593651345626.5,-2149623310967398.5,-2176439096041353.0,-2203019279512771.0,-2229341102958892.0,-2255380735989831.5,-2281113234619880.0,-2306512498658181.0,-2331551228180953.0,-2356200879162483.0,-2380431618359135.0,-2404212277559923.5,-2427510307339002.0,-2450291730470028.5,-2472521095189965.0,-2494161428531035.0,-2515174189974306.0,-2535519225717409.0,-2555154723892398.5,-2574037171118311.0,-2592121310826936.5,-2609360103860258.0,-2625704691904406.0,-2641104364398271.5,-2655506529635845.0,-2668856690870133.5,-2681098428323907.0,-2692173388118832.0,-2702021279250218.0,-2710579879859750.0,-2717785054193634.5,-2723570781777990.5,-2727869200497087.0,-2730610665422159.5,-2731723825407784.0,-2731135719647286.5,-2728771896555650.0,-2724556557524030.5,-2718412728259279.0,-2710262460578069.5,-2700027067659463.0,-2687627395860995.5,-2672984136256937.5,-2656018179045541.5,-2636651013871779.5,-2614805178895395.0,-2590404761066009.5,-2563375949505078.0,-2533647643086634.0,-2501152112192473.0,-2465825713117654.5,-2427609651629945.0,-2386450789637633.0,-2342302485672916.5,-2295125455814167.5,-2244888636594906.8,-2191570025210086.8,-2135157464751416.5,-2075649333101009.2,-2013055083316089.0,-1947395570707728.5,-1878703087275199.0,-1807021007726696.8,-1732402933173935.8,-1654911199130982.8,-1574614594377834.0,-1491585117654731.5,-1405893581583351.2,-1317603859702234.2,-1226765565497382.5,-1133404954345996.8,-1037513852308494.5,-939036439643476.8,-837853747239941.1,-733765747668176.8,-626470910862301.1,-515542994397866.75,-400404559116512.2,-280296099180966.94,-154238543649380.62,-20984954818124.812,121045769767615.08,273864654288692.1,440054550546090.5,622979572680329.2,827083222204453.6,1058279683547808.9,1324377345160539.5,1635256523289604.0,2001784676288876.5,2429784081236315.5,2895429630165609.5,3252285040364897.0,2913246668108520.0,499627832667213.7,0.0
7305.0,1135452175600887.2,1127802296065243.8,1120095363568370.8,1112330910336595.9,1104508464485339.0,1096627549989290.0,1088687686652729.1,1080688390080031.9,1072629171646338.5,1064509538468458.4,1056328993375980.4,1048087034882651.0,1039783157158029.5,1031416849999431.0,1022987598804215.1,1014494884542414.5,1005938183729750.0,997316968401059.5,988630706084166.0,979878859774219.8,971060887908551.6,962176244342060.6,953224378323185.8,944204734470488.8,935116752749897.8,925959868452641.0,916733512173919.8,907437109792368.6,898070082450337.4,888631846535060.5,879121813660741.4,869539390651629.9,859883979526123.0,850154977481968.0,840351776882606.6,830473765244732.6,820520325227135.9,810490834620872.0,800384666340863.6,790201188418971.1,779939763998635.9,769599751331150.0,759180503773659.1,748681369788966.9,738101692947227.0,727440811929633.0,716698060534180.5,705872767683619.6,694964257435688.5,683971848995743.0,672894856731895.0,661732590192774.2,650484354128032.1,639149448511725.5,627727168568703.2,616216804804131.5,604617643036314.2,592928964432936.2,581150045550906.2,569280158379947.0,557318570390099.9,545264544583335.2,533117339549420.4,520876209526271.06,508540404464947.06,496109170099522.94,483581748022040.75,470957375762752.6,458235286875905.5,445414711031293.2,432494874111836.25,419474998317428.44,406354302275361.9,393132001157564.75,379807306804981.94,366379427859375.9,352847569902899.1,339210935605726.0,325468724882135.7,311620135055357.25,297664361031594.7,283600595483577.8,269428029044084.3,255145850509819.2,240753247056110.25,226249404462870.44,211633507352299.2,196904739438816.5,182062283791752.38,167105323111318.25,152033040018419.0,136844617358894.06,121539238522787.38,106116087779269.94,90574350627881.19,74913214166770.44,59131867478635.875,43229502035121.875,27205312120430.5,11058495274957.75,-5211747240212.0625,-21606209957085.562,-38125682691899.81,-54770950012671.125,-71542790682203.06,-88441977075473.94,-105469274570389.5,-122625440910744.12,-139911225540273.62,-157327368906554.38,-174874601733512.44,-192553644261240.8,-210365205451732.38,-228309982159132.25,-246388658263011.3,-264601903763139.38,-282950373834121.75,-301434707838247.06,-320055528294787.06,-338813439803946.56,-357709027923543.06,-376742857996469.3,-395915473926867.0,-415227396902864.25,-434679124063655.25,-454271127108591.6,-474003850845861.1,-493877711678218.6,-513893096023151.3,-534050358664728.5,-554349821034276.44,-574791769416907.4,-595376453080796.0,-616104082325971.6,-636974826449267.2,-657988811621910.0,-679146118676092.6,-700446780796748.6,-721890781114532.0,-743478050195892.0,-765208463425945.9,-787081838279659.9,-809097931476679.5,-831256436014955.5,-853556978078109.9,-875999113811275.4,-898582325959939.8,-921306020366077.0,-944169522315647.0,-967172072731296.0,-990312824203806.6,-1013590836855652.8,-1037005074029688.0,-1060554397795762.6,-1084237564267748.0,-1108053218723168.4,-1131999890517349.5,-1156075987783645.5,-1180279791911001.5,-1204609451789802.0,-1229062977816556.2,-1253638235647665.5,-1278332939692163.0,-1303144646332889.2,-1328070746865280.0,-1353108460142458.8,-1378254824915034.5,-1403506691853513.0,-1428860715240915.2,-1454313344322704.5,-1479860814300792.8,-1505499136957928.0,-1531224090898364.0,-1557031211390344.8,-1582915779795460.5,-1608872812569605.5,-1634897049819822.5,-1660982943400996.5,-1687124644535948.8,-1713315990942206.5,-1739550493448353.8,-1765821322082671.5,-1792121291616442.5,-1818442846544210.5,-1844778045483056.0,-1871118544972957.2,-1897455582660248.5,-1923779959846310.0,-1950082023383805.0,-1976351646903061.2,-2002578211351647.2,-2028750584830752.5,-2054857101712719.5,-2080885541025015.5,-2106823104087072.0,-2132656391387802.2,-2158371378693261.5,-2183953392375888.5,-2209387083959061.5,-2234656403873407.0,-2259744574424395.5,-2284634061974423.0,-2309306548346652.0,-2333742901462684.5,-2357923145231572.0,-2381826428713763.0,-2405430994590688.0,-2428714146978521.0,-2451652218633655.5,-2474220537607470.0,-2496393393419348.5,-2518144002829568.0,-2539444475307986.5,-2560265778310333.0,-2580577702491748.0,-2600348827006982.0,-2619546485068742.5,-2638136729960166.5,-2656084301724518.0,-2673352594785272.5,-2689903626782917.5,-2705698008951411.0,-2720694918397453.5,-2734852072689973.0,-2748125707215586.5,-2760470555808718.5,-2771839835222639.5,-2782185234070304.0,-2791456906931551.0,-2799603474396244.5,-2806572029891328.5,-2812308154223354.0,-2816755938856918.0,-2819858019042897.5,-2821555618008227.0,-2821788603519925.0,-2820495558239241.5,-2817613865385303.5,-2813079811329163.5,-2806828706835841.0,-2798795028759803.0,-2788912584073487.5,-2777114698162546.0,-2763334429347812.5,-2747504811582493.0,-2729559127211947.0,-2709431211557462.0,-2687055790876609.0,-2662368854938978.0,-2635308065010384.5,-2605813197429356.0,-2573826622148148.5,-2539293814551806.5,-2502163897509430.0,-2462390208890022.0,-2419930887619500.0,-2374749468684475.0,-2326815474210852.0,-2276104983760708.5,-2222601162191328.0,-2166294717693197.5,-2107184255858147.0,-2045276487722113.0,-1980586240598111.8,-1913136210119966.5,-1842956380271573.0,-1770083025384265.2,-1694557194372955.5,-1616422563242518.2,-1535722527727998.5,-1452496394679974.0,-1366774519574763.2,-1278572229655765.8,-1187882369147182.5,-1094666306014521.9,-998843249478960.0,-900277742925671.6,-798765213917862.0,-694015472446441.2,-585634032853988.2,-473101065010483.94,-355747612716992.7,-232728394235542.22,-102989959043109.44,34767819055207.844,182139911386028.44,341077792076947.0,513968141577127.5,703728585869652.8,913908821865022.6,1148755682236064.8,1413130898004104.8,1712010114305366.2,2048915648675701.2,2421718864786752.0,2811994229944852.0,3159069760842885.0,3303459606082040.5,2916344644479633.0,1655677252151000.8,0.0
7302.5,888678390976428.5,880438833367777.9,872141174924105.4,863784966175853.8,855369754105435.9,846895082130595.1,838360490088233.2,829765514218713.8,821109687150674.5,812392537886389.2,803613591787685.8,794772370562469.0,785868392251882.5,776901171218120.4,767870218132957.2,758775039966996.2,749615139979703.5,740390017710248.2,731099168969199.0,721742085831111.9,712318256628058.8,702827165944138.9,693268294611018.6,683641119704552.8,673945114542538.8,664179748683644.8,654344487927582.9,644438794316576.1,634462126138173.6,624413937929486.4,614293680482893.8,604100800853297.8,593834742366991.2,583494944632210.4,573080843551437.5,562591871335542.0,552027456519842.06,541387023982147.6,530669994962902.56,519875787087480.0,509003814390762.6,498053487344058.44,487024212884501.3,475915394446990.75,464726431998820.8,453456722077081.2,442105657828954.4,430672629055041.0,419157022255815.56,407558220681363.25,395875604384521.25,384108550277563.3,372256432192578.94,360318620945692.06,348294484405286.06,336183387564372.2,323984692617305.7,311697759040994.8,299321943680794.5,286856600841278.94,274301082382080.8,261654737819004.44,248916914430621.38,236086957370569.0,223164209785781.44,210148012940881.2,197037706348995.2,183832627909219.38,170532114051032.25,157135499885901.44,143642119366391.56,130051305453047.19,116362390289384.44,102574705385292.19,88687581809173.38,74700350389183.5,60612341923927.5,46422887402952.19,32131318237482.75,17736966501728.875,3239165185248.4375,-11362751543246.688,-26069448060178.938,-40881586999003.31,-55799828949259.19,-70824832142250.25,-85957252122836.0,-101197741406793.94,-116546949123176.56,-132005520641088.62,-147574097180264.0,-163253315404816.38,-179043806999490.38,-194946198227752.44,-210961109470980.7,-227089154748039.8,-243330941214455.06,-259687068640401.44,-276158128866659.5,-292744705237696.0,-309447372010953.0,-326266693741439.75,-343203224640627.5,-360257507908658.7,-377430075038842.6,-394721445093303.06,-412132123948699.75,-429662603510808.0,-447313360896768.0,-465084857583720.25,-482977538522491.0,-500991831215005.1,-519128144753955.75,-537386868823261.4,-555768372657792.6,-574273003960745.2,-592901087777002.0,-611652925320766.4,-630528792755651.4,-649528939925385.9,-668653589033159.4,-687902933267629.2,-707277135373459.9,-726776326164241.4,-746400602975498.2,-766150028055464.2,-786024626891155.8,-806024386467208.6,-826149253454850.8,-846399132328243.9,-866773883405368.6,-887273320810482.8,-907897210355068.9,-928645267334091.2,-949517154234237.8,-970512478350700.1,-991630789308910.6,-1012871576487532.0,-1034234266338837.8,-1055718219602465.0,-1077322728408412.0,-1099047013264948.2,-1120890219926963.4,-1142851416140123.0,-1164929588256008.0,-1187123637713255.0,-1209432377379515.0,-1231854527748857.8,-1254388712989086.2,-1277033456833188.0,-1299787178308944.2,-1322648187300565.5,-1345614679935904.0,-1368684733792696.8,-1391856302916946.8,-1415127212646401.0,-1438495154231830.0,-1461957679248542.2,-1485512193790360.0,-1509155952438044.0,-1532886051993853.0,-1556699424973728.2,-1580592832848327.0,-1604562859023843.5,-1628605901553369.2,-1652718165569209.5,-1676895655426422.5,-1701134166547518.0,-1725429276958071.0,-1749776338502761.5,-1774170467731135.5,-1798606536442178.0,-1823079161876580.0,-1847582696545477.8,-1872111217684192.2,-1896658516319478.5,-1921218085938615.5,-1945783110748690.0,-1970346453514334.0,-1994900642962275.0,-2019437860741087.5,-2043949927924717.0,-2068428291048533.0,-2092864007666980.0,-2117247731422241.8,-2141569696613867.0,-2165819702259808.0,-2189987095640136.5,-2214060755315468.0,-2238029073613187.5,-2261879938575736.5,-2285600715366608.0,-2309178227131288.0,-2332598735312223.0,-2355847919419029.5,-2378910856257527.0,-2401771998623957.5,-2424415153473856.0,-2446823459578529.0,-2468979364686127.5,-2490864602208686.5,-2512460167461598.0,-2533746293487547.0,-2554702426503252.5,-2575307201014401.0,-2595538414651912.5,-2615373002791470.5,-2634787013027874.0,-2653755579586506.5,-2672252897766135.5,-2690252198520376.5,-2707725723299712.0,-2724644699291940.0,-2740979315216599.0,-2756698697848303.5,-2771770889465172.0,-2786162826441884.5,-2799840319232393.5,-2812768034015149.5,-2824909476303997.0,-2836226976860887.0,-2846681680282229.0,-2856233536669338.5,-2864841296835060.0,-2872462511543329.0,-2879053535326307.0,-2884569535474662.0,-2888964506850596.0,-2892191293230163.0,-2894201615940975.0,-2894946110623248.0,-2894374373005614.5,-2892435014651629.0,-2889075729697160.5,-2884243373661764.5,-2877884055476847.5,-2869943243927605.0,-2860365889751971.0,-2849096564674116.0,-2836079618668649.0,-2821259356748885.5,-2804580236542116.0,-2785987087848792.0,-2765425355271438.0,-2742841364831374.5,-2718182615253477.5,-2691398094274576.0,-2662438619900664.5,-2631257205978949.0,-2597809450736260.0,-2562053946034760.5,-2523952703973471.0,-2483471596079468.0,-2440580798639869.0,-2395255235674274.5,-2347475008581282.5,-2297225798553222.0,-2244499224378210.5,-2189293134177644.0,-2131611804903004.8,-2071466017992349.0,-2008872973435377.5,-1943855997617006.8,-1876443992746325.0,-1806670567534935.0,-1734572780253014.0,-1660189416658792.2,-1583558716999478.8,-1504715458915746.8,-1423687297429257.2,-1340490260226818.0,-1255123297314149.5,-1167561790022703.5,-1077749936462135.5,-985591949600989.6,-890942030191055.8,-793593108228606.8,-693264379816921.2,-589587694400766.1,-482092860419246.7,-370191923825992.2,-253162426009702.75,-130129576238268.4,-47239933247.25,138322176680231.73,286428060842710.75,445948961434083.75,618798282170247.2,807097559795065.9,1013071959534575.2,1238774222622239.2,1485450767919199.8,1752191298842003.8,2033200350904012.0,2312598692956729.5,2555633397310383.5,2699044332761489.5,2668161919027910.5,2549216657962516.5,2895194854897021.0,0.0
7300.0,645455728410668.0,636688205046630.0,627862188197665.2,618977254173400.0,610032976389756.0,601028925366593.2,591964668726128.2,582839771192163.0,573653794590143.2,564406297848111.8,555096836998561.0,545724965181246.75,536290232646997.6,526792186762557.4,517230372016509.6,507604330026321.7,497913599546564.4,488157716478348.25,478336213880030.0,468448621979234.25,458494468186258.75,448473277108896.0,438384570568751.4,428227867619101.4,418002684564362.0,407708534981229.5,397344929741550.0,386911377037009.8,376407382405685.3,365832448760555.8,355186076420032.1,344467763140598.6,333677004151636.06,322813292192515.8,311876117552054.7,300864968110410.3,289779329383537.1,278618684570258.38,267382514602099.94,256070298195955.12,244681511909715.38,233215630200949.88,221672125488783.94,210050468219068.06,198350126932975.25,186570568339156.2,174711257389579.44,162771657359202.38,150751229929611.88,138649435276781.94,126465732163109.31,114199578033879.25,101850429118327.62,89417740535474.5,76900966404914.75,64299559962713.81,51612973682657.19,38840659402993.94,25982068458915.5,13036651820968.812,3860239620.4375,-13116855603788.0,-26326044939475.25,-39624256744783.56,-53012039572630.19,-66489941372579.625,-80058509304256.25,-93718289542834.88,-107469827076295.0,-121313665494149.19,-135250346767323.38,-149280411018883.75,-163404396285229.56,-177622838267452.25,-191936270072463.38,-206345221943532.44,-220850220979831.97,-235451790844604.1,-250150451461501.56,-264946718698705.25,-279841104040333.06,-294834114244696.94,-309926250988911.7,-325118010499357.5,-340409883167481.7,-355802353150381.7,-371295897955639.1,-386890988009793.1,-402588086209874.06,-418387647457363.56,-434290118173940.4,-450295935798332.8,-466405528263584.6,-482619313454028.25,-498937698641187.75,-515361079897862.0,-531889841489574.06,-548524355242553.06,-565264979887376.8,-582112060377391.2,-599065927180965.2,-616126895546623.9,-633295264740052.6,-650571317251928.6,-667955317975540.8,-685447513353014.2,-703048130489054.9,-720757376230958.0,-738575436213670.4,-756502473868602.6,-774538629394840.5,-792684018691403.0,-810938732249067.9,-829302834000298.2,-847776360125706.4,-866359317815480.9,-885051683984062.2,-903853403936397.6,-922764389983949.6,-941784520008625.2,-960913635972691.8,-980151542372705.5,-999498004635369.2,-1018952747453199.8,-1038515453057771.8,-1058185759428257.8,-1077963258432886.9,-1097847493900831.0,-1117837959622005.5,-1137934097272110.0,-1158135294260190.0,-1178440881495871.0,-1198850131073346.8,-1219362253869069.5,-1239976397050005.5,-1260691641489208.0,-1281506999085328.5,-1302421409982602.5,-1323433739687705.8,-1344542776079743.2,-1365747226309561.0,-1387045713584372.5,-1408436773833620.0,-1429918852251808.5,-1451490299713973.0,-1473149369059221.0,-1494894211237737.8,-1516722871316418.0,-1538633284338189.0,-1560623271029946.5,-1582690533353821.5,-1604832649896407.2,-1627047071090371.0,-1649331114262777.5,-1671681958504227.5,-1694096639352810.0,-1716572043286729.0,-1739104902019244.0,-1761691786589487.5,-1784329101242555.0,-1807013077092094.5,-1829739765558530.2,-1852505031575904.8,-1875304546560203.2,-1898133781131929.0,-1920987997585571.5,-1943862242098574.2,-1966751336672275.2,-1989649870797310.0,-2012552192835873.5,-2035452401113290.8,-2058344334711324.0,-2081221563955695.2,-2104077380590448.8,-2126904787631811.5,-2149696488894458.5,-2172444878183259.2,-2195142028143896.5,-2217779678766033.5,-2240349225533165.0,-2262841707213732.0,-2285247793288655.0,-2307557771011128.0,-2329761532095243.0,-2351848559030919.5,-2373807911023661.5,-2395628209558735.0,-2417297623590784.5,-2438803854361311.0,-2460134119848153.5,-2481275138853015.5,-2502213114735200.0,-2522933718802090.5,-2543422073369608.0,-2563662734508842.0,-2583639674498361.5,-2603336264005418.5,-2622735254023350.5,-2641818757597031.5,-2660568231373257.5,-2678964457018508.0,-2696987522552676.0,-2714616803654133.0,-2731830944998959.0,-2748607841705360.0,-2764924620963326.5,-2780757623939464.5,-2796082388057784.0,-2810873629769054.5,-2825105227934312.0,-2838750207962235.5,-2851780726855501.0,-2864168059337960.0,-2875882585252686.5,-2886893778440624.0,-2897170197330898.5,-2906679477496849.0,-2915388326456606.0,-2923262521023655.5,-2930266907541316.0,-2936365405365441.5,-2941521013992037.0,-2945695824260700.0,-2948851034100915.0,-2950946969326034.5,-2951943110019254.0,-2951798123096518.0,-2950469901673040.0,-2947915611902254.5,-2944091747998093.0,-2938954196192589.0,-2932458308420072.5,-2924558986555257.0,-2915210778063856.5,-2904367983949025.5,-2891984779892580.5,-2878015351493684.0,-2862414044496098.0,-2845135530863891.0,-2826134991509767.0,-2805368316393885.0,-2782792322587095.5,-2758364990722566.0,-2732045720034028.0,-2703795601885712.0,-2673577711325358.0,-2641357415721873.5,-2607102698965844.5,-2570784498994079.0,-2532377055526217.0,-2491858263847233.5,-2449210029206949.0,-2404418614907049.5,-2357474975376623.5,-2308375063467579.5,-2257120098800786.0,-2203716781235530.5,-2148177430397498.5,-2090520028673984.0,-2030768141174738.5,-1968950681892778.0,-1905101490744183.2,-1839258681428206.0,-1771463715297375.0,-1701760151908810.2,-1630192022986861.0,-1556801773627686.5,-1481627713322251.8,-1404700920527300.5,-1326041549001311.8,-1245654493029573.0,-1163524383198812.2,-1079609905810690.5,-993837468547319.0,-906094273604574.4,-816220907785620.5,-724003617114091.0,-629166501226781.6,-531363940660095.4,-430173661917835.75,-325090963682795.6,-215524806267464.47,-100796782101298.47,19855401965690.938,147267075667920.34,282323116036222.1,425911891760029.6,578838047769485.8,741659910426199.5,914390048806469.8,1095951842532995.0,1283212900587549.0,1469318261923687.0,1640976583831639.5,1774605450186721.0,1833040216125744.8,1772199800089542.0,1592662509261023.0,1518895050091085.5,2300817822186206.0,0.0
7297.5,407012864038266.9,397783839146924.0,388496592963510.8,379150734728989.75,369745871525084.1,360281608286980.0,350757547817126.9,341173290800169.25,331528435819038.75,321822579372279.25,312055315892614.1,302226237766828.56,292334935357011.8,282380997023189.3,272364009147424.94,262283556159420.56,252139220563682.2,241930582968311.2,231657222115465.3,221318714913561.2,210914636471283.88,200444560133455.0,189908057518835.5,179304698559931.7,168634051544876.3,157895683161452.25,147089158543341.94,136214041318682.75,125269893660999.38,114256276342610.75,103172748790589.25,92018869145366.38,80794194322077.19,69498280074744.81,58130681063391.5,46690950924190.0,35178642342769.688,23593307130759.875,11934496305718.188,201760174532.0625,-11605351579556.938,-23487289806214.188,-35444505793388.81,-47477451168705.81,-59586577796714.0,-71772337671850.19,-84035182806980.88,-96375565117346.56,-108793936299773.25,-121290747706968.69,-133866450216739.06,-146521494095954.8,-159256328859073.38,-172071403121042.88,-184967164444371.66,-197944059180195.66,-211002532303090.53,-224143027239455.78,-237365985689221.78,-250671847440652.66,-264061050178017.2,-277534029281860.5,-291091217621650.3,-304733045340501.4,-318459939631726.75,-332272324506927.56,-346170620555318.9,-360155244694007.1,-374226609908889.3,-388385124985853.1,-402631194231951.0,-416965217186198.94,-431387588319622.75,-445898696724205.75,-460498925790342.0,-475188652872399.94,-489968248941966.3,-504838078228386.0,-519798497846105.2,-534849857408408.1,-549992498627043.25,-565226754897268.1,-580552950867797.8,-595971401995139.1,-611482414081768.1,-627086282797587.4,-642783293184089.0,-658573719140619.8,-674457822892125.6,-690435854437736.2,-706508050979529.2,-722674636330772.1,-738935820302940.8,-755291798070781.5,-771742749514635.8,-788288838539260.1,-804930212368308.2,-821667000813643.4,-838499315518591.6,-855427249174242.0,-872450874707856.4,-889570244442418.5,-906785389226316.8,-924096317532119.0,-941503014523399.5,-959005441088444.6,-976603532839762.8,-994297199078142.5,-1012086321720084.2,-1029970754187305.0,-1047950320256993.4,-1066024812871495.6,-1084193992905986.2,-1102457587892672.0,-1120815290700058.8,-1139266758165699.2,-1157811609680808.0,-1176449425725109.2,-1195179746350175.5,-1214002069609509.5,-1232915849933497.0,-1251920496447376.5,-1271015371230247.8,-1290199787513097.5,-1309473007813752.5,-1328834242006628.5,-1348282645325012.5,-1367817316293613.5,-1387437294588992.5,-1407141558825435.8,-1426929024263742.0,-1446798540440334.5,-1466748888713999.5,-1486778779727507.2,-1506886850781250.5,-1527071663115982.5,-1547331699101616.5,-1567665359329013.5,-1588070959601518.8,-1608546727822983.5,-1629090800778904.2,-1649701220807173.5,-1670375932354909.2,-1691112778417684.2,-1711909496857412.5,-1732763716595047.5,-1753672953674141.5,-1774634607191249.5,-1795645955089042.5,-1816704149807925.0,-1837806213791848.0,-1858949034843948.0,-1880129361327514.2,-1901343797207785.2,-1922588796929918.8,-1943860660128460.5,-1965155526163595.5,-1986469368479342.0,-2007797988778873.0,-2029137011012104.2,-2050481875170619.5,-2071827830885049.5,-2093169930820012.5,-2114503023861712.5,-2135821748093402.5,-2157120523553884.0,-2178393544774425.0,-2199634773089455.2,-2220837928716657.0,-2241996482602168.5,-2263103648026854.5,-2284152371969865.0,-2305135326225946.5,-2326044898273394.5,-2346873181889847.5,-2367611967513648.0,-2388252732348984.5,-2408786630213651.0,-2429204481128910.5,-2449496760651744.0,-2469653588950600.0,-2489664719626769.0,-2509519528284542.0,-2529207000854576.0,-2548715721676195.5,-2568033861345920.0,-2587149164341112.5,-2606048936429569.5,-2624720031877874.0,-2643148840473644.0,-2661321274379276.0,-2679222754837611.5,-2696838198752925.0,-2714152005174065.5,-2731148041710197.0,-2747809630913674.0,-2764119536668997.0,-2780059950631661.5,-2795612478766007.5,-2810758128036996.5,-2825477293317172.5,-2839749744576951.5,-2853554614433940.0,-2866870386145129.0,-2879674882134731.0,-2891945253160045.0,-2903657968228214.5,-2914788805388037.0,-2925312843533220.5,-2935204455366663.0,-2944437301689539.0,-2952984327194241.0,-2960817757956615.0,-2967909100840442.0,-2974229145045870.0,-2979747966053413.5,-2984434932236306.5,-2988258714436432.0,-2991187298822574.5,-2993188003374596.5,-2994227498362936.0,-2994271831219668.0,-2993286456224999.0,-2991236269461340.5,-2988085649515582.0,-2983798504438766.5,-2978338325500269.0,-2971668248300524.5,-2963751121831350.0,-2954549586095285.0,-2944026158913938.5,-2932143332568747.5,-2918863680924378.0,-2904149977683156.5,-2887965326406314.5,-2870273302911690.0,-2851038110614691.5,-2830224749316143.5,-2807799197852676.0,-2783728610907541.5,-2757981530126305.5,-2730528109485943.5,-2701340354619801.5,-2670392375495811.0,-2637660651471275.5,-2603124307293551.0,-2566765398069493.0,-2528569200574335.5,-2488524507498325.0,-2446623920321522.5,-2402864135448515.5,-2357246217009672.5,-2309775848330282.0,-2260463552471449.0,-2209324870449767.0,-2156380483745435.0,-2101656265519607.8,-2045183242603879.8,-1986997447839819.5,-1927139639801619.0,-1865654864432023.8,-1802591830806069.5,-1738002071310598.2,-1671938855261404.0,-1604455824731299.2,-1535605322590014.0,-1465436386038201.2,-1393992384963201.5,-1321308294108007.2,-1247407602328443.2,-1172298882259127.5,-1095972070780853.0,-1018394546141386.8,-939507132864916.6,-859220222227497.0,-777410265856694.8,-693916985383987.5,-608541746157589.4,-521047675671366.75,-431162283170176.3,-338583586394920.6,-242991132568177.12,-144063919211061.78,-41508261435376.28,64899572946656.03,175248131463721.94,289390118007658.4,406785402244350.75,526254282357994.44,645589371463026.0,760950878638500.0,865948035690514.9,950318699977460.9,998260243525683.2,987035487906181.2,888212371309057.8,677826724021156.6,364246724688258.0,7176516797944.594,-360469617047107.0,0.0
7295.0,174504204993015.94,164884015092637.25,155206539760756.06,145471427854448.88,135678326872809.06,125826882985164.19,115916741060695.19,105947544699502.06,95918936265152.44,85830556918787.62,75682046654810.56,65473044338222.625,55203187743674.0,44872113596254.19,34479457614119.125,24024854552980.25,13507938252542.625,2928341684942.25,-7714302994741.25,-18420364395842.25,-29190211837246.25,-40024215290254.125,-50922745319088.56,-61886173018960.625,-72914869951626.12,-84009208078344.06,-95169559690154.69,-106396297335380.44,-117689793744274.06,-129050421750707.47,-140478554210810.28,-151974563918457.62,-163538823517502.28,-175171705410644.25,-186873581664834.2,-198644823913094.47,-210485803252627.34,-222396890139119.5,-234378454277083.44,-246430864506137.06,-258554488683064.8,-270749693559543.3,-283016844655372.75,-295356306127080.1,-307768440631736.0,-320253609185834.8,-332812171019073.2,-345444483422858.6,-358150901593386.0,-370931778469096.3,-383787464562335.3,-396718307785026.5,-409724653268166.6,-422806843174934.8,-435965216507202.3,-449200108905258.56,-462511852440484.0,-475900775400785.2,-489367202068532.25,-502911452490754.44,-516533842241355.5,-530234682175072.5,-544014278172920.8,-557872930878842.6,-571810935427270.5,-585828581161319.8,-599926151341283.2,-614103922843138.8,-628362165846724.5,-642701143513245.4,-657121111651775.1,-671622318374389.6,-686205003739544.0,-700869399383334.1,-715615728138236.8,-730444203638916.0,-745355029914667.0,-760348400968093.0,-775424500339508.5,-790583500656668.0,-805825563169284.5,-821150837267879.9,-836559459986427.2,-852051555488271.5,-867627234534782.6,-883286593936155.2,-899029715983803.2,-914856667863721.0,-930767501050198.0,-946762250679246.8,-962840934901078.5,-979003554210940.9,-995250090757603.0,-1011580507628779.9,-1027994748112709.5,-1044492734935132.0,-1061074369470851.8,-1077739530929060.0,-1094488075511551.0,-1111319835542961.5,-1128234618572104.0,-1145232206443474.0,-1162312354337932.5,-1179474789781575.0,-1196719211621765.2,-1214045288969225.8,-1231452660105131.8,-1248940931352027.0,-1266509675907420.5,-1284158432638851.2,-1301886704839136.0,-1319693958940583.0,-1337579623186784.0,-1355543086260641.0,-1373583695867225.0,-1391700757270022.0,-1409893531779035.0,-1428161235189246.5,-1446503036167823.8,-1464918054588457.8,-1483405359811127.8,-1501963968905588.0,-1520592844816777.5,-1539290894470336.5,-1558056966816321.0,-1576889850809222.0,-1595788273322257.5,-1614750896993915.0,-1633776318004648.8,-1652863063781561.5,-1672009590628870.5,-1691214281281896.5,-1710475442382233.0,-1729791301871722.5,-1749160006302814.0,-1768579618062783.0,-1788048112509262.5,-1807563375014498.0,-1827123197915634.2,-1846725277368315.0,-1866367210100843.0,-1886046490066040.0,-1905760504987959.5,-1925506532800494.5,-1945281737974937.0,-1965083167733452.5,-1984907748145430.2,-2004752280103602.5,-2024613435176826.5,-2044487751336386.0,-2064371628552623.8,-2084261324258763.0,-2104152948678698.5,-2124042460015619.5,-2143925659498261.0,-2163798186281665.0,-2183655512199358.0,-2203492936363865.2,-2223305579612578.5,-2243088378796103.2,-2262836080906224.0,-2282543237040835.0,-2302204196203287.0,-2321813098933740.5,-2341363870770382.5,-2360850215538494.5,-2380265608465696.5,-2399603289121927.0,-2418856254183082.5,-2438017250017578.5,-2457078765095574.0,-2476033022220984.0,-2494871970587021.5,-2513587277656534.0,-2532170320869099.5,-2550612179177528.0,-2568903624417271.5,-2587035112513117.0,-2604996774528499.5,-2622778407563930.5,-2640369465512148.0,-2657759049679022.0,-2674935899280594.5,-2691888381828332.5,-2708604483416343.0,-2725071798926272.5,-2741277522167681.0,-2757208435974000.0,-2772850902276670.0,-2788190852182823.0,-2803213776084806.0,-2817904713833177.5,-2832248245008231.0,-2846228479329080.0,-2859829047243398.5,-2873033090745505.0,-2885823254475421.5,-2898181677156772.0,-2910089983437251.0,-2921529276201543.0,-2932480129433346.0,-2942922581710376.0,-2952836130424058.0,-2962199726824002.0,-2970991771996395.5,-2979190113895122.5,-2986772045554791.0,-2993714304625946.0,-2999993074384544.5,-3005583986380400.0,-3010462124902661.5,-3014602033454585.0,-3017977723444820.5,-3020562685318231.0,-3022329902365826.0,-3023251867470688.5,-3023300603064787.0,-3022447684590204.5,-3020664267777456.0,-3017921120073123.5,-3014188656568783.0,-3009436980802934.0,-3003635930827148.0,-2996755130946439.0,-2988764049561694.5,-2979632063558205.0,-2969328529698416.5,-2957822863488153.0,-2945084625992916.0,-2931083619083332.5,-2915789989585270.0,-2899174342798929.0,-2881207865830877.0,-2861862461151289.0,-2841110890743455.0,-2818926931151208.0,-2795285539649135.0,-2770163031656981.5,-2743537269389305.0,-2715387861569931.5,-2685696373842876.0,-2654446549271673.5,-2621624538031254.5,-2587219135054016.0,-2551222023987264.0,-2513628025345450.5,-2474435346189578.0,-2433645828030521.5,-2391265188925381.5,-2347303254910415.5,-2301774174986237.5,-2254696612839178.0,-2206093907349777.0,-2155994192713554.0,-2104430467697389.2,-2051440602204355.8,-1997067267963295.5,-1941357778857787.0,-1884363825248814.2,-1826141085743134.5,-1766748699371726.5,-1706248581273804.8,-1644704565994767.8,-1582181364733554.2,-1518743326730334.8,-1454453000976850.8,-1389369503170651.8,-1323546705045686.0,-1257031279738064.5,-1189860658650277.0,-1122060983441303.4,-1053645172495189.5,-984611265842397.5,-914941267552113.5,-844600771938952.2,-773539742048713.8,-701694909618331.9,-628994391353773.8,-555365277828772.2,-480745167487502.25,-405098921372598.5,-328442357460718.6,-250875270709448.9,-172627180764391.22,-94120744330160.42,-16060026646484.219,60446019506441.55,133710497262178.69,201227330337263.12,259341080748440.53,302813073444185.7,324298145068434.75,313831430240331.5,258627704353790.03,143877037752427.25,-44486600230210.125,-316191026077139.0,-688719969205181.9,-1285493402949327.2,-2655101294063812.0,0.0
7292.5,-50997740330201.875,-60935792636562.22,-70929542564843.47,-80979295556633.28,-91085357558459.69,-101248034977966.94,-111467634638398.6,-121744463731335.72,-132078829767646.19,-142471040526573.56,-152921404002927.88,-163430228352306.12,-173997821834273.4,-184624492753476.2,-195310549398575.5,-206056299978979.53,-216862052559272.66,-227728114991291.56,-238654794843764.06,-249642399329442.78,-260691235229650.28,-271801608816164.8,-282973825770354.75,-294208191099486.2,-305505009050106.4,-316864583018428.4,-328287215457609.9,-339773207781835.8,-351322860267113.1,-362936471948665.94,-374614340514837.1,-386356762197380.3,-398164031658036.1,-410036441871277.6,-421974284003107.8,-433977847285792.0,-446047418888384.56,-458183283782946.94,-470385724606298.9,-482655021517183.4,-494991452048692.94,-507395290955825.25,-519866810058000.0,-532406278076402.9,-545013960465976.56,-557690119241919.06,-570435012800494.2,-583248895733997.1,-596132018639694.4,-609084627922543.6,-622106965591509.2,-635199269049276.4,-648361770875160.9,-661594698601001.8,-674898274479819.6,-688272715247034.2,-701718231873982.8,-715235029313537.8,-728823306237545.0,-742483254765860.5,-756215060186713.5,-770018900668117.6,-783894946960084.2,-797843362087324.5,-811864301032163.8,-825957910407368.1,-840124328118552.2,-854363683015881.4,-868676094534701.5,-883061672324783.2,-897520515867810.2,-912052714082771.2,-926658344918853.0,-941337474935470.5,-956090158869041.0,-970916439186077.0,-985816345622177.5,-1000789894706508.8,-1015837089271281.8,-1030957917945814.2,-1046152354634662.8,-1061420357979351.1,-1076761870803196.9,-1092176819538693.4,-1107665113636931.1,-1123226644958493.0,-1138861287145263.5,-1154568894972553.0,-1170349303680940.0,-1186202328287207.8,-1202127762873730.5,-1218125379855648.5,-1234194929225147.5,-1250336137772154.5,-1266548708280705.0,-1282832318700253.8,-1299186621291163.0,-1315611241743574.5,-1332105778268843.5,-1348669800662723.0,-1365302849339411.5,-1382004434335609.2,-1398774034283631.0,-1415611095352677.5,-1432515030157289.0,-1449485216631972.0,-1466520996871011.0,-1483621675932384.5,-1500786520604738.0,-1518014758136291.2,-1535305574924532.5,-1552658115165566.0,-1570071479461872.5,-1587544723387276.8,-1605076856007847.2,-1622666838357444.0,-1640313581866559.5,-1658015946743116.0,-1675772740303790.5,-1693582715254477.5,-1711444567918359.0,-1729356936410145.0,-1747318398754896.5,-1765327470949880.0,-1783382604967836.8,-1801482186700026.5,-1819624533837370.0,-1837807893687955.5,-1856030440929190.0,-1874290275292791.5,-1892585419180809.5,-1910913815210841.2,-1929273323688545.5,-1947661720005554.0,-1966076691960853.5,-1984515837003657.0,-2002976659395785.0,-2021456567291557.8,-2039952869733149.5,-2058462773559372.2,-2076983380225826.0,-2095511682534348.5,-2114044561269686.0,-2132578781741317.5,-2151110990228356.5,-2169637710325475.0,-2188155339187817.2,-2206660143672860.5,-2225148256377267.2,-2243615671566771.2,-2262058240997201.5,-2280471669624826.0,-2298851511204234.5,-2317193163772123.0,-2335491865015377.0,-2353742687522004.0,-2371940533913616.0,-2390080131858252.0,-2408156028962563.5,-2426162587542557.0,-2444093979272284.5,-2461944179710147.0,-2479706962702742.0,-2497375894666455.0,-2514944328747392.0,-2532405398860569.0,-2549752013609712.0,-2566976850089474.0,-2584072347572388.0,-2601030701083397.5,-2617843854865462.0,-2634503495740365.5,-2651001046369602.5,-2667327658421021.5,-2683474205647801.0,-2699431276887244.0,-2715189168987989.5,-2730737879675345.0,-2746067100365699.0,-2761166208942335.0,-2776024262506454.0,-2790629990118801.0,-2804971785549056.5,-2819037700052042.5,-2832815435191842.0,-2846292335737165.0,-2859455382653708.5,-2872291186221868.0,-2884785979310973.0,-2896925610844273.5,-2908695539492198.5,-2920080827634965.0,-2931066135639411.5,-2941635716499099.5,-2951773410891103.0,-2961462642707716.5,-2970686415126400.0,-2979427307286759.5,-2987667471649256.0,-2995388632116601.5,-3002572083005534.5,-3009198688963801.0,-3015248885934854.5,-3020702683280844.5,-3025539667183149.0,-3029739005448785.0,-3033279453860741.0,-3036139364220430.0,-3038296694241211.0,-3039729019463140.0,-3040413547370920.0,-3040327133909203.0,-3039446302602154.5,-3037747266497235.5,-3035205953166662.0,-3031798033013635.0,-3027498951144323.5,-3022283963080381.0,-3016128174600537.0,-3009006586013051.0,-3000894141173580.0,-2991765781574787.0,-2981596505844534.0,-2970361434998316.5,-2958035883798192.5,-2944595438574294.0,-2930016041865211.0,-2914274084229615.5,-2897346503572121.5,-2879210892310764.0,-2859845612690202.0,-2839229920512432.0,-2817344097513809.5,-2794169592561570.0,-2769689171772826.0,-2743887077571825.5,-2716749196594294.5,-2688263236218428.0,-2658418909346910.5,-2627208126880253.0,-2594625197104818.0,-2560667030965393.5,-2525333351898260.0,-2488626908562393.5,-2450553688420109.5,-2411123129680945.5,-2370348328631349.5,-2328246238826668.0,-2284837858021642.5,-2240148398064155.0,-2194207432281236.0,-2147049014157577.0,-2098711760363024.2,-2049238890452622.5,-1998678214877575.2,-1947082062358188.5,-1894507137247803.8,-1841014297348514.5,-1786668242839830.5,-1731537107696638.5,-1675691946387537.2,-1619206110987916.2,-1562154517395695.2,-1504612804442178.5,-1446656396753130.2,-1388359491714981.8,-1329794003392752.8,-1271028512361631.5,-1212127290860654.0,-1153149498233446.5,-1094148673135152.4,-1035172687375430.9,-976264372547962.4,-917463085937596.5,-858807548063822.8,-800340362644298.2,-742114723801830.2,-684203929808481.6,-626714465173326.6,-569803595096685.6,-513702654981976.1,-458747534298856.25,-405418270379828.9,-354390191470901.6,-306599638119283.6,-263327780099352.0,-226305981887312.47,-197844516739422.28,-180981006419213.88,-179631472557065.06,-198697435121807.88,-244024275496513.9,-322004695238680.94,-438488691021890.94,-596664504291334.2,-794487659930411.0,-1026604416805889.8,-1308056671794073.0,-1740853484530926.0,-2414357086389921.0,0.0
7290.0,-268508848985227.75,-278689413477619.88,-288923457650004.75,-299211235874017.75,-309553002137691.06,-319949009986284.25,-330399512461157.56,-340904762036623.94,-351465010554741.75,-362080509157961.8,-372751508219592.56,-383478257272006.56,-394261004932511.3,-405099998826851.5,-415995485510231.4,-426947710385825.3,-437956917620670.7,-449023350058890.0,-460147249132150.8,-471328854767297.8,-482568405291053.75,-493866137331731.9,-505222285717847.06,-516637083373553.5,-528110761210807.3,-539643548018167.75,-551235670346129.9,-562887352388895.1,-574598815862472.0,-586370279879008.9,-598201960817238.4,-610094072188929.4,-622046824501225.0,-634060425114749.2,-646135078097366.2,-658270984073454.9,-670468340068572.1,-682727339349381.2,-695048171258689.6,-707431021045473.1,-719876069689720.9,-732383493721977.5,-744953465037397.4,-757586150704175.5,-770281712766181.8,-783040308039631.2,-795862087903620.4,-808747198084339.5,-821695778432798.5,-834707962695857.8,-847783878280376.4,-860923646010282.0,-874127379876352.0,-887395186778496.2,-900727166260310.8,-914123410235709.8,-927584002707360.0,-941109019476724.1,-954698527845435.2,-968352586307768.5,-982071244233946.5,-995854541544004.0,-1009702508371955.2,-1023615164719959.8,-1037592520102210.5,-1051634573178251.8,-1065741311375384.2,-1079912710499893.5,-1094148734336726.2,-1108449334237315.5,-1122814448695178.2,-1137244002908971.2,-1151737908332590.0,-1166296062211979.2,-1180918347108243.5,-1195604630406678.0,-1210354763811278.8,-1225168582824366.0,-1240045906210823.5,-1254986535446569.8,-1269990254150761.2,-1285056827501277.0,-1300186001633003.5,-1315377503018406.0,-1330631037829902.0,-1345946291283480.5,-1361322926963062.0,-1376760586125013.5,-1392258886982269.0,-1407817423967467.5,-1423435766974498.0,-1439113460577845.8,-1454850023229096.2,-1470644946429956.0,-1486497693881108.5,-1502407700606234.8,-1518374372050477.0,-1534397083152646.2,-1550475177390400.2,-1566607965797661.0,-1582794725953477.2,-1599034700941539.2,-1615327098279514.0,-1631671088817369.0,-1648065805603838.8,-1664510342720117.0,-1681003754079912.5,-1697545052194905.0,-1714133206904691.5,-1730767144070239.5,-1747445744229839.8,-1764167841216593.5,-1780932220736364.2,-1797737618905139.5,-1814582720744748.0,-1831466158635831.5,-1848386510726922.5,-1865342299298522.2,-1882331989080994.0,-1899353985525105.8,-1916406633023997.5,-1933488213085374.5,-1950596942452666.5,-1967730971173903.8,-1984888380617019.5,-2002067181430315.0,-2019265311446740.5,-2036480633530697.5,-2053710933366028.0,-2070953917183826.5,-2088207209428750.0,-2105468350362450.0,-2122734793602768.5,-2140003903597345.5,-2157272953030270.2,-2174539120160416.5,-2191799486090131.5,-2209051031962943.5,-2226290636088963.2,-2243515070996704.2,-2260721000410051.0,-2277904976149158.5,-2295063434954073.5,-2312192695229966.0,-2329288953712871.0,-2346348282054922.0,-2363366623328143.0,-2380339788445913.0,-2397263452501360.0,-2414133151022009.0,-2430944276140134.0,-2447692072678427.0,-2464371634150688.0,-2480977898677476.5,-2497505644816779.0,-2513949487309990.0,-2530303872743725.0,-2546563075128208.0,-2562721191393261.0,-2578772136803225.0,-2594709640292451.0,-2610527239723360.5,-2626218277069486.0,-2641775893526278.0,-2657193024552990.5,-2672462394849410.0,-2687576513271776.5,-2702527667692829.0,-2717307919811572.0,-2731909099919040.0,-2746322801627154.0,-2760540376568542.0,-2774552929076136.5,-2788351310852329.0,-2801926115638508.5,-2815267673896977.0,-2828366047518448.5,-2841211024569693.5,-2853792114097321.0,-2866098541005244.0,-2878119241025056.5,-2889842855800359.0,-2901257728107992.5,-2912351897241264.0,-2923113094582458.5,-2933528739394373.5,-2943585934863191.0,-2953271464427782.5,-2962571788433528.5,-2971473041151911.5,-2979961028210569.5,-2988021224482139.5,-2995638772484117.5,-3002798481346122.5,-3009484826405387.0,-3015681949496005.0,-3021373660002506.0,-3026543436753619.5,-3031174430837774.0,-3035249469427848.0,-3038751060708975.0,-3041661400009933.5,-3043962377245626.5,-3045635585785509.0,-3046662332870628.0,-3047023651709901.0,-3046700315394745.0,-3045672852779846.5,-3043921566486895.5,-3041426553197367.5,-3038167726409945.0,-3034124841847806.0,-3029277525710776.0,-3023605305977040.0,-3017087646968847.0,-3009703987405969.5,-3001433782179810.0,-2992256548089465.5,-2982151913788828.0,-2971099674200438.0,-2959079849657161.0,-2946072750036460.0,-2932059044153597.5,-2917019834679146.0,-2900936738842175.5,-2883791975172705.0,-2865568456524879.5,-2846249889604954.0,-2825820881204724.0,-2804267051310379.5,-2781575153217938.0,-2757733200737920.0,-2732730602512561.0,-2706558303396963.0,-2679208932769487.5,-2650676959534664.0,-2620958853461868.0,-2590053252363188.0,-2557961134451975.0,-2524685995037739.5,-2490234026501197.0,-2454614300253663.0,-2417838949116323.5,-2379923348256216.5,-2340886292487058.0,-2300750167385395.0,-2259541111288662.5,-2217289164836231.5,-2174028404295100.8,-2129797054489461.2,-2084637576743906.0,-2038596726874963.0,-1991725577954260.5,-1944079502356848.2,-1895718107550089.8,-1846705120235174.5,-1797108213905242.8,-1746998775731313.8,-1696451610053664.2,-1645544577792636.5,-1594358173981691.8,-1542975049583469.8,-1491479489031900.8,-1439956861845289.0,-1388493075512721.8,-1337174068044560.8,-1286085392506887.5,-1235311962965227.2,-1184938051993893.0,-1135047654709325.0,-1085725363581535.9,-1037057932447316.9,-989136747514006.5,-942061467962197.8,-895945149231926.9,-850921218370456.5,-807152733031240.1,-764844423728456.9,-724258091884483.5,-685732010889291.1,-649705044759466.6,-616746236215764.0,-587590570400384.8,-563181378167785.5,-544719170663117.25,-533715138290465.1,-532044245345294.0,-541986264208226.44,-566230577224521.2,-607797919589281.0,-669793634157389.4,-754847366231225.8,-864019890504219.6,-994922998086926.9,-1138998028078893.5,-1278803017299686.2,-1388073301208759.2,-1435253778705378.8,-1347602821549122.0,-571623021386222.6,0.0
7287.5,-477138690605630.9,-487485286149370.75,-497882544587709.6,-508330664669894.25,-518829843854638.8,-529380278236233.5,-539982162468450.0,-550635689686196.56,-561341051424869.9,-572098437537309.2,-582908036108331.8,-593770033366746.1,-604684613594784.0,-615651959034902.6,-626672249793841.8,-637745663743905.8,-648872376421369.6,-660052560921925.2,-671286387793107.8,-682574024923604.1,-693915637429357.8,-705311387536396.6,-716761434460272.2,-728265934282041.6,-739825039820667.8,-751438900501778.1,-763107662222643.2,-774831467213296.9,-786610453893681.5,-798444756726714.5,-810334506067159.5,-822279828006192.2,-834280844211535.5,-846337671763045.1,-858450422983630.2,-870619205265367.2,-882844120890676.5,-895125266848441.5,-907462734644907.4,-919856610109237.5,-932306973193566.0,-944813897767407.0,-957377451406252.2,-969997695174212.2,-982674683400521.2,-995408463449753.5,-1008199075485568.5,-1021046552227800.0,-1033950918702730.0,-1046912191986332.9,-1059930380940314.0,-1073005485940739.5,-1086137498599052.8,-1099326401475271.8,-1112572167783141.2,-1125874761087044.5,-1139234134990411.8,-1152650232815427.2,-1166122987273773.0,-1179652320128171.5,-1193238141844476.0,-1206880351234044.0,-1220578835086138.0,-1234333467790062.5,-1248144110946778.8,-1262010612969690.2,-1275932808674310.0,-1289910518856510.0,-1303943549859034.5,-1318031693125958.0,-1332174724744757.5,-1346372404975676.8,-1360624477768005.5,-1374930670262947.8,-1389290692282700.5,-1403704235805376.2,-1418170974425364.5,-1432690562798777.0,-1447262636073524.8,-1461886809303663.2,-1476562676847531.8,-1491289811749293.5,-1506067765103402.0,-1520896065401545.2,-1535774217861604.0,-1550701703738130.5,-1565677979613872.5,-1580702476671821.2,-1595774599947275.8,-1610893727559393.5,-1626059209921687.5,-1641270368930910.8,-1656526497133760.5,-1671826856870834.0,-1687170679397226.5,-1702557163979173.0,-1717985476966115.2,-1733454750837559.5,-1748964083224074.0,-1764512535901763.2,-1780099133759559.2,-1795722863738628.0,-1811382673743188.0,-1827077471522028.0,-1842806123520016.0,-1858567453698810.5,-1874360242326064.0,-1890183224732322.0,-1906035090034842.5,-1921914479827556.0,-1937819986836316.0,-1953750153538682.0,-1969703470747358.5,-1985678376156449.2,-2001673252849708.5,-2017686427769900.2,-2033716170148394.8,-2049760689894139.8,-2065818135941105.0,-2081886594553325.2,-2097964087586630.0,-2114048570706171.0,-2130137931558841.5,-2146229987899693.0,-2162322485671434.8,-2178413097036146.0,-2194499418358288.0,-2210578968138139.0,-2226649184894796.0,-2242707424997873.2,-2258750960447056.0,-2274776976598708.0,-2290782569838714.0,-2306764745200819.5,-2322720413929708.0,-2338646390988140.5,-2354539392507483.0,-2370396033181050.0,-2386212823599686.0,-2401986167529103.0,-2417712359128573.5,-2433387580110613.0,-2449007896841408.5,-2464569257381826.0,-2480067488468942.0,-2495498292438138.0,-2510857244085974.0,-2526139787474115.5,-2541341232674826.0,-2556456752458642.0,-2571481378925054.0,-2586410000077215.0,-2601237356341905.0,-2615958037036235.0,-2630566476782800.0,-2645056951875289.0,-2659423576596883.0,-2673660299494042.5,-2687760899608690.0,-2701718982672181.5,-2715527977264838.5,-2729181130945285.5,-2742671506354350.0,-2755991977298756.5,-2769135224820463.5,-2782093733258066.5,-2794859786307396.0,-2807425463089090.0,-2819782634231761.0,-2831922957980128.0,-2843837876338446.0,-2855518611260451.5,-2866956160898118.0,-2878141295922595.0,-2889064555931883.0,-2899716245961080.5,-2910086433112379.0,-2920164943323455.0,-2929941358294454.0,-2939405012595438.5,-2948544990977943.0,-2957350125916209.0,-2965808995405679.5,-2973909921048536.5,-2981640966458336.5,-2988989936018334.0,-2995944374030653.0,-3002491564296288.0,-3008618530168890.0,-3014312035128447.0,-3019558583924321.0,-3024344424340630.0,-3028655549640752.0,-3032477701751677.0,-3035796375253109.5,-3038596822240675.0,-3040864058137178.5,-3042582868530796.0,-3043737817124144.5,-3044313254883547.0,-3044293330483396.5,-3043662002146300.0,-3042403050985732.0,-3040500095964150.5,-3037936610585924.5,-3034695941451030.5,-3030761328802162.0,-3026115929204710.0,-3020742840505948.0,-3014625129226591.0,-3007745860544685.0,-3000088131038421.5,-2991635104360828.0,-2982370050025333.5,-2972276385486692.0,-2961337721706630.5,-2949537912397635.5,-2936861107141247.0,-2923291808578975.0,-2908814933874089.0,-2893415880640786.5,-2877080597533325.0,-2859795659681054.0,-2841548349145606.0,-2822326740563175.0,-2802119792117247.0,-2780917441964843.5,-2758710710211331.0,-2735491806494663.5,-2711254243198392.0,-2685992954263249.0,-2659704419508385.0,-2632386794304482.0,-2604040044360828.5,-2574666085295907.0,-2544268926555028.5,-2512854819117785.5,-2480432406301921.5,-2447012876817351.0,-2412610119054297.0,-2377240875402369.5,-2340924895193234.0,-2303685084639325.0,-2265547651906655.0,-2226542245214407.0,-2186702081602278.0,-2146064063755364.8,-2104668882034916.5,-2062561098644308.5,-2019789210679493.2,-1976405688693631.8,-1932466987374088.8,-1888033525021265.5,-1843169628776427.5,-1797943443023458.0,-1752426799153125.8,-1706695046007650.8,-1660826841913223.8,-1614903911371520.2,-1569010772349444.5,-1523234443830718.8,-1477664148044389.8,-1432391027753046.0,-1387507906371878.2,-1343109127711672.5,-1299290523006696.2,-1256149565799313.5,-1213785790368556.0,-1172301566808436.5,-1131803345582616.0,-1092403506257373.8,-1054222968787408.8,-1017394750547743.0,-982068677204053.0,-948417478824058.1,-916644521765617.4,-886993437755896.6,-859759907582723.6,-835305826825400.9,-814076005757695.0,-796617400798911.8,-783600579689172.2,-775842578314154.6,-774329322455540.8,-780234031529468.5,-794924934250194.2,-819950293665365.9,-856979733617261.2,-907666111085379.6,-973369094502864.6,-1054648048825869.6,-1150389457394495.8,-1256396774069199.5,-1363278044785771.2,-1453575073543722.0,-1498144245427953.5,-1450298151853289.2,-1226390290418874.5,-630971972317545.8,723394350688766.1,0.0
7285.0,-676094636387599.2,-686530552380035.2,-697013755612358.8,-707544385555373.2,-718122579481548.8,-728748472377364.5,-739422196853252.2,-750143883051079.1,-760913658549141.0,-771731648264547.4,-782597974352982.2,-793512756105742.0,-804476109843978.8,-815488148810106.2,-826548983056250.8,-837658719329712.2,-848817460955330.9,-860025307714688.9,-871282355722058.0,-882588697297030.1,-893944420833707.8,-905349610666401.8,-916804346931724.1,-928308705426986.8,-939862757464812.6,-951466569723859.8,-963120204095559.1,-974823717526752.2,-986577161858139.8,-998380583658419.2,-1010234024053999.0,-1022137518554185.9,-1034091096871713.5,-1046094782738497.9,-1058148593716499.2,-1070252541003559.4,-1082406629234076.6,-1094610856274401.9,-1106865213012797.2,-1119169683143838.1,-1131524242947089.5,-1143928861059933.5,-1156383498244380.0,-1168888107147702.5,-1181442632056753.0,-1194047008645777.0,-1206701163717571.0,-1219405014937800.5,-1232158470562309.8,-1244961429157236.8,-1257813779311745.8,-1270715399343190.2,-1283666156994510.8,-1296665909123664.0,-1309714501384867.8,-1322811767901483.2,-1335957530930268.5,-1349151600516832.5,-1362393774142021.0,-1375683836359029.8,-1389021558420989.5,-1402406697898784.0,-1415838998288850.0,-1429318188610706.2,-1442843982993937.8,-1456416080254379.0,-1470034163459204.5,-1483697899480662.5,-1497406938538149.5,-1511160913728325.5,-1524959440542979.5,-1538802116374336.0,-1552688520007458.5,-1566618211099454.2,-1580590729645140.0,-1594605595428822.5,-1608662307461834.2,-1622760343405509.8,-1636899158979176.0,-1651078187352856.2,-1665296838524239.5,-1679554498679577.5,-1693850529538086.5,-1708184267679452.8,-1722555023854037.2,-1736962082275342.0,-1751404699894326.5,-1765882105655114.8,-1780393499731658.5,-1794938052744893.5,-1809514904959932.0,-1824123165462801.0,-1838761911316257.5,-1853430186694191.2,-1868127001994096.5,-1882851332927128.0,-1897602119585208.5,-1912378265484673.0,-1927178636585905.0,-1942002060288440.8,-1956847324400977.5,-1971713176085744.5,-1986598320776668.8,-2001501421070752.5,-2016421095592129.8,-2031355917828166.0,-2046304414937063.5,-2061265066526352.5,-2076236303401688.5,-2091216506285359.2,-2106204004503884.2,-2121197074644138.2,-2136193939177370.0,-2151192765050517.0,-2166191662244232.0,-2181188682297024.8,-2196181816794897.5,-2211168995825930.0,-2226148086399198.2,-2241116890827490.5,-2256073145073222.0,-2271014517057045.0,-2285938604928593.5,-2300842935298858.5,-2315724961433712.0,-2330582061408093.0,-2345411536220435.0,-2360210607866898.0,-2374976417375051.5,-2389706022796651.0,-2404396397159207.0,-2419044426376110.0,-2433646907115088.0,-2448200544624865.5,-2462701950519931.0,-2477147640523405.0,-2491534032168052.0,-2505857442455600.0,-2520114085474572.0,-2534300069976968.5,-2548411396914242.0,-2562443956933084.0,-2576393527831735.0,-2590255771977587.0,-2604026233687069.5,-2617700336568912.5,-2631273380832095.5,-2644740540559931.5,-2658096860952004.0,-2671337255535816.5,-2684456503350323.0,-2697449246103694.5,-2710309985308013.0,-2723033079393836.5,-2735612740807908.0,-2748043033097633.0,-2760317867986317.0,-2772431002443524.0,-2784376035755375.0,-2796146406600054.0,-2807735390134249.0,-2819136095096819.0,-2830341460936517.0,-2841344254971205.5,-2852137069586651.0,-2862712319483660.0,-2873062238983077.5,-2883178879398943.5,-2893054106490950.0,-2902679598008246.5,-2912046841337597.0,-2921147131269933.0,-2929971567900415.5,-2938511054678332.0,-2946756296624336.5,-2954697798733936.0,-2962325864587480.0,-2969630595188441.0,-2976601888053360.0,-2983229436578528.0,-2989502729710262.0,-2995411051947570.0,-3000943483707967.0,-3006088902089420.0,-3010835982063581.0,-3015173198137949.0,-3019088826527038.5,-3022570947875381.0,-3025607450577938.0,-3028186034746493.0,-3030294216873668.0,-3031919335249513.0,-3033048556188966.5,-3033668881132122.0,-3033767154682919.0,-3033330073655760.5,-3032344197203614.0,-3030795958105296.5,-3028671675293998.5,-3025957567713505.5,-3022639769593167.0,-3018704347237302.0,-3014137317429488.0,-3008924667556932.5,-3003052377564970.0,-2996506443856502.5,-2989272905255925.0,-2981337871161690.0,-2972687552016124.0,-2963308292225254.0,-2953186605665281.0,-2942309213915735.0,-2930663087362220.5,-2918235489313857.0,-2905014023281845.0,-2890986683566023.0,-2876141909295403.0,-2860468642066463.5,-2843956387319158.0,-2826595279584722.0,-2808376151731417.5,-2789290608323733.0,-2769331103197037.0,-2748491021332805.0,-2726764765098816.5,-2704147844893763.5,-2680636974205847.0,-2656230169059692.5,-2630926851784712.0,-2604727958990104.5,-2577636053576580.5,-2549655440551736.0,-2520792286344367.0,-2491054741232141.5,-2460453064406436.0,-2428999751097486.5,-2396709661071811.0,-2363600147692352.5,-2329691186600035.0,-2295005502934275.0,-2259568695860637.0,-2223409359018162.5,-2186559195340002.5,-2149053124542615.5,-2110929381426562.0,-2072229602992992.8,-2032998902263645.2,-1993285926610467.5,-1953142898369209.8,-1912625635548149.2,-1871793550572194.0,-1830709625252344.0,-1789440360575693.5,-1748055700513233.2,-1706628929890901.2,-1665236547521242.2,-1623958117315279.0,-1582876102062476.2,-1542075687066000.2,-1501644603943145.5,-1461672968745629.5,-1422253153221756.5,-1383479713629079.5,-1345449408096671.8,-1308261341190013.0,-1272017283066401.5,-1236822220376662.0,-1202785206723758.0,-1170020591744906.2,-1138649719257011.0,-1108803195636973.2,-1080623838556760.2,-1054270421679128.5,-1029922330497809.4,-1007785234606504.8,-988097857039595.0,-971139874041105.2,-957240896575555.5,-946790349147180.0,-940247841901023.1,-938153280081157.6,-941135392561852.6,-949916462891107.9,-965309613292405.8,-988202716201349.9,-1019519427398702.5,-1060142293045210.8,-1110774525213068.0,-1171704935347834.2,-1242424083278465.8,-1321019746244080.0,-1403260273602990.2,-1481262876252431.5,-1541639406638557.8,-1562934288414320.2,-1511603980553396.8,-1333491593312475.8,-933261845682611.9,-156159789305629.94,804747991342805.5,0.0
7282.5,-864684768908163.5,-875133938743153.6,-885626509027017.9,-896162557251946.0,-906742157820592.2,-917365381945915.0,-928032297548477.4,-938742969151128.5,-949497457771040.1,-960295820808983.5,-971138111935826.5,-982024380976151.0,-992954673788922.0,-1003929032145166.4,-1014947493602533.2,-1026010091376719.8,-1037116854209640.8,-1048267806234277.5,-1059462966836126.2,-1070702350511166.0,-1081985966720241.1,-1093313819739795.0,-1104685908508849.2,-1116102226472140.5,-1127562761419318.0,-1139067495320112.5,-1150616404155366.2,-1162209457743830.8,-1173846619564625.2,-1185527846575249.0,-1197253089025040.0,-1209022290263965.2,-1220835386546631.0,-1232692306831389.0,-1244592972574431.0,-1256537297518737.0,-1268525187477754.5,-1280556540113679.5,-1292631244710211.8,-1304749181939641.5,-1316910223624125.5,-1329114232491035.5,-1341361061922195.0,-1353650555696886.5,-1365982547728465.5,-1378356861794424.0,-1390773311259749.2,-1403231698793403.5,-1415731816077775.5,-1428273443510917.8,-1440856349901394.5,-1453480292155577.2,-1466145014957183.5,-1478850250438889.0,-1491595717845805.0,-1504381123190649.0,-1517206158900378.0,-1530070503454103.2,-1542973821012070.0,-1555915761035482.8,-1568895957896965.0,-1581914030481420.2,-1594969581777083.8,-1608062198456505.8,-1621191450447252.2,-1634356890492067.2,-1647558053698243.5,-1660794457075967.0,-1674065599065352.0,-1687370959051921.5,-1700709996870250.5,-1714082152295514.5,-1727486844522631.5,-1740923471632750.5,-1754391410046760.2,-1767890013965553.2,-1781418614796706.2,-1794976520567307.0,-1808563015322582.2,-1822177358510031.5,-1835818784348723.0,-1849486501183438.0,-1863179690823316.2,-1876897507864668.0,-1890639078997602.5,-1904403502296125.0,-1918189846491343.5,-1931997150227428.0,-1945824421299941.5,-1959670635876200.0,-1973534737697251.5,-1987415637261121.2,-2001312210986923.0,-2015223300359462.5,-2029147711053923.0,-2043084212040255.5,-2057031534666869.5,-2070988371723228.5,-2084953376480932.0,-2098925161712906.5,-2112902298690279.8,-2126883316156545.0,-2140866699278610.0,-2154850888574303.2,-2168834278815992.2,-2182815217909839.5,-2196792005750365.0,-2210762893049874.5,-2224726080142400.5,-2238679715761760.8,-2252621895793350.0,-2266550661999329.0,-2280464000716834.0,-2294359841528862.5,-2308236055907525.0,-2322090455829347.0,-2335920792362294.5,-2349724754224290.0,-2363499966312930.5,-2377243988206194.5,-2390954312633914.0,-2404628363919856.0,-2418263496394253.0,-2431856992776675.5,-2445406062529179.5,-2458907840179696.0,-2472359383615682.5,-2485757672348094.0,-2499099605745807.0,-2512382001240671.0,-2525601592503418.0,-2538755027590779.5,-2551838867064152.5,-2564849582080331.0,-2577783552454834.5,-2590637064698490.0,-2603406310028040.5,-2616087382351630.0,-2628676276230171.0,-2641168884815686.0,-2653560997767909.5,-2665848299150526.0,-2678026365308626.5,-2690090662729104.0,-2702036545885924.0,-2713859255072373.0,-2725553914222621.5,-2737115528725161.5,-2748538983230907.5,-2759819039459034.5,-2770950334003887.0,-2781927376146597.5,-2792744545675365.0,-2803396090718712.0,-2813876125596359.0,-2824178628692772.0,-2834297440358875.5,-2844226260847797.5,-2853958648291063.5,-2863488016722108.5,-2872807634154537.0,-2881910620723111.5,-2890789946896088.5,-2899438431768143.5,-2907848741443827.0,-2916013387522218.0,-2923924725694236.0,-2931574954464883.0,-2938956114013570.0,-2946060085206629.0,-2952878588777078.5,-2959403184687768.0,-2965625271695149.5,-2971536087132086.5,-2977126706929342.5,-2982388045896758.5,-2987310858286450.0,-2991885738661891.0,-2996103123098233.0,-2999953290740933.0,-3003426365751371.5,-3006512319670063.5,-3009200974229898.0,-3011482004653861.0,-3013344943473823.0,-3014779184909115.5,-3015773989845983.0,-3016318491461333.0,-3016401701536796.5,-3016012517511603.5,-3015139730325617.5,-3013772033106581.0,-3011898030758578.0,-3009506250511718.0,-3006585153496097.5,-3003123147406304.5,-2999108600325912.0,-2994529855784727.0,-2989375249124857.0,-2983633125255022.0,-2977291857875883.5,-2970339870262439.0,-2962765657692851.0,-2954557811616189.0,-2945705045654627.0,-2936196223538459.0,-2926020389074902.0,-2915166798253986.0,-2903624953596679.0,-2891384640851961.0,-2878435968150353.0,-2864769407721734.0,-2850375840284716.5,-2835246602213350.0,-2819373535584479.5,-2802749041205234.5,-2785366134715022.0,-2767218505849484.0,-2748300580945300.0,-2728607588753860.5,-2708135629618689.0,-2686881748055670.0,-2664844008756261.0,-2642021576011766.0,-2618414796530803.5,-2594025285592256.0,-2568856016441567.5,-2542911412799013.5,-2516197444304128.5,-2488721724670325.0,-2460493612267716.0,-2431524312789744.0,-2401826983590399.5,-2371416839203263.0,-2340311257471509.5,-2308529885629460.5,-2276094745581704.0,-2243030337526148.0,-2209363740963567.5,-2175124712030210.0,-2140345775983891.0,-2105062313571099.5,-2069312639906852.5,-2033138074415664.8,-1996583000317657.2,-1959694912106803.0,-1922524449468774.0,-1885125416136367.5,-1847554782296166.2,-1809872669358991.2,-1772142316210453.8,-1734430026491540.5,-1696805097051937.5,-1659339728504041.5,-1622108919820739.2,-1585190350206374.8,-1548664253072409.0,-1512613288913183.2,-1477122426249185.2,-1442278842627439.5,-1408171860975479.5,-1374892940415763.8,-1342535744956119.5,-1311196318236194.5,-1280973397633147.5,-1251968906337361.2,-1224288667219185.2,-1198043386990391.0,-1173349962688817.5,-1150333163978264.8,-1129127742886130.5,-1109881015622714.9,-1092755946567422.1,-1077934738921504.1,-1065622895073094.6,-1056053645523234.6,-1049492548391628.2,-1046241917642167.2,-1046644525993544.5,-1051085716479651.9,-1059992597980212.8,-1073828325741844.2,-1093078477971745.2,-1118225093546584.6,-1149701846270115.8,-1187820869097041.0,-1232657674401293.8,-1283875312136533.0,-1340462566020404.2,-1400354538801508.8,-1459899523003536.8,-1513136435695944.2,-1550851137504909.2,-1559363962240297.8,-1518873340457512.5,-1400766726440305.0,-1162994119353295.5,-748286612910967.9,-138992358258231.44,253032457885339.0,0.0
7280.0,-1042319608602498.5,-1052707443388572.2,-1063134335146314.0,-1073600297683053.6,-1084105340858947.5,-1094649470475881.0,-1105232688163724.0,-1115854991263872.8,-1126516372710030.0,-1137216820906137.5,-1147956319601418.0,-1158734847762443.0,-1169552379442154.5,-1180408883645795.0,-1191304324193633.5,-1202238659580451.5,-1213211842831694.5,-1224223821356206.0,-1235274536795476.0,-1246363924869328.0,-1257491915217936.2,-1268658431240118.8,-1279863389927799.2,-1291106701696556.0,-1302388270212161.5,-1313707992213033.0,-1325065757328483.5,-1336461447892681.0,-1347894938754224.5,-1359366097081224.8,-1370874782161787.0,-1382420845199801.5,-1394004129105913.5,-1405624468283576.8,-1417281688410073.8,-1428975606212385.8,-1440706029237785.5,-1452472755619056.0,-1464275573834174.5,-1476114262460378.5,-1487988589922437.8,-1499898314235049.5,-1511843182739176.8,-1523822931832224.8,-1535837286691896.0,-1547885960993592.2,-1559968656621207.0,-1572085063371164.0,-1584234858649551.5,-1596417707162189.8,-1608633260597478.0,-1620881157301853.5,-1633161021947706.0,-1645472465193572.0,-1657815083336424.0,-1670188457955919.0,-1682592155550374.0,-1695025727164328.5,-1707488708007492.2,-1719980617064879.0,-1732500956697956.0,-1745049212236588.0,-1757624851561596.0,-1770227324677719.8,-1782856063276765.2,-1795510480290755.0,-1808189969434827.0,-1820893904739711.0,-1833621640073511.5,-1846372508652620.5,-1859145822541486.8,-1871940872141051.0,-1884756925665577.5,-1897593228607659.0,-1910449003191163.2,-1923323447811854.0,-1936215736465447.5,-1949125018162865.0,-1962050416332398.5,-1974991028208569.8,-1987945924207390.2,-2000914147287772.0,-2013894712298833.0,-2026886605312816.0,-2039888782943358.5,-2052900171648843.2,-2065919667020560.0,-2078946133055393.5,-2091978401412781.5,-2105015270655648.5,-2118055505475060.5,-2131097835898303.0,-2144140956480128.5,-2157183525476892.0,-2170224164003291.5,-2183261455171471.0,-2196293943212187.0,-2209320132577802.8,-2222338487026829.2,-2235347428689765.2,-2248345337115998.5,-2261330548301501.5,-2274301353697105.5,-2287255999197104.5,-2300192684108006.5,-2313109560097168.5,-2326004730121174.5,-2338876247333730.0,-2351722113972924.5,-2364540280227705.0,-2377328643083410.0,-2390085045146268.0,-2402807273446742.0,-2415493058221647.5,-2428140071675010.5,-2440745926717625.0,-2453308175685314.0,-2465824309035945.5,-2478291754025262.0,-2490707873361643.5,-2503069963839938.0,-2515375254954571.0,-2527620907492155.5,-2539804012103911.0,-2551921587858211.5,-2563970580773700.5,-2575947862333408.0,-2587850227980419.0,-2599674395595700.0,-2611417003958779.0,-2623074611192016.0,-2634643693189375.5,-2646120642030604.0,-2657501764381917.5,-2668783279884338.5,-2679961319530985.0,-2691031924034726.0,-2701991042187750.5,-2712834529214751.0,-2723558145121555.0,-2734157553041245.5,-2744628317579923.0,-2754965903164525.0,-2765165672395243.5,-2775222884405348.0,-2785132693231432.0,-2794890146197321.0,-2804490182315171.5,-2813927630707543.0,-2823197209054508.0,-2832293522070207.5,-2841211060013544.0,-2849944197238084.0,-2858487190786606.0,-2866834179036118.5,-2874979180399582.5,-2882916092091043.0,-2890638688961314.5,-2898140622411871.0,-2905415419395139.5,-2912456481509925.0,-2919257084201299.5,-2925810376074923.0,-2932109378336418.0,-2938146984367106.0,-2943915959448186.5,-2949408940646197.0,-2954618436873414.0,-2959536829137748.5,-2964156370997594.0,-2968469189238045.0,-2972467284785931.5,-2976142533882209.5,-2979486689531311.0,-2982491383248331.0,-2985148127126080.5,-2987448316245422.0,-2989383231453602.5,-2990944042536779.0,-2992121811814400.0,-2992907498184673.5,-2993291961651997.0,-2993265968368897.5,-2992820196226816.5,-2991945241031890.0,-2990631623303786.0,-2988869795737622.0,-2986650151370996.0,-2983963032500282.0,-2980798740392444.5,-2977147545840860.5,-2972999700615823.0,-2968345449862723.0,-2963175045503159.0,-2957478760696575.5,-2951246905422306.5,-2944469843244222.0,-2937138009322448.0,-2929241929738806.0,-2920772242204775.0,-2911719718222802.0,-2902075286773628.5,-2891830059604035.0,-2880975358190858.0,-2869502742458351.0,-2857404041326790.0,-2844671385170790.0,-2831297240265725.5,-2817274445300231.0,-2802596250031546.5,-2787256356158674.0,-2771248960485587.5,-2754568800443148.5,-2737211202033654.5,-2719172130256006.0,-2700448242062256.0,-2681036941887369.0,-2660936439783543.0,-2640145812177887.5,-2618665065257694.0,-2596495200970507.0,-2573638285606687.5,-2550097520909732.0,-2525877317634165.0,-2500983371442001.5,-2475422740996417.5,-2449203928075043.0,-2422336959485120.0,-2394833470518269.0,-2366706789633846.5,-2337972024006640.5,-2308646145516974.0,-2278748076699332.5,-2248298776099607.5,-2217321322421469.0,-2185840996769842.5,-2153885362225024.5,-2121484339905879.8,-2088670280606613.0,-2055478031021025.2,-2021944993503892.0,-1988111178264651.5,-1954019246848595.2,-1919714545740520.8,-1885245128932105.8,-1850661768334985.5,-1816017951006064.0,-1781369862291048.0,-1746776354199386.2,-1712298898613261.8,-1678001525321709.2,-1643950745376453.5,-1610215460908642.2,-1576866863346172.5,-1543978322951003.2,-1511625273775066.2,-1479885099529871.2,-1448837027490995.8,-1418562039418243.8,-1389142810555353.2,-1360663690049806.5,-1333210738544641.2,-1306871841141050.2,-1281736916258574.0,-1257898242899675.2,-1235450930128677.5,-1214493552740368.0,-1195128975486152.2,-1177465383982180.0,-1161617532381357.0,-1147708204491920.0,-1135869864188848.2,-1126246439911792.8,-1118995143052054.2,-1114288156092147.0,-1112313936694994.6,-1113277759321229.4,-1117400943795567.9,-1124917983404542.8,-1136070460470447.0,-1151096194419054.8,-1170211467592867.2,-1193583372468877.5,-1221288276272173.2,-1253251080642472.0,-1289158401451608.2,-1328337184912484.5,-1369589069012681.0,-1410970936235963.5,-1449515210660387.5,-1480891735677776.0,-1499028075347804.8,-1495723976143322.5,-1460306830759324.0,-1379381213742865.8,-1236957366597569.8,-1017192200345268.5,-721571236224679.6,-437144650052347.25,-351047956159734.75,0.0
7277.5,-1208512688582731.0,-1218766860486616.5,-1229055349234533.0,-1239378104252944.5,-1249735070213157.0,-1260126186911077.0,-1270551389144285.0,-1281010606586323.8,-1291503763658198.5,-1302030779396965.0,-1312591567321390.2,-1323186035294600.0,-1333814085383640.8,-1344475613715912.8,-1355170510332367.5,-1365898659037443.8,-1376659937245636.2,-1387454215824630.0,-1398281358934941.0,-1409141223865965.0,-1420033660868371.2,-1430958512982755.8,-1441915615864470.8,-1452904797604550.2,-1463925878546647.2,-1474978671099885.0,-1486062979547558.0,-1497178599851559.0,-1508325319452468.5,-1519502917065202.0,-1530711162470109.5,-1541949816299448.5,-1553218629819114.0,-1564517344705528.2,-1575845692817595.0,-1587203395963598.0,-1598590165662946.2,-1610005702902653.2,-1621449697888431.8,-1632921829790304.5,-1644421766482593.0,-1655949164278190.0,-1667503667656969.8,-1679084908988238.2,-1690692508247074.0,-1702326072724448.5,-1713985196730994.2,-1725669461294271.0,-1737378433849428.5,-1749111667923093.5,-1760868702810368.8,-1772649063244782.5,-1784452259061064.0,-1796277784850583.8,-1808125119609309.5,-1819993726378148.2,-1831883051875485.5,-1843792526121808.0,-1855721562056214.0,-1867669555144676.5,-1879635882979890.5,-1891619904872529.0,-1903620961433764.5,-1915638374148862.0,-1927671444941690.2,-1939719455729979.5,-1951781667971126.0,-1963857322198411.0,-1975945637547412.0,-1988045811272455.8,-2000157018252916.5,-2012278410489192.8,-2024409116588150.5,-2036548241237879.5,-2048694864671561.0,-2060848042120257.5,-2073006803254436.5,-2085170151614058.5,-2097337064027005.8,-2109506490015705.0,-2121677351191720.0,-2133848540638144.0,-2146018922279611.2,-2158187330239716.0,-2170352568185684.0,-2182513408660092.0,-2194668592399471.0,-2206816827639596.0,-2218956789407309.5,-2231087118798687.0,-2243206422243393.5,-2255313270755054.0,-2267406199167487.5,-2279483705356659.0,-2291544249448186.5,-2303586253010282.0,-2315608098231982.5,-2327608127086569.0,-2339584640480033.0,-2351535897384516.5,-2363460113956616.5,-2375355462640495.0,-2387220071255712.0,-2399052022069747.5,-2410849350855181.0,-2422610045931502.5,-2434332047191573.5,-2446013245112758.0,-2457651479752770.0,-2469244539730321.0,-2480790161190644.5,-2492286026756052.0,-2503729764461664.5,-2515118946676485.0,-2526451089010094.0,-2537723649205167.5,-2548934026016157.0,-2560079558074469.5,-2571157522740521.0,-2582165134943135.5,-2593099546006738.5,-2603957842466941.0,-2614737044875079.0,-2625434106592414.5,-2636045912574710.0,-2646569278148021.0,-2657000947776568.5,-2667337593823686.5,-2677575815306894.0,-2687712136648258.5,-2697743006421303.0,-2707664796095807.0,-2717473798782013.0,-2727166227975787.0,-2736738216306503.0,-2746185814289482.0,-2755504989085000.0,-2764691623266030.0,-2773741513597031.5,-2782650369826279.0,-2791413813494419.0,-2800027376762114.0,-2808486501259855.0,-2816786536963247.0,-2824922741097281.0,-2832890277073371.5,-2840684213463198.0,-2848299523013635.0,-2855731081707398.0,-2862973667874277.0,-2870021961358210.0,-2876870542745761.5,-2883513892661924.5,-2889946391139592.0,-2896162317069403.0,-2902155847737100.5,-2907921058456035.0,-2913451922302851.0,-2918742309964955.5,-2923785989708860.0,-2928576627479051.0,-2933107787137645.5,-2937372930855666.5,-2941365419667462.0,-2945078514200433.5,-2948505375592978.5,-2951639066614297.0,-2954472553000470.0,-2956998705022087.0,-2959210299299517.0,-2961100020882852.0,-2962660465614470.0,-2963884142793162.0,-2964763478159794.5,-2965290817225546.5,-2965458428964855.5,-2965258509896424.5,-2964683188576750.5,-2963724530531979.0,-2962374543655110.0,-2960625184096945.0,-2958468362680551.0,-2955895951870373.5,-2952899793328676.0,-2949471706093391.5,-2945603495413011.5,-2941286962275714.0,-2936513913671470.0,-2931276173627436.5,-2925565595058584.0,-2919374072477043.0,-2912693555605273.0,-2905516063939675.0,-2897833702312819.0,-2889638677503916.0,-2880923315948530.0,-2871680082599881.5,-2861901600995232.5,-2851580674581932.0,-2840710309358555.5,-2829283737887264.0,-2817294444733924.0,-2804736193392726.0,-2791603054751781.0,-2777889437155738.5,-2763590118120336.0,-2748700277752417.5,-2733215533926797.5,-2717131979268679.0,-2700446219986876.5,-2683155416598796.0,-2665257326582928.0,-2646750348988408.0,-2627633571023757.5,-2607906816638277.0,-2587570697099501.0,-2566626663558473.0,-2545077061581267.5,-2522925187610013.5,-2500175347299442.0,-2476832915655587.0,-2452904398881544.0,-2428397497810888.0,-2403321172782488.5,-2377685709780648.5,-2351502787631895.0,-2324785546014002.0,-2297548653994049.0,-2269808378770461.5,-2241582654249003.2,-2212891149034952.0,-2183755333373150.0,-2154198544514941.2,-2124246049936513.0,-2093925107777669.5,-2063265023814584.0,-2032297204225714.8,-2001055203358539.8,-1969574765657933.0,-1937893860877292.2,-1906052711663880.0,-1874093812593664.0,-1842061939732542.0,-1810004149824880.0,-1777969768262578.5,-1746010365074823.5,-1714179718307532.0,-1682533764340422.5,-1651130534927495.5,-1620030081052787.8,-1589294384077361.2,-1558987255124979.0,-1529174224221490.5,-1499922421373412.5,-1471300452548155.2,-1443378274400538.2,-1416227072568795.0,-1389919149418660.5,-1364527828211735.2,-1340127381758784.0,-1316792994606829.5,-1294600768580594.2,-1273627781884925.0,-1253952211743139.5,-1235653529382403.5,-1218812773662617.8,-1203512905227870.2,-1189839236018774.5,-1177879918386839.2,-1167726462697832.2,-1159474230663284.0,-1153222821739896.8,-1149076229299991.2,-1147142588759654.8,-1147533267503344.8,-1150360951340387.0,-1155736258332933.2,-1163762250960679.0,-1174526013650165.0,-1188086206609158.8,-1204455192821215.5,-1223573964213536.2,-1245277683419975.2,-1269249262145110.8,-1294958135952480.8,-1321581509350623.0,-1347906279263728.8,-1372212360900025.8,-1392143433404050.2,-1404580862043553.2,-1405552681410989.5,-1390233820129146.8,-1353128831421669.0,-1288589922450794.8,-1192001415464532.2,-1062638194198191.2,-911488741482146.5,-781867519029406.4,-773839217257979.8,-788214661179528.8,0.0
7275.0,-1362880024127984.8,-1372931189993799.2,-1383011600352507.0,-1393121140558882.2,-1403259690469013.8,-1413427124312931.2,-1423623310564524.5,-1433848111808704.0,-1444101384605757.8,-1454382979352821.5,-1464692740142430.5,-1475030504618076.5,-1485396103826698.8,-1495789362068082.0,-1506210096741047.0,-1516658118186416.0,-1527133229526655.0,-1537635226502134.5,-1548163897303943.0,-1558719022403182.0,-1569300374376660.0,-1579907717728930.5,-1590540808710584.5,-1601199395132723.8,-1611883216177550.0,-1622592002204970.5,-1633325474555159.5,-1644083345346981.0,-1654865317272195.5,-1665671083385366.8,-1676500326889380.0,-1687352720916486.5,-1698227928304778.5,-1709125601370019.5,-1720045381672718.0,-1730986899780376.2,-1741949775024780.5,-1752933615254289.0,-1763938016580970.5,-1774962563122521.0,-1786006826738850.2,-1797070366763236.0,-1808152729727944.8,-1819253449084205.0,-1830372044916432.5,-1841508023650605.5,-1852660877756662.5,-1863830085444821.5,-1875015110355716.0,-1886215401244213.0,-1897430391656814.0,-1908659499602516.0,-1919902127217013.0,-1931157660420123.0,-1942425468566305.0,-1953704904088172.8,-1964995302132841.8,-1976295980191031.5,-1987606237718750.2,-1998925355751475.2,-2010252596510679.5,-2021587203002576.5,-2032928398608971.0,-2044275386670069.0,-2055627350059124.8,-2066983450748799.5,-2078342829369084.5,-2089704604756683.5,-2101067873495704.0,-2112431709449532.0,-2123795163283768.0,-2135157261980088.5,-2146517008340905.0,-2157873380484690.0,-2169225331331865.2,-2180571788081096.0,-2191911651675887.0,-2203243796261366.0,-2214567068631115.8,-2225880287663962.5,-2237182243750590.5,-2248471698209880.0,-2259747382694872.0,-2271007998588241.5,-2282252216387198.5,-2293478675077718.0,-2304685981498015.0,-2315872709691192.0,-2327037400246970.0,-2338178559632459.0,-2349294659511901.0,-2360384136055327.0,-2371445389236114.5,-2382476782117397.5,-2393476640127317.0,-2404443250323106.5,-2415374860644031.0,-2426269679153179.0,-2437125873268175.5,-2447941568980832.0,-2458714850065840.5,-2469443757278576.0,-2480126287542127.0,-2490760393123671.0,-2501343980800384.0,-2511874911015003.0,-2522350997021313.0,-2532770004019721.0,-2543129648283239.0,-2553427596274133.0,-2563661463751567.0,-2573828814870622.0,-2583927161273080.0,-2593953961170404.5,-2603906618419429.0,-2613782481591258.5,-2623578843033983.5,-2633292937929828.0,-2642921943347425.5,-2652462977289971.0,-2661913097740056.0,-2671269301702061.0,-2680528524243062.5,-2689687637533264.0,-2698743449887056.5,-2707692704805897.0,-2716532080024272.0,-2725258186560122.0,-2733867567771182.0,-2742356698418830.0,-2750721983741107.5,-2758959758536733.5,-2767066286262027.0,-2775037758142811.0,-2782870292303483.5,-2790559932915624.0,-2798102649368611.5,-2805494335464959.5,-2812730808643175.0,-2819807809231192.0,-2826720999733601.5,-2833465964156080.0,-2840038207370685.5,-2846433154525876.5,-2852646150505359.0,-2858672459440132.5,-2864507264278356.5,-2870145666417946.5,-2875582685407095.0,-2880813258718242.0,-2885832241601331.0,-2890634407022514.0,-2895214445694878.5,-2899566966208089.0,-2903686495264281.0,-2907567478027928.5,-2911204278597874.5,-2914591180610131.5,-2917722387980606.0,-2920592025797310.0,-2923194141372247.0,-2925522705463656.0,-2927571613679865.0,-2929334688076654.0,-2930805678960610.0,-2931978266911638.0,-2932846065038465.5,-2933402621481679.0,-2933641422179603.0,-2933555893913042.0,-2933139407645772.0,-2932385282178431.5,-2931286788134353.0,-2929837152296744.0,-2928029562317543.0,-2925857171819202.0,-2923313105911627.5,-2920390467147496.5,-2917082341940151.5,-2913381807469355.0,-2909281939101199.5,-2904775818349546.0,-2899856541407455.5,-2894517228278143.0,-2888751032536083.0,-2882551151749987.5,-2875910838600433.0,-2868823412725983.0,-2861282273332686.0,-2853280912602798.5,-2844812929939554.0,-2835872047085656.0,-2826452124153994.0,-2816547176609796.0,-2806151393243991.5,-2795259155178091.0,-2783865055941135.5,-2771963922659435.5,-2759550838399731.0,-2746621165706054.0,-2733170571370015.0,-2719195052473256.5,-2704690963739610.5,-2689655046232724.0,-2674084457432838.0,-2657976802723713.5,-2641330168317471.0,-2624143155641213.0,-2606414917204741.5,-2588145193963269.0,-2569334354182788.5,-2549983433808519.0,-2530094178328643.0,-2509669086116030.0,-2488711453220057.5,-2467225419568540.0,-2445216016526281.0,-2422689215741664.0,-2399651979195908.0,-2376112310350971.0,-2352079306271622.5,-2327563210574598.0,-2302575467033178.5,-2277128773638683.0,-2251237136891342.5,-2224915926061767.8,-2198181927130716.8,-2171053396079224.8,-2143550111163492.0,-2115693423769410.0,-2087506307400556.5,-2059013404311297.8,-2030241069253789.5,-2001217409764870.0,-1971972322376931.0,-1942537524096829.5,-1912946578460119.8,-1883234915435791.2,-1853439844431181.8,-1823600559629921.5,-1793758136890153.5,-1763955521438661.5,-1734237505622351.0,-1704650696025090.2,-1675243469329408.0,-1646065916403102.8,-1617169774224721.8,-1588608345433640.0,-1560436405504084.8,-1532710097801330.8,-1505486817084822.2,-1478825082377416.0,-1452784400519927.8,-1427425122169218.2,-1402808292463836.0,-1378995499053753.0,-1356048720639243.5,-1334030179543823.0,-1313002202094262.5,-1293027090610234.5,-1274167010499841.5,-1256483895159229.2,-1240039369880331.2,-1224894693515807.2,-1211110712895263.8,-1198747819501808.0,-1187865890162939.5,-1178524182813469.2,-1170781143924521.5,-1164694064956678.0,-1160318499979866.8,-1157707323981783.2,-1156909269713896.5,-1157966728361525.8,-1160912533934963.5,-1165765371234171.2,-1172523351246715.0,-1181155185951006.2,-1191588269614265.2,-1203692844222932.2,-1217261311290947.8,-1231981687734689.0,-1247404257825426.2,-1262900766648691.5,-1277616237204025.5,-1290415006630373.0,-1299825387284781.8,-1303992233098252.5,-1300654684377569.0,-1287178804823854.2,-1260693340230504.8,-1218404040506713.2,-1158205517755094.2,-1079797010712211.9,-986724840810585.0,-890286042384891.4,-816828366278444.6,-816397536178074.5,-937043515414808.8,-1001633994722596.5,0.0
7272.5,-1505138536409100.5,-1514920993693423.0,-1524727358483517.0,-1534557453351189.5,-1544411094703713.2,-1554288092651453.0,-1564188250872831.8,-1574111366476605.0,-1584057229861381.8,-1594025624572331.5,-1604016327155045.5,-1614029107006474.2,-1624063726222893.0,-1634119939444852.5,-1644197493699026.0,-1654296128236929.5,-1664415574370433.0,-1674555555304000.0,-1684715785963609.5,-1694895972822290.5,-1705095813722192.8,-1715314997693152.5,-1725553204767671.2,-1735810105792240.0,-1746085362234952.0,-1756378625989325.5,-1766689539174276.5,-1777017733930152.0,-1787362832210779.0,-1797724445571433.0,-1808102174952662.5,-1818495610459898.2,-1828904331138757.0,-1839327904745981.8,-1849765887515926.0,-1860217823922511.5,-1870683246436573.0,-1881161675278519.5,-1891652618166220.2,-1902155570058037.0,-1912670012890919.5,-1923195415313485.2,-1933731232413986.5,-1944276905443093.5,-1954831861531388.2,-1965395513401510.5,-1975967259074835.5,-1986546481572623.0,-1997132548611526.2,-2007724812293392.0,-2018322608789243.5,-2028925258017373.2,-2039532063315437.0,-2050142311106479.5,-2060755270558773.8,-2071370193239417.5,-2081986312761561.8,-2092602844425208.0,-2103218984851464.8,-2113833911610184.5,-2124446782840887.8,-2135056736866885.5,-2145662891802511.2,-2156264345153383.5,-2166860173409591.8,-2177449431631754.5,-2188031153029827.0,-2198604348534616.5,-2209168006361892.5,-2219721091569034.5,-2230262545604134.5,-2240791285847486.0,-2251306205145379.8,-2261806171336153.0,-2272290026768425.0,-2282756587811452.5,-2293204644357555.5,-2303632959316572.0,-2314040268102269.0,-2324425278110709.0,-2334786668190499.5,-2345123088104918.5,-2355433157985892.5,-2365715467779803.0,-2375968576685131.0,-2386191012581918.5,-2396381271453081.0,-2406537816797580.0,-2416659079035479.0,-2426743454904946.0,-2436789306851226.0,-2446794962407689.5,-2456758713568984.5,-2466678816156443.0,-2476553489175801.5,-2486380914167397.0,-2496159234548956.0,-2505886554951162.5,-2515560940546157.5,-2525180416369200.0,-2534742966633695.0,-2544246534039849.0,-2553689019077215.0,-2563068279321431.0,-2572382128725495.0,-2581628336905908.0,-2590804628424096.0,-2599908682063532.5,-2608938130103003.0,-2617890557586546.0,-2626763501590564.0,-2635554450488724.0,-2644260843215249.5,-2652880068527280.5,-2661409464267033.5,-2669846316624537.0,-2678187859401753.0,-2686431273279016.5,-2694573685084710.0,-2702612167069222.0,-2710543736184253.5,-2718365353368670.0,-2726073922842111.5,-2733666291407708.0,-2741139247765291.0,-2748489521836637.0,-2755713784104296.5,-2762808644965763.5,-2769770654104738.0,-2776596299881459.5,-2783282008744100.0,-2789824144663422.0,-2796219008592964.0,-2802462837957224.0,-2808551806170398.0,-2814482022188403.0,-2820249530097104.0,-2825850308739794.0,-2831280271387168.5,-2836535265453231.0,-2841611072260751.5,-2846503406860112.0,-2851207917905589.0,-2855720187593344.0,-2860035731665635.0,-2864149999486019.0,-2868058374190572.0,-2871756172920401.5,-2875238647141064.0,-2878500983054763.0,-2881538302111516.5,-2884345661625835.5,-2886918055505770.5,-2889250415101567.0,-2891337610181515.0,-2893174450043000.0,-2894755684767146.0,-2896076006625868.5,-2897130051650611.0,-2897912401372474.5,-2898417584743942.0,-2898640080252897.0,-2898574318240130.0,-2898214683432083.0,-2897555517701113.0,-2896591123066136.0,-2895315764947111.0,-2893723675687389.5,-2891809058358643.5,-2889566090863675.0,-2886988930353089.5,-2884071717972490.5,-2880808583957561.5,-2877193653095050.5,-2873221050568463.0,-2868884908207933.0,-2864179371164513.0,-2859098605029846.0,-2853636803422937.0,-2847788196066462.0,-2841547057375821.0,-2834907715584821.5,-2827864562432641.0,-2820412063437351.5,-2812544768781996.5,-2804257324839810.5,-2795544486365740.0,-2786401129381994.0,-2776822264785764.0,-2766803052707664.5,-2756338817649737.0,-2745425064432037.0,-2734057494976901.0,-2722232025959909.5,-2709944807356320.5,-2697192241911346.0,-2683971005562003.0,-2670278068837399.5,-2656110719263237.5,-2641466584794823.5,-2626343658301187.0,-2610740323120741.5,-2594655379706431.0,-2578088073375251.0,-2561038123173629.5,-2543505751866009.5,-2525491717049403.5,-2506997343391292.5,-2488024555982212.0,-2468575914787526.0,-2448654650175112.5,-2428264699487057.5,-2407410744613763.5,-2386098250518076.0,-2364333504645115.5,-2342123657140286.0,-2319476761783395.5,-2296401817530935.0,-2272908810541100.5,-2249008756537248.0,-2224713743344913.5,-2200036973415379.8,-2174992806124915.8,-2149596799613369.5,-2123865751898609.2,-2097817740974671.2,-2071472163571211.8,-2044849772220377.8,-2017972710244538.5,-1990864544244778.8,-1963550293636057.0,-1936056456740806.8,-1908411032919178.0,-1880643540181630.5,-1852785027699115.2,-1824868082598474.5,-1796926830407067.0,-1768996928492333.0,-1741115551830369.2,-1713321370434311.8,-1685654517780089.8,-1658156549585892.5,-1630870392334420.2,-1603840280975674.8,-1577111685314557.5,-1550731224673680.2,-1524746570528605.5,-1499206336940845.8,-1474159958762823.0,-1449657557756272.5,-1425749796947073.2,-1402487723727638.0,-1379922602401282.8,-1358105737024474.0,-1337088285518483.0,-1316921066058573.0,-1297654356661651.5,-1279337688622797.5,-1262019633919469.0,-1245747585808917.0,-1230567530461120.5,-1216523805434735.2,-1203658837914950.2,-1192012851641157.5,-1181623526055221.5,-1172525584033382.8,-1164750275194480.2,-1158324709702713.0,-1153270982136190.8,-1149605005750552.8,-1147334953683740.8,-1146459174711557.5,-1146963416602275.5,-1148817149783110.2,-1151968738403544.5,-1156339156583716.5,-1161813898272414.5,-1168232686644516.0,-1175376565781201.0,-1182951974863289.0,-1190571498867718.0,-1197731217654803.0,-1203785029266684.8,-1207917145585482.5,-1209115363386391.2,-1206150011768798.8,-1197567096914170.0,-1181709663378705.0,-1156789436410801.0,-1121042166507609.8,-1073015763616774.9,-1012062310426147.9,-939138738361340.1,-858077203472662.4,-777560416292208.5,-713934246956032.8,-693472222626636.9,-744831521540796.5,-852033075733424.2,-918561650720092.0,0.0
7270.0,-1635103501668843.0,-1644555770200545.0,-1654026414122872.5,-1663515195448041.5,-1673021869446887.5,-1682546184513725.8,-1692087882028651.2,-1701646696217253.2,-1711222354007693.0,-1720814574885094.0,-1730423070743200.0,-1740047545733260.2,-1749687696110072.2,-1759343210075162.5,-1769013767617023.0,-1778699040348379.8,-1788398691340425.8,-1798112374953971.8,-1807839736667454.8,-1817580412901769.0,-1827334030841842.5,-1837100208254918.8,-1846878553305484.0,-1856668664366787.0,-1866470129828882.5,-1876282527903164.8,-1886105426423304.5,-1895938382642554.8,-1905780943027349.8,-1915632643047153.0,-1925493006960474.5,-1935361547597024.8,-1945237766135902.8,-1955121151879807.0,-1965011182025165.5,-1974907321428145.0,-1984809022366468.5,-1994715724296984.5,-2004626853608913.5,-2014541823372725.5,-2024460033084558.0,-2034380868406154.5,-2044303700900200.5,-2054227887761055.0,-2064152771540764.2,-2074077679870321.8,-2084001925176109.0,-2093924804391436.5,-2103845598663141.8,-2113763573053177.8,-2123677976235114.0,-2133588040185513.5,-2143492979870113.0,-2153391992924737.2,-2163284259330903.0,-2173168941086063.0,-2183045181868396.0,-2192912106696137.0,-2202768821581357.0,-2212614413178159.0,-2222447948425232.2,-2232268474182719.0,-2242075016863351.5,-2251866582057813.5,-2261642154154277.0,-2271400695952099.0,-2281141148269610.0,-2290862429545999.5,-2300563435437241.5,-2310243038406052.0,-2319900087305851.0,-2329533406958722.0,-2339141797727346.0,-2348724035080916.5,-2358278869155033.5,-2367805024305576.0,-2377301198656567.5,-2386766063642068.0,-2396198263542090.5,-2405596415012608.5,-2414959106609671.5,-2424284898307691.5,-2433572321011964.5,-2442819876065484.0,-2452026034750140.0,-2461189237782392.0,-2470307894803513.5,-2479380383864539.5,-2488405050906027.0,-2497380209232791.5,-2506304138983768.5,-2515175086597174.0,-2523991264271163.5,-2532750849420197.0,-2541451984127326.5,-2550092774592681.5,-2558671290578390.0,-2567185564850256.5,-2575633592616494.0,-2584013330963855.0,-2592322698291538.5,-2600559573743252.0,-2608721796637867.0,-2616807165899116.0,-2624813439484820.5,-2632738333816172.0,-2640579523207635.0,-2648334639298045.5,-2656001270483577.0,-2663576961353217.0,-2671059212127511.5,-2678445478101334.5,-2685733169091501.0,-2692919648890112.0,-2700002234724546.5,-2706978196725103.0,-2713844757401325.0,-2720599091128138.0,-2727238323642959.5,-2733759531555059.5,-2740159741868469.0,-2746435931519863.5,-2752585026932898.5,-2758603903590563.0,-2764489385627230.0,-2770238245442152.5,-2775847203336266.0,-2781312927174262.0,-2786632032074005.0,-2791801080125486.0,-2796816580141613.0,-2801674987443291.5,-2806372703681344.0,-2810906076697996.0,-2815271400430772.0,-2819464914861810.0,-2823482806015766.5,-2827321206009634.0,-2830976193157994.0,-2834443792137382.0,-2837719974213658.0,-2840800657536449.5,-2843681707504971.5,-2846358937209712.5,-2848828107954733.5,-2851084929865537.0,-2853125062587734.0,-2854944116081957.0,-2856537651520784.0,-2857901182293668.0,-2859030175126194.5,-2859920051320246.0,-2860566188122025.0,-2860963920225134.0,-2861108541416319.0,-2860995306371790.0,-2860619432612389.5,-2859976102626263.0,-2859060466168089.0,-2857867642744267.0,-2856392724293930.5,-2854630778076035.0,-2852576849773200.0,-2850225966823474.5,-2847573141991558.0,-2844613377191584.0,-2841341667573962.0,-2837753005889266.0,-2833842387142708.5,-2829604813553159.0,-2825035299831192.0,-2820128878791189.5,-2814880607312973.0,-2809285572668963.5,-2803338899233398.5,-2797035755590585.0,-2790371362059664.5,-2783340998653867.0,-2775940013492640.5,-2768163831685499.0,-2760007964706844.5,-2751468020281354.5,-2742539712799904.0,-2733218874286237.0,-2723501465934840.5,-2713383590240675.5,-2702861503741438.0,-2691931630393109.5,-2680590575599409.0,-2668835140915581.5,-2656662339446646.0,-2644069411959728.5,-2631053843729516.0,-2617613382135048.0,-2603746055025082.5,-2589450189868042.0,-2574724433701098.5,-2559567773891223.5,-2543979559718995.5,-2527959524793607.0,-2511507810304802.5,-2494624989114318.0,-2477312090685910.5,-2459570626848962.0,-2441402618386154.5,-2422810622430557.0,-2403797760651784.0,-2384367748204457.0,-2364524923405142.5,-2344274278096066.5,-2323621488645219.0,-2302572947522892.5,-2281135795384241.5,-2259317953575937.0,-2237128156972473.8,-2214575987034092.0,-2191671904963491.0,-2168427284822575.0,-2144854446453326.0,-2120966688028465.2,-2096778318037911.2,-2072304686496127.8,-2047562215133268.5,-2022568426309723.2,-1997341970369147.8,-1971902651119599.0,-1946271449106017.5,-1920470542310221.8,-1894523323887047.5,-1868454416517508.5,-1842289682932330.8,-1816056232132193.2,-1789782420805072.2,-1763497849416812.5,-1737233352428953.5,-1711020982078855.2,-1684893985141810.8,-1658886772084248.8,-1633034878012003.0,-1607374914818976.0,-1581944513950236.0,-1556782259210414.5,-1531927609073962.5,-1507420807988566.2,-1483302786206903.0,-1459615047734157.2,-1436399546037673.2,-1413698547228122.2,-1391554480484106.0,-1370009775547632.0,-1349106687157159.5,-1328887106294860.2,-1309392358088041.0,-1290662986098068.0,-1272738522523383.0,-1255657243497182.5,-1239455908125387.0,-1224169479123923.2,-1209830821798224.2,-1196470376566310.0,-1184115798143162.0,-1172791551738731.8,-1162518453009199.8,-1153313133849397.8,-1145187410205409.2,-1138147520679944.0,-1132193195544902.5,-1127316504613806.5,-1123500419040887.0,-1120717006361316.8,-1118925159980228.1,-1118067744142224.6,-1118068013911999.2,-1118825148357294.4,-1120208716610548.2,-1122051885289151.0,-1124143179183171.2,-1126216636750129.0,-1127940275764286.8,-1128902929879275.8,-1128599775005666.0,-1126417295783849.8,-1121619134015888.1,-1113335334016414.8,-1100559116877289.2,-1082157681741825.2,-1056906884468073.2,-1023564219137672.1,-981000500759368.1,-928418047557866.9,-865691765658666.9,-793878491160113.6,-715945189638656.5,-637746677821790.1,-569136573839755.6,-524414512929514.9,-518818138647640.25,-551319238836622.0,-563723485501756.2,-496293057311951.0,0.0
7267.5,-1752685107034518.0,-1761750431622943.0,-1770828474563099.0,-1779918940403171.8,-1789021526471363.0,-1798135922740235.5,-1807261811688676.8,-1816398868161406.0,-1825546759226029.8,-1834705144027574.0,-1843873673640465.8,-1853051990917924.5,-1862239730338714.5,-1871436517851233.5,-1880641970714870.5,-1889855697338619.0,-1899077297116884.2,-1908306360262446.2,-1917542467636538.5,-1926785190576000.0,-1936034090717450.2,-1945288719818452.0,-1954548619575610.2,-1963813321439571.5,-1973082346426863.5,-1982355204928555.5,-1991631396515667.0,-2000910409741298.5,-2010191721939432.0,-2019474799020358.8,-2028759095262687.0,-2038044053101886.2,-2047329102915318.0,-2056613662803718.5,-2065897138369077.5,-2075178922488878.5,-2084458395086640.5,-2093734922898744.5,-2103007859237462.5,-2112276543750191.5,-2121540302174801.8,-2130798446091102.0,-2140050272668344.0,-2149295064408753.0,-2158532088887017.0,-2167760598485729.2,-2176979830126715.5,-2186189004998220.8,-2195387328277927.0,-2204573988851758.2,-2213748159028441.5,-2222908994249791.8,-2232055632796699.5,-2241187195490783.0,-2250302785391676.0,-2259401487489953.0,-2268482368395633.5,-2277544476022274.0,-2286586839266627.0,-2295608467683839.5,-2304608351158204.0,-2313585459569430.0,-2322538742454454.0,-2331467128664780.0,-2340369526019349.5,-2349244820952961.0,-2358091878160239.0,-2366909540235194.0,-2375696627306358.0,-2384451936667572.5,-2393174242404424.0,-2401862295016385.0,-2410514821034711.0,-2419130522636137.0,-2427708077252448.0,-2436246137175982.5,-2444743329161149.0,-2453198254022053.0,-2461609486226308.5,-2469975573485167.0,-2478295036340055.5,-2486566367745667.0,-2494788032649735.0,-2502958467569642.5,-2511076080166034.5,-2519139248813601.0,-2527146322169237.5,-2535095618737776.0,-2542985426435512.0,-2550814002151773.5,-2558579571308782.0,-2566280327420087.0,-2573914431647862.5,-2581480012359387.5,-2588975164683043.5,-2596397950064198.0,-2603746395821349.5,-2611018494702943.0,-2618212204445308.0,-2625325447332159.5,-2632356109756182.5,-2639302041783202.5,-2646161056719512.5,-2652930930682940.0,-2659609402178296.0,-2666194171677843.5,-2672682901207526.0,-2679073213939666.0,-2685362693792950.0,-2691548885040519.5,-2697629291927053.0,-2703601378295786.0,-2709462567226427.0,-2715210240685038.0,-2720841739186961.0,-2726354361473955.0,-2731745364206762.0,-2737011961674402.5,-2742151325521537.0,-2747160584495347.0,-2752036824213433.5,-2756777086954314.0,-2761378371472193.0,-2765837632837773.0,-2770151782306934.0,-2774317687219245.0,-2778332170928341.5,-2782192012766313.0,-2785893948044369.0,-2789434668092138.5,-2792810820338096.5,-2796019008433740.0,-2799055792424224.5,-2801917688968375.5,-2804601171611049.0,-2807102671111028.0,-2809418575827759.5,-2811545232170391.0,-2813478945112763.0,-2815215978778137.0,-2816752557097669.5,-2818084864546761.5,-2819209046963696.0,-2820121212455067.0,-2820817432392800.0,-2821293742507738.0,-2821546144084970.5,-2821570605266373.0,-2821363062465982.0,-2820919421904149.5,-2820235561266630.5,-2819307331495013.0,-2818130558715216.0,-2816701046310989.0,-2815014577149711.5,-2813066915967988.0,-2810853811924931.0,-2808371001331253.0,-2805614210562652.5,-2802579159166265.0,-2799261563169295.0,-2795657138599274.0,-2791761605225707.0,-2787570690533244.5,-2783080133936805.0,-2778285691249478.5,-2773183139414332.0,-2767768281511608.5,-2762036952053147.0,-2755985022576183.5,-2749608407549009.0,-2742903070601311.5,-2735865031092311.0,-2728490371030081.0,-2720775242355769.5,-2712715874606637.0,-2704308582972088.0,-2695549776757065.5,-2686435968267336.0,-2676963782131312.5,-2667129965073169.0,-2656931396151971.5,-2646365097481581.0,-2635428245445911.0,-2624118182423987.5,-2612432429038995.0,-2600368696945069.0,-2587924902165202.0,-2575099178992968.0,-2561889894470082.5,-2548295663450919.0,-2534315364264058.0,-2519948154979735.5,-2505193490290619.0,-2490051139011688.0,-2474521202203131.5,-2458604131917994.5,-2442300750573890.5,-2425612270945323.5,-2408540316770058.5,-2391086943959548.0,-2373254662399477.0,-2355046458322259.0,-2336465817228452.0,-2317516747328861.5,-2298203803473168.0,-2278532111524611.0,-2258507393133116.5,-2238135990851641.5,-2217424893532079.5,-2196381761927912.8,-2175014954420908.5,-2153333552778382.0,-2131347387835989.5,-2109067064988472.8,-2086503989357449.0,-2063670390490915.2,-2040579346433913.0,-2017244806993482.8,-1993681616003852.0,-1969905532379609.5,-1945933249725563.5,-1921782414252012.0,-1897471640723434.0,-1873020526147130.8,-1848449660886354.0,-1823780636859914.5,-1799036052467569.8,-1774239513857676.8,-1749415632130948.8,-1724590016052098.8,-1699789259819777.8,-1675040925425087.0,-1650373519110342.0,-1625816461423138.5,-1601400050346540.2,-1577155416974815.5,-1553114473195940.2,-1529309850837459.8,-1505774831731404.2,-1482543268156875.2,-1459649493125444.8,-1437128219984076.0,-1415014430821843.8,-1393343253178581.8,-1372149824563213.5,-1351469144293228.2,-1331335912159428.8,-1311784353394898.2,-1292848029374825.0,-1274559633382512.2,-1256950770631066.8,-1240051721510351.8,-1223891186710080.0,-1208496012421706.0,-1193890893206437.5,-1180098049288277.5,-1167136873934653.2,-1155023545157803.5,-1143770594131709.2,-1133386420385535.8,-1123874740908305.2,-1115233956676466.0,-1107456415688308.8,-1100527546253610.5,-1094424827958046.6,-1089116560352599.8,-1084560381030707.8,-1080701475489719.0,-1077470411354714.9,-1074780519788055.2,-1072524738272852.0,-1070571823153509.6,-1068761840015873.8,-1066900849269198.0,-1064754729242578.2,-1062042128682160.0,-1058426627690233.2,-1053508329344870.1,-1046815329312120.5,-1037795853064732.9,-1025812356826998.4,-1010139618945274.0,-989969874645888.1,-964429445906187.9,-932613154667307.9,-893645100899182.6,-846777046092680.8,-791538352306402.9,-727953420195227.2,-656842045450945.8,-580210354301131.1,-501710863119696.3,-427055154610656.8,-363967852582866.06,-320435590863531.56,-298093124142057.56,-275534997677679.56,-184788122409544.94,95941754362591.78,0.0
7265.0,-1857884202307130.8,-1866510972750909.0,-1875144749300257.2,-1883785182929129.2,-1892431917018087.0,-1901084587220400.0,-1909742821325936.0,-1918406239122814.2,-1927074452256817.2,-1935747064088483.2,-1944423669547893.2,-1953103854987091.5,-1961787198030114.5,-1970473267420609.5,-1979161622866985.5,-1987851814885091.0,-1996543384638370.2,-2005235863775468.8,-2013928774265254.5,-2022621628229231.0,-2031313927771302.0,-2040005164804853.8,-2048694820877137.0,-2057382366990897.2,-2066067263423236.5,-2074748959541672.5,-2083426893617362.5,-2092100492635450.5,-2100769172102537.0,-2109432335851207.2,-2118089375841609.0,-2126739671960050.8,-2135382591814575.5,-2144017490527506.2,-2152643710524915.5,-2161260581323009.5,-2169867419311381.0,-2178463527533132.2,-2187048195461821.5,-2195620698775224.0,-2204180299125880.0,-2212726243908418.5,-2221257766023619.5,-2229774083639221.2,-2238274399947442.0,-2246757902919199.5,-2255223765055033.0,-2263671143132694.0,-2272099177951424.0,-2280506994072881.0,-2288893699558752.0,-2297258385705000.0,-2305600126772803.0,-2313917979716139.0,-2322210983906047.0,-2330478160851588.5,-2338718513917486.0,-2346931028038489.5,-2355114669430478.0,-2363268385298316.0,-2371391103540505.5,-2379481732450655.0,-2387539160415817.5,-2395562255611729.0,-2403549865694997.5,-2411500817492307.0,-2419413916686679.0,-2427287947500875.5,-2435121672378000.5,-2442913831659393.5,-2450663143259890.0,-2458368302340551.5,-2466027980978962.0,-2473640827837205.0,-2481205467827642.0,-2488720501776620.5,-2496184506086241.0,-2503596032394364.0,-2510953607232964.5,-2518255731685065.0,-2525500881040390.5,-2532687504449950.5,-2539814024579777.0,-2546878837264016.0,-2553880311157631.0,-2560816787388964.5,-2567686579212428.5,-2574487971661616.5,-2581219221203134.0,-2587878555391486.5,-2594464172525348.5,-2600974241305599.0,-2607406900495494.0,-2613760258583398.0,-2620032393448490.0,-2626221352029927.0,-2632325149999918.5,-2638341771441250.0,-2644269168529777.5,-2650105261222471.5,-2655847936951607.0,-2661495050325735.0,-2667044422838103.5,-2672493842583229.0,-2677841063982369.0,-2683083807518661.0,-2688219759482768.5,-2693246571729878.5,-2698161861448978.0,-2702963210945359.5,-2707648167437349.5,-2712214242868339.5,-2716658913735212.5,-2720979620934335.0,-2725173769626336.0,-2729238729120974.0,-2733171832783407.5,-2736970377963325.5,-2740631625948379.0,-2744152801943505.0,-2747531095077750.0,-2750763658440308.5,-2753847609147565.5,-2756780028443022.5,-2759557961832060.5,-2762178419253600.0,-2764638375290807.0,-2766934769423087.0,-2769064506321737.5,-2771024456191689.5,-2772811455161935.5,-2774422305727316.0,-2775853777244471.0,-2777102606484893.5,-2778165498248136.0,-2779039126038371.0,-2779720132807634.5,-2780205131769222.0,-2780490707284868.5,-2780573415829489.0,-2780449787037400.0,-2780116324834149.0,-2779569508658176.0,-2778805794776799.5,-2777821617701105.0,-2776613391704548.0,-2775177512450295.0,-2773510358732436.5,-2771608294336505.5,-2769467670024872.0,-2767084825652805.0,-2764456092421221.0,-2761577795272365.0,-2758446255434834.5,-2755057793124657.0,-2751408730409308.0,-2747495394241793.0,-2743314119672174.5,-2738861253244129.5,-2734133156584373.5,-2729126210193004.0,-2723836817443090.0,-2718261408797990.0,-2712396446255199.0,-2706238428025666.0,-2699783893457793.0,-2693029428215499.0,-2685971669719961.0,-2678607312864793.0,-2670933116014629.5,-2662945907297211.5,-2654642591199214.0,-2646020155476162.5,-2637075678386873.5,-2627806336262912.0,-2618209411423557.5,-2608282300446786.5,-2598022522806681.5,-2587427729887591.0,-2576495714385172.5,-2565224420104250.0,-2553611952163099.0,-2541656587613396.5,-2529356786484636.0,-2516711203261227.5,-2503718698799878.5,-2490378352694041.5,-2476689476091375.5,-2462651624969074.0,-2448264613870787.5,-2433528530107487.5,-2418443748423105.5,-2403010946124065.5,-2387231118669890.5,-2371105595719893.5,-2354636057628573.0,-2337824552379623.5,-2320673512945510.5,-2303185775056280.0,-2285364595357602.5,-2267213669934125.5,-2248737153169749.5,-2229939676911724.5,-2210826369900132.0,-2191402877418698.2,-2171675381116578.5,-2151650618944081.2,-2131335905137922.8,-2110739150183765.5,-2089868880675262.0,-2068734258979642.5,-2047345102610107.8,-2025711903194754.5,-2003845844920524.8,-1981758822318749.5,-1959463457246160.0,-1936973114901819.5,-1914301918706278.2,-1891464763854369.5,-1868477329337471.2,-1845356088214821.0,-1822118315896566.5,-1798782096183792.0,-1775366324792827.0,-1751890710072776.2,-1728375770606589.5,-1704842829367177.0,-1681314004081260.2,-1657812193434965.0,-1634361058736827.2,-1610985000636061.2,-1587709130476830.5,-1564559235853123.5,-1541561739913802.0,-1518743653953650.2,-1496132522814014.8,-1473756362605787.5,-1451643590258234.0,-1429822944389106.8,-1408323396984420.2,-1387174055369452.0,-1366404053944994.2,-1346042435153325.2,-1326118019124555.0,-1306659261433404.0,-1287694098365392.0,-1269249779045009.8,-1251352683710694.2,-1234028127324444.2,-1217300147567880.2,-1201191276089311.0,-1185722291612897.5,-1170911953183099.5,-1156776711373435.5,-1143330394712232.0,-1130583867839226.5,-1118544656970853.5,-1107216537079541.9,-1096599073740416.8,-1086687110821776.9,-1077470193047717.2,-1068931909899860.2,-1061049144317079.8,-1053791206182738.1,-1047118826674816.0,-1040982985263070.9,-1035323536614921.4,-1030067600181573.9,-1025127671213899.2,-1020399409088196.4,-1015759058143265.4,-1011060459276850.4,-1006131619545363.4,-1000770825124538.4,-994742314665738.5,-987771581464821.6,-979540452292434.0,-969682209334128.1,-957777193903523.2,-943349574570292.0,-925866299770015.6,-904739709697667.5,-879335876686859.2,-848991490267403.4,-813042990950280.4,-770872621818315.0,-721976946104064.9,-666063826168254.9,-603183186142111.4,-533893700633578.56,-459458870610827.1,-382044690997457.8,-304839726349124.7,-231894847468448.2,-167199717667278.38,-111990298660521.88,-58835507893928.17,17124710336348.094,162621039023954.53,503378745461554.94,0.0
7262.5,-1950787343403001.5,-1958929429963725.8,-1967072823283201.8,-1975217125354066.2,-1983361930311983.5,-1991506824305651.5,-1999651385364852.0,-2007795183266496.0,-2015937779398671.8,-2024078726622647.5,-2032217569132821.2,-2040353842314592.0,-2048487072600119.5,-2056616777321975.0,-2064742464564621.8,-2072863633013751.0,-2080979771803410.0,-2089090360360927.8,-2097194868249601.8,-2105292755009137.5,-2113383469993809.2,-2121466452208330.8,-2129541130141417.2,-2137606921597008.0,-2145663233523147.0,-2153709461838497.5,-2161744991256471.0,-2169769195106957.2,-2177781435155642.5,-2185781061420898.5,-2193767411988231.5,-2201739812822276.0,-2209697577576321.2,-2217640007399366.5,-2225566390740689.0,-2233476003151924.5,-2241368107086642.0,-2249241951697422.5,-2257096772630429.5,-2264931791817468.0,-2272746217265543.5,-2280539242843908.0,-2288310048068606.5,-2296057797884534.0,-2303781642444993.5,-2311480716888791.0,-2319154141114858.5,-2326801019554428.0,-2334420440940786.0,-2342011478076614.0,-2349573187598944.5,-2357104609741767.0,-2364604768096308.0,-2372072669369024.0,-2379507303137338.5,-2386907641603181.0,-2394272639344357.0,-2401601233063815.0,-2408892341336856.0,-2416144864356358.0,-2423357683676065.5,-2430529661952033.0,-2437659642682285.0,-2444746449944795.5,-2451788888133843.0,-2458785741694880.5,-2465735774857988.0,-2472637731370030.5,-2479490334225654.0,-2486292285397219.0,-2493042265563823.0,-2499738933839560.5,-2506380927501154.0,-2512966861715136.0,-2519495329264746.0,-2525964900276732.0,-2532374121948238.5,-2538721518274009.5,-2545005589774090.0,-2551224813222308.0,-2557377641375717.5,-2563462502705324.5,-2569477801128327.5,-2575421915742169.0,-2581293200560722.0,-2587089984252902.0,-2592810569884077.0,-2598453234660600.0,-2604016229677871.5,-2609497779672298.0,-2614896082777597.0,-2620209310285855.0,-2625435606413826.0,-2630573088074944.0,-2635619844657563.0,-2640573937809961.0,-2645433401232674.0,-2650196240478758.0,-2654860432762576.5,-2659423926777805.5,-2663884642525306.5,-2668240471151599.0,-2672489274798694.0,-2676628886466059.0,-2680657109885563.0,-2684571719410253.5,-2688370459917878.0,-2692051046730106.5,-2695611165548443.5,-2699048472407879.0,-2702360593649358.0,-2705545125912226.0,-2708599636147829.0,-2711521661655520.5,-2714308710142386.0,-2716958259808042.5,-2719467759455930.5,-2721834628632604.0,-2724056257796558.0,-2726130008518214.5,-2728053213712779.5,-2729823177907705.0,-2731437177546631.0,-2732892461331717.0,-2734186250606355.0,-2735315739780383.0,-2736278096799939.5,-2737070463664263.0,-2737689956991768.0,-2738133668637883.0,-2738398666367189.0,-2738481994582534.5,-2738380675113898.5,-2738091708069871.0,-2737612072754763.5,-2736938728654437.0,-2736068616494113.5,-2734998659371485.5,-2733725763968648.5,-2732246821846437.5,-2730558710824932.0,-2728658296454015.0,-2726542433577992.5,-2724207967998471.0,-2721651738239773.0,-2718870577421377.5,-2715861315241988.0,-2712620780079997.0,-2709145801215265.0,-2705433211177290.5,-2701479848225028.5,-2697282558963719.0,-2692838201104313.5,-2688143646371191.0,-2683195783564064.0,-2677991521780069.5,-2672527793802278.5,-2666801559660916.0,-2660809810373832.0,-2654549571872807.0,-2648017909122500.0,-2641211930438929.0,-2634128792014503.0,-2626765702656759.0,-2619119928748026.0,-2611188799433351.0,-2602969712044084.0,-2594460137764561.0,-2585657627549389.5,-2576559818298808.0,-2567164439299607.5,-2557469318939060.0,-2547472391699188.0,-2537171705438635.5,-2526565428969235.5,-2515651859934149.0,-2504429432994234.0,-2492896728328998.0,-2481052480458096.0,-2468895587388938.5,-2456425120095472.0,-2443640332332595.5,-2430540670790021.0,-2417125785588617.0,-2403395541121433.0,-2389350027240563.5,-2374989570789988.5,-2360314747483200.0,-2345326394123127.0,-2330025621160265.5,-2314413825583240.0,-2298492704134133.0,-2282264266838814.0,-2265730850840190.5,-2248895134519788.2,-2231760151890279.5,-2214329307238521.2,-2196606389995361.2,-2178595589804842.0,-2160301511761474.5,-2141729191779991.0,-2122884112057318.5,-2103772216581526.2,-2084399926637024.0,-2064774156249502.0,-2044902327507746.2,-2024792385692766.8,-2004452814137390.5,-1983892648731767.2,-1963121491981950.2,-1942149526519940.8,-1920987527954237.0,-1899646876940038.0,-1878139570337796.5,-1856478231317792.2,-1834676118256819.2,-1812747132260944.8,-1790705823135622.5,-1768567393611267.5,-1746347701618707.5,-1724063260394821.0,-1701731236184146.0,-1679369443287382.5,-1656996336192577.8,-1634630998509443.0,-1612293128411828.5,-1590003020277895.8,-1567781542202193.0,-1545650109038631.5,-1523630650618500.2,-1501745574773166.0,-1480017724777102.0,-1458470330813408.2,-1437126955051112.5,-1416011429911105.0,-1395147789085653.0,-1374560190864610.8,-1354272833309546.8,-1334309860804370.0,-1314695261496963.5,-1295452755129713.5,-1276605670736309.5,-1258176813655798.5,-1240188321280326.8,-1222661506907017.5,-1205616691003331.5,-1189073019114003.8,-1173048265530423.2,-1157558621702856.2,-1142618468193486.5,-1128240128733650.5,-1114433604649715.4,-1101206287544950.0,-1088562647653713.4,-1076503894701808.8,-1065027607394227.2,-1054127326789140.2,-1043792107785962.6,-1034006021738860.5,-1024747601793393.2,-1015989220930372.8,-1007696390899330.9,-999826968268971.2,-992330251782453.6,-985145953199702.8,-978203022026481.1,-971418303259223.0,-964695006941649.0,-957920969547646.6,-950966690841376.9,-943683137123187.9,-935899314292886.0,-927419634162368.6,-918021127854997.1,-907450604739896.6,-895421918985907.1,-881613594409078.6,-865667178802525.2,-847186859029364.2,-825741075211029.9,-800867131495310.0,-772080111327124.5,-738887753549225.0,-700813295148252.1,-657428558522670.1,-608399606496951.9,-553546839057057.3,-492919991832183.06,-426885282774334.75,-356215390255199.2,-282159985771347.1,-206449032132128.38,-131131332178071.7,-58060669293020.984,12281947090122.695,82929796594196.16,162916974062289.8,265857154463792.4,395825456016073.56,518472908232853.0,0.0
7260.0,-2031561227608934.8,-2039178231480365.5,-2046790921119267.5,-2054398854731295.8,-2062001582513594.5,-2069598646530774.8,-2077189580589192.5,-2084773910109506.0,-2092351151997516.0,-2099920814513247.2,-2107482397138294.5,-2115035390441383.5,-2122579275942151.0,-2130113525973145.8,-2137637603539999.0,-2145150962179802.5,-2152653045817642.5,-2160143288621301.8,-2167621114854110.5,-2175085938725948.5,-2182537164242371.0,-2189974185051877.8,-2197396384291291.5,-2204803134429262.8,-2212193797107877.0,-2219567722982386.5,-2226924251559030.5,-2234262711030972.5,-2241582418112336.5,-2248882677870357.8,-2256162783555636.0,-2263422016430498.5,-2270659645595496.0,-2277874927814005.0,-2285067107334980.0,-2292235415713848.0,-2299379071631550.5,-2306497280711775.0,-2313589235336357.0,-2320654114458902.0,-2327691083416628.5,-2334699293740470.5,-2341677882963445.0,-2348625974427339.5,-2355542677087726.5,-2362427085317353.0,-2369278278707948.5,-2376095321870460.5,-2382877264233810.5,-2389623139842175.0,-2396331967150862.0,-2403002748820843.5,-2409634471511985.0,-2416226105675060.0,-2422776605342589.0,-2429284907918607.5,-2435749933967414.0,-2442170587001397.0,-2448545753268024.5,-2454874301536097.0,-2461155082881345.0,-2467386930471501.5,-2473568659350952.0,-2479699066225077.5,-2485776929244425.0,-2491801007788837.5,-2497770042251681.5,-2503682753824331.0,-2509537844281064.0,-2515333995764530.0,-2521069870571980.0,-2526744110942439.0,-2532355338845016.0,-2537902155768558.0,-2543383142512883.0,-2548796858981794.0,-2554141843978141.5,-2559416615001171.5,-2564619668046442.0,-2569749477408577.5,-2574804495487161.5,-2579783152596076.5,-2584683856776623.5,-2589504993614754.5,-2594244926062775.0,-2598901994265910.0,-2603474515394112.0,-2607960783479522.5,-2612359069260035.0,-2616667620029406.0,-2620884659494389.0,-2625008387639384.0,-2629036980599132.5,-2632968590540010.0,-2636801345550463.0,-2640533349541209.5,-2644162682155812.5,-2647687398692296.0,-2651105530036460.5,-2654415082607635.0,-2657614038317590.0,-2660700354543407.5,-2663671964115097.5,-2666526775318828.0,-2669262671916643.0,-2671877513183590.0,-2674369133963224.0,-2676735344742489.5,-2678973931747024.5,-2681082657057985.0,-2683059258751514.5,-2684901451062062.0,-2686606924570758.5,-2688173346420163.0,-2689598360556695.0,-2690879588002165.0,-2692014627155833.5,-2693001054128528.0,-2693836423110371.5,-2694518266773764.5,-2695044096713309.0,-2695411403924449.0,-2695617659322641.5,-2695660314304992.5,-2695536801356291.0,-2695244534701538.0,-2694780911007073.0,-2694143310132506.0,-2693329095935761.0,-2692335617133605.5,-2691160208220106.0,-2689800190445590.0,-2688252872858728.5,-2686515553414504.5,-2684585520150853.5,-2682460052436945.5,-2680136422296106.5,-2677611895806510.0,-2674883734582868.0,-2671949197342456.0,-2668805541558913.0,-2665450025207336.0,-2661879908604347.0,-2658092456346894.0,-2654084939353625.0,-2649854637012844.5,-2645398839441125.0,-2640714849856774.5,-2635799987072469.5,-2630651588111439.0,-2625267010951767.5,-2619643637403377.0,-2613778876122448.0,-2607670165768080.0,-2601314978306091.5,-2594710822464966.0,-2587855247348997.0,-2580745846213798.0,-2573380260409365.0,-2565756183495972.0,-2557871365538195.0,-2549723617582410.5,-2541310816323113.5,-2532630908963431.0,-2523681918275153.0,-2514461947863598.0,-2504969187642561.0,-2495201919524512.0,-2485158523331093.0,-2474837482928860.5,-2464237392594986.5,-2453356963617506.0,-2442195031134365.0,-2430750561215310.0,-2419022658190273.0,-2407010572227541.0,-2394713707164543.5,-2382131628593585.0,-2369264072204290.0,-2356110952383844.5,-2342672371075438.0,-2328948626894462.5,-2314940224501124.5,-2300647884227130.5,-2286072551952995.5,-2271215409231250.0,-2256077883649538.5,-2240661659426010.5,-2224968688227864.8,-2209001200202024.8,-2192761715205018.2,-2176253054216952.2,-2159478350922171.5,-2142441063436611.0,-2125144986159133.5,-2107594261721128.0,-2089793393005433.5,-2071747255202137.8,-2053461107865058.2,-2034940606928643.0,-2016191816640672.0,-1997221221361472.2,-1978035737175335.5,-1958642723254491.2,-1939049992910233.0,-1919265824259740.5,-1899298970430627.0,-1879158669218377.5,-1858854652104542.0,-1838397152535854.5,-1817796913356312.0,-1797065193275695.5,-1776213772249042.8,-1755254955632182.5,-1734201576968630.0,-1713066999252913.5,-1691865114504810.8,-1670610341478020.0,-1649317621315439.0,-1628002410951656.5,-1606680674051349.0,-1585368869260181.0,-1564083935532509.8,-1542843274287807.0,-1521664728135214.5,-1500566555893202.2,-1479567403618852.5,-1458686271348996.2,-1437942475243276.5,-1417355604807250.0,-1396945474861898.8,-1376732071914374.0,-1356735494573393.0,-1336975887641340.8,-1317473369503624.2,-1298247952423928.0,-1279319455341297.8,-1260707408750986.2,-1242430951234938.2,-1224508717188810.2,-1206958715269303.8,-1189798197056827.2,-1173043515392218.8,-1156709971800165.0,-1140811652353174.0,-1125361251255174.9,-1110369881328946.1,-1095846870471918.0,-1081799542995001.6,-1068232984572780.4,-1055149789303735.6,-1042549787098706.2,-1030429749276655.6,-1018783069841124.5,-1007599419431300.2,-996864368382532.4,-986558974689397.2,-976659331941496.5,-967136071506809.6,-957953812388806.5,-949070551316482.1,-940436984797571.0,-931995754161388.9,-923680604167731.6,-915415445746786.1,-907113314121795.8,-898675215309514.9,-889988857279256.6,-880927267528864.4,-871347307359173.2,-861088105802261.6,-849969454385700.5,-837790229435723.2,-824326943534140.4,-809332574471851.1,-792535881218378.9,-773641494607052.8,-752331167534622.0,-728266685747607.5,-701095072586736.1,-670456859971620.0,-635998323220630.8,-597388651044961.8,-554342978058798.75,-506651935630157.0,-454217701688733.94,-397095173798325.8,-335534416838593.6,-270016254572199.9,-201265667552214.53,-130215790718071.69,-57876627083712.53,14962602472103.605,88283756653148.03,163651670631141.9,244838658028334.75,336239051590945.6,433403951823641.0,494608356989979.3,299305921777297.56,0.0
7257.5,-2100446623476524.2,-2107504043174675.0,-2114551667868094.8,-2121589017661602.5,-2128615604611892.5,-2135630932611360.2,-2142634497270521.5,-2149625785799013.0,-2156604276885182.0,-2163569440574244.5,-2170520738145020.5,-2177457621985238.2,-2184379535465393.0,-2191285912811192.0,-2198176178974529.5,-2205049749503050.5,-2211906030408259.5,-2218744418032197.5,-2225564298912674.0,-2232365049647080.5,-2239146036754760.0,-2245906616537956.2,-2252646134941356.0,-2259363927410200.5,-2266059318747013.5,-2272731622966926.5,-2279380143151628.0,-2286004171301945.0,-2292602988189072.0,-2299175863204464.0,-2305722054208408.0,-2312240807377304.5,-2318731357049661.0,-2325192925570838.0,-2331624723136572.0,-2338025947635291.5,-2344395784489263.5,-2350733406494616.0,-2357037973660241.5,-2363308633045650.5,-2369544518597798.0,-2375744750986926.5,-2381908437441481.0,-2388034671582144.0,-2394122533255026.0,-2400171088364100.0,-2406179388702905.5,-2412146471785617.0,-2418071360677516.0,-2423953063824959.5,-2429790574884913.0,-2435582872554128.0,-2441328920398047.0,-2447027666679535.0,-2452678044187520.5,-2458278970065658.5,-2463829345641108.5,-2469328056253551.0,-2474773971084558.5,-2480165942987433.5,-2485502808317656.0,-2490783386764079.0,-2496006481181003.5,-2501170877421301.5,-2506275344170730.0,-2511318632783619.5,-2516299477120100.0,-2521216593385054.5,-2526068679968999.0,-2530854417291083.0,-2535572467644426.0,-2540221475044017.0,-2544800065077415.0,-2549306844758475.0,-2553740402384384.0,-2558099307396259.5,-2562382110243586.0,-2566587342252803.5,-2570713515500335.5,-2574759122690390.0,-2578722637037866.0,-2582602512156714.0,-2586397181954127.5,-2590105060530931.5,-2593724542088592.5,-2597254000843238.0,-2600691790947154.0,-2604036246418190.5,-2607285681077563.0,-2610438388496542.5,-2613492641952554.0,-2616446694395213.5,-2619298778422876.0,-2622047106270276.0,-2624689869807867.5,-2627225240553505.5,-2629651369697123.0,-2631966388139105.0,-2634168406543064.5,-2636255515403774.0,-2638225785131038.5,-2640077266150291.5,-2641807989020799.5,-2643415964572306.0,-2644899184061054.0,-2646255619346124.0,-2647483223087067.0,-2648579928963870.5,-2649543651920285.0,-2650372288431664.0,-2651063716798416.0,-2651615797466277.0,-2652026373374647.0,-2652293270334245.0,-2652414297435442.0,-2652387247488608.0,-2652209897497945.5,-2651880009170258.5,-2651395329460194.5,-2650753591153560.5,-2649952513490342.5,-2648989802829139.0,-2647863153354766.0,-2646570247830860.0,-2645108758399356.0,-2643476347428801.5,-2641670668413499.0,-2639689366925583.0,-2637530081622147.0,-2635190445309664.0,-2632668086067972.0,-2629960628436178.5,-2627065694662921.5,-2623980906023481.0,-2620703884206321.0,-2617232252771704.0,-2613563638685117.0,-2609695673928286.5,-2605625997190673.0,-2601352255644397.5,-2596872106805606.5,-2592183220485388.0,-2587283280833409.0,-2582169988477517.0,-2576841062762617.5,-2571294244092210.5,-2565527296376042.5,-2559538009587376.0,-2553324202433459.0,-2546883725142810.0,-2540214462373010.0,-2533314336242719.0,-2526181309491685.0,-2518813388772538.0,-2511208628078195.5,-2503365132308725.0,-2495281060981489.0,-2486954632088431.0,-2478384126104326.5,-2469567890149774.5,-2460504342312699.5,-2451191976132036.0,-2441629365247210.0,-2431815168216913.5,-2421748133510564.5,-2411427104675694.0,-2400851025684301.5,-2390018946461066.0,-2378930028596025.5,-2367583551244092.0,-2355978917213445.5,-2344115659244528.0,-2331993446480950.5,-2319612091133179.5,-2306971555335412.5,-2294071958195461.0,-2280913583036893.0,-2267496884831987.0,-2253822497823312.0,-2239891243330948.2,-2225704137741414.8,-2211262400673454.5,-2196567463314665.2,-2181620976921831.5,-2166424821476522.8,-2150981114486065.5,-2135292219918545.5,-2119360757258745.5,-2103189610670209.8,-2086781938246597.5,-2070141181333444.2,-2053271073899122.2,-2036175651931384.5,-2018859262833192.0,-2001326574788729.0,-1983582586067425.2,-1965632634230587.8,-1947482405201692.5,-1929137942157726.0,-1910605654194912.2,-1891892324717987.0,-1873005119497614.8,-1853951594335799.8,-1834739702274025.2,-1815377800273522.8,-1795874655291364.0,-1776239449670119.0,-1756481785752488.0,-1736611689625762.2,-1716639613893999.5,-1696576439368586.8,-1676433475560309.8,-1656222459848215.0,-1635955555192401.2,-1615645346249440.5,-1595304833740505.5,-1574947426913277.5,-1554586933929640.5,-1534237550001774.5,-1513913843089816.2,-1493630736964589.5,-1473403491429233.0,-1453247679483778.0,-1433179161206957.0,-1413214054119787.0,-1393368699785791.8,-1373659626393137.0,-1354103507054498.2,-1334717113551114.2,-1315517265238267.0,-1296520772820249.0,-1277744376693750.0,-1259204679549298.0,-1240918072910898.8,-1222900657283912.5,-1205168155570382.5,-1187735819398855.0,-1170618328001832.5,-1153829679257597.8,-1137383072493428.5,-1121290782623112.5,-1105564025161974.5,-1090212811625753.5,-1075245794773928.5,-1060670103101389.9,-1046491163912417.2,-1032712514225141.8,-1019335598650199.4,-1006359553261298.5,-993780974324768.8,-981593670577279.8,-969788397533367.2,-958352572066002.5,-947269965234347.5,-936520371035810.2,-926079248440806.9,-915917333739766.2,-906000219911651.8,-896287899440452.9,-886734266803178.6,-877286576790488.4,-867884854984052.2,-858461257219019.2,-848939375862136.9,-839233492443746.5,-829247778866767.1,-818875453428093.8,-807997903671603.2,-796483796200387.0,-784188204682629.8,-770951802188655.1,-756600183605055.5,-740943409162270.6,-723775892034692.6,-704876792272450.1,-684011126230232.8,-660931854367077.1,-635383268143209.2,-607106052952164.1,-575844447788847.2,-541355935068642.7,-503423845405875.8,-461873105008817.0,-416589016608461.5,-367538345109898.25,-314790930745436.6,-258538377283814.8,-199103804860507.56,-136932922841446.28,-72551566341977.12,-6468781385676.773,60999458398045.76,130000967148289.58,201465585016645.2,277202905300722.9,358882504611985.3,443545607658282.2,510669488938241.2,490386086114423.75,152455178982959.16,0.0
7255.0,-2157751899084602.5,-2164221214983741.5,-2170675452765698.0,-2177114100497657.0,-2183536638268596.0,-2189942538082635.0,-2196331263751292.2,-2202702270784634.5,-2209055006281354.2,-2215388908817743.5,-2221703408335594.0,-2227997926029020.0,-2234271874230209.2,-2240524656294113.0,-2246755666482078.0,-2252964289844438.5,-2259149902102071.0,-2265311869526927.0,-2271449548821556.0,-2277562286997631.0,-2283649421253499.0,-2289710278850760.5,-2295744176989913.5,-2301750422685062.5,-2307728312637731.5,-2313677133109792.5,-2319596159795536.0,-2325484657692916.5,-2331341880973993.5,-2337167072854604.0,-2342959465463294.0,-2348718279709549.0,-2354442725151356.0,-2360131999862134.0,-2365785290297086.5,-2371401771159004.0,-2376980605263573.0,-2382520943404242.0,-2388021924216689.5,-2393482674042954.5,-2398902306795286.5,-2404279923819780.5,-2409614613759853.0,-2414905452419641.0,-2420151502627375.0,-2425351814098834.5,-2430505423300930.0,-2435611353315521.0,-2440668613703552.0,-2445676200369591.5,-2450633095426884.0,-2455538267063007.0,-2460390669406251.0,-2465189242392823.5,-2469932911635005.5,-2474620588290378.5,-2479251168932254.0,-2483823535421445.0,-2488336554779512.0,-2492789079063646.5,-2497179945243335.0,-2501507975078975.0,-2505771975002611.0,-2509970736000968.0,-2514103033500970.0,-2518167627257944.5,-2522163261246692.5,-2526088663555681.0,-2529942546284526.0,-2533723605445045.0,-2537430520866087.5,-2541061956102413.0,-2544616558347877.0,-2548092958353189.0,-2551489770348543.0,-2554805591971411.0,-2558039004199803.5,-2561188571291334.5,-2564252840728414.0,-2567230343169932.0,-2570119592409783.5,-2572919085342634.0,-2575627301937302.0,-2578242705218181.5,-2580763741255136.5,-2583188839162295.0,-2585516411106231.0,-2587744852323997.0,-2589872541151514.5,-2591897839062843.0,-2593819090720874.0,-2595634624040002.0,-2597342750261358.5,-2598941764041233.0,-2600429943553273.5,-2601805550605168.5,-2603066830770444.0,-2604212013536107.5,-2605239312466864.0,-2606146925386648.5,-2606933034578289.5,-2607595807002082.5,-2608133394534142.5,-2608543934225413.0,-2608825548582214.0,-2608976345869299.0,-2608994420436369.0,-2608877853069068.5,-2608624711365492.0,-2608233050139294.5,-2607700911850507.0,-2607026327065226.0,-2606207314945357.0,-2605241883769658.0,-2604128031487356.0,-2602863746305633.5,-2601447007312384.0,-2599875785135603.5,-2598148042640884.0,-2596261735668506.0,-2594214813811662.0,-2592005221237404.5,-2589630897551956.0,-2587089778712062.5,-2584379797984130.0,-2581498886952930.0,-2578444976581705.0,-2575215998325562.0,-2571809885300100.0,-2568224573507255.0,-2564458003120403.0,-2560508119830827.0,-2556372876257682.0,-2552050233423665.0,-2547538162298623.0,-2542834645413431.0,-2537937678546450.0,-2532845272484989.0,-2527555454864205.5,-2522066272085938.5,-2516375791320003.5,-2510482102590523.0,-2504383320949914.5,-2498077588743176.0,-2491563077965149.5,-2484837992713481.0,-2477900571739992.0,-2470749091103236.5,-2463381866924978.5,-2455797258253380.0,-2447993670035675.0,-2439969556203053.5,-2431723422870543.5,-2423253831654581.0,-2414559403110950.5,-2405638820295740.5,-2396490832451862.0,-2387114258823643.5,-2377507992601904.5,-2367671005001779.5,-2357602349475509.0,-2347301166062175.0,-2336766685876279.5,-2325998235736819.5,-2314995242938304.5,-2303757240164963.0,-2292283870549042.5,-2280574892873866.5,-2268630186921932.0,-2256449758967994.5,-2244033747416616.8,-2231382428583256.2,-2218496222617433.5,-2205375699565950.0,-2192021585573562.2,-2178434769217802.0,-2164616307973945.0,-2150567434805306.0,-2136289564873199.0,-2121784302359932.2,-2107053447397227.5,-2092099003091313.5,-2076923182634755.0,-2061528416493800.5,-2045917359658635.8,-2030092898942386.0,-2014058160313166.2,-1997816516241665.8,-1981371593044925.8,-1964727278204945.5,-1947887727638634.8,-1930857372893282.0,-1913640928239322.8,-1896243397629507.8,-1878670081490835.8,-1860926583312611.2,-1843018815990870.2,-1824953007886023.5,-1806735708547077.5,-1788373794051997.0,-1769874471909842.5,-1751245285466102.8,-1732494117748312.2,-1713629194684319.5,-1694659087620820.5,-1675592715064630.0,-1656439343563910.8,-1637208587640960.8,-1617910408682532.2,-1598555112687558.2,-1579153346766062.0,-1559716094276592.5,-1540254668482980.5,-1520780704604447.5,-1501306150126181.5,-1481843253230468.8,-1462404549201278.5,-1443002844647954.5,-1423651199386356.8,-1404362905808396.8,-1385151465563602.8,-1366030563368963.0,-1347014037756055.2,-1328115848557250.8,-1309350040925710.0,-1290730705676966.5,-1272271935733063.5,-1253987778443608.0,-1235892183551602.2,-1217998946565518.5,-1200321647292803.0,-1182873583283644.8,-1165667697927388.8,-1148716502937233.2,-1132031994951582.8,-1115625565972425.9,-1099507907351972.8,-1083688907028131.1,-1068177539696751.8,-1052981749593291.8,-1038108325537975.0,-1023562767875891.6,-1009349146915932.6,-995469952438996.5,-981925933805684.0,-968715930145676.2,-955836690054387.5,-943282680156617.6,-931045881821660.4,-919115575229847.6,-907478109898352.2,-896116660676634.4,-885010968123934.8,-874137062089754.9,-863466967244140.5,-852968389263337.6,-842604380389992.9,-832332983185697.8,-822106851518402.4,-811872848232618.8,-801571619608462.4,-791137147719890.9,-780496283272738.0,-769568263590871.4,-758264223312521.1,-746486709289387.2,-734129216425159.1,-721075768070179.5,-707200573468398.4,-692367806018462.1,-676431560140504.4,-659236061641001.9,-640616226773533.6,-620398688497560.1,-598403433936663.6,-574446222941402.8,-548341980620751.9,-519909370997987.25,-488976755351809.8,-455389703107687.1,-419020134250213.9,-379776999938811.7,-337618110766761.5,-292562245355976.7,-244699948742500.97,-194200387098918.6,-141310203621965.1,-86338530411269.75,-29620381577147.48,28550572646973.812,88026864636655.64,148944702025760.78,211849580376970.12,277658435009005.62,347052180302583.7,418375512288233.25,482283395583831.2,510280730395062.06,433270091488677.06,181031749203816.38,0.0
7252.5,-2203846251628603.5,-2209704932053020.8,-2215543501217706.5,-2221361421475296.8,-2227158147375161.2,-2232933125567706.2,-2238685794707916.2,-2244415585358116.5,-2250121919889996.2,-2255804212385881.5,-2261461868539292.0,-2267094285554768.5,-2272700852047025.0,-2278280947939398.5,-2283833944361653.5,-2289359203547132.5,-2294856078729290.0,-2300323914037617.5,-2305762044392998.0,-2311169795402505.5,-2316546483253669.0,-2321891414608251.0,-2327203886495541.0,-2332483186205224.0,-2337728591179831.5,-2342939368906828.5,-2348114776810362.0,-2353254062142722.0,-2358356461875532.5,-2363421202590753.0,-2368447500371495.5,-2373434560692733.5,-2378381578311942.0,-2383287737159723.0,-2388152210230471.0,-2392974159473142.5,-2397752735682181.0,-2402487078388673.5,-2407176315751794.0,-2411819564450618.0,-2416415929576368.5,-2420964504525181.5,-2425464370891468.0,-2429914598361956.5,-2434314244610508.0,-2438662355193797.0,-2442957963447950.5,-2447200090386252.0,-2451387744598015.0,-2455519922148740.5,-2459595606481663.0,-2463613768320824.0,-2467573365575785.0,-2471473343248113.0,-2475312633339786.5,-2479090154763652.0,-2482804813256093.0,-2486455501292056.0,-2490041098002604.0,-2493560469095161.0,-2497012466776631.0,-2500395929679571.0,-2503709682791598.5,-2506952537388260.5,-2510123290969534.0,-2513220727200214.5,-2516243615854370.5,-2519190712764146.0,-2522060759773110.0,-2524852484694439.0,-2527564601274171.0,-2530195809159816.0,-2532744793874603.0,-2535210226797657.0,-2537590765150412.0,-2539885051989579.0,-2542091716206994.5,-2544209372536696.5,-2546236621569579.0,-2548172049775997.5,-2550014229536706.0,-2551761719182521.5,-2553413063043130.5,-2554966791505459.0,-2556421421082060.0,-2557775454489962.0,-2559027380740466.0,-2560175675240380.0,-2561218799905205.0,-2562155203284792.5,-2562983320702035.0,-2563701574405148.0,-2564308373734127.5,-2564802115302009.0,-2565181183191535.0,-2565443949167901.0,-2565588772908238.0,-2565614002248547.5,-2565517973448786.0,-2565299011476862.0,-2564955430312317.0,-2564485533270461.0,-2563887613347816.0,-2563159953589697.0,-2562300827480810.0,-2561308499359772.5,-2560181224858484.0,-2558917251367327.0,-2557514818527160.5,-2555972158749159.5,-2554287497763532.0,-2552459055198217.5,-2550485045188663.5,-2548363677019860.5,-2546093155801797.5,-2543671683179558.5,-2541097458079327.5,-2538368677491579.0,-2535483537292774.0,-2532440233106935.5,-2529236961208481.5,-2525871919467752.5,-2522343308340701.0,-2518649331904250.5,-2514788198938849.5,-2510758124059800.0,-2506557328898984.5,-2502184043338611.0,-2497636506798682.5,-2492912969579883.0,-2488011694263647.0,-2482930957171171.0,-2477669049883202.5,-2472224280822428.5,-2466594976900334.5,-2460779485230442.5,-2454776174909834.0,-2448583438870908.0,-2442199695805322.5,-2435623392162120.0,-2428853004222000.0,-2421887040249760.0,-2414724042726891.0,-2407362590666350.0,-2399801302011489.5,-2392038836121154.0,-2384073896342890.0,-2375905232676253.0,-2367531644528090.5,-2358951983561710.0,-2350165156641747.0,-2341170128876511.5,-2331965926759513.5,-2322551641411790.0,-2312926431926577.5,-2303089528817734.0,-2293040237573233.0,-2282777942314884.0,-2272302109565308.5,-2261612292122985.0,-2250708133046040.5,-2239589369745200.0,-2228255838186092.0,-2216707477200855.5,-2204944332908661.5,-2192966563244510.2,-2180774442595235.5,-2168368366541334.2,-2155748856702781.2,-2142916565686541.5,-2129872282132986.0,-2116616935857905.2,-2103151603086184.0,-2089477511772598.0,-2075596047004476.5,-2061508756480259.5,-2047217356057132.0,-2032723735360093.5,-2018029963443834.5,-2003138294497835.0,-1988051173583975.0,-1972771242394817.0,-1957301345019443.2,-1941644533702420.0,-1925804074580032.0,-1909783453376375.0,-1893586381040314.0,-1877216799302527.5,-1860678886130050.8,-1843977061053737.5,-1827115990341977.8,-1810100591991798.0,-1792936040506121.0,-1775627771423453.0,-1758181485563677.0,-1740603152950823.0,-1722899016370775.0,-1705075594518805.5,-1687139684688577.2,-1669098364950872.5,-1650958995766756.8,-1632729220976157.2,-1614416968098976.8,-1596030447881807.0,-1577578153019127.2,-1559068855973508.5,-1540511605814835.8,-1521915723993924.0,-1503290798961104.2,-1484646679535451.5,-1465993466925278.0,-1447341505295390.8,-1428701370771393.0,-1410083858766004.5,-1391499969507029.5,-1372960891641255.8,-1354477983783145.8,-1336062753871882.0,-1317726836194966.0,-1299481965931397.8,-1281339951062297.8,-1263312641491881.0,-1245411895216875.8,-1227649541377842.8,-1210037340021470.8,-1192586938398766.2,-1175309823620132.8,-1158217271484729.0,-1141320291298086.5,-1124629566488861.2,-1108155390832667.9,-1091907600088199.2,-1075895498848209.1,-1060127782405294.9,-1044612453429699.6,-1029356733253399.5,-1014366967551365.5,-999648526206955.8,-985205697143656.4,-971041573899649.6,-957157936714774.2,-943555126891133.5,-930231914178861.9,-917185356927350.8,-904410654729767.1,-891900993275472.5,-879647381111805.8,-867638478005019.1,-855860414582291.8,-844296602935655.0,-832927537879293.5,-821730588580154.2,-810679780337215.4,-799745566378828.1,-788894589696272.9,-778089435155748.6,-767288372457593.5,-756445090975258.4,-745508428151649.0,-734422094012202.8,-723124395541269.1,-711547966245006.2,-699619508291185.5,-687259557293384.6,-674382283231245.5,-660895345322560.6,-646699824048538.5,-631690260138689.6,-615754838278594.9,-598775762682406.4,-580629882423106.1,-561189636281940.8,-540324399274124.75,-517902324821224.1,-493792785882634.4,-467869522206385.7,-440014594589303.75,-410123223833794.0,-378109542251369.6,-343913195764548.3,-307506587337732.56,-268902325713263.6,-228160112095842.44,-185391836947844.75,-140763054892923.4,-94488274671345.77,-46816738028374.88,1995157624053.1719,51728226284045.125,102262134965759.92,153645702144952.38,206144215706353.12,260179895927724.94,315974888430615.7,372519524084967.56,425250585710521.2,461745043555950.7,455294889217586.9,361262403504227.5,248944683492961.28,0.0
7250.0,-2239152738969174.2,-2244384172304191.8,-2249590757808666.0,-2254771938586727.5,-2259927150212750.5,-2265055820647795.0,-2270157370155600.5,-2275231211218144.0,-2280276748450787.0,-2285293378517035.5,-2290280490042923.0,-2295237463531046.0,-2300163671274277.5,-2305058477269184.0,-2309921237129158.0,-2314751297997322.0,-2319547998459202.5,-2324310668455233.5,-2329038629193092.5,-2333731193059930.0,-2338387663534516.5,-2343007335099338.0,-2347589493152693.5,-2352133413920828.0,-2356638364370144.0,-2361103602119538.0,-2365528375352911.5,-2369911922731908.0,-2374253473308917.5,-2378552246440419.5,-2382807451700704.0,-2387018288796048.0,-2391183947479393.0,-2395303607465596.5,-2399376438347333.5,-2403401599511697.5,-2407378240057596.5,-2411305498714011.0,-2415182503759190.0,-2419008372940883.5,-2422782213397680.5,-2426503121581562.5,-2430170183181743.5,-2433782473049928.0,-2437339055127054.0,-2440838982371655.5,-2444281296689943.0,-2447665028867716.0,-2450989198504246.0,-2454252813948220.0,-2457454872235921.0,-2460594359031743.0,-2463670248571195.0,-2466681503606551.0,-2469627075355275.5,-2472505903451411.5,-2475316915900063.0,-2478059029035167.5,-2480731147480731.0,-2483332164115694.5,-2485860960042647.5,-2488316404560554.5,-2490697355141743.0,-2493002657413321.0,-2495231145143274.5,-2497381640231467.5,-2499452952705779.5,-2501443880723626.0,-2503353210579121.0,-2505179716716153.0,-2506922161747628.5,-2508579296481188.5,-2510149859951688.5,-2511632579460730.5,-2513026170623592.0,-2514329337423846.0,-2515540772276043.5,-2516659156096779.5,-2517683158384529.0,-2518611437308611.0,-2519442639807679.0,-2520175401698137.5,-2520808347792892.5,-2521340092030873.0,-2521769237617776.5,-2522094377178460.0,-2522314092921505.5,-2522426956816396.5,-2522431530783844.5,-2522326366899775.5,-2522110007613517.0,-2521780985980741.0,-2521337825911735.0,-2520779042435598.0,-2520103141980971.5,-2519308622673931.0,-2518393974653687.0,-2517357680406776.0,-2516198215120413.0,-2514914047055730.5,-2513503637941632.5,-2511965443390006.0,-2510297913333081.0,-2508499492483728.5,-2506568620819509.5,-2504503734091333.0,-2502303264357579.0,-2499965640544582.5,-2497489289034381.5,-2494872634280692.5,-2492114099454045.0,-2489212107117089.0,-2486165079931075.5,-2482971441394551.5,-2479629616615335.5,-2476138033116849.5,-2472495121679945.0,-2468699317221340.0,-2464749059709832.5,-2460642795121496.5,-2456378976435055.5,-2451956064668670.0,-2447372529959421.5,-2442626852686741.5,-2437717524641121.5,-2432643050239417.5,-2427401947788091.5,-2421992750795768.0,-2416414009336476.5,-2410664291465002.0,-2404742184685726.0,-2398646297476420.5,-2392375260868414.0,-2385927730084582.5,-2379302386236622.5,-2372497938083060.5,-2365513123849457.5,-2358346713112266.0,-2350997508747775.5,-2343464348947599.0,-2335746109302108.5,-2327841704953223.5,-2319750092817920.0,-2311470273883819.0,-2303001295578127.5,-2294342254211224.5,-2285492297496065.5,-2276450627144574.5,-2267216501542077.0,-2257789238500781.5,-2248168218093218.8,-2238352885566418.5,-2228342754337549.0,-2218137409071556.8,-2207736508841251.2,-2197139790370095.2,-2186347071357811.0,-2175358253888706.5,-2164173327922447.8,-2152792374866734.0,-2141215571231140.2,-2129443192361071.8,-2117475616250519.0,-2105313327431962.0,-2092956920941427.0,-2080407106356353.5,-2067664711903464.0,-2054730688633451.0,-2041606114658780.8,-2028292199450433.0,-2014790288188792.0,-2001101866163383.8,-1987228563215460.5,-1973172158216754.2,-1958934583577026.5,-1944517929772207.0,-1929924449884088.0,-1915156564141668.2,-1900216864453225.5,-1885108118917218.2,-1869833276298999.5,-1854395470459162.0,-1838798024718103.0,-1823044456140077.0,-1807138479718603.8,-1791084012443620.5,-1774885177229202.2,-1758546306679003.8,-1742071946664836.0,-1725466859691919.5,-1708736028022437.2,-1691884656526911.0,-1674918175230813.5,-1657842241521516.2,-1640662741978338.0,-1623385793785926.2,-1606017745688647.5,-1588565178440908.8,-1571034904705536.5,-1553433968349380.5,-1535769643082267.0,-1518049430382275.2,-1500281056647035.0,-1482472469507386.8,-1464631833236297.0,-1446767523182347.0,-1428888119153538.0,-1411002397673391.5,-1393119323027640.5,-1375248037015961.0,-1357397847319378.8,-1339578214390145.0,-1321798736767042.0,-1304069134715254.5,-1286399232086190.5,-1268798936288951.0,-1251278216261541.5,-1233847078326483.8,-1216515539812160.5,-1199293600318142.0,-1182191210499831.0,-1165218238245164.8,-1148384432113753.0,-1131699381906833.0,-1115172476234780.8,-1098812856947654.6,-1082629370293419.9,-1066630514668143.4,-1050824384822543.4,-1035218612389903.2,-1019820302601515.8,-1004635967057508.2,-989671452423184.6,-974931864923887.5,-960421490514863.4,-946143710606788.1,-932100913232473.4,-918294399545981.9,-904724285552044.2,-891389398971480.2,-878287171157650.1,-865413523990184.4,-852762751686057.6,-840327397485312.1,-828098125190705.1,-816063585568872.0,-804210277657548.9,-792522405071996.1,-780981727468001.6,-769567407403881.9,-758255852956535.1,-747020556595461.1,-735831931014826.5,-724657142881083.6,-713459945789836.9,-702200514162368.9,-690835280376191.9,-679316778147700.2,-667593496107532.1,-655609746676762.8,-643305556818230.5,-630616589063021.2,-617474103464263.5,-603804973879228.6,-589531775294747.6,-574572962848622.9,-558843167795578.3,-542253640910435.2,-524712879628064.7,-506127481382954.56,-486403271740390.6,-465446761342896.4,-443166989374804.2,-419477811572195.25,-394300685428580.44,-367567990843114.56,-339226896463562.0,-309243734342863.0,-277608770577705.06,-244341148136949.47,-209493620093863.9,-173156477909321.28,-135459806187203.16,-96572871338995.97,-56699114489384.36,-16064965759439.732,25099255852102.36,66587292060957.695,108252206715208.97,150041471623011.94,192011581518797.8,234276490915512.0,276798416046377.75,318860054000555.75,357990329108341.2,388176149269305.5,397730729176897.8,369006426236772.56,289126850483447.1,221493330932731.4,0.0
7247.5,-2264141210026627.5,-2268734568222283.0,-2273298679037974.5,-2277832972824130.0,-2282336872765369.5,-2286809794809966.5,-2291251147599190.5,-2295660332396534.5,-2300036743016876.5,-2304379765755581.5,-2308688779317586.0,-2312963154746487.5,-2317202255353682.0,-2321405436647559.5,-2325572046262820.5,-2329701423889923.0,-2333792901204716.0,-2337845801798291.0,-2341859441107089.5,-2345833126343312.0,-2349766156425680.5,-2353657821910583.0,-2357507404923669.5,-2361314179091922.0,-2365077409476291.0,-2368796352504911.5,-2372470255906977.0,-2376098358647335.0,-2379679890861843.0,-2383214073793585.0,-2386700119729970.5,-2390137231940822.0,-2393524604617512.5,-2396861422813212.0,-2400146862384347.0,-2403380089933334.0,-2406560262752675.0,-2409686528770518.0,-2412758026497744.0,-2415773884976702.5,-2418733223731681.5,-2421635152721205.0,-2424478772292283.0,-2427263173136707.0,-2429987436249509.0,-2432650632889710.0,-2435251824543458.0,-2437790062889719.5,-2440264389768606.5,-2442673837152522.0,-2445017427120234.0,-2447294171834035.5,-2449503073520147.0,-2451643124452497.0,-2453713306940075.0,-2455712593317996.0,-2457639945942466.5,-2459494317189826.5,-2461274649459856.0,-2462979875183537.0,-2464608916835477.0,-2466160686951190.0,-2467634088149455.0,-2469028013159977.5,-2470341344856575.5,-2471572956296127.0,-2472721710763528.5,-2473786461822911.5,-2474766053375381.0,-2475659319723549.0,-2476465085643134.5,-2477182166461921.0,-2477809368146375.0,-2478345487396222.5,-2478789311747306.0,-2479139619683051.0,-2479395180754878.0,-2479554755711902.0,-2479617096640296.0,-2479580947112666.0,-2479445042347844.5,-2479208109381480.0,-2478868867247829.0,-2478426027173190.0,-2477878292781377.5,-2477224360311716.5,-2476462918849989.0,-2475592650572818.0,-2474612231005967.0,-2473520329297069.5,-2472315608503280.5,-2470996725894399.5,-2469562333271995.0,-2468011077305106.0,-2466341599883070.0,-2464552538486106.5,-2462642526574217.0,-2460610193995068.0,-2458454167411470.0,-2456173070749115.0,-2453765525665254.5,-2451230152038997.5,-2448565568483944.0,-2445770392883880.0,-2442843242952267.5,-2439782736816303.0,-2436587493626313.5,-2433256134191292.5,-2429787281641381.0,-2426179562118135.5,-2422431605493425.5,-2418542046117822.5,-2414509523599376.5,-2410332683613667.0,-2406010178746057.0,-2401540669367064.5,-2396922824541829.5,-2392155322974612.0,-2387236853989312.0,-2382166118547010.5,-2376941830301519.5,-2371562716693975.5,-2366027520087496.0,-2360334998942937.5,-2354483929036809.5,-2348473104722387.5,-2342301340235094.5,-2335967471043210.0,-2329470355244971.5,-2322808875013141.0,-2315981938088083.5,-2308988479320431.0,-2301827462264375.0,-2294497880822618.0,-2286998760944024.5,-2279329162374956.0,-2271488180465294.0,-2263474948030097.5,-2255288637267809.5,-2246928461735939.0,-2238393678385021.8,-2229683589651695.5,-2220797545611625.5,-2211734946192971.0,-2202495243451006.5,-2193077943904454.2,-2183482610933980.5,-2173708867243235.8,-2163756397382687.5,-2153624950336415.5,-2143314342171903.8,-2132824458752694.8,-2122155258513688.5,-2111306775298643.2,-2100279121259305.0,-2089072489815364.2,-2077687158674265.5,-2066123492909629.2,-2054381948096860.5,-2042463073504172.2,-2030367515337052.8,-2018096020033838.5,-2005649437609744.0,-1993028725046352.2,-1980234949723170.5,-1967269292887459.0,-1954133053158085.2,-1940827650058710.5,-1927354627575063.2,-1913715657730592.0,-1899912544174111.5,-1885947225772539.0,-1871821780201098.0,-1857538427522694.2,-1843099533747419.0,-1828507614362343.0,-1813765337820939.5,-1798875528980552.5,-1783841172475419.2,-1768665416011734.2,-1753351573570183.5,-1737903128500280.0,-1722323736489611.5,-1706617228389921.2,-1690787612880585.2,-1674839078948681.2,-1658775998163412.0,-1642602926721101.8,-1626324607235393.5,-1609945970245609.0,-1593472135414483.5,-1576908412384649.5,-1560260301261361.0,-1543533492686955.5,-1526733867470501.5,-1509867495733925.5,-1492940635533737.0,-1475959730915156.5,-1458931409353108.5,-1441862478532123.0,-1424759922414717.5,-1407630896545247.5,-1390482722533697.8,-1373322881661162.0,-1356159007546173.8,-1338998877808284.2,-1321850404662646.5,-1304721624376573.0,-1287620685516432.5,-1270555835910514.5,-1253535408250912.0,-1236567804254920.2,-1219661477303992.8,-1202824913475959.8,-1186066610884007.0,-1169395057233903.0,-1152818705509116.5,-1136345947691884.5,-1119985086426964.4,-1103744304533797.0,-1087631632272117.6,-1071654912265811.1,-1055821761989939.2,-1040139533726535.6,-1024615271895942.4,-1009255667672251.5,-994067010793849.6,-979055138483219.5,-964225381394114.1,-949582506509033.2,-935130656915744.6,-920873288398443.1,-906813102787230.4,-892951978019009.8,-879290894873872.2,-865829860363780.1,-852567827765170.6,-839502613304324.4,-826630809524485.8,-813947695387336.5,-801447143189292.8,-789121522406165.5,-776961600619264.1,-764956441723533.0,-753093301675838.1,-741357522111544.5,-729732422243174.9,-718199189560182.9,-706736769978648.8,-695321758249995.6,-683928289636268.0,-672527934105121.5,-661089594601702.1,-649579411330328.4,-637960674442378.5,-626193748096781.8,-614236009557944.6,-602041807847734.6,-589562447501278.4,-576746204220995.1,-563538380710933.5,-549881412734543.75,-535715037499492.7,-520976538849324.8,-505601086432108.0,-489522188989658.4,-472672285090310.2,-454983497866854.8,-436388583371638.4,-416822104632006.7,-396221864792546.75,-374530632010273.94,-351698184819772.25,-327683697858311.3,-302458471948121.0,-276008986770293.3,-248340215293308.53,-219479082775476.28,-189477875420798.28,-158417301178956.78,-126408776621096.64,-93595363610508.28,-60150622990659.11,-26274526142019.797,7814455859772.805,41891736528134.19,75743373281478.14,109185345499630.45,142079874826607.12,174336421729988.8,205872796410268.25,236492291330227.94,265607067866847.0,291721087755936.4,311633460633763.2,319590293266390.06,307464635773945.44,269252175380642.47,216041535884051.4,120454165189829.38,0.0
7245.0,-2279321225898922.0,-2283271265497337.0,-2287188029176210.5,-2291070940946705.5,-2294919418098969.5,-2298732871145226.0,-2302510703763046.0,-2306252312738837.0,-2309957087911571.0,-2313624412116789.5,-2317253661130927.0,-2320844203615978.0,-2324395401064548.0,-2327906607745340.5,-2331377170649096.5,-2334806429435055.5,-2338193716377962.0,-2341538356315676.5,-2344839666597420.0,-2348096957032740.0,-2351309529841190.0,-2354476679602846.5,-2357597693209649.5,-2360671849817674.0,-2363698420800376.0,-2366676669702865.0,-2369605852197282.0,-2372485216039341.0,-2375314001026105.5,-2378091438955071.0,-2380816753584632.0,-2383489160596007.0,-2386107867556688.0,-2388672073885527.0,-2391180970819524.0,-2393633741382395.0,-2396029560355046.5,-2398367594248016.0,-2400647001275996.5,-2402866931334539.5,-2405026525979049.5,-2407124918406168.0,-2409161233437664.0,-2411134587506957.5,-2413044088648377.0,-2414888836489295.0,-2416667922245256.5,-2418380428718247.5,-2420025430298223.0,-2421601992968050.5,-2423109174312026.0,-2424546023528079.0,-2425911581443865.5,-2427204880536881.5,-2428424944958785.0,-2429570790564078.0,-2430641424943348.5,-2431635847461248.0,-2432553049299388.0,-2433392013504368.0,-2434151715041123.0,-2434831120851806.5,-2435429189920428.5,-2435944873343464.0,-2436377114406661.0,-2436724848668299.5,-2436987004049121.5,-2437162500929208.0,-2437250252252044.5,-2437249163636050.0,-2437158133493849.0,-2436976053159553.0,-2436701807024370.5,-2436334272680816.5,-2435872321075859.0,-2435314816673290.0,-2434660617625683.5,-2433908575956253.5,-2433057537750956.5,-2432106343361221.0,-2431053827617641.0,-2429898820055025.0,-2428640145149192.5,-2427276622565901.0,-2425807067422326.0,-2424230290561505.0,-2422545098840179.0,-2420750295430476.0,-2418844680135885.0,-2416827049721988.5,-2414696198262434.0,-2412450917500623.0,-2410089997227627.5,-2407612225676847.0,-2405016389935921.5,-2402301276376451.5,-2399465671102066.0,-2396508360415397.0,-2393428131304553.0,-2390223771949654.5,-2386894072250057.0,-2383437824372845.0,-2379853823323252.0,-2376140867537621.5,-2372297759499562.5,-2368323306379970.0,-2364216320701570.0,-2359975621028676.5,-2355600032682873.5,-2351088388485291.0,-2346439529526228.5,-2341652305962835.0,-2336725577845575.0,-2331658215974241.0,-2326449102784260.5,-2321097133264041.5,-2315601215904147.5,-2309960273679058.0,-2304173245062296.0,-2298239085075700.0,-2292156766373629.5,-2285925280362872.5,-2279543638359057.0,-2273010872780333.5,-2266326038379096.5,-2259488213512540.5,-2252496501452780.5,-2245350031737315.0,-2238047961560551.2,-2230589477207117.0,-2222973795527680.5,-2215200165457930.8,-2207267869581397.8,-2199176225736734.2,-2190924588670051.2,-2182512351732867.5,-2173938948626194.5,-2165203855191218.5,-2156306591247006.8,-2147246722475602.2,-2138023862354795.0,-2128637674138813.8,-2119087872887079.8,-2109374227541103.0,-2099496563049498.0,-2089454762540989.5,-2079248769545187.8,-2068878590260799.2,-2058344295870764.2,-2047646024903739.2,-2036783985641162.2,-2025758458568938.5,-2014569798872702.0,-2003218438975324.5,-1991704891115196.2,-1980029749963573.2,-1968193695279046.2,-1956197494596938.0,-1944042005951176.2,-1931728180625873.0,-1919257065933582.0,-1906629808016824.5,-1893847654669154.8,-1880911958171658.2,-1867824178140359.0,-1854585884379612.8,-1841198759736080.5,-1827664602947432.0,-1813985331479375.8,-1800162984344109.5,-1786199724892678.2,-1772097843573144.2,-1757859760645807.0,-1743488028846042.5,-1728985335984607.5,-1714354507474494.8,-1699598508772617.2,-1684720447723768.0,-1669723576793398.5,-1654611295174834.0,-1639387150755562.5,-1624054841926193.0,-1608618219214612.5,-1593081286726740.0,-1577448203374083.0,-1561723283867086.0,-1545910999451959.0,-1530015978367349.8,-1514043005995825.2,-1497997024683673.5,-1481883133201072.0,-1465706585813077.2,-1449472790930339.2,-1433187309306752.2,-1416855851749605.2,-1400484276306025.5,-1384078584887763.2,-1367644919294517.0,-1351189556594218.2,-1334718903816761.5,-1318239491915831.0,-1301757968951570.2,-1285281092444936.0,-1268815720852701.8,-1252368804110216.5,-1235947373187169.0,-1219558528599866.5,-1203209427821750.0,-1186907271532293.0,-1170659288642844.8,-1154472720036567.0,-1138354800958345.5,-1122312741989445.5,-1106353708540768.1,-1090484798797891.5,-1074713020050660.9,-1059045263339978.8,-1043488276354656.5,-1028048634511811.0,-1012732710155304.4,-997546639808247.6,-982496289417640.1,-967587217531869.4,-952824636355104.9,-938213370626693.5,-923757814278548.4,-909461884829339.5,-895328975481146.1,-881361904892226.9,-867562864608880.1,-853933364150123.1,-840474173751359.9,-827185264787525.2,-814065747912689.0,-801113808972094.0,-788326642764501.1,-775700384757979.6,-763230040891549.5,-750909415629017.6,-738731038470864.6,-726686089176207.0,-714764322000953.2,-702953989321946.1,-691241765092005.2,-679612668659799.8,-668049989594170.4,-656535214278393.1,-645047955190018.8,-633565883961360.5,-622064669530205.2,-610517922946923.6,-598897150710872.4,-587171718875174.0,-575308830595329.6,-563273520315591.4,-551028668400745.8,-538535040743942.6,-525751358727754.5,-512634405899404.2,-499139178853620.5,-485219091105003.5,-470826240175703.2,-455911749710819.06,-440426200131801.8,-424320163088002.06,-407544856669634.7,-390052939847703.2,-371799465678263.7,-352743013119619.75,-332847016400290.5,-312081308115786.1,-290423886793461.4,-267862910480915.38,-244398903662104.66,-220047143919548.53,-194840165503818.9,-168830277624677.16,-142091944527748.75,-114723812070331.78,-86850093731348.92,-58620954437288.08,-30211467893993.742,-1818700614630.539,26343455212775.89,54051828547603.59,81083445369078.1,107225330613532.42,132280929557827.05,156065849618663.16,178379927387627.97,198934591461364.88,217205792537427.94,232181123206235.25,241998497777432.1,243591169114722.94,232788704553973.38,206145661066617.9,167437861432727.44,138590030062277.19,49094439775637.42,0.0
7242.5,-2285235057479727.0,-2288541864897456.0,-2291811766216984.5,-2295044185342254.0,-2298238539971085.5,-2301394241552215.5,-2304510695242798.0,-2307587299866414.5,-2310623447871638.5,-2313618525291175.0,-2316571911701632.0,-2319482980183956.5,-2322351097284575.0,-2325175622977294.5,-2327955910626003.0,-2330691306948214.5,-2333381151979511.5,-2336024779038942.5,-2338621514695411.5,-2341170678735136.5,-2343671584130208.0,-2346123537008337.5,-2348525836623818.5,-2350877775329806.0,-2353178638551940.5,-2355427704763414.0,-2357624245461524.0,-2359767525145810.5,-2361856801297826.5,-2363891324362643.5,-2365870337732148.5,-2367793077730233.0,-2369658773599950.0,-2371466647492725.5,-2373215914459721.5,-2374905782445440.0,-2376535452283665.0,-2378104117695844.5,-2379610965292012.5,-2381055174574358.5,-2382435917943557.0,-2383752360707966.0,-2385003661095816.5,-2386188970270509.0,-2387307432349140.5,-2388358184424402.0,-2389340356589955.0,-2390253071969460.0,-2391095446749348.0,-2391866590215541.0,-2392565604794208.5,-2393191586096766.5,-2393743622969236.5,-2394220797546162.5,-2394622185309232.0,-2394946855150773.0,-2395193869442332.0,-2395362284108481.5,-2395451148706073.5,-2395459506509120.0,-2395386394599507.5,-2395230843963745.5,-2394991879595969.0,-2394668520607409.0,-2394259780342553.0,-2393764666502235.5,-2393182181273882.5,-2392511321469168.0,-2391751078669321.5,-2390900439378353.5,-2389958385184452.5,-2388923892929842.5,-2387795934889357.5,-2386573478958040.0,-2385255488848045.0,-2383840924295151.5,-2382328741275201.5,-2380717892230769.5,-2379007326308399.5,-2377195989606728.0,-2375282825435861.5,-2373266774588323.0,-2371146775621952.0,-2368921765155121.0,-2366590678174632.5,-2364152448356690.5,-2361606008401337.0,-2358950290380754.0,-2356184226101849.5,-2353306747483519.0,-2350316786949059.0,-2347213277834120.5,-2343995154810678.5,-2340661354327461.0,-2337210815067305.0,-2333642478421907.5,-2329955288984456.0,-2326148195060626.5,-2322220149198443.5,-2318170108737513.0,-2313997036378140.5,-2309699900770847.0,-2305277677126826.5,-2300729347849870.5,-2296053903190298.5,-2291250341921458.5,-2286317672039331.0,-2281254911485821.0,-2276061088896276.0,-2270735244371820.0,-2265276430277070.0,-2259683712063798.5,-2253956169121142.0,-2248092895652905.5,-2242093001582573.8,-2235955613486570.8,-2229679875556371.0,-2223264950590020.0,-2216710021013637.0,-2210014289933448.5,-2203176982218923.0,-2196197345617537.0,-2189074651901706.0,-2181808198048394.5,-2174397307451928.2,-2166841331170454.8,-2159139649206556.0,-2151291671822423.5,-2143296840890031.2,-2135154631276678.0,-2126864552266261.2,-2118426149016588.2,-2109839004053023.5,-2101102738798682.8,-2092217015141371.5,-2083181537037402.0,-2073996052152366.0,-2064660353538865.8,-2055174281351164.8,-2045537724596621.0,-2035750622923690.2,-2025812968446216.5,-2015724807603610.8,-2005486243056429.2,-1995097435616755.0,-1984558606212663.0,-1973870037885926.5,-1963032077821988.5,-1952045139411062.2,-1940909704339093.0,-1929626324707133.0,-1918195625177479.2,-1906618305144794.8,-1894895140930149.2,-1883026987995767.5,-1871014783178005.2,-1858859546935814.0,-1846562385611741.0,-1834124493702180.5,-1821547156133308.8,-1808831750538849.0,-1795979749535431.0,-1782992722990981.0,-1769872340281213.5,-1756620372528853.2,-1743238694819861.2,-1729729288390408.8,-1716094242777968.2,-1702335757929308.0,-1688456146257727.5,-1674457834641252.0,-1660343366352992.0,-1646115402914218.0,-1631776725860079.8,-1617330238407238.0,-1602778967011951.5,-1588126062806445.0,-1573374802900620.0,-1558528591535340.0,-1543590961072708.5,-1528565572807885.2,-1513456217586052.5,-1498266816207224.0,-1483001419600596.2,-1467664208749126.8,-1452259494343975.0,-1436791716147347.5,-1421265442041181.5,-1405685366737936.0,-1390056310128580.8,-1374383215241667.8,-1358671145786116.2,-1342925283249098.8,-1327150923519106.0,-1311353473003004.5,-1295538444204553.8,-1279711450730561.5,-1263878201689508.8,-1248044495446203.8,-1232216212694674.2,-1216399308810286.2,-1200599805440793.8,-1184823781294848.2,-1169077362085348.5,-1153366709583930.5,-1137698009741920.5,-1122077459832185.9,-1106511254565525.5,-1091005571134659.2,-1075566553138366.8,-1060200293338071.5,-1044912815199092.1,-1029710053168963.9,-1014597831645683.9,-999581842589503.5,-984667621733005.4,-969860523345707.9,-955165693511403.6,-940588041878862.5,-926132211849551.8,-911802549169607.4,-897603068897614.5,-883537420724805.1,-869608852630201.5,-855820172860114.1,-842173710229357.6,-828671272750679.4,-815314104609415.0,-802102841512391.9,-789037464453852.1,-776117251956853.8,-763340730866523.8,-750705625791980.6,-738208807317099.4,-725846239127003.0,-713612924227703.9,-701502850471377.6,-689508935639987.0,-677622972386290.8,-665835573384661.5,-654136117105874.2,-642512694701450.5,-630952058566074.2,-619439573242901.2,-607959169448739.9,-596493302126704.5,-585022913586344.9,-573527402968958.0,-561984603483174.4,-550370769097552.06,-538660572658292.6,-526827117727049.25,-514841966812474.5,-502675189106242.2,-490295431336259.25,-477670015922855.75,-464765071272794.5,-451545699773874.75,-437976189859026.3,-424020279386946.44,-409641478522269.9,-394803461265972.94,-379470535743733.06,-363608204241366.2,-347183824686818.75,-330167385682325.25,-312532407101417.0,-294256977431961.3,-275324937137730.97,-255727213903497.84,-235463310195362.75,-214542935476510.56,-192987763946116.9,-170833283048483.66,-148130677517041.75,-124948667896873.83,-101375191407485.45,-77518777821752.58,-53509436822472.695,-29498842354009.25,-5659585327146.801,17816711637432.074,40722532701608.59,62838765225215.39,83939651307338.47,103797174973411.64,122182489033858.06,138860179777506.12,153568633822233.25,165976758720906.62,175605131025110.34,181702313896099.6,183084559624504.12,178000732464411.75,164214082147412.6,139766415906373.3,105415148711115.61,70371603733376.58,57653575900630.336,50205524889295.67,0.0
7240.0,-2282450838338562.0,-2285119526576938.5,-2287748097564984.5,-2290335981055920.0,-2292882601170248.5,-2295387376366755.0,-2297849719414251.5,-2300269037364088.0,-2302644731523499.5,-2304976197429816.5,-2307262824825579.5,-2309503997634612.5,-2311699093939100.5,-2313847485957712.0,-2315948540024830.5,-2318001616570929.0,-2320006070104161.0,-2321961249193209.0,-2323866496451446.0,-2325721148522488.0,-2327524536067173.0,-2329275983752048.5,-2330974810239424.0,-2332620328179053.5,-2334211844201524.0,-2335748658913415.0,-2337230066894307.0,-2338655356695708.5,-2340023810841985.0,-2341334705833369.0,-2342587312151134.5,-2343780894265017.5,-2344914710642973.0,-2345988013763364.0,-2347000050129667.5,-2347950060287797.0,-2348837278846145.5,-2349660934498443.5,-2350420250049541.5,-2351114442444221.0,-2351742722799159.0,-2352304296438137.0,-2352798362930635.0,-2353224116133921.0,-2353580744238760.0,-2353867429818878.5,-2354083349884309.0,-2354227675938757.0,-2354299574041122.5,-2354298204871330.0,-2354222723800605.5,-2354072280966359.0,-2353846021351824.0,-2353543084870618.5,-2353162606456393.0,-2352703716157721.5,-2352165539238435.0,-2351547196283553.5,-2350847803311007.0,-2350066471889338.5,-2349202309261575.0,-2348254418475468.0,-2347221898520313.5,-2346103844470542.0,-2344899347636311.5,-2343607495721316.5,-2342227372988025.0,-2340758060430604.0,-2339198635955728.0,-2337548174571553.0,-2335805748585074.0,-2333970427808138.0,-2332041279772357.0,-2330017369953197.5,-2327897762003516.5,-2325681517996811.0,-2323367698680483.5,-2320955363739390.0,-2318443572069990.0,-2315831382065384.5,-2313117851911556.5,-2310302039895134.0,-2307383004722984.5,-2304359805853981.0,-2301231503843270.5,-2297997160699378.5,-2294655840254505.5,-2291206608548362.0,-2287648534225906.0,-2283980688949339.5,-2280202147824745.5,-2276311989843735.0,-2272309298340483.5,-2268193161464559.0,-2263962672669914.0,-2259616931220456.0,-2255155042712595.5,-2250576119615164.2,-2245879281827142.8,-2241063657253586.0,-2236128382400187.0,-2231072602986876.2,-2225895474580907.0,-2220596163249841.0,-2215173846234855.0,-2209627712644812.5,-2203956964171517.5,-2198160815826592.2,-2192238496700387.8,-2186189250743372.8,-2180012337570409.8,-2173707033288345.0,-2167272631347319.2,-2160708443416217.5,-2154013800282646.0,-2147188052777832.8,-2140230572726845.0,-2133140753924467.5,-2125918013137133.2,-2118561791131211.5,-2111071553728014.2,-2103446792885799.0,-2095687027809073.0,-2087791806085447.5,-2079760704850298.8,-2071593331979419.0,-2063289327309857.0,-2054848363889083.0,-2046270149252589.5,-2037554426729994.8,-2028700976779672.0,-2019709618351874.5,-2010580210280304.8,-2001312652701970.0,-1991906888505145.2,-1982362904805195.8,-1972680734447932.2,-1962860457540084.5,-1952902203006432.5,-1942806150173032.0,-1932572530375845.5,-1922201628594063.0,-1911693785107213.5,-1901049397175116.8,-1890268920739558.0,-1879352872146466.2,-1868301829887239.8,-1857116436357690.5,-1845797399632953.2,-1834345495256520.8,-1822761568041401.8,-1811046533881190.0,-1799201381568670.5,-1787227174619334.5,-1775125053096997.2,-1762896235438434.0,-1750542020273723.5,-1738063788238735.8,-1725463003775889.0,-1712741216919018.8,-1699900065057929.2,-1686941274677794.0,-1673866663068309.5,-1660678139997083.2,-1647377709341381.2,-1633967470671978.0,-1620449620782377.8,-1606826455156300.0,-1593100369365810.8,-1579273860392033.0,-1565349527859828.8,-1551330075177356.5,-1537218310570832.2,-1523017148004246.8,-1508729607973211.8,-1494358818161470.0,-1479908013947965.5,-1465380538751692.5,-1450779844200862.0,-1436109490112191.0,-1421373144265383.5,-1406574581957114.8,-1391717685318020.8,-1376806442375421.0,-1361844945843638.0,-1346837391622940.5,-1331788076987289.8,-1316701398440160.0,-1301581849216815.0,-1286434016410539.8,-1271262577699385.0,-1256072297649080.2,-1240868023566868.2,-1225654680880069.5,-1210437268012329.5,-1195220850729580.2,-1180010555926915.5,-1164811564826731.5,-1149629105557712.8,-1134468445083481.5,-1119334880449071.1,-1104233729312749.6,-1089170319730203.6,-1074149979157667.9,-1059178022640247.9,-1044259740151515.0,-1029400383050412.0,-1014605149621611.2,-999879169665840.0,-985227488107181.1,-970655047585172.2,-956166670000573.5,-941767036985059.8,-927460669266795.2,-913251904905963.5,-899144876376853.5,-885143486476133.0,-871251383040469.0,-857471932460838.1,-843808191985657.6,-830262880810438.1,-816838349958050.0,-803536550960988.5,-790359003365374.4,-777306761085904.2,-764380377651764.4,-751579870395736.1,-738904683652600.5,-726353651048633.4,-713924956981765.1,-701616097412105.8,-689423840105311.2,-677344184497096.0,-665372321376460.0,-653502592618429.0,-641728451234821.8,-630042422054473.9,-618436063393195.2,-606899930129400.8,-595423538664873.6,-583995334322671.6,-572602661817086.9,-561231739525443.6,-549867638400009.94,-538494266482531.0,-527094360125950.94,-515649483190367.06,-504140035665729.4,-492545273385295.3,-480843340734263.56,-469011318530566.6,-457025289562388.0,-444860424612296.7,-432491092182919.75,-419890995564733.9,-407033341351912.75,-393891044013827.1,-380436971660438.44,-366644238687008.25,-352486551527464.44,-337938614256967.8,-322976601220357.7,-307578704165159.9,-291725761445493.44,-275401976629706.97,-258595733151101.5,-241300510310952.2,-223515903757036.1,-205248750255156.75,-186514351839762.62,-167337787936860.56,-147755295459168.8,-127815685889685.16,-107581754843612.02,-87131623662180.28,-66559934891858.03,-45978805547809.09,-25518426737790.19,-5327190534177.855,14428766926412.854,33566680598586.15,51888920520299.914,69185236860743.47,85235048619695.27,99808911830416.48,112667671616620.36,123556941379836.77,132193525500666.62,138239517680217.11,141259956128401.56,140663229091922.89,135634365089941.77,125098064695212.77,107803053948041.86,82714354582171.36,50033285599666.95,13277358186435.21,-17402369132735.432,-22222725115008.52,71172767053613.19,0.0
7237.5,-2271555943881396.0,-2273596308123226.5,-2275593777042076.0,-2277547791838598.0,-2279457788700482.5,-2281323198787176.0,-2283143448215585.0,-2284917958046799.5,-2286646144273889.5,-2288327417810816.5,-2289961184482502.5,-2291546845016111.0,-2293083795033585.5,-2294571425045508.5,-2296009120446308.5,-2297396261510899.5,-2298732223392785.0,-2300016376123708.0,-2301248084614874.0,-2302426708659845.5,-2303551602939143.5,-2304622117026632.0,-2305637595397753.5,-2306597377439677.0,-2307500797463444.5,-2308347184718163.0,-2309135863407348.5,-2309866152707476.5,-2310537366788819.0,-2311148814838673.0,-2311699801087026.5,-2312189624834788.5,-2312617580484639.0,-2312982957574607.5,-2313285040814479.0,-2313523110125098.5,-2313696440680700.5,-2313804302954358.0,-2313845962766634.0,-2313820681337582.0,-2313727715342169.0,-2313566316969256.0,-2313335733984242.0,-2313035209795498.5,-2312663983524709.5,-2312221290081249.5,-2311706360240714.5,-2311118420727768.0,-2310456694303395.0,-2309720399856745.0,-2308908752501676.0,-2308020963678168.0,-2307056241258732.0,-2306013789659992.5,-2304892809959590.0,-2303692500018556.0,-2302412054609338.5,-2301050665549648.5,-2299607521842286.5,-2298081809821135.5,-2296472713303509.0,-2294779413749018.0,-2293001090425170.0,-2291136920579883.0,-2289186079621106.0,-2287147741303763.0,-2285021077924222.0,-2282805260522493.0,-2280499459092379.5,-2278102842799805.0,-2275614580209534.5,-2273033839520515.0,-2270359788810088.5,-2267591596287295.0,-2264728430555521.5,-2261769460884734.0,-2258713857493562.0,-2255560791841471.0,-2252309436931301.5,-2248958967622431.2,-2245508560954829.2,-2241957396484283.0,-2238304656629073.5,-2234549527028377.2,-2230691196912688.0,-2226728859486541.0,-2222661712323847.2,-2218488957776116.5,-2214209803393887.0,-2209823462361658.2,-2205329153946631.5,-2200726103961581.0,-2196013545242147.8,-2191190718138895.5,-2186256871024419.2,-2181211260815849.0,-2176053153513053.0,-2170781824752859.0,-2165396560379630.5,-2159896657032494.5,-2154281422749568.5,-2148550177589471.0,-2142702254270465.5,-2136736998827532.0,-2130653771287677.5,-2124451946363801.8,-2118130914167410.5,-2111690080940478.2,-2105128869806752.0,-2098446721542762.2,-2091643095368844.0,-2084717469760395.8,-2077669343279660.8,-2070498235428249.2,-2063203687520641.5,-2055785263578865.0,-2048242551248571.8,-2040575162736650.0,-2032782735770568.0,-2024864934579546.5,-2016821450897697.5,-2008652004989197.2,-2000356346695552.5,-1991934256504977.0,-1983385546643890.8,-1974710062190457.2,-1965907682210115.5,-1956978320912950.0,-1947921928832735.5,-1938738494027445.2,-1929428043300931.5,-1919990643445463.8,-1910426402504730.5,-1900735471056850.8,-1890918043516872.0,-1880974359458168.5,-1870904704952061.0,-1860709413924900.8,-1850388869531774.0,-1839943505545901.8,-1829373807762675.0,-1818680315417197.2,-1807863622614071.0,-1796924379768053.8,-1785863295054072.0,-1774681135864970.2,-1763378730275189.0,-1751956968508473.5,-1740416804407492.0,-1728759256903119.5,-1716985411480960.8,-1705096421642462.5,-1693093510357822.0,-1680977971507650.0,-1668751171310143.2,-1656414549730292.2,-1643969621867399.2,-1631417979316950.5,-1618761291502583.0,-1606001306973641.5,-1593139854663509.8,-1580178845103601.5,-1567120271587567.8,-1553966211279950.5,-1540718826263155.8,-1527380364516268.5,-1513953160818815.0,-1500439637572234.8,-1486842305531361.8,-1473163764437822.8,-1459406703546786.2,-1445573902038057.2,-1431668229302032.2,-1417692645090515.8,-1403650199521918.0,-1389544032929804.2,-1375377375543243.0,-1361153546986836.5,-1346875955587743.0,-1332548097476427.2,-1318173555467278.2,-1303755997704616.0,-1289299176059010.2,-1274806924258190.0,-1260283155736220.0,-1245731861183944.2,-1231157105783110.8,-1216563026105911.5,-1201953826661075.0,-1187333776067004.0,-1172707202831862.0,-1158078490719900.2,-1143452073682762.0,-1128832430333951.5,-1114224077944147.1,-1099631565934581.2,-1085059468845274.2,-1070512378754569.5,-1055994897126122.1,-1041511626059261.6,-1027067158918560.6,-1012666070318387.1,-998312905438346.2,-984012168645717.9,-969768311401404.9,-955585719426436.0,-941468699106822.0,-927421463115491.0,-913448115231255.9,-899552634336184.5,-885738857574512.0,-872010462658308.1,-858370949307562.0,-844823619815189.4,-831371558730773.8,-818017611660657.0,-804764363186356.1,-791614113908252.6,-778568856627175.1,-765630251682911.4,-752799601475968.4,-740077824207105.8,-727465426878440.1,-714962477610355.5,-702568577340187.0,-690282830981868.0,-678103818140545.6,-666029563492859.0,-654057506962286.4,-642184473840004.9,-630406645025341.4,-618719527586455.9,-607117925871752.1,-595595913436114.0,-584146806083872.0,-572763136372952.2,-561436629972632.6,-550158184321344.2,-538917850091875.9,-527704816039992.2,-516507397889890.8,-505313031997147.4,-494108274628061.6,-482878807804865.9,-471609452790516.4,-460284192426148.25,-448886203690237.25,-437397902022467.1,-425800999148626.3,-414076576356539.06,-402205175407844.6,-390166909526357.9,-377941597179906.75,-365508921666761.8,-352848619825935.4,-339940703506196.44,-326765717741608.0,-313305039877350.0,-299541224148381.8,-285458396407553.56,-271042703792398.62,-256282824062934.84,-241170539074629.3,-225701376293613.25,-209875321319524.7,-193697602940155.9,-177179550167642.56,-160339517848972.25,-143203873647567.3,-125808034309385.38,-108197533044202.38,-90429092538906.31,-72571669693319.58,-54707429003106.305,-36932592386759.48,-19358105560091.938,-2110057103820.9082,14670210267709.492,30826340714632.375,46187566772844.2,60569612729901.8,73775730654098.97,85597530232447.53,95815020750161.98,104194962746434.61,110486252153844.19,114410725808281.44,115647734250023.88,113811640593342.6,108424221557881.94,98890872186544.81,84503878699809.92,64521759104261.484,38411612567429.17,6377508185619.102,-29726805754238.13,-65253944727738.18,-92178114143408.72,-95779725232921.33,37068911652683.695,0.0
7235.0,-2253150659523367.5,-2254576799208533.0,-2255957706202245.0,-2257292838321075.5,-2258581649022313.5,-2259823587401917.0,-2261018098193649.5,-2262164621769449.0,-2263262594141086.0,-2264311446963139.0,-2265310607537355.5,-2266259498818435.5,-2267157539421289.0,-2268004143629836.5,-2268798721407379.5,-2269540678408623.0,-2270229415993393.0,-2270864331242105.0,-2271444816973064.0,-2271970261761628.0,-2272440049961328.0,-2272853561726992.5,-2273210173039948.5,-2273509255735368.0,-2273750177531832.5,-2273932302063193.0,-2274054988912781.0,-2274117593650076.0,-2274119467869886.5,-2274059959234130.5,-2273938411516306.5,-2273754164648730.0,-2273506554772626.5,-2273194914291175.0,-2272818571925586.0,-2272376852774315.0,-2271869078375501.0,-2271294566772738.0,-2270652632584272.0,-2269942587075734.0,-2269163738236513.0,-2268315390859869.0,-2267396846626921.5,-2266407404194601.0,-2265346359287695.0,-2264213004795107.5,-2263006630870445.5,-2261726525037078.0,-2260371972297768.5,-2258942255249031.0,-2257436654200346.5,-2255854447298357.0,-2254194910656199.5,-2252457318488104.5,-2250640943249428.8,-2248745055782237.0,-2246768925466626.0,-2244711820377914.0,-2242573007449868.5,-2240351752644136.0,-2238047321126038.0,-2235658977446893.5,-2233185985733053.0,-2230627609881810.5,-2227983113764380.0,-2225251761436103.5,-2222432817354093.2,-2219525546602491.2,-2216529215125522.5,-2213443089968569.5,-2210266439527427.8,-2206998533805971.8,-2203638644682428.0,-2200186046184458.5,-2196640014773263.2,-2192999829636926.2,-2189264772993213.0,-2185434130402039.5,-2181507191087833.2,-2177483248272016.2,-2173361599515828.2,-2169141547073730.0,-2164822398257604.0,-2160403465811997.2,-2155884068300637.2,-2151263530504454.5,-2146541183831350.5,-2141716366737955.5,-2136788425163610.5,-2131756712976803.8,-2126620592434333.0,-2121379434653392.2,-2116032620096859.8,-2110579539072000.2,-2105019592242836.5,-2099352191156415.5,-2093576758783211.2,-2087692730071878.2,-2081699552518614.8,-2075596686751330.0,-2069383607128847.8,-2063059802355357.5,-2056624776110328.5,-2050078047694084.5,-2043419152689222.5,-2036647643638085.5,-2029763090736442.2,-2022765082543556.5,-2015653226708796.0,-2008427150714920.0,-2001086502638182.5,-1993630951925362.5,-1986060190187812.2,-1978373932012622.0,-1970571915790947.0,-1962653904563542.5,-1954619686883526.0,-1946469077696370.0,-1938201919237078.8,-1929818081944498.8,-1921317465392682.5,-1912699999239161.2,-1903965644189997.2,-1895114392981408.0,-1886146271377735.0,-1877061339185481.0,-1867859691283100.2,-1858541458666175.8,-1849106809507559.2,-1839555950232006.8,-1829889126604783.5,-1820106624833634.5,-1810208772683476.8,-1800195940603080.5,-1790068542862938.5,-1779827038703452.2,-1769471933492467.8,-1759003779891117.0,-1748423179026829.2,-1737730781672271.0,-1726927289428870.5,-1716013455913490.2,-1704990087946673.2,-1693858046740783.2,-1682618249086232.5,-1671271668533839.5,-1659819336571244.8,-1648262343791144.5,-1636601841048949.5,-1624839040607317.5,-1612975217264848.0,-1601011709466009.2,-1588949920389232.8,-1576791319009868.5,-1564537441134513.8,-1552189890403005.2,-1539750339254130.0,-1527220529850900.5,-1514602274960967.2,-1501897458787499.2,-1489108037745605.0,-1476236041179074.0,-1463283572011945.2,-1450252807329105.5,-1437145998879805.5,-1423965473497692.2,-1410713633430565.5,-1397392956572801.2,-1384005996592965.0,-1370555382948817.8,-1357043820781522.0,-1343474090680482.2,-1329849048309863.5,-1316171623887408.5,-1302444821505797.5,-1288671718286339.5,-1274855463354389.5,-1260999276625431.0,-1247106447390339.0,-1233180332687901.5,-1219224355452217.5,-1205242002422179.8,-1191236821799771.5,-1177212420643508.5,-1163172461982897.5,-1149120661639385.5,-1135060784738856.5,-1120996641900341.1,-1106932085085242.4,-1092871003091024.0,-1078817316673007.8,-1064774973277625.2,-1050747941370249.4,-1036740204340516.8,-1022755753967941.4,-1008798583430514.5,-994872679839000.5,-980982016279713.6,-967130543348723.6,-953322180160703.6,-939560804816045.4,-925850244310352.0,-912194263871102.9,-898596555707107.1,-885060727157352.4,-871590288227080.1,-858188638500337.5,-844859053419917.6,-831604669927581.0,-818428471459666.2,-805333272295813.2,-792321701261462.1,-779396184788169.6,-766558929339602.1,-753811903215391.0,-741156817749907.1,-728595107928508.6,-716127912449983.8,-703756053270825.5,-691480014674723.0,-679299921919335.8,-667215519522095.2,-655226149257600.8,-643330727951270.5,-631527725167358.4,-619815140904501.1,-608190483428695.9,-596650747392293.2,-585192392408418.2,-573811322273422.0,-562502865055862.2,-551261754299330.0,-540082111618604.4,-528957431004450.2,-517880565192329.94,-506843714494820.06,-495838418547135.1,-484855551470393.2,-473885321018746.7,-462917272344839.4,-451940297093953.94,-440942648621359.25,-429911964220457.1,-418835295352072.1,-407699146978222.25,-396489527227538.75,-385192008754480.56,-373791803300748.25,-362273851124609.06,-350622927131325.6,-338823765714144.3,-326861206497763.3,-314720363361177.44,-302386819298833.75,-289846849850551.1,-277087677981360.88,-264097763408598.34,-250867129437284.66,-237387730353068.12,-223653862305629.4,-209662620358395.72,-195414403938588.72,-180913472242544.94,-166168550173913.47,-151193484048222.5,-136007944513168.05,-120638171836952.06,-105117755843802.55,-89488439287663.62,-73800929360249.8,-58115697417829.15,-42503742101399.19,-27047286234116.64,-11840373912859.354,3010667821297.797,17386936784787.137,31156859440925.156,44176300437040.22,56288857454119.72,67326272186364.914,77108815461322.97,85445403122965.97,92133068949719.0,96955271933287.95,99678381900373.5,100045652524067.45,97768230263650.33,92513605678102.98,83894012570322.94,71461645591749.45,54725641272280.266,33218932683598.53,6660677165867.158,-24726605422528.816,-59708169899396.875,-95445427982581.4,-127387756576266.39,-150798765732892.4,-158065250836207.66,-71267832598170.8,0.0
7232.5,-2227842191957281.2,-2228672106921040.2,-2229454894010465.5,-2230190032337792.5,-2230876997331201.8,-2231515260745277.8,-2232104290672823.2,-2232643551558081.0,-2233132504211417.5,-2233570605825507.8,-2233957309993065.8,-2234292066726187.0,-2234574322477341.5,-2234803520162072.5,-2234979099183457.0,-2235100495458388.2,-2235167141445728.0,-2235178466176393.0,-2235133895285435.2,-2235032851046176.8,-2234874752406465.0,-2234659015027105.0,-2234385051322547.5,-2234052270503886.0,-2233660078624249.2,-2233207878626644.5,-2232695070394332.8,-2232121050803814.0,-2231485213780484.5,-2230786950357067.5,-2230025648734874.2,-2229200694347988.5,-2228311469930464.0,-2227357355586605.0,-2226337728864436.2,-2225251964832435.8,-2224099436159633.5,-2222879513199163.0,-2221591564075368.8,-2220234954774556.5,-2218809049239507.0,-2217313209467824.5,-2215746795614258.2,-2214109166097079.5,-2212399677708634.8,-2210617685730183.0,-2208762544051130.0,-2206833605292780.5,-2204830220936717.5,-2202751741457938.5,-2200597516462867.2,-2198366894832365.0,-2196059224869871.0,-2193673854454802.8,-2191210131201350.5,-2188667402622790.5,-2186045016301469.0,-2183342320064588.2,-2180558662165931.2,-2177693391473684.8,-2174745857664492.5,-2171715411423895.2,-2168601404653308.0,-2165403190683686.0,-2162120124496036.2,-2158751562948937.0,-2155296865013212.5,-2151755392013944.5,-2148126507879966.0,-2144409579401016.5,-2140603976492720.0,-2136709072469560.0,-2132724244326018.2,-2128648873026056.2,-2124482343801107.5,-2120224046456767.2,-2115873375688341.8,-2111429731405452.0,-2106892519065858.0,-2102261150018691.8,-2097535041857279.2,-2092713618781724.5,-2087796311971448.2,-2082782559967857.2,-2077671809067320.5,-2072463513724643.5,-2067157136967206.0,-2061752150819956.2,-2056248036741429.0,-2050644286070960.5,-2044940400487279.5,-2039135892478644.5,-2033230285824683.8,-2027223116090113.0,-2021113931130481.2,-2014902291610109.0,-2008587771532358.5,-2002169958782372.2,-1995648455682450.8,-1989022879560158.5,-1982292863329304.5,-1975458056083906.0,-1968518123705236.8,-1961472749482070.0,-1954321634744163.0,-1947064499509103.0,-1939701083142534.5,-1932231145031834.5,-1924654465273251.5,-1916970845372535.0,-1909180108959039.0,-1901282102513281.2,-1893276696107917.2,-1885163784162065.5,-1876943286208887.5,-1868615147676317.5,-1860179340680798.2,-1851635864833863.8,-1842984748061357.8,-1834226047435071.8,-1825359850016532.5,-1816386273712637.2,-1807305468142805.5,-1798117615517264.8,-1788822931526047.5,-1779421666238226.8,-1769914105010886.0,-1760300569407243.2,-1750581418123309.8,-1740757047922408.2,-1730827894576801.5,-1720794433815634.5,-1710657182278310.5,-1700416698472360.5,-1690073583734787.0,-1679628483195779.2,-1669082086743630.2,-1658435129989566.5,-1647688395231145.2,-1636842712412765.0,-1625898960081701.2,-1614858066338040.2,-1603721009776698.5,-1592488820419661.5,-1581162580636400.0,-1569743426050337.0,-1558232546429069.8,-1546631186555947.8,-1534940647080416.5,-1523162285344426.0,-1511297516182022.5,-1499347812689070.5,-1487314706959909.5,-1475199790787518.0,-1463004716323639.0,-1450731196695061.5,-1438381006572090.0,-1425955982685026.2,-1413458024284247.8,-1400889093539259.5,-1388251215871874.5,-1375546480218414.0,-1362777039215605.0,-1349945109304568.8,-1337052970747056.2,-1324102967547820.8,-1311097507276716.0,-1298039060783877.2,-1284930161801010.5,-1271773406421555.5,-1258571452452175.8,-1245327018627743.0,-1232042883681671.5,-1218721885263148.5,-1205366918692512.5,-1191980935545718.5,-1178566942058507.8,-1165127997340624.0,-1151667211390089.0,-1138187742897270.5,-1124692796828183.6,-1111185621776185.6,-1097669507070963.8,-1084147779633458.9,-1070623800565137.9,-1057100961459809.8,-1043582680426007.4,-1030072397807778.9,-1016573571591626.5,-1003089672487226.0,-989624178669544.2,-976180570169944.0,-962762322903963.5,-949372902323557.1,-936015756681807.5,-922694309898370.1,-909411954014304.5,-896172041225384.4,-882977875483593.4,-869832703657164.8,-856739706240406.2,-843701987605496.9,-830722565789627.8,-817804361812172.9,-804950188518124.1,-792162738945793.6,-779444574218788.1,-766798110964548.8,-754225608264333.0,-741729154142428.5,-729310651605663.6,-716971804247951.4,-704714101438727.4,-692538803118744.1,-680446924231791.4,-668439218826671.8,-656516163870084.9,-644677942818171.1,-632924429002316.2,-621255168893536.0,-609669365319428.5,-598165860718408.4,-586743120527802.1,-575399216815532.6,-564131812279683.5,-552938144756339.0,-541815012393904.5,-530758759671838.56,-519765264463503.56,-508829926366930.4,-497947656553909.25,-487112869417199.6,-476319476328096.94,-465560881852369.2,-454829982812025.7,-444119170623775.44,-433420337392797.9,-422724886292842.06,-412023746821114.1,-401307395579179.94,-390565883299573.06,-379788868912123.3,-368965661524469.06,-358085271277783.9,-347136470131340.1,-336107863727809.56,-324987975594520.3,-313765345043143.8,-302428640239970.8,-290966788028648.5,-279369122193970.88,-267625551954678.03,-255726752559703.12,-243664379928565.97,-231431311313400.03,-219021913955636.12,-206432343650161.28,-193660874995970.0,-180708264883558.62,-167578150420250.8,-154277481996098.38,-140816991512186.16,-127211694894679.44,-113481426865697.17,-99651404502462.8,-85752814363503.84,-71823415885080.23,-57908151370446.266,-44059750271611.805,-30339312728384.758,-16816854712287.54,-3571794992153.5254,9306636948675.92,21719092153299.938,33555908984238.07,44697043729373.5,55012118906921.49,64360560429532.97,72591761580177.55,79545166529600.02,85050109224954.69,88925179572860.66,90976831478587.88,90996927025624.33,88758989346766.47,84013228714345.45,76481115358804.31,65851734609264.18,51784881870746.76,33930483569247.535,11980983590940.266,-14217714506704.75,-44464353818372.72,-77885939079717.5,-112544382767259.52,-145203762373282.22,-171979747500600.47,-191031434166310.8,-203703025480781.78,-205993750571686.03,0.0
7230.0,-2196239068767962.8,-2196494236884523.2,-2196700819840676.5,-2196858322188995.8,-2196966245482689.5,-2197024088297641.2,-2197031346255949.2,-2196987512051006.8,-2196892075474178.0,-2196744523443112.8,-2196544340031745.8,-2196291006502031.0,-2195984001337469.0,-2195622800278468.5,-2195206876359604.8,-2194735699948818.0,-2194208738788623.0,-2193625458039373.0,-2192985320324639.8,-2192287785778780.0,-2191532312096726.0,-2190718354586093.5,-2189845366221641.0,-2188912797702161.5,-2187920097509881.0,-2186866711972403.0,-2185752085327301.5,-2184575659789414.2,-2183336875620912.0,-2182035171204219.2,-2180669983117864.5,-2179240746215334.8,-2177746893707006.5,-2176187857245252.5,-2174563067012782.5,-2172871951814319.0,-2171113939171687.8,-2169288455422410.2,-2167394925821880.8,-2165432774649233.2,-2163401425316976.5,-2161300300484496.0,-2159128822175518.8,-2156886411899639.0,-2154572490778005.0,-2152186479673257.5,-2149727799323836.5,-2147195870482762.5,-2144590114060970.0,-2141909951275342.0,-2139154803801522.0,-2136324093931632.0,-2133417244737005.0,-2130433680236041.0,-2127372825567320.0,-2124234107168057.0,-2121016952958064.5,-2117720792529300.2,-2114345057341146.5,-2110889180921539.5,-2107352599074078.8,-2103734750091229.5,-2100035074973767.2,-2096253017656571.8,-2092388025240924.5,-2088439548233418.0,-2084407040791627.8,-2080289960976672.5,-2076087771012803.5,-2071799937554142.8,-2067425931958736.8,-2062965230570021.5,-2058417315005876.0,-2053781672455378.0,-2049057795983397.2,-2044245184843181.5,-2039343344797061.5,-2034351788445397.0,-2029270035563941.8,-2024097613449708.0,-2018834057275510.0,-2013478910453291.8,-2008031725006382.0,-2002492061950808.0,-1996859491685777.0,-1991133594393472.8,-1985313960448273.8,-1979400190835512.2,-1973391897579901.0,-1967288704183714.8,-1961090246074858.0,-1954796171064900.8,-1948406139817192.0,-1941919826325125.2,-1935336918400658.5,-1928657118173144.5,-1921880142598559.5,-1915005723979168.8,-1908033610493703.5,-1900963566738074.2,-1893795374276660.2,-1886528832204185.8,-1879163757718203.5,-1871699986702174.5,-1864137374319118.0,-1856475795615814.5,-1848715146137495.2,-1840855342552965.8,-1832896323290066.0,-1824838049181380.5,-1816680504120058.0,-1808423695725602.8,-1800067656019468.0,-1791612442110262.0,-1783058136888342.2,-1774404849729550.2,-1765652717207816.0,-1756801903816322.8,-1747852602696898.5,-1738805036377241.5,-1729659457515597.0,-1720416149652413.5,-1711075427968499.8,-1701637640049146.0,-1692103166653639.0,-1682472422489532.8,-1672745856991011.5,-1662923955100612.5,-1653007238053522.0,-1642996264163616.0,-1632891629610321.0,-1622693969225353.0,-1612403957278282.0,-1602022308259830.2,-1591549777661716.8,-1580987162751798.5,-1570335303343180.0,-1559595082555842.5,-1548767427569322.0,-1537853310364811.0,-1526853748454980.5,-1515769805599751.2,-1504602592506079.8,-1493353267509779.0,-1482023037237215.0,-1470613157244666.5,-1459124932632958.2,-1447559718634890.0,-1435918921172825.5,-1424203997383678.8,-1412416456108403.0,-1400557858342912.5,-1388629817647247.0,-1376634000509610.5,-1364572126661763.2,-1352445969342076.5,-1340257355502376.5,-1328008165954562.5,-1315700335452752.2,-1303335852706558.5,-1290916760320901.0,-1278445154657557.5,-1265923185613460.5,-1253353056310550.5,-1240737022691778.0,-1228077393017659.0,-1215376527257545.0,-1202636836369594.5,-1189860781463184.5,-1177050872837312.5,-1164209668888295.5,-1151339774879898.5,-1138443841568774.0,-1125524563677913.0,-1112584678210594.2,-1099626962597118.8,-1086654232666437.5,-1073669340434586.2,-1060675171701685.0,-1047674643449085.0,-1034670701028135.0,-1021666315131880.5,-1008664478540937.5,-995668202634680.9,-982680513658864.5,-969704448740731.4,-956743051642732.0,-943799368245986.5,-930876441754747.4,-917977307613255.8,-905104988126595.9,-892262486777411.6,-879452782230685.6,-866678822019182.8,-853943515902667.9,-841249728894573.6,-828600273950496.2,-815997904313693.0,-803445305513674.2,-790945087015054.8,-778499773515031.5,-766111795889233.8,-753783481787254.5,-741517045880920.9,-729314579770341.8,-717178041554980.1,-705109245079486.4,-693109848866761.2,-681181344753836.8,-669325046249549.4,-657542076636791.0,-645833356846341.5,-634199593133934.6,-622641264597377.8,-611158610576237.9,-599751617982906.4,-588420008620781.6,-577163226552977.0,-565980425593379.0,-554870457001164.4,-543831857470103.0,-532862837515195.6,-521961270371557.56,-511124681534013.44,-500350239080773.3,-489634744940917.75,-478974627283349.25,-468365934224537.94,-457804329073929.1,-447285087359453.4,-436803095901361.8,-426352854230760.3,-415928478679921.6,-405523709504889.5,-395131921437235.0,-384746138101227.6,-374359050775310.56,-363963042022726.7,-353550214765494.5,-343112427428725.0,-332641335838386.5,-322128442614929.44,-311565154867329.9,-300942851056563.2,-290252957963576.0,-279487038763351.16,-268636893272263.7,-257694671498632.06,-246653001683722.22,-235505134069139.7,-224245101662577.3,-212867899292045.47,-201369682232762.8,-189747985653089.6,-178001966046989.62,-166132665689478.75,-154143300955546.2,-142039575067359.94,-129830015462774.14,-117526335492390.34,-105143819534290.45,-92701729847223.78,-80223732549359.0,-67738339001265.484,-55279357589207.57,-42886349465185.96,-30605080245396.227,-18487958077112.23,-6594446984685.861,5008556803489.102,16246398474967.664,27036400777010.586,37287673392251.766,46901002183651.85,55768817848739.266,63775232486050.36,70796116732163.89,76699168935544.33,81343901621109.94,84581441440764.3,86254012626560.98,86193962831538.38,84222217506325.28,80146156643208.97,73757167745441.73,64828658321495.586,53116289179641.41,38363865766518.58,20320988851010.83,-1217590228182.9229,-26336249996679.8,-54867955021253.11,-86192938990692.81,-118972940416497.4,-150899782492772.88,-178721728340603.94,-199192635005785.47,-212054269441396.84,-226907110106222.72,-297907424375454.75,0.0
7227.5,-2158945962790073.0,-2158650906302837.5,-2158306235654742.2,-2157911484414836.2,-2157466183835411.5,-2156969862884537.5,-2156422048280208.0,-2155822264526110.2,-2155170033949101.8,-2154464876738408.0,-2153706310986605.0,-2152893852732429.8,-2152027016005464.5,-2151105312872752.5,-2150128253487387.5,-2149095346139133.2,-2148006097307126.5,-2146860011714720.2,-2145656592386508.0,-2144395340707608.0,-2143075756485249.5,-2141697338012722.2,-2140259582135752.5,-2138761984321361.8,-2137204038729278.5,-2135585238285956.2,-2133905074761271.2,-2132163038847961.0,-2130358620243871.5,-2128491307737083.2,-2126560589293982.5,-2124565952150354.5,-2122506882905561.8,-2120382867619893.0,-2118193391915143.8,-2115937941078517.0,-2113616000169913.2,-2111227054132691.2,-2108770587907978.8,-2106246086552616.5,-2103653035360816.5,-2100990919989613.5,-2098259226588205.0,-2095457441931255.5,-2092585053556260.8,-2089641549905053.0,-2086626420469539.2,-2083539155941777.8,-2080379248368453.5,-2077146191309880.5,-2073839480003597.8,-2070458611532681.0,-2067003084998831.0,-2063472401700376.5,-2059866065315263.0,-2056183582089128.8,-2052424461028584.5,-2048588214099777.0,-2044674356432358.0,-2040682406528938.5,-2036611886480160.8,-2032462322185459.0,-2028233243579637.2,-2023924184865358.5,-2019534684751649.0,-2015064286698526.5,-2010512539167853.8,-2005878995880521.5,-2001163216080071.5,-1996364764802850.0,-1991483213154815.0,-1986518138595075.5,-1981469125226292.0,-1976335764092012.8,-1971117653481066.8,-1965814399239091.2,-1960425615087319.2,-1954950922948683.8,-1949389953281369.0,-1943742345419870.5,-1938007747923669.5,-1932185818933597.8,-1926276226535973.5,-1920278649134598.5,-1914192775830671.5,-1908018306810706.0,-1901754953742503.0,-1895402440179255.8,-1888960501971823.5,-1882428887689235.2,-1875807359047461.5,-1869095691346495.8,-1862293673915767.5,-1855401110567907.8,-1848417820060891.0,-1841343636568538.8,-1834178410159398.8,-1826922007283962.0,-1819574311270210.0,-1812135222827444.8,-1804604660558346.2,-1796982561479191.5,-1789268881548174.5,-1781463596201712.8,-1773566700898630.0,-1765578211672112.2,-1757498165689262.0,-1749326621818115.2,-1741063661201915.0,-1732709387840453.8,-1724263929178249.8,-1715727436699308.8,-1707100086528193.5,-1698382080037113.2,-1689573644458686.2,-1680675033504021.0,-1671686527985746.8,-1662608436445547.0,-1653441095785758.5,-1644184871904538.0,-1634840160334074.8,-1625407386881280.0,-1615887008270344.0,-1606279512786514.0,-1596585420920400.8,-1586805286012056.5,-1576939694894049.5,-1566989268532683.2,-1556954662666456.0,-1546836568440825.5,-1536635713038239.0,-1526352860302374.0,-1515988811355448.5,-1505544405207380.0,-1495020519355529.8,-1484418070373685.0,-1473738014488848.0,-1462981348144328.0,-1452149108547557.5,-1441242374200967.5,-1430262265414144.8,-1419209944795447.8,-1408086617721120.0,-1396893532779870.0,-1385631982190767.5,-1374303302192221.2,-1362908873399667.2,-1351450121129520.5,-1339928515686794.2,-1328345572613690.8,-1316702852896359.0,-1305001963126847.0,-1293244555617198.8,-1281432328462483.2,-1269567025549416.8,-1257650436507110.2,-1245684396596312.0,-1233670786533415.2,-1221611532245305.8,-1209508604551014.8,-1197364018765982.0,-1185179834224589.5,-1172958153716458.0,-1160701122831885.5,-1148410929211609.0,-1136089801695972.0,-1123740009368381.5,-1111363860487835.2,-1098963701305129.4,-1086541914757232.8,-1074100919034159.5,-1061643166012572.8,-1049171139550205.0,-1036687353635073.6,-1024194350383373.8,-1011694697879833.8,-999190987854232.1,-986685833187730.0,-974181865242605.6,-961681731008960.0,-949188090061963.8,-936703611323228.9,-924230969619924.4,-911772842035364.6,-899331904044881.5,-886910825430958.4,-874512265971801.6,-862138870897754.4,-849793266110264.2,-837478053158461.5,-825195803968820.2,-812949055323864.0,-800740303086432.4,-788571996166679.5,-776446530229711.0,-764366241142600.4,-752333398160488.0,-740350196852528.8,-728418751769667.8,-716541088857563.8,-704719137619502.5,-692954723035809.9,-681249557248154.8,-669605231019203.8,-658023204980391.2,-646504800683116.0,-635051191471483.0,-623663393197813.6,-612342254805570.1,-601088448808097.9,-589902461695732.4,-578784584308364.1,-567734902215542.9,-556753286151691.06,-545839382559982.25,-534992604305027.5,-524212121621709.94,-513496853375371.56,-502845458717174.4,-492256329227858.0,-481727581653378.5,-471257051347124.6,-460842286545608.8,-450480543617847.44,-440168783443108.9,-429903669087469.2,-419681564966703.1,-409498537701595.75,-399350358891853.1,-389232510056516.7,-379140190012250.2,-369068324986122.3,-359011581786649.5,-348964384385929.94,-338920934296714.44,-328875235161234.94,-318821122003475.7,-308752295633226.0,-298662362728523.06,-288544882162684.06,-278393418182652.28,-268201601086290.56,-257963196086836.88,-247672181091994.84,-237322834161898.7,-226909831442856.7,-216428356400437.8,-205874221193665.9,-195244001038937.47,-184535182404116.25,-173746325845878.4,-162877244251632.0,-151929197165294.4,-140905101756983.0,-129809760832487.86,-118650108060538.88,-107435470315014.88,-96177846675550.14,-84892203193859.84,-73596782005736.31,-62313422743568.305,-51067893478696.66,-39890227600649.11,-28815062134721.27,-17881972037887.28,-7135794042856.901,3373067284931.4824,13588359343658.074,23447735615117.176,32882552449177.984,41817715922963.34,50171584122636.96,57855926616502.95,64775937383052.47,70830289661526.28,75911210916537.23,79904543577891.17,82689743481675.17,84139755553469.34,84120700398056.44,82491315585060.67,79102138009587.95,73794516043507.22,66399745624103.81,56738998646994.164,44625348472425.055,29870216002774.543,12298085679001.348,-8224567081009.079,-31737720349126.773,-58103150132333.49,-86876712418122.66,-117135427301013.0,-147281785955506.6,-174906023974489.53,-196906561235279.62,-210293167091146.66,-214746716122595.9,-223524681800456.47,-305710756050458.2,0.0
7225.0,-2116558968888609.8,-2115740816241531.8,-2114872434293656.2,-2113953388617338.8,-2112983243137926.0,-2111961560175571.0,-2110887900488723.0,-2109761823319307.0,-2108582886439659.2,-2107350646201242.0,-2106064657585200.0,-2104724474254785.0,-2103329648609711.0,-2101879731842478.2,-2100374273996711.2,-2098812824027568.0,-2097194929864263.2,-2095520138474758.0,-2093787995932664.5,-2091998047486425.0,-2090149837630810.5,-2088242910180797.0,-2086276808347871.2,-2084251074818828.8,-2082165251837114.0,-2080018881286759.5,-2077811504778992.0,-2075542663741554.5,-2073211899510813.0,-2070818753426704.5,-2068362766930587.2,-2065843481666070.0,-2063260439582858.5,-2060613183043718.0,-2057901254934586.5,-2055124198777927.0,-2052281558849380.5,-2049372880297779.8,-2046397709268613.2,-2043355593030988.2,-2040246080108181.0,-2037068720411832.8,-2033823065379885.5,-2030508668118298.5,-2027125083546654.0,-2023671868547709.0,-2020148582120966.0,-2016554785540357.2,-2012890042516097.0,-2009153919360798.5,-2005345985159924.5,-2001465811946647.5,-1997512974881206.8,-1993487052434836.5,-1989387626578353.0,-1985214282975454.0,-1980966611180853.5,-1976644204843293.0,-1972246661913532.5,-1967773584857384.8,-1963224580873891.5,-1958599262118704.2,-1953897245932754.8,-1949118155076298.0,-1944261617968395.8,-1939327268931929.5,-1934314748444206.0,-1929223703393246.0,-1924053787339808.5,-1918804660785248.0,-1913475991445257.0,-1908067454529566.5,-1902578733027682.8,-1897009518000711.8,-1891359508879335.0,-1885628413768009.8,-1879815949755441.0,-1873921843231373.0,-1867945830209773.8,-1861887656658430.8,-1855747078835029.2,-1849523863629731.8,-1843217788914304.0,-1836828643897820.0,-1830356229488956.0,-1823800358664914.8,-1817160856846972.0,-1810437562282665.5,-1803630326434626.0,-1796739014376034.0,-1789763505192696.0,-1782703692391716.2,-1775559484316724.5,-1768330804569634.5,-1761017592438859.8,-1753619803333948.5,-1746137409226548.5,-1738570399097618.5,-1730918779390809.8,-1723182574471874.2,-1715361827094006.5,-1707456598868960.2,-1699466970743800.0,-1691393043483114.2,-1683234938156483.5,-1674992796631042.2,-1666666782068855.5,-1658257079428916.2,-1649763895973464.5,-1641187461778351.5,-1632528030247152.2,-1623785878628661.2,-1614961308537440.8,-1606054646477024.5,-1597066244365356.0,-1587996480062019.5,-1578845757896800.5,-1569614509199047.0,-1560303192827316.5,-1550912295698711.5,-1541442333317301.8,-1531893850300977.2,-1522267420906055.0,-1512563649548883.2,-1502783171323696.5,-1492926652515871.0,-1482994791109739.8,-1472988317290030.5,-1462907993935971.5,-1452754617107036.5,-1442529016519260.2,-1432232056010985.2,-1421864633996852.5,-1411427683908783.2,-1400922174622635.0,-1390349110869141.0,-1379709533627704.2,-1369004520501499.5,-1358235186072305.5,-1347402682233404.5,-1336508198498782.2,-1325552962286827.8,-1314538239176611.5,-1303465333134758.5,-1292335586710833.5,-1281150381199080.8,-1269911136764250.0,-1258619312529179.0,-1247276406621668.0,-1235883956178117.8,-1224443537301293.2,-1212956764969468.5,-1201425292894116.2,-1189850813323194.2,-1178235056786991.2,-1166579791783368.5,-1154886824399145.8,-1143157997864271.2,-1131395192035301.0,-1119600322804619.1,-1107775341431716.8,-1095922233792754.1,-1084043019544518.1,-1072139751198805.1,-1060214513103134.5,-1048269420323657.2,-1036306617425965.2,-1024328277149508.2,-1012336598971169.1,-1000333807553553.9,-988322151073426.9,-976303899425729.6,-964281342298546.8,-952256787114367.9,-940232556832985.8,-928210987611373.9,-916194426315904.8,-904185227882315.0,-892185752518892.0,-880198362748434.0,-868225420284664.0,-856269282738913.4,-844332300153076.5,-832416811355044.5,-820525140133096.1,-808659591225998.5,-796822446125948.0,-785015958691848.9,-773242350570914.1,-761503806427068.8,-749802468975244.2,-738140433821303.9,-726519744108093.4,-714942384968939.0,-703410277790861.4,-691925274290792.5,-680489150409255.9,-669103600027238.0,-657770228513396.8,-646490546110314.9,-635265961170230.8,-624097773252570.9,-612987166097704.2,-601935200493615.0,-590942807054716.8,-580010778934775.0,-569139764498923.5,-558330259983052.94,-547582602172460.4,-536896961135567.94,-526273333052829.4,-515711533185599.2,-505211189034856.2,-494771733745210.3,-484392399815654.5,-474072213185097.06,-463809987767822.06,-453604320521761.4,-443453587140859.6,-433355938471881.3,-423309297765856.44,-413311358884990.25,-403359585597338.06,-393451212103939.0,-383583244956426.25,-373752466537473.3,-363955440291809.5,-354188517912010.75,-344447848700847.7,-334729391350702.06,-325028928400432.4,-315342083651064.5,-305664342843786.94,-295991077926850.94,-286317575262009.5,-276639068145920.06,-266950774047253.8,-257247936985801.8,-247525875505252.25,-237780036716023.8,-228006056907943.12,-218199829253828.56,-208357579143229.75,-198475947699398.6,-188552084040620.12,-178583746847473.47,-168569415788354.38,-158508413334117.0,-148401037456140.38,-138248705647005.72,-128054110625554.62,-117821387983937.45,-107556295898653.6,-97266406855313.83,-86961311122543.88,-76652831448657.4,-66355248140401.09,-56085533311951.53,-45863592661845.04,-35712512645561.39,-25658810366048.22,-15732682913225.803,-5968252264158.577,3596198763304.328,12918004586317.225,21949914516893.6,30639915845489.47,38931088177862.21,46761494413091.48,54064112713893.97,60766812004450.05,66792370748682.16,72058534857782.4,76478105489830.94,79959041381249.92,82404553718284.1,83713165614947.55,83778705322571.22,82490206447561.08,79731706555304.14,75381978601831.53,69314314688922.42,61396633982989.8,51492442057643.37,39463574556168.125,25176268894911.367,8512972236896.24,-10606582786168.664,-32190238554371.76,-56118394143271.87,-82063412216274.52,-109380711932744.98,-136977316187027.72,-163180986158089.66,-185660874236771.72,-201484567451864.3,-207464522546502.5,-201702064267139.16,-193956957993360.94,-232091422266389.66,0.0
7222.5,-2069661352396179.0,-2068349401923109.2,-2066987002185669.2,-2065573753148539.5,-2064109253776443.0,-2062593102083938.0,-2061024895186895.5,-2059404229355706.8,-2057730700070250.0,-2056003902076672.5,-2054223429446005.0,-2052388875634673.2,-2050499833546936.8,-2048555895599296.2,-2046556653786922.8,-2044501699752140.0,-2042390624855022.0,-2040223020246128.8,-2037998476941448.5,-2035716585899580.2,-2033376938101212.0,-2030979124630933.5,-2028522736761442.0,-2026007366040189.5,-2023432604378517.2,-2020798044143328.2,-2018103278251362.0,-2015347900266105.5,-2012531504497409.8,-2009653686103852.5,-2006714041197916.5,-2003712166954018.5,-2000647661719470.0,-1997520125128399.8,-1994329158218714.5,-1991074363552143.0,-1987755345337433.0,-1984371709556744.5,-1980923064095314.5,-1977409018874434.8,-1973829185987825.0,-1970183179841433.8,-1966470617296754.8,-1962691117817698.5,-1958844303621092.8,-1954929799830866.5,-1950947234635981.0,-1946896239452175.8,-1942776449087569.5,-1938587501912210.5,-1934329040031607.5,-1930000709464322.8,-1925602160323674.8,-1921133047003618.2,-1916593028368869.0,-1911981767949316.0,-1907298934138794.8,-1902544200398277.2,-1897717245463535.0,-1892817753557330.5,-1887845414606206.2,-1882799924461904.2,-1877680985127495.0,-1872488304988249.0,-1867221599047318.0,-1861880589166265.0,-1856465004310491.2,-1850974580799621.0,-1845409062562867.2,-1839768201399437.0,-1834051757244010.0,-1828259498437322.0,-1822391202001903.5,-1816446653922980.5,-1810425649434594.0,-1804327993310930.5,-1798153500162919.2,-1791901994740078.8,-1785573312237653.8,-1779167298609027.0,-1772683810883426.5,-1766122717488913.5,-1759483898580651.8,-1752767246374440.0,-1745972665485484.5,-1739100073272396.2,-1732149400186365.5,-1725120590125480.5,-1718013600794143.2,-1710828404067517.2,-1703564986360947.2,-1696223349004276.2,-1688803508620971.0,-1681305497511964.2,-1673729364044102.2,-1666075173043091.5,-1658343006190802.2,-1650532962426789.2,-1642645158353887.0,-1634679728647693.5,-1626636826469769.2,-1618516623884345.8,-1610319312278333.2,-1602045102784403.5,-1593694226706866.0,-1585266935950117.2,-1576763503449330.5,-1568184223603111.2,-1559529412707766.8,-1550799409392853.8,-1541994575057622.5,-1533115294307957.0,-1524161975393399.5,-1515135050643793.2,-1506034976905083.2,-1496862235973751.5,-1487617335029373.8,-1478300807064705.0,-1468913211312725.5,-1459455133669982.0,-1449927187115596.5,-1440330012125200.5,-1430664277079086.2,-1420930678663779.0,-1411129942266223.0,-1401262822359703.0,-1391330102880623.2,-1381332597595169.5,-1371271150454881.5,-1361146635940077.0,-1350959959390046.2,-1340712057318870.8,-1330403897715673.8,-1320036480328048.2,-1309610836927367.0,-1299128031554604.0,-1288589160745256.5,-1277995353731878.8,-1267347772622690.5,-1256647612554654.5,-1245896101819352.2,-1235094501959917.8,-1224244107837236.0,-1213346247663524.8,-1202402283001359.2,-1191413608726131.8,-1180381652949851.2,-1169307876904141.0,-1158193774780184.8,-1147040873523327.8,-1135850732579955.0,-1124624943594177.6,-1113365130051825.1,-1102072946869106.0,-1090750079923296.1,-1079398245522684.1,-1068019189812955.9,-1056614688117138.5,-1045186544206145.2,-1033736589496885.6,-1022266682174876.5,-1010778706238203.5,-999274570459634.8,-987756207263649.5,-976225571515085.4,-964684639216092.4,-953135406108020.9,-941579886174885.8,-930020110045007.8,-918458123287447.0,-906895984599843.1,-895335763884307.2,-883779540208056.5,-872229399645496.5,-860687432998580.5,-849155733392324.6,-837636393742478.0,-826131504092489.8,-814643148817069.6,-803173403689815.2,-791724332812614.1,-780297985404774.1,-768896392450109.8,-757521563200562.8,-746175481535293.4,-734860102174589.5,-723577346748430.0,-712329099720045.4,-701117204165415.6,-689943457410287.4,-678809606527031.6,-667717343694437.9,-656668301424450.9,-645664047660809.5,-634706080755633.9,-623795824331177.1,-612934622035254.4,-602123732200276.2,-591364322417374.4,-580657464038785.0,-570004126623530.0,-559405172343437.4,-548861350368754.3,-538373291255006.25,-527941501355356.4,-517566357285566.1,-507248100471731.0,-496986831814313.0,-486782506505624.5,-476634929041835.06,-466543748474843.25,-456508453953952.2,-446528370612267.94,-436602655858120.1,-426730296137602.1,-416910104240589.5,-407140717229328.4,-397420595075941.75,-387748020102971.5,-378121097329455.8,-368537755833958.1,-358995751255566.25,-349492669564071.7,-340025932241429.9,-330592803028153.06,-321190396400529.4,-311815687957487.06,-302465526909511.3,-293136650876258.94,-283825703214337.75,-274529253112073.8,-265243818703855.75,-255965893472718.3,-246691976226009.0,-237418604945054.12,-228142394825430.6,-218860080839380.6,-209568565165659.4,-200264969844124.97,-190946695022030.62,-181611483165463.84,-172257489611756.94,-162883359835893.06,-153488313794589.84,-144072237694423.0,-134635783503235.94,-125180476485234.75,-115708830987275.12,-106224474634483.14,-96732281004649.95,-87238510739955.1,-77750960918295.17,-68279122341747.75,-58834344203432.89,-49430005363575.01,-40081691198929.51,-30807374686059.65,-21627600039024.33,-12565666849198.402,-3647812275875.717,5096611577657.34,13634968379399.588,21931180036178.086,29945584896633.33,37634815887862.06,44951702833825.625,51845203017679.2,58260363546107.33,64138318162289.2,69416319748796.97,74027807797185.34,77902507584692.61,80966554782194.94,83142635999459.27,84350132943312.78,84505256509594.1,83521159109781.1,81308021864213.19,77773132677066.56,72821008715386.73,66353682705823.07,58271381009049.07,48473991385673.82,36863972278911.56,23351716193616.23,7864861366077.388,-9636366198758.488,-29135084019794.055,-50521825075350.27,-73543762621530.1,-97737474940997.77,-122347000032870.16,-146234418738278.97,-167795016327564.7,-184881835846510.94,-194699339200969.62,-193561154039439.1,-176966477881986.47,-144744899195623.88,-109492509621811.92,0.0
7220.0,-2018819780392971.2,-2017045071689685.5,-2015220066578739.5,-2013344401211398.5,-2011417711354593.5,-2009439632447310.0,-2007409799658661.5,-2005327847947672.5,-2003193412124809.8,-2001006126915304.0,-1998765627024294.0,-1996471547203818.8,-1994123522321726.2,-1991721187432502.2,-1989264177850082.0,-1986752129222669.8,-1984184677609621.2,-1981561459560411.2,-1978882112195740.5,-1976146273290817.0,-1973353581360859.2,-1970503675748855.0,-1967596196715625.5,-1964630785532235.8,-1961607084574792.5,-1958524737421680.5,-1955383388953271.8,-1952182685454160.0,-1948922274717963.5,-1945601806154740.5,-1942220930901064.0,-1938779301932802.8,-1935276574180650.8,-1931712404648461.8,-1928086452534422.8,-1924398379355121.0,-1920647849072553.8,-1916834528224122.8,-1912958086055662.2,-1909018194657549.0,-1905014529103948.0,-1900946767595219.8,-1896814591603572.2,-1892617686021969.8,-1888355739316362.2,-1884028443681289.0,-1879635495198882.8,-1875176594001342.8,-1870651444436904.5,-1866059755239360.5,-1861401239701183.0,-1856675615850273.8,-1851882606630403.2,-1847021940085369.2,-1842093349546931.8,-1837096573826542.0,-1832031357410923.5,-1826897450661544.5,-1821694610018001.0,-1816422598205365.5,-1811081184445525.8,-1805670144672550.5,-1800189261752103.5,-1794638325704950.2,-1789017133934566.8,-1783325491458895.0,-1777563211146240.0,-1771730113955358.2,-1765826029179729.2,-1759850794696039.0,-1753804257216877.2,-1747686272547664.0,-1741496705847798.0,-1735235431896042.5,-1728902335360125.5,-1722497311070557.8,-1716020264298664.0,-1709471111038782.8,-1702849778294642.0,-1696156204369863.5,-1689390339162566.8,-1682552144464044.0,-1675641594261432.0,-1668658675044371.2,-1661603386115546.2,-1654475739905077.8,-1647275762288674.0,-1640003492909456.5,-1632658985503385.2,-1625242308228164.2,-1617753543995529.5,-1610192790806805.5,-1602560162091581.0,-1594855787049386.0,-1587079810994204.2,-1579232395701665.0,-1571313719758735.5,-1563323978915721.5,-1555263386440384.5,-1547132173473949.5,-1538930589388776.8,-1530658902147447.8,-1522317398663007.0,-1513906385160084.2,-1505426187536575.5,-1496877151725612.5,-1488259644057437.0,-1479574051620868.5,-1470820782623960.5,-1462000266753464.5,-1453112955532687.2,-1444159322677284.8,-1435139864448542.5,-1426055100003648.5,-1416905571742444.0,-1407691845650097.5,-1398414511635158.5,-1389074183862365.0,-1379671501079597.0,-1370207126938302.2,-1360681750306715.0,-1351096085575138.0,-1341450872952532.5,-1331746878753627.0,-1321984895675715.0,-1312165743064268.5,-1302290267166486.2,-1292359341371807.2,-1282373866438432.8,-1272334770704811.0,-1262243010285036.0,-1252099569247041.0,-1241905459772438.5,-1231661722296797.8,-1221369425629129.0,-1211029667049267.2,-1200643572381825.0,-1190212296045312.8,-1179737021074997.0,-1169218959118000.5,-1158659350399098.8,-1148059463655626.8,-1137420596039844.0,-1126744072987064.5,-1116031248047789.0,-1105283502682057.6,-1094502246014136.0,-1083688914545656.9,-1072844971825234.0,-1061971908072543.4,-1051071239754816.6,-1040144509113620.8,-1029193283639779.6,-1018219155494219.0,-1007223740872497.1,-996208679310727.4,-985175632930553.9,-974126285620837.6,-963062342153637.4,-951985527232074.6,-940897584467636.0,-929800275284450.0,-918695377748068.2,-907584685316280.2,-896470005509476.2,-885353158498126.0,-874235975604902.2,-863120297719076.9,-852007973620805.9,-840900858213013.5,-829800810658627.6,-818709692421027.2,-807629365205651.8,-796561688800839.9,-785508518816109.8,-774471704316258.5,-763453085349832.6,-752454490370731.2,-741477733551957.9,-730524611990778.4,-719596902804867.2,-708696360119341.5,-697824711944968.8,-686983656948237.4,-676174861114456.6,-665399954305531.2,-654660526714661.5,-643958125220783.2,-633294249646289.2,-622670348922283.0,-612087817166450.2,-601547989679515.2,-591052138867226.9,-580601470095879.5,-570197117490530.5,-559840139686338.8,-549531515544816.0,-539272139848270.2,-529062818987340.9,-518904266658269.25,-508797099588454.9,-498741833310891.8,-488738878010315.3,-478788534466277.1,-468890990120974.25,-459046315302446.25,-449254459636784.25,-439515248686228.7,-429828380853561.6,-420193424596931.8,-410609816003319.9,-401076856773171.56,-391593712673394.75,-382159412520887.5,-372772847764094.6,-363432772735781.94,-354137805656279.3,-344886430472898.75,-335676999628092.75,-326507737856184.25,-317376747116178.6,-308282012776276.6,-299221411174210.1,-290192718686437.7,-281193622448524.2,-272221732878668.53,-263274598166269.16,-254349720897603.25,-245444577001008.28,-236556637204346.22,-227683391207812.5,-218822374785205.0,-209971200036342.8,-201127589022206.7,-192289411022233.44,-183454723659678.38,-174621818145623.25,-165789268894543.8,-156955987763738.97,-148121283164674.38,-139284924285561.14,-130447210650355.94,-121609047218740.12,-112772025203286.55,-103938508742625.1,-95111727521409.02,-86295875367686.1,-77496214784051.16,-68719187278939.67,-59972529256635.234,-51265393097253.62,-42608472909367.66,-34014134266705.297,-25496547045561.656,-17071820261110.074,-8758137559618.654,-575891762215.5254,7452183421211.975,15300886674890.52,22942429807107.227,30346328644076.65,37479307034629.836,44305217080935.01,50784978785715.01,56876542251532.93,62534875340812.16,67711979262794.086,72356933855845.23,76415973354290.77,79832592171982.84,82547678758833.02,84499674044037.77,85624749673855.36,85857000718940.53,85128648651990.47,83370254574342.03,80510952011245.66,76478726191225.89,71200796950709.73,64604211218492.75,56616826151628.64,47168974697307.22,36196261453421.85,23644145792446.805,9475230875430.348,-6319527836141.149,-23704208492131.105,-42574284144705.01,-62724548378332.88,-83808020213494.48,-105286910482803.08,-126378939011709.67,-146002880892674.0,-162718892258812.47,-174622818404556.8,-179052901963709.5,-171794390199579.44,-145514550750962.5,-87497208779753.6,21409506964897.453,0.0
7217.5,-1964581039467801.5,-1962375937680757.0,-1960121039740629.0,-1957816019198477.2,-1955460549797696.8,-1953054305535602.0,-1950596960726665.2,-1948088190067411.0,-1945527668703024.5,-1942915072295684.8,-1940250077094669.8,-1937532360008254.0,-1934761598677441.8,-1931937471551566.5,-1929059657965778.2,-1926127838220478.2,-1923141693662706.0,-1920100906769539.5,-1917005161233516.0,-1913854142050140.2,-1910647535607489.0,-1907385029777959.0,-1904066314012190.0,-1900691079435208.8,-1897259018944815.0,-1893769827312256.5,-1890223201285228.2,-1886618839693227.5,-1882956443555308.8,-1879235716190266.5,-1875456363329292.5,-1871618093231137.2,-1867720616799812.5,-1863763647704879.2,-1859746902504348.8,-1855670100770233.5,-1851532965216798.8,-1847335221831528.5,-1843076600008859.0,-1838756832686710.2,-1834375656485849.0,-1829932811852119.5,-1825428043201576.0,-1820861099068555.2,-1816231732256713.2,-1811539699993071.0,-1806784764085084.2,-1801966691080796.2,-1797085252432068.5,-1792140224660946.5,-1787131389529185.2,-1782058534210944.2,-1776921451468701.0,-1771719939832389.2,-1766453803781807.2,-1761122853932289.2,-1755726907223689.5,-1750265787112677.5,-1744739323768374.0,-1739147354271335.0,-1733489722815903.5,-1727766280915932.0,-1721976887613894.5,-1716121409693385.0,-1710199721895011.0,-1704211707135683.8,-1698157256731297.2,-1692036270622801.2,-1685848657605644.8,-1679594335562592.8,-1673273231699894.0,-1666885282786776.0,-1660430435398252.2,-1653908646161211.8,-1647319882003750.0,-1640664120407714.0,-1633941349664415.5,-1627151569133465.2,-1620294789504676.0,-1613371033062971.8,-1606380333956238.2,-1599322738466059.0,-1592198305281225.2,-1585007105773976.8,-1577749224278842.8,-1570424758374009.2,-1563033819165093.8,-1555576531571204.8,-1548053034613182.2,-1540463481703855.8,-1532808040940196.5,-1525086895397210.0,-1517300243423384.5,-1509448298937546.2,-1501531291726912.8,-1493549467746160.2,-1485503089417291.5,-1477392435930063.2,-1469217803542769.5,-1460979505883100.0,-1452677874248825.0,-1444313257908015.0,-1435886024398509.5,-1427396559826326.2,-1418845269162661.2,-1410232576539162.2,-1401558925541085.8,-1392824779497982.0,-1384030621771478.5,-1375176956039760.0,-1366264306578300.8,-1357293218536374.0,-1348264258208865.8,-1339178013302884.2,-1330035093198625.8,-1320836129203942.0,-1311581774802042.2,-1302272705891705.2,-1292909621019384.5,-1283493241602533.0,-1274024312143476.2,-1264503600433099.5,-1254931897743622.5,-1245310019009671.2,-1235638802996850.5,-1225919112456971.8,-1216151834269075.5,-1206337879565337.0,-1196478183840924.8,-1186573707046838.8,-1176625433664726.2,-1166634372762627.2,-1156601558030589.8,-1146528047795021.0,-1136414925010644.0,-1126263297228862.5,-1116074296541320.8,-1105849079497386.2,-1095588826994265.5,-1085294744138419.2,-1074968060076894.6,-1064610027797173.8,-1054221923894086.5,-1043805048302311.0,-1033360723992931.8,-1022890296632517.0,-1012395134203111.0,-1001876626581542.5,-991336185076380.1,-980775241920861.6,-970195249720099.2,-959597680850811.0,-948984026811844.1,-938355797523698.4,-927714520575270.1,-917061740416019.4,-906399017491730.0,-895727927322075.1,-885050059518155.0,-874367016738208.8,-863680413579715.0,-852991875406096.6,-842303037106300.0,-831615541785533.8,-820931039385502.4,-810251185232545.1,-799577638512112.9,-788912060668152.4,-778256113726000.4,-767611458537541.1,-756979752947466.6,-746362649879643.2,-735761795342725.1,-725178826354334.2,-714615368783323.9,-704073035109859.5,-693553422103293.0,-683058108418071.2,-672588652108227.9,-662146588061322.0,-651733425353061.6,-641350644524236.5,-630999694782029.9,-620681991128244.9,-610398911417522.6,-600151793349162.9,-589941931396828.9,-579770573681041.5,-569638918790145.5,-559548112556198.06,-549499244793119.9,-539493346005369.25,-529531384076430.4,-519614260947494.9,-509742809297920.8,-499917789240320.1,-490139885044524.5,-480409701906171.2,-470727762777256.0,-461094505277739.9,-451510278709162.0,-441975341193202.8,-432489856960312.75,-423053893815814.44,-413667420813367.6,-404330306168338.94,-395042315446449.7,-385803110066103.94,-376612246156044.75,-367469173813419.06,-358373236811019.94,-349323672806364.75,-340319614109429.0,-331360089070226.7,-322444024152092.25,-313570246761402.44,-304737488909646.2,-295944391789155.2,-287189511349475.9,-278471324967265.16,-269788239308718.4,-261138599489874.0,-252520699646627.8,-243932795032936.3,-235373115772382.7,-226839882395012.0,-218331323297985.44,-209845694275085.34,-201381300266285.84,-192936519484340.47,-184509830080455.25,-176099839515384.5,-167705316805479.66,-159325227815014.38,-150958773766180.53,-142605433136074.97,-134265007105334.3,-125937668715281.95,-117624015878914.14,-109325128375118.9,-101042628934391.25,-92778748497151.39,-84536395691669.83,-76319230536500.73,-68131742321193.27,-59979331557714.89,-51868395822344.88,-43806419222614.234,-35802065125116.14,-27865271666710.367,-20007349443111.832,-12241080624703.102,-4580818589806.29,2957413008550.5957,10355823013321.41,17594758839288.43,24652617523692.36,31505763621914.32,38128456009072.516,44492785817636.97,50568627874849.97,56323608084810.32,61723089208876.414,66730177413197.44,71305751752469.94,75408518426558.27,78995091172291.12,82020098544579.52,84436318136947.94,86194837078323.33,87245237582791.03,87535806197668.94,87013766132950.73,85625534334852.66,83317009779943.11,80033908229986.53,75722173356579.55,70328517321389.15,63801178887872.14,56091037870144.16,47153295361303.42,36950023181021.3,25454004112826.273,12654421236822.531,-1434907844648.996,-16763956896273.01,-33230792150237.25,-50661193013157.055,-68783620382953.55,-87200580537144.55,-105358672861347.03,-122519916873322.89,-137732720860715.1,-149782729659104.06,-157050674253688.1,-157077194346462.66,-145380078256048.34,-112500435896971.0,-35551560357898.34,125167899609254.56,0.0
7215.0,-1907469236640439.5,-1904867034273433.5,-1902215855528013.2,-1899515412010510.2,-1896765416051050.0,-1893965580768953.0,-1891115620139710.8,-1888215249063553.0,-1885264183435648.5,-1882262140217951.5,-1879208837512732.8,-1876103994637814.0,-1872947332203537.5,-1869738572191504.5,-1866477438035097.0,-1863163654701821.0,-1859796948777503.2,-1856377048552354.2,-1852903684108945.0,-1849376587412111.0,-1845795492400819.8,-1842160135082033.0,-1838470253626580.0,-1834725588467085.8,-1830925882397974.0,-1827070880677574.0,-1823160331132362.8,-1819193984263369.0,-1815171593354765.5,-1811092914584685.5,-1806957707138277.5,-1802765733323040.5,-1798516758686454.0,-1794210552135947.8,-1789846886061210.0,-1785425536458890.2,-1780946283059703.2,-1776408909457964.0,-1771813203243581.8,-1767158956136533.2,-1762445964123845.0,-1757674027599090.8,-1752842951504455.0,-1747952545475350.5,-1743002623987636.5,-1737993006507442.0,-1732923517643617.5,-1727793987302835.2,-1722604250847343.8,-1717354149255401.8,-1712043529284403.2,-1706672243636699.5,-1701240151128131.8,-1695747116859283.5,-1690193012389469.0,-1684577715913433.8,-1678901112440808.0,-1673163093978289.5,-1667363559714555.2,-1661502416207916.8,-1655579577576689.0,-1649594965692281.5,-1643548510374998.0,-1637440149592522.0,-1631269829661080.0,-1625037505449263.2,-1618743140584471.8,-1612386707661972.2,-1605968188456521.0,-1599487574136535.5,-1592944865480758.0,-1586340073097378.8,-1579673217645576.8,-1572944330059411.8,-1566153451774022.0,-1559300634954061.2,-1552385942724314.0,-1545409449402403.0,-1538371240733531.0,-1531271414127152.0,-1524110078895490.5,-1516887356493821.8,-1509603380762380.8,-1502258298169825.5,-1494852268058101.5,-1487385462888602.2,-1479858068489488.2,-1472270284304007.0,-1464622323639691.5,-1456914413918239.2,-1449146796925931.2,-1441319729064401.2,-1433433481601558.8,-1425488340922472.0,-1417484608780001.0,-1409422602544949.8,-1401302655455508.2,-1393125116865735.0,-1384890352492823.5,-1376598744662874.0,-1368250692554892.5,-1359846612442704.2,-1351386937934482.0,-1342872120209550.0,-1334302628252115.0,-1325678949081577.2,-1317001587979024.5,-1308271068709541.8,-1299487933739892.0,-1290652744451164.5,-1281766081345935.5,-1272828544249467.0,-1263840752504461.0,-1254803345158874.5,-1245716981146252.5,-1236582339458029.5,-1227400119307255.8,-1218171040283121.5,-1208895842495694.8,-1199575286710220.2,-1190210154470323.0,-1180801248209431.5,-1171349391349720.2,-1161855428387822.0,-1152320224966573.0,-1142744667931984.8,-1133129665374654.2,-1123476146654759.8,-1113785062409793.1,-1104057384544132.2,-1094294106199543.5,-1084496241705669.4,-1074664826509535.2,-1064800917083076.8,-1054905590807672.0,-1044979945834622.0,-1035025100920515.4,-1025042195236365.0,-1015032388149398.8,-1004996858976363.4,-994936806707138.8,-984853449697507.0,-974748025329815.1,-964621789640331.0,-954476016912003.8,-944311999231371.0,-934131046008311.6,-923934483457347.8,-913723654039168.6,-903499915861053.0,-893264642034869.2,-883019219991299.8,-872765050748973.6,-862503548137162.0,-852236137970729.8,-841964257176026.1,-831689352866427.5,-821412881366271.8,-811136307181947.8,-800861101918937.0,-790588743143663.5,-780320713189045.1,-770058497902705.6,-759803585336881.9,-749557464379124.1,-739321623323010.0,-729097548378148.8,-718886722118921.4,-708690621871479.5,-698510718038716.6,-688348472363043.0,-678205336127007.0,-668082748291984.9,-657982133575368.6,-647904900466939.6,-637852439185361.5,-627826119576008.2,-617827288951661.6,-607857269877951.9,-597917357905777.6,-588008819253347.5,-578132888440925.4,-568290765881832.6,-558483615433768.06,-548712561915082.44,-538978688591218.25,-529283034637205.4,-519626592582778.7,-510010305747466.8,-500435065673791.94,-490901709567623.4,-481411017755655.0,-471963711171005.56,-462560448879022.4,-453201825656555.3,-443888369639202.9,-434620540052404.3,-425398725043672.75,-416223239634815.1,-407094323814630.75,-398012140794345.44,-388976775449900.4,-379988232977233.4,-371046437788803.06,-362151232681879.1,-353302378311524.5,-344499553003733.06,-335742352946901.94,-327030292802655.5,-318362806780050.0,-309739250220366.94,-301158901743014.9,-292620966006569.8,-284124577142613.4,-275668802923841.12,-267252649731848.2,-258875068394086.88,-250534960963670.78,-242231188520005.88,-233962580072577.75,-225727942654618.72,-217526072697774.22,-209355768783204.8,-201215845868767.03,-193105151095925.4,-185022581283758.5,-176967102220731.34,-168937769867703.2,-160933753587736.56,-152954361519532.1,-144999068211511.94,-137067544632467.06,-129159690672033.14,-121275670239716.8,-113415949064445.12,-105581335287238.81,-97773022927178.23,-89992638284858.81,-82242289327461.03,-74524618074817.25,-66842855975790.945,-59200882228215.47,-51603284952879.766,-44055425081817.33,-36563502762780.55,-29134626014516.832,-21776881290688.93,-14499405523460.717,-7312459120564.177,-227499281932.66406,6742747115996.361,13584211947789.139,20281416593702.023,26817406179108.586,33173688601819.73,39330179795452.72,45265156816196.64,50955220467122.61,56375269280565.664,61498486755697.41,66296343784744.47,70738618186496.56,74793433189569.33,78427316562704.45,81605281873176.72,84290933075136.28,86446593312179.94,88033458513450.75,89011776160087.75,89341049645909.0,88980269180200.47,87888171519407.11,86023533453897.84,83345508591874.56,79814024486659.14,75390268732061.02,70037309777780.25,63720922611957.06,56410722924161.78,48081757410697.07,38716752988982.734,28309291944859.996,16868246939571.135,4423864859702.058,-8964095336126.947,-23195832786596.65,-38118459244452.95,-53510749355447.445,-69066696138771.83,-84379736168251.97,-98929984262539.75,-112075314573135.73,-123039660141238.1,-130869525309622.81,-134273951325657.45,-131137311049450.44,-117198434345729.08,-82403093318066.28,59629628566.80885,177051445304298.0,0.0
7212.5,-1847983473824010.5,-1845018014004291.2,-1842004687372098.0,-1838943243718440.0,-1835833434039454.8,-1832675010604269.5,-1829467727024339.5,-1826211338324286.0,-1822905601014262.5,-1819550273163862.5,-1816145114477603.0,-1812689886371988.2,-1809184352054198.0,-1805628276602406.0,-1802021427047756.2,-1798363572458021.8,-1794654484022967.5,-1790893935141438.2,-1787081701510188.0,-1783217561214491.0,-1779301294820535.5,-1775332685469631.0,-1771311518974254.8,-1767237583915951.2,-1763110671745114.2,-1758930576882659.0,-1754697096823622.0,-1750410032242694.2,-1746069187101717.0,-1741674368759154.5,-1737225388081566.2,-1732722059557092.5,-1728164201410978.0,-1723551635723145.8,-1718884188547839.0,-1714161690035348.2,-1709383974555842.5,-1704550880825308.0,-1699662252033627.2,-1694717935974789.0,-1689717785179266.5,-1684661657048542.0,-1679549413991831.8,-1674380923564975.0,-1669156058611532.0,-1663874697406068.8,-1658536723799655.5,-1653142027367578.5,-1647690503559246.5,-1642182053850329.0,-1636616585897096.0,-1630994013692968.5,-1625314257727281.0,-1619577245146228.5,-1613782909916026.5,-1607931192988227.5,-1602022042467226.5,-1596055413779907.0,-1590031269847428.2,-1583949581259127.2,-1577810326448513.5,-1571613491871338.5,-1565359072185692.5,-1559047070434120.0,-1552677498227706.5,-1546250375932095.2,-1539765732855407.5,-1533223607438000.0,-1526624047444026.8,-1519967110154751.8,-1513252862563536.5,-1506481381572468.0,-1499652754190533.2,-1492767077733297.5,-1485824460023976.8,-1478825019595854.0,-1471768885895937.8,-1464656199489763.2,-1457487112267261.5,-1450261787649562.0,-1442980400796646.0,-1435643138815714.0,-1428250200970153.5,-1420801798888974.2,-1413298156776568.5,-1405739511622660.0,-1398126113412275.5,-1390458225335587.8,-1382736123997457.0,-1374960099626487.5,-1367130456283420.0,-1359247512068652.0,-1351311599328691.5,-1343323064861320.5,-1335282270119237.8,-1327189591411955.8,-1319045420105692.0,-1310850162820995.8,-1302604241627852.8,-1294308094237964.8,-1285962174193925.5,-1277566951054974.5,-1269122910579011.2,-1260630554900545.0,-1252090402704205.0,-1243502989393487.5,-1234868867254327.2,-1226188605613129.0,-1217462790988833.5,-1208692027238607.0,-1199876935696718.5,-1191018155306137.0,-1182116342742393.8,-1173172172529216.5,-1164186337145431.5,-1155159547122603.8,-1146092531132895.5,-1136986036066563.5,-1127840827098537.8,-1118657687743471.6,-1109437419898665.2,-1100180843874218.5,-1090888798409772.2,-1081562140677160.8,-1072201746268295.8,-1062808509167556.8,-1053383341707987.5,-1043927174510520.8,-1034440956405494.0,-1024925654335652.2,-1015382253239845.8,-1005811755916596.1,-996215182866698.4,-986593572113992.5,-976947979003441.1,-967279475975616.0,-957589152316699.5,-947878113883065.6,-938147482799520.0,-928398397130256.8,-918632010521555.1,-908849491815281.2,-899052024632189.2,-889240806924068.2,-879417050493732.1,-869581980481876.4,-859736834819809.8,-849882863647088.8,-840021328693062.2,-830153502621370.4,-820280668336442.9,-810404118251052.4,-800525153514013.2,-790645083197123.2,-780765223440498.8,-770886896555471.6,-761011430084252.9,-751140155815644.8,-741274408756107.0,-731415526055547.0,-721564845887301.0,-711723706281817.0,-701893443913651.8,-692075392841504.2,-682270883201081.9,-672481239850752.6,-662707780970033.6,-652951816611138.2,-643214647203936.5,-633497562014877.6,-623801837560594.2,-614128735977127.2,-604479503345930.9,-594855367978048.2,-585257538658136.9,-575687202850283.9,-566145524867886.2,-556633644010179.3,-547152672668394.5,-537703694404881.44,-528287762008986.2,-518905895533908.0,-509559080319260.6,-500248265004586.06,-490974359539636.5,-481738233197845.75,-472540712600070.25,-463382579756364.6,-454264570134324.9,-445187370763313.6,-436151618384752.25,-427157897659571.2,-418206739444892.1,-409298619153050.56,-400433955207185.2,-391613107608795.3,-382836376633926.56,-374104001675984.1,-365416160254585.9,-356772967211370.5,-348174474115275.94,-339620668901474.5,-331111475769941.56,-322646755371502.5,-314226305311181.1,-305849861000746.06,-297517096894529.8,-289227628144870.2,-280981012715903.9,-272776753996915.66,-264614303959011.72,-256493066901537.5,-248412403837403.25,-240371637569261.1,-232370058511342.53,-224406931314642.2,-216481502356034.44,-208593008154781.2,-200740684782726.25,-192923778337206.88,-185141556548307.94,-177393321594495.38,-169678424202795.56,-161996279111490.56,-154346381974649.3,-146728327788644.25,-139141830920943.98,-131586746820823.44,-124063095490006.52,-116571086788476.61,-109111147646556.48,-101683951248618.52,-94290448246203.38,-86931900048579.62,-79609914226579.75,-72326482050513.83,-65084018164740.734,-57885402379636.12,-50734023535808.945,-43633825365030.586,-36589354236977.555,-29605808640073.785,-22689090198020.85,-15845855970535.502,-9083571727075.754,-2410565815570.297,4163916825742.201,10629661046340.965,16975428872278.256,23188908621237.984,29256666559080.875,35164102017277.664,40895406997073.6,46433531392550.05,51760155067799.66,56855668119368.555,61699160739361.39,66268424161993.625,70539964221326.53,74489029064931.33,78089652552489.1,81314714816966.94,84136021379639.06,86524402095538.62,88449831079109.53,89881568651419.98,90788326311721.27,91138455848297.1,90900164087925.42,90041755615584.5,88531907322563.53,86339981196803.06,83436385795497.48,79793002898239.97,75383704612008.75,70184998466274.625,64176854598500.625,57343790648411.914,49676316667224.234,41172873434114.56,31842430420410.645,21707938403223.12,10810845438475.068,-783134895807.3473,-12976895579311.014,-25633522702303.49,-38566995144813.38,-51532890391670.99,-64220611333798.734,-76249166794570.47,-87168284445195.23,-96464023760367.14,-103559708541355.17,-107782215267151.36,-108217451453952.88,-103276676902761.31,-89517640875885.95,-58263084924232.195,13671250002504.979,166294777059949.88,0.0
7210.0,-1786595980612454.2,-1783301305086545.5,-1779960131112092.0,-1776572246306864.8,-1773137439921377.5,-1769655502907919.8,-1766126227990944.0,-1762549409738851.2,-1758924844637169.8,-1755252331163157.8,-1751531669861845.8,-1747762663423524.5,-1743945116762717.5,-1740078837098628.2,-1736163634037107.5,-1732199319654125.5,-1728185708580800.0,-1724122618089965.5,-1720009868184319.0,-1715847281686154.8,-1711634684328691.8,-1707371904849029.5,-1703058775082724.5,-1698695130060016.0,-1694280808103718.8,-1689815650928775.0,-1685299503743504.8,-1680732215352548.2,-1676113638261524.0,-1671443628783396.8,-1666722047146598.2,-1661948757604868.5,-1657123628548866.0,-1652246532619527.5,-1647317346823206.0,-1642335952648572.0,-1637302236185306.8,-1632216088244575.5,-1627077404481293.0,-1621886085518183.2,-1616642037071636.5,-1611345170079351.8,-1605995400829793.0,-1600592651093417.5,-1595136848255715.5,-1589627925452020.5,-1584065821704102.2,-1578450482058541.0,-1572781857726849.2,-1567059906227353.2,-1561284591528816.0,-1555455884195772.0,-1549573761535579.0,-1543638207747147.8,-1537649214071346.8,-1531606778943038.8,-1525510908144742.0,-1519361614961875.2,-1513158920339555.0,-1506902853040923.5,-1500593449806956.0,-1494230755517715.2,-1487814823355011.5,-1481345714966415.8,-1474823500630583.5,-1468248259423831.2,-1461620079387913.5,-1454939057698934.5,-1448205300837336.5,-1441418924758890.0,-1434580055066622.0,-1427688827183592.8,-1420745386526454.2,-1413749888679689.8,-1406702499570457.0,-1399603395643925.2,-1392452764039017.0,-1385250802764436.0,-1377997720874884.0,-1370693738647326.5,-1363339087757204.8,-1355934011454449.2,-1348478764739160.5,-1340973614536819.8,-1333418839872867.0,-1325814732046501.2,-1318161594803526.5,-1310459744508077.2,-1302709510313044.5,-1294911234329008.0,-1287065271791477.8,-1279171991226247.0,-1271231774612637.0,-1263245017544408.5,-1255212129388111.0,-1247133533438629.5,-1239009667071674.2,-1230840981892946.0,-1222627943883723.0,-1214371033542565.5,-1206070746022861.0,-1197727591265896.5,-1189342094129145.5,-1180914794509454.0,-1172446247460757.2,-1163937023306014.2,-1155387707742968.5,-1146798901943376.5,-1138171222645309.0,-1129505302238122.5,-1120801788839701.6,-1112061346365525.0,-1103284654589130.5,-1094472409193525.2,-1085625321813069.2,-1076744120065343.4,-1067829547572536.5,-1058882363971807.4,-1049903344914128.8,-1040893282051059.5,-1031852983008908.0,-1022783271349711.1,-1013684986518466.2,-1004558983776012.5,-995406134116973.4,-986227324172120.1,-977023456094558.1,-967795447429066.0,-958544230963954.0,-949270754564765.4,-939975980989150.8,-930660887682225.5,-921326466551723.5,-911973723722230.8,-902603679267796.0,-893217366922199.5,-883815833766157.4,-874400139890723.4,-864971358036174.0,-855530573205633.2,-846078882252709.6,-836617393442413.8,-827147225984640.6,-817669509539487.2,-808185383693703.6,-798695997407581.2,-789202508431589.5,-779706082692105.2,-770207893645584.2,-760709121600556.0,-751210953006858.6,-741714579711547.1,-732221198180963.6,-722732008688483.2,-713248214467515.2,-703771020829378.9,-694301634245730.0,-684841261395302.4,-675391108174774.4,-665952378673664.0,-656526274113253.8,-647113991749622.6,-637716723740984.6,-628335655979652.2,-618971966889048.2,-609626826186363.6,-600301393611564.8,-590996817623663.6,-581714234065295.2,-572454764796883.8,-563219516301833.0,-554009578264455.5,-544826022122553.6,-535669899596837.0,-526542241199650.25,-517444054725770.44,-508376323728360.6,-499340005983512.0,-490336031947179.5,-481365303208703.44,-472428690945547.0,-463527034384321.5,-454661139273666.5,-445831776375060.8,-437039679978203.8,-428285546448183.8,-419570032812292.06,-410893755394992.75,-402257288510291.9,-393661163221477.1,-385105866179032.6,-376591838548353.5,-368119475039812.06,-359689123054666.56,-351301081961319.4,-342955602517497.56,-334652886455051.44,-326393086245255.75,-318176305063745.2,-310002596975518.25,-301871967361837.25,-293784373612264.4,-285739726106600.9,-277737889513044.5,-269778684430524.16,-261861889404839.97,-253987243350000.75,-246154448407927.44,-238363173281544.66,-230613057078150.3,-222903713701861.12,-215234736835845.47,-207605705556976.28,-200016190627429.22,-192465761509603.8,-184953994152541.03,-177480479599685.9,-170044833469398.16,-162646706360990.72,-155285795240210.25,-147961855858925.88,-140674716264309.02,-133424291452838.22,-126210599224036.06,-119033777287767.75,-111894101677153.03,-104792006516489.61,-97728105189948.05,-90703212951999.78,-83718371014408.16,-76774872136964.52,-69874287739751.57,-63018496543358.59,-56209714729889.32,-49450527601529.41,-42743922694599.305,-36093324285101.78,-29502629196483.805,-22976243791361.086,-16519121995990.29,-10136804169037.29,-3835456584409.8633,2378088748594.8438,8496294256027.729,14510877345500.846,20412771773799.508,26192090347849.31,31838089541375.844,37339136683667.87,42682680453804.2,47855225492264.64,52842312020559.42,57628501436418.85,62197368924954.516,66531504192392.47,70612521485649.03,74421080105188.4,77936916647538.34,81138890225388.58,84005041906584.42,86512669589968.39,88638419501070.6,90358395454705.39,91648287013321.73,92483517699561.84,92839414544686.48,92691400538064.94,92015212080973.66,90787144469325.42,88984329905978.44,86585054794745.62,83569126369911.16,79918303393655.31,75616812073622.19,70651976879166.86,65015006859286.21,58701991470700.555,51715175455388.5,44064598800722.484,35770202742119.45,26864511425491.664,17395993295764.021,7433174111817.079,-2930503208479.4043,-13571221308855.709,-24329121292161.156,-35003163264989.57,-45347699922801.875,-55072399844120.97,-63847342824168.28,-71314425888394.03,-77103477422545.89,-80844568335554.67,-82153459916828.38,-80538610724264.64,-75115604795877.62,-63823409515220.984,-41221281771801.945,6108883836972.482,98857848019187.12,0.0
7207.5,-1723750685324363.5,-1720160709784592.5,-1716525831259663.2,-1712845874393328.2,-1709120665833683.2,-1705350034302162.8,-1701533810663771.5,-1697671827998575.5,-1693763921674450.8,-1689809929421116.5,-1685809691405457.2,-1681763050308139.5,-1677669851401561.2,-1673529942629105.2,-1669343174685746.8,-1665109401100001.5,-1660828478317236.2,-1656500265784348.8,-1652124626035820.8,-1647701424781172.8,-1643230530993806.0,-1638711817001255.5,-1634145158576859.5,-1629530435032850.2,-1624867529314871.0,-1620156328097937.5,-1615396721883834.5,-1610588605099963.8,-1605731876199641.0,-1600826437763851.5,-1595872196604463.5,-1590869063868901.0,-1585816955146280.0,-1580715790575008.5,-1575565494951847.5,-1570365997842433.0,-1565117233693253.8,-1559819141945089.2,-1554471667147889.0,-1549074759077103.0,-1543628372851444.5,-1538132469052077.2,-1532587013843230.5,-1526991979094205.5,-1521347342502788.5,-1515653087720031.5,-1509909204476402.5,-1504115688709279.0,-1498272542691755.5,-1492379775162772.0,-1486437401458504.0,-1480445443645018.0,-1474403930652145.0,-1468312898408550.5,-1462172389977977.2,-1455982455696599.2,-1449743153311484.5,-1443454548120097.5,-1437116713110815.8,-1430729729104412.2,-1424293684896446.8,-1417808677400530.0,-1411274811792394.2,-1404692201654713.8,-1398060969122625.8,-1391381245029869.2,-1384653169055494.0,-1377876889871050.8,-1371052565288195.2,-1364180362406629.0,-1357260457762290.2,-1350293037475699.5,-1343278297400388.5,-1336216443271291.2,-1329107690853011.0,-1321952266087853.2,-1314750405243515.0,-1307502355060307.5,-1300208372897803.0,-1292868726880762.2,-1285483696044225.0,-1278053570477616.0,-1270578651467727.0,-1263059251640418.0,-1255495695100889.5,-1247888317572353.5,-1240237466532938.5,-1232543501350652.8,-1224806793416217.5,-1217027726273581.0,-1209206695747916.5,-1201344110070897.5,-1193440390003036.2,-1185495968952863.8,-1177511293092723.8,-1169486821470939.0,-1161423026120114.2,-1153320392161300.8,-1145179417903783.8,-1137000614940206.5,-1128784508236747.8,-1120531636218071.0,-1112242550846741.0,-1103917817696805.9,-1095558016021204.6,-1087163738812705.8,-1078735592858008.4,-1070274198784677.0,-1061780191100545.1,-1053254218225217.2,-1044696942513304.5,-1036109040268987.4,-1027491201751524.8,-1018844131171297.0,-1010168546675962.1,-1001465180326292.0,-992734778061277.2,-983978099652018.8,-975195918643978.8,-966389022287108.6,-957558211453390.1,-948704300541295.0,-939828117366687.4,-930930503039651.4,-922012311826756.9,-913074410998223.2,-904117680659492.5,-895143013566653.9,-886151314925209.5,-877143502171636.2,-868120504737201.6,-859083263793496.8,-850032731979139.0,-840969873107097.0,-831895661852096.0,-822811083417563.9,-813717133181570.5,-804614816321236.0,-795505147415068.8,-786389150022732.0,-777267856241707.0,-768142306240377.8,-759013547767047.8,-749882635634424.0,-740750631179130.4,-731618601695826.5,-722487619845543.6,-713358763037869.0,-704233112786654.2,-695111754038946.5,-685995774476903.1,-676886263792470.8,-667784312934688.4,-658691013329496.8,-649607456072037.2,-640534731091452.2,-631473926288293.4,-622426126644725.6,-613392413307789.0,-604373862646077.4,-595371545280308.2,-586386525088353.9,-577419858185424.8,-568472591880235.6,-559545763608113.4,-550640399842165.0,-541757514983767.9,-532898110233851.25,-524063172446579.25,-515253672967295.1,-506470566456750.9,-497714789703920.9,-488987260429913.25,-480288876085765.8,-471620512647198.5,-462983023409683.56,-454377237787521.25,-445803960120947.25,-437263968495657.4,-428758013579526.75,-420286817481703.0,-411851072639691.94,-403451440740522.5,-395088551682551.4,-386763002585009.06,-378475356852916.75,-370226143305607.6,-362015855377679.3,-353844950401872.5,-345713848984044.0,-337622934481128.9,-329572552593744.7,-321563011085892.44,-313594579645040.44,-305667489896765.06,-297781935589032.44,-289938072962172.2,-282136021321594.44,-274375863831340.8,-266657648547642.06,-258981389712782.53,-251347069330710.75,-243754639047046.66,-236204022357331.0,-228695117168629.22,-221227798740846.06,-213801923035393.3,-206417330500127.5,-199073850320744.2,-191771305170069.6,-184509516487903.03,-177288310325228.56,-170107523787708.2,-162967012114359.12,-155866656428189.1,-148806372196279.72,-141786118437321.7,-134805907714895.03,-127865816954784.9,-120965999124286.83,-114106695810709.05,-107288250735082.6,-100511124235315.58,-93775908750642.83,-87083345336086.23,-80434341231666.47,-73829988506174.31,-67271583789273.94,-60760649098449.21,-54298953758638.66,-47888537402197.75,-41531734024866.97,-35231197059552.36,-28989925413734.496,-22811290398003.67,-16699063452385.092,-10657444553551.01,-4691091159534.027,1194852481029.75,6994725860940.365,12702322829786.553,18310862574316.938,23812961288664.645,29200604905807.805,34465123311405.676,39597166513886.07,44586683299894.06,49422902961422.33,54094320739290.7,58588687686242.69,62893005710551.38,66993528616372.91,70875770008630.28,74524518976360.4,77923864507669.22,81057229620349.2,83907416213988.42,86456661662082.14,88686708167736.61,90578885907793.94,92114210994577.52,93273499303595.97,94037497267397.88,94387030846812.58,94303174098629.5,93767439115079.83,92761989684517.3,91269881904452.69,89275336281161.88,86764047712692.9,83723542334964.61,80143593688578.39,76016715207006.53,71338751764278.28,66109599977972.21,60334094960315.98,54023109696923.195,47194921047614.125,39876901384643.28,32107593555902.105,23939213611226.434,15440592339183.04,6700501802573.63,-2168797526758.2185,-11028125213897.0,-19708645795453.69,-28010726109732.242,-35705628892226.29,-42541561833995.78,-48255581962976.82,-52592151802977.4,-55327193885032.375,-56292718979319.195,-55391377819666.32,-52582905256093.37,-47810135429882.74,-40779826382233.75,-30494587479441.215,-16193927686215.303,-3076501036769.8525,0.0
7205.0,-1659862200136275.0,-1656010418824408.5,-1652115525209981.2,-1648177379767872.5,-1644195845291836.8,-1640170786962371.8,-1636102072415685.0,-1631989571813779.5,-1627833157915641.0,-1623632706149566.8,-1619388094686615.5,-1615099204515201.0,-1610765919516838.8,-1606388126543035.0,-1601965715493347.5,-1597498579394600.5,-1592986614481284.2,-1588429720277118.0,-1583827799677800.0,-1579180759034942.8,-1574488508241190.0,-1569750960816532.2,-1564968033995807.5,-1560139648817401.2,-1555265730213137.8,-1550346207099367.2,-1545381012469252.0,-1540370083486238.5,-1535313361578726.5,-1530210792535921.5,-1525062326604876.5,-1519867918588705.2,-1514627527945978.5,-1509341118891279.0,-1504008660496920.0,-1498630126795809.5,-1493205496885459.0,-1487734755033115.8,-1482217890782013.5,-1476654899058723.5,-1471045780281596.2,-1465390540470263.2,-1459689191356204.0,-1453941750494332.0,-1448148241375601.2,-1442308693540594.5,-1436423142694075.8,-1430491630820484.2,-1424514206300328.0,-1418490924027462.8,-1412421845527214.0,-1406307039075311.8,-1400146579817596.0,-1393940549890464.2,-1387689038542013.5,-1381392142253829.0,-1375049964863385.2,-1368662617687002.0,-1362230219643304.8,-1355752897377142.8,-1349230785383897.5,-1342664026134133.8,-1336052770198518.0,-1329397176372951.8,-1322697411803834.0,-1315953652113405.5,-1309166081525068.8,-1302334892988629.0,-1295460288305362.8,-1288542478252826.5,-1281581682709320.5,-1274578130777903.5,-1267532060909876.0,-1260443721027613.0,-1253313368646644.0,-1246141270996875.0,-1238927705142831.8,-1231672958102795.5,-1224377326966726.2,-1217041119012818.5,-1209664651822571.8,-1202248253394225.8,-1194792262254420.5,-1187297027567923.2,-1179762909245268.2,-1172190278048151.2,-1164579515692400.0,-1156931014948354.8,-1149245179738474.8,-1141522425231986.5,-1133763177936374.5,-1125967875785525.5,-1118136968224310.4,-1110270916289397.8,-1102370192686077.2,-1094435281860867.9,-1086466680069682.2,-1078464895441290.1,-1070430448035865.9,-1062363869898334.2,-1054265705106275.2,-1046136509812103.9,-1037976852279263.2,-1029787312912147.5,-1021568484279444.8,-1013320971130634.2,-1005045390405304.9,-996742371235004.1,-988412554937286.1,-980056595001636.6,-971675157066946.9,-963268918890183.8,-954838570305927.0,-946384813176405.9,-937908361331686.9,-929409940499629.8,-920890288225266.9,-912350153779202.5,-903790298054665.8,-895211493452821.4,-886614523755953.5,-878000183988116.8,-869369280262867.5,-860722629617660.0,-852061059834514.0,-843385409246536.0,-834696526529897.6,-825995270480854.8,-817282509777404.6,-808559122725175.8,-799825996987145.4,-791084029296788.8,-782334125154267.5,-773577198505261.0,-764814171402077.9,-756045973646656.4,-747273542415118.8,-738497821863509.2,-729719762714400.4,-720940321824049.4,-712160461729801.9,-703381150177474.4,-694603359628466.4,-685828066746367.8,-677056251862878.4,-668288898422863.8,-659526992408429.6,-650771521741924.6,-642023475667819.2,-633283844113468.4,-624553617028808.1,-615833783705091.6,-607125332072835.1,-598429247979200.0,-589746514445120.1,-581078110902554.5,-572425012412313.0,-563788188863025.0,-555168604151879.6,-546567215347889.44,-537984971838539.56,-529422814460788.4,-520881674617531.1,-512362473380754.94,-503866120582767.5,-495393513897045.0,-486945537910383.9,-478523063188253.44,-470126945335392.1,-461758024053937.6,-453417122201544.1,-445105044852208.6,-436822578362746.7,-428570489448112.56,-420349524269041.56,-412160407535773.7,-404003841631918.3,-395880505762847.75,-387791055133347.7,-379736120159612.56,-371716305721051.75,-363732190457777.5,-355784326120070.44,-347873236976558.1,-339999419288320.7,-332163340856617.0,-324365440652463.1,-316606128536813.25,-308885785080684.0,-301204761495141.44,-293563379681703.4,-285961932414344.2,-278400683664976.3,-270879869084970.44,-263399696656009.9,-255960347524317.0,-248561977033067.12,-241204715968598.25,-233888672036835.94,-226613931587181.94,-219380561601966.72,-212188611970400.75,-205038118066833.44,-197929103653965.94,-190861584132516.8,-183835570159657.0,-176851071659332.97,-169908102248345.2,-163006684102757.44,-156146853289836.84,-149328665591276.12,-142552202843872.12,-135817579824146.88,-129124951703531.81,-122474522100681.89,-115866551757216.84,-109301367862635.9,-102779374053301.77,-96301061109177.2,-89867018370366.16,-83477945893409.02,-77134667364630.53,-70838143784572.88,-64589487933575.13,-58389979623801.17,-52241081737372.586,-46144457043623.44,-40101985780751.47,-34115783978180.203,-28188222485624.125,-22321946663077.383,-16519896672525.707,-10785328297047.43,-5121834195931.514,466634514604.65234,5975746486693.25,11400768327119.65,16736542925442.871,21977468132897.867,27117476031647.29,32150013066969.516,37068021350363.07,41863921479134.414,46529597257673.45,51056382746952.21,55435052111465.25,59655812776321.81,63708302450934.555,67581590618969.266,71264185136153.9,74744044617294.03,78008597330540.67,81044767349775.84,83839008744303.53,86377348608587.11,88645439753906.08,90628623899784.8,92312006218536.22,93680542105861.48,94719137081437.12,95412760776693.52,95746576058106.31,95706084484876.16,95277289538869.45,94446879430147.78,93202431821686.08,91532643591737.7,89427589832887.02,86879017753944.36,83880683089978.58,80428739117160.89,76522191469501.12,72163435666934.4,67358898489249.73,62119808792017.21,56463127496642.625,50412669292313.62,44000448404430.875,37268275029429.04,30269613887775.047,23071686435895.973,15757746505890.463,8429376870948.484,1208532271188.7837,-5761114508805.659,-12314183364077.146,-18265863751876.246,-23417608671872.223,-27567551261273.35,-30526901600315.43,-32143231905399.47,-32331021375360.43,-31109959498388.152,-28654977882179.625,-25374872734489.785,-22070480988809.64,-20323987270010.316,-23792039911770.773,-43496322374941.95,-107300929034685.31,0.0
7202.5,-1595315192796503.5,-1591234413702126.0,-1587112476626059.8,-1582949276337149.5,-1578744710180690.5,-1574498678144201.5,-1570211082924151.8,-1565881829993646.5,-1561510827671072.5,-1557097987189717.8,-1552643222768349.5,-1548146451682773.2,-1543607594338362.0,-1539026574343564.8,-1534403318584391.8,-1529737757299875.0,-1525029824158517.5,-1520279456335714.0,-1515486594592153.5,-1510651183353197.5,-1505773170789240.8,-1500852508897032.2,-1495889153581980.8,-1490883064741413.8,-1485834206348806.8,-1480742546538963.5,-1475608057694146.5,-1470430716531151.0,-1465210504189312.0,-1459947406319439.0,-1454641413173661.2,-1449292519696183.0,-1443900725614929.2,-1438466035534069.8,-1432988459027410.2,-1427468010732634.8,-1421904710446377.0,-1416298583220113.8,-1410649659456851.0,-1404957975008585.0,-1399223571274527.5,-1393446495300046.0,-1387626799876327.8,-1381764543640711.0,-1375859791177676.0,-1369912613120454.5,-1363923086253233.2,-1357891293613915.2,-1351817324597401.2,-1345701275059361.0,-1339543247420451.2,-1333343350770939.0,-1327101700975688.0,-1320818420779466.0,-1314493639912522.0,-1308127495196381.0,-1301720130649813.0,-1295271697594916.0,-1288782354763250.5,-1282252268401979.5,-1275681612379936.5,-1269070568293571.8,-1262419325572691.2,-1255728081585934.0,-1248997041745903.8,-1242226419613880.0,-1235416437004031.5,-1228567324087044.0,-1221679319493077.0,-1214752670413964.5,-1207787632704557.0,-1200784470983111.0,-1193743458730631.2,-1186664878389053.0,-1179549021458153.2,-1172396188591091.8,-1165206689688452.0,-1157980843990661.8,-1150718980168684.8,-1143421436412828.5,-1136088560519554.8,-1128720709976149.0,-1121318252043098.5,-1113881563834045.9,-1106411032393151.1,-1098907054769720.4,-1091370038089922.0,-1083800399625441.5,-1076198566858894.6,-1068564977545818.6,-1060900079773066.4,-1053204332013417.9,-1045478203176208.9,-1037722172653787.9,-1029936730363593.0,-1022122376785645.1,-1014279622995243.0,-1006408990690635.8,-998511012215464.4,-990586230575725.0,-982635199451033.0,-974658483199940.5,-966656656859067.1,-958630306135798.2,-950580027394277.2,-942506427634461.0,-934410124463944.5,-926291746062310.6,-918151931137713.1,-909991328875421.2,-901810598878049.8,-893610411097174.9,-885391445756057.1,-877154393263177.2,-868899954116282.2,-860628838796644.5,-852341767653240.0,-844039470776533.1,-835722687861565.5,-827392168060047.8,-819048669821142.1,-810692960720630.8,-802325817278173.0,-793948024762328.5,-785560376983073.0,-777163676071476.1,-768758732246277.1,-760346363567044.2,-751927395673652.0,-743502661511787.8,-735073001044228.0,-726639260947616.0,-718202294294503.2,-709762960220409.5,-701322123575681.9,-692880654561948.2,-684439428352977.5,-675999324699763.6,-667561227519697.4,-659126024469696.9,-650694606503183.5,-642267867410848.0,-633846703345148.0,-625432012328537.8,-617024693745447.4,-608625647818083.4,-600235775066151.5,-591855975750661.5,-583487149302006.8,-575130193732580.0,-566786005034238.0,-558455476560982.06,-550139498397304.56,-541838956712696.6,-533554733102919.75,-525287703918700.06,-517038739582593.25,-508808703894883.0,-500598453329446.7,-492408836320640.5,-484240692542373.75,-476094852180651.75,-467972135200999.0,-459873350612311.9,-451799295728823.9,-443750755432038.25,-435728501434620.0,-427733291548434.25,-419765868959081.25,-411826961509486.8,-403917280995292.1,-396037522475018.2,-388188363598203.25,-380370463954938.06,-372584464450494.9,-364830986708999.2,-357110632510380.9,-349423983265122.9,-341771599531652.6,-334154020581531.06,-326571764017938.8,-319025325453316.9,-311515178252389.25,-304041773347183.2,-296605539131073.9,-289206881439292.06,-281846183623791.0,-274523806730801.28,-267240089789903.6,-259995350223913.2,-252789884389393.2,-245623968258125.03,-238497858250400.78,-231411792231549.88,-224365990683664.3,-217360658065059.56,-210395984370572.56,-203472146906375.62,-196589312293561.8,-189747638715313.44,-182947278423040.2,-176188380517399.0,-169471094020635.72,-162795571257167.8,-156161971559782.47,-149570465319205.72,-143021238395143.06,-136514496907133.17,-130050472423725.19,-123629427568532.44,-117251662061638.12,-110917519214584.44,-104627392896770.53,-98381734990448.98,-92181063350653.17,-86025970285246.33,-79917131568828.19,-73855316002420.9,-67841395528645.69,-61876355909421.586,-55961307970030.21,-50097499409636.51,-44286327173939.47,-38529350380523.05,-32828303781566.33,-27185111741801.953,-21601902701893.832,-16081024088629.125,-10625057623441.871,-5236834969656.644,80546353569.6211,5323706876468.338,10488969004202.053,15572340880762.742,20569500427752.527,25475779714746.266,30286149839815.875,34995206522387.766,39597156635892.836,44085805934585.48,48454548257345.88,52696356521109.03,56803775847542.664,60768919198492.66,64583465928173.61,68238663692728.69,71725334190158.97,75033883235256.45,78154315704527.34,81076255914707.22,83788974024891.19,86281419076273.81,88542259305004.12,90559930383082.03,92322692260566.95,93818695301466.62,95036056428559.1,95962946023658.89,96587686376147.77,96898862543226.33,96885446592893.78,96536936361681.73,95843510094868.17,94796198673756.81,93387077604613.3,91609481584261.72,89458245309408.03,86929975302778.66,84023358927049.88,80739518471300.58,77082420219230.25,73059350685660.83,68681474591630.43,63964491352796.92,58929408383434.42,53603449562862.27,48021114532792.836,42225397268629.34,36269158023944.32,30216617826277.785,24144904808621.098,18145521630778.562,12325517730315.191,6808034887728.545,1731748691632.7944,-2751442265048.952,-6481307071740.61,-9297741294759.256,-11053895594853.26,-11635157684219.475,-10985410191783.043,-9143069365143.32,-6293239306841.045,-2853477053276.6875,360503199382.2975,1769665328894.5056,-1871682836987.3909,-18044792418054.05,-65605079556106.766,-182187237629548.12,0.0
7200.0,-1530464114809881.5,-1526186226187778.0,-1521869266694693.8,-1517513163567404.5,-1513117846820936.5,-1508683249311401.8,-1504209306799645.0,-1499695958015691.5,-1495143144724001.2,-1490550811789531.2,-1485918907244598.2,-1481247382356546.0,-1476536191696214.8,-1471785293207209.0,-1466994648275963.2,-1462164221802599.2,-1457293982272573.0,-1452383901829108.0,-1447433956346406.5,-1442444125503637.0,-1437414392859686.8,-1432344745928677.2,-1427235176256229.2,-1422085679496474.8,-1416896255489800.8,-1411666908341320.5,-1406397646500052.2,-1401088482838804.8,-1395739434734748.5,-1390350524150657.8,-1384921777716818.0,-1379453226813570.8,-1373944907654488.0,-1368396861370153.2,-1362809134092534.0,-1357181777039915.2,-1351514846602392.0,-1345808404427873.5,-1340062517508593.2,-1334277258268092.0,-1328452704648651.5,-1322588940199136.5,-1316686054163240.2,-1310744141568073.0,-1304763303313087.5,-1298743646259285.5,-1292685283318680.2,-1286588333543980.8,-1280452922218441.0,-1274279180945852.0,-1268067247740622.0,-1261817267117900.0,-1255529390183702.5,-1249203774724977.2,-1242840585299585.0,-1236439993326097.5,-1230002177173402.8,-1223527322250033.5,-1217015621093159.5,-1210467273457190.5,-1203882486401914.5,-1197261474380113.0,-1190604459324573.5,-1183911670734428.5,-1177183345760752.0,-1170419729291323.8,-1163621074034489.0,-1156787640602022.0,-1149919697590911.2,-1143017521663976.0,-1136081397629213.5,-1129111618517789.2,-1122108485660564.8,-1115072308763065.0,-1108003405978769.0,-1100902103980622.2,-1093768738030663.5,-1086603652047625.0,-1079407198672422.4,-1072179739331370.4,-1064921644297031.1,-1057633292746540.1,-1050315072817288.5,-1042967381659819.0,-1035590625487786.5,-1028185219624852.8,-1020751588548343.6,-1013290165929536.8,-1005801394670406.8,-998285726936669.8,-990743624186964.4,-983175557197998.5,-975582006085488.1,-967963460320708.0,-960320418742478.0,-952653389564396.8,-944962890377139.8,-937249448145613.2,-929513599200793.6,-921755889226031.0,-913976873237623.1,-906177115559452.4,-898357189791476.2,-890517678771862.9,-882659174532542.9,-874782278247980.0,-866887600176919.2,-858975759596906.0,-851047384731341.5,-843103112668847.4,-835143589274722.8,-827169469094247.4,-819181415247610.6,-811180099316240.4,-803166201220288.0,-795140409087043.0,-787103419110060.8,-779055935398752.6,-770998669818232.2,-762932341819176.8,-754857678257503.5,-746775413203617.2,-738686287741044.2,-730591049754223.8,-722490453705272.1,-714385260399510.2,-706276236739586.1,-698164155467997.9,-690049794897867.6,-681933938631795.5,-673817375268663.5,-665700898098253.0,-657585304783567.2,-649471397030755.2,-641359980246568.5,-633251863183283.0,-625147857571057.1,-617048777737707.4,-608955440215916.1,-600868663337919.8,-592789266817728.0,-584718071321006.5,-576655898022730.8,-568603568152812.4,-560561902529893.1,-552531721083581.1,-544513842365422.94,-536509083048977.44,-528518257419387.9,-520542176852924.44,-512581649287022.56,-504637478681396.75,-496710464470903.5,-488801401010865.7,-480911077015682.94,-473040274991609.94,-465189770664678.2,-457360332404844.9,-449552720647524.25,-441767687313781.4,-434005975230575.8,-426268317552547.9,-418555437186977.4,-410868046223668.7,-403206845371647.5,-395572523404716.9,-387965756618049.4,-380387208298177.9,-372837528208891.9,-365317352095751.25,-357827301212085.1,-350367981869570.94,-342939985016675.5,-335543885848453.94,-328180243451445.75,-320849600487621.9,-313552482921601.2,-306289399795599.44,-299060843056848.4,-291867287442502.44,-284709190427337.06,-277586992239844.8,-270501115952650.5,-263451967653484.47,-256439936703292.16,-249465396088392.8,-242528702873965.28,-235630198766483.0,-228770210793109.56,-221949052106422.2,-215167022923227.72,-208424411606610.94,-201721495900744.12,-195058544328376.8,-188435817761302.5,-181853571174478.38,-175312055594841.84,-168811520256220.2,-162352214972060.53,-155934392738020.56,-149558312576737.47,-143224242637327.97,-136932463562375.39,-130683272135286.38,-124476985220979.19,-118313944012853.45,-112194518598896.92,-106119112859572.88,-100088169709810.16,-94102176696941.4,-88161671965805.56,-82267250601406.75,-76419571358497.36,-70619363786180.78,-64867435754091.41,-59164681384870.73,-53512089395480.06,-47910751847327.36,-42361873302216.984,-36866780377678.54,-31426931691276.746,-26043928178977.81,-20719523767501.188,-15455636374762.293,-10254359205948.54,-5117972305414.156,-48954316361.54883,4950005608863.002,9875995815145.723,14725870146099.418,19496236031359.625,24183442763752.914,28783570084957.836,33292417214031.89,37705492470142.42,42018003659004.36,46224849411876.9,50320611686434.87,54299549660348.266,58155595270845.92,61882350676766.17,65473087943430.13,68920751274877.17,72217962142339.47,75357027682007.94,78329952758862.83,81128456116294.52,83743991053166.86,86167771090633.06,88390801110325.03,90403914463548.17,92197816568197.7,93763135526974.83,95090480318398.0,96170507133053.48,96993994454414.5,97551927520490.95,97835592855152.92,97836683633601.44,97547416754711.77,96960662645837.31,96070089037820.97,94870320236745.94,93357113804110.06,91527557059842.8,89380286463893.58,86915733729626.81,84136403485188.94,81047188420189.61,77655729098948.08,73972826906823.08,70012919770671.984,65794631101194.35,61341402435949.9,56682218899788.984,51852432945804.88,46894684634516.164,41859904251205.68,36808363155235.97,31810708719049.844,26948876019944.54,22316709580221.293,18020050602150.73,14175948303364.5,10910540796909.033,8355028347348.6,6639039491089.02,5880572246111.256,6171548516242.637,7557713914340.735,10010737057600.742,13387860460679.725,17367881531874.996,21336173230376.508,24153428291638.01,23648402887066.918,15410404570830.527,-10244913736200.707,-74458045679023.6,-207268802741213.44,0.0
7197.5,-1465633254098464.2,-1461189022479302.0,-1456707910155248.5,-1452189874769983.5,-1447634876893572.8,-1443042880081679.0,-1438413850935423.8,-1433747759161908.2,-1429044577635378.5,-1424304282459042.8,-1419526853027525.0,-1414712272089957.0,-1409860525813707.0,-1404971603848726.0,-1400045499392522.5,-1395082209255742.0,-1390081733928358.0,-1385044077646456.8,-1379969248459608.2,-1374857258298822.0,-1369708123045064.0,-1364521862598333.8,-1359298500947288.5,-1354038066239393.2,-1348740590851602.5,-1343406111461531.5,-1338034669119131.2,-1332626309318829.0,-1327181082072131.0,-1321699041980658.5,-1316180248309611.0,-1310624765061624.0,-1305032661051009.0,-1299404009978351.8,-1293738890505442.0,-1288037386330514.0,-1282299586263773.5,-1276525584303178.5,-1270715479710453.8,-1264869377087300.8,-1258987386451784.8,-1253069623314846.5,-1247116208756937.0,-1241127269504701.2,-1235102938007711.0,-1229043352515182.5,-1222948657152654.2,-1216819001998579.5,-1210654543160786.8,-1204455442852770.5,-1198221869469763.2,-1191953997664538.2,-1185652008422897.2,-1179316089138784.8,-1172946433688992.0,-1166543242507366.0,-1160106722658499.0,-1153637087910814.5,-1147134558808994.8,-1140599362745694.2,-1134031734032461.8,-1127431913969807.8,-1120800150916348.1,-1114136700356944.1,-1107441824969775.5,-1100715794692257.0,-1093958886785724.0,-1087171385898805.8,-1080353584129393.1,-1073505781085130.1,-1066628283942317.1,-1059721407503146.8,-1052785474251178.8,-1045820814404944.0,-1038827765969587.0,-1031806674786434.5,-1024757894580397.0,-1017681787005074.1,-1010578721685473.5,-1003449076258207.5,-996293236409066.8,-989111595907839.0,-981904556640252.8,-974672528636924.2,-967415930099165.4,-960135187421540.1,-952830735211012.8,-945503016302564.0,-938152481771134.5,-930779590939744.2,-923384811383646.8,-915968618930368.8,-908531497655487.9,-901073939873984.6,-893596446127021.9,-886099525163991.4,-878583693919663.8,-871049477486273.6,-863497409080394.8,-855928030004413.8,-848341889602450.8,-840739545210547.0,-833121562100956.0,-825488513420365.9,-817840980121859.8,-810179550890475.9,-802504822062155.0,-794817397535930.4,-787117888679166.5,-779406914225677.9,-771685100166561.6,-763953079633559.2,-756211492774786.4,-748460986622661.2,-740702214953860.8,-732935838141142.8,-725162522996883.8,-717382942608162.1,-709597776163251.2,-701807708769363.8,-694013431261521.5,-686215640002406.1,-678415036673078.0,-670612328054435.0,-662808225799320.6,-655003446195163.9,-647198709917087.0,-639394741771393.2,-631592270429383.1,-623792028151451.8,-615994750501438.8,-608201176051218.4,-600412046075540.6,-592628104237143.0,-584850096262190.2,-577078769606106.4,-569314873109905.2,-561559156647129.44,-553812370761564.94,-546075266295908.1,-538348594011595.1,-530633104200059.5,-522929546285692.25,-515238668420842.8,-507561217073226.75,-499897936606160.2,-492249568852080.0,-484616852679873.8,-477000523556581.0,-469401313104094.6,-461819948651555.5,-454257152784182.6,-446713642889373.44,-439190130700948.4,-431687321842523.1,-424205915371052.94,-416746603321674.9,-409310070255082.56,-401896992808742.5,-394508039253364.25,-387143869056155.6,-379805132452479.2,-372492470027662.3,-365206512310821.5,-357947879382691.06,-350717180499584.9,-343515013735743.94,-336341965646488.25,-329198610954720.75,-322085512263511.5,-315003219797632.0,-307952271177106.5,-300933191226007.75,-293946491819915.2,-286992671775653.9,-280072216787126.9,-273185599411260.94,-266333279108300.47,-259515702340912.9,-252733302736787.0,-245986501319643.22,-239275706813821.75,-232601316027849.34,-225963714322646.28,-219363276170283.3,-212800365809458.5,-206275338004127.97,-199788538911977.16,-193340307069691.25,-186930974502231.97,-180560867963589.44,-174230310316722.75,-167939622060643.2,-161689123012820.6,-155479134155305.8,-149309979653154.62,-143181989053905.62,-137095499677007.14,-131050859202191.34,-125048428465859.44,-119088584474558.97,-113171723644593.66,-107298265276704.47,-101468655274577.12,-95683370115674.22,-89942921082514.98,-84247858762065.06,-78598777820280.14,-72996322058118.56,-67441189754414.29,-61934139299926.22,-56475995125577.16,-51067653926385.39,-45710091180814.125,-40404367963215.77,-35151638044690.227,-29953155274972.03,-24810281234887.188,-19724493145438.953,-14697392015644.586,-9730711006835.178,-4826323986179.645,13745763308.013672,4787316715141.711,9492040199746.607,14125391485938.785,18684660904774.586,23166945085994.336,27569138387030.49,31887924605124.805,36119769074507.21,40260911262863.16,44307357994430.75,48254877441037.49,52098994037157.79,55834984490621.34,59457875076853.97,62962440421402.91,66343203992891.29,69594440546319.516,72710180774642.84,75684218444639.19,78510120311039.58,81181239120562.02,83690730034658.94,86031570816320.86,88196586142045.73,90178476415077.69,91969851470298.5,93563269575031.8,94951282143976.72,96126484601396.55,97081573840829.89,97809412753804.11,98303102326865.77,98556061844077.19,98562117784371.11,98315602075360.0,97811460464219.72,97045371900288.92,96013880002525.47,94714537918427.03,93146068180366.55,91308539540811.0,89203563227435.25,86834511605347.69,84206762859638.8,81327975994627.02,78208401139213.6,74861230766276.38,71302997839691.38,67554026880923.98,63638943179346.05,59587243398956.97,55433927023388.586,51220181576850.01,46994104254511.625,42811427120012.59,38736190774664.01,34841280642634.99,31208699125885.773,27929394738059.445,25102405858566.055,22833003534902.113,21229438217653.164,20397813316625.246,20434522752660.117,21415578272297.207,23381935302841.43,26319384119670.625,30130178372833.195,34590155590779.05,39277194363870.52,43439246193650.62,45730925824301.98,43655073834923.66,32322689809401.305,1819509675516.8057,-65837590558774.43,-179137874880660.9,0.0
7195.0,-1401117078935009.5,-1396535978303347.5,-1391920261895161.2,-1387269915518185.5,-1382584928003956.5,-1377865291262835.5,-1373111000339543.0,-1368322053469200.8,-1363498452133872.0,-1358640201119595.0,-1353747308573901.2,-1348819786063812.2,-1343857648634305.2,-1338860914867239.0,-1333829606940734.2,-1328763750688990.0,-1323663375662535.2,-1318528515188897.8,-1313359206433678.8,-1308155490462026.2,-1302917412300487.0,-1297645020999226.2,-1292338369694597.8,-1286997515672054.2,-1281622520429376.8,-1276213449740203.0,-1270770373717848.2,-1265293366879383.5,-1259782508209966.0,-1254237881227391.8,-1248659574046851.0,-1243047679445864.0,-1237402294929374.5,-1231723522794976.5,-1226011470198241.2,-1220266249218127.0,-1214487976922440.5,-1208676775433314.8,-1202832771992683.0,-1196956099027707.8,-1191046894216138.0,-1185105300551557.5,-1179131466408490.0,-1173125545607321.8,-1167087697479009.5,-1161018086929525.0,-1154916884504001.5,-1148784266450542.8,-1142620414783638.0,-1136425517347150.0,-1130199767876824.0,-1123943366062267.5,-1117656517608352.5,-1111339434295985.1,-1104992334042200.8,-1098615440959504.9,-1092208985414431.0,-1085773204085236.8,-1079308340018681.8,-1072814642685832.6,-1066292368036820.5,-1059741778554489.0,-1053163143306866.2,-1046556737998384.8,-1039922845019785.8,-1033261753496621.1,-1026573759336294.8,-1019859165273545.4,-1013118280914300.4,-1006351422777825.1,-999558914337066.4,-992741086057116.8,-985898275431707.1,-979030827017636.8,-972139092467044.6,-965223430557430.6,-958284207219335.1,-951321795561556.8,-944336575893840.5,-937328935746896.2,-930299269889669.5,-923247980343743.2,-916175476394766.8,-909082174600793.8,-901968498797424.2,-894834880099633.2,-887681756900156.9,-880509574864336.0,-873318786921283.9,-866109853251257.6,-858883241269110.2,-851639425603701.1,-844378888073130.4,-837102117655677.1,-829809610456307.5,-822501869668625.0,-815179405532127.9,-807842735284642.6,-800492383109812.2,-793128880079486.2,-785752764090898.5,-778364579798487.0,-770964878540230.0,-763554218258370.2,-756133163414377.8,-748702284898049.5,-741262159930587.9,-733813371961555.8,-726356510559567.2,-718892171296593.5,-711420955625777.2,-703943470752619.4,-696460329499438.6,-688972150162996.9,-681479556365177.8,-673983176896619.2,-666483645553223.8,-658981600965437.5,-651477686420235.5,-643972549675732.8,-636466842768361.5,-628961221812558.9,-621456346792922.4,-613952881348797.9,-606451492551282.8,-598952850672627.6,-591457628948050.2,-583966503329973.0,-576480152234726.0,-568999256281762.6,-561524498025459.5,-554056561679591.9,-546596132834592.8,-539143898167729.1,-531700545146349.25,-524266761724386.1,-516843236032325.9,-509430656060866.0,-502029709338547.75,-494641082603649.75,-487265461470674.8,-479903530091808.8,-472555970813747.3,-465223463830347.75,-457906686831587.25,-450606314649371.56,-443323018900769.9,-436057467629316.4,-428810324945057.5,-421582250664092.2,-414373899948406.0,-407185922946858.6,-400018964438257.3,-392873663477507.4,-385750653045911.06,-378650559706759.4,-371574003267430.44,-364521596449312.6,-357493944566930.56,-350491645217761.3,-343515287984317.25,-336565454150169.25,-329642716431686.4,-322747638727379.94,-315880775886844.4,-309042673501415.44,-302233867718770.1,-295454885083836.75,-288706242408498.0,-281988446672719.25,-275301994959854.28,-268647374429049.34,-262025062327795.47,-255435526047836.44,-248879223227803.6,-242356601906102.3,-235868100727744.2,-229414149208981.44,-222995168063779.7,-216611569596331.38,-210263758163991.7,-203952130715192.12,-197677077407068.8,-191438982307713.62,-185238224188135.9,-179075177409189.3,-172950212908892.84,-166863699295728.22,-160816004053656.47,-154807494864736.8,-148838541055362.78,-142909515172244.66,-137020794694368.27,-131172763887232.53,-125365815805721.1,-119600354451977.6,-113876797094647.5,-108195576755785.05,-102557144871627.42,-96961974133278.66,-91410561513134.58,-85903431482586.2,-80441139426186.28,-75024275257002.69,-69653467237337.36,-64329386008326.09,-59052748831148.95,-53824324041656.71,-48644935719142.414,-43515468568736.33,-38436873015471.945,-33410170506415.277,-28436459015392.42,-23516918742714.875,-18652817999911.336,-13845519266784.148,-9096485405084.832,-4407286009742.072,220396125170.82227,4784758452690.83,9283872062983.621,13715675053714.096,18077965922883.188,22368397032294.234,26584468196395.867,30723520458394.062,34782730123248.24,38759103125487.67,42649469818699.53,46450480283068.125,50158600257458.39,53770107813249.8,57281090898375.64,60687445891813.43,63984877321012.69,67168898907406.02,70234836118129.72,73177830415299.33,75992845407535.72,78674675121805.62,81217954626901.67,83617173252929.23,85866690663859.22,87960756052479.1,89893530738839.5,91659114464582.4,93251575686401.33,94664986182548.27,95893460297100.22,96931199158219.06,97772540219686.55,98412012490758.81,98844397839418.75,99064798780461.9,99068713195171.44,98852116476833.5,98411551659966.02,97744228175442.45,96848129983868.1,95722133981163.8,94366139748870.22,92781211942099.88,90969736873476.38,88935595161680.31,86684352662523.88,84223472273970.53,81562549575631.47,78713575579324.44,75691230052989.22,72513208818610.33,69200587945267.81,65778226620044.6,62275208351663.34,58725316603855.69,55167535398859.87,51646557168480.87,48213268320153.305,44925166690561.27,41846643328314.08,39049033066873.72,36610303676851.766,34614212248453.312,33148711013687.867,32303335150016.387,32165254247456.688,32813615830240.74,34311740864793.82,36696604945974.77,39964744400407.75,44053011764186.164,48810939183588.164,53957794841488.81,59009693032600.84,63146294479727.42,64953978215411.44,61914360962921.81,49396461704998.82,19091997450415.04,-39930349334572.96,-110416045999742.25,0.0
7192.5,-1337180839369227.5,-1332490910737037.2,-1327768679439358.8,-1323014157074792.0,-1318227358316039.5,-1313408300960330.8,-1308557005980221.8,-1303673497574762.0,-1298757803221018.0,-1293809953725945.5,-1288829983278594.5,-1283817929502653.0,-1278773833509298.5,-1273697739950360.2,-1268589697071778.5,-1263449756767339.5,-1258277974632684.0,-1253074410019572.5,-1247839126090388.0,-1242572189872865.0,-1237273672315032.8,-1231943648340350.2,-1226582196903015.5,-1221189401043436.5,-1215765347943845.5,-1210310128984025.5,-1204823839797147.0,-1199306580325677.0,-1193758454877351.2,-1188179572181173.5,-1182570045443434.5,-1176929992403711.2,-1171259535390827.0,-1165558801378749.5,-1159827922042393.5,-1154067033813297.5,-1148276277935155.0,-1142455800519159.0,-1136605752599135.0,-1130726290186424.0,-1124817574324490.6,-1118879771143205.0,-1112913051912785.2,-1106917593097336.8,-1100893576407975.9,-1094841188855473.2,-1088760622802396.0,-1082652076014695.4,-1076515751712695.1,-1070351858621443.1,-1064160611020372.8,-1057942228792232.0,-1051696937471222.2,-1045424968290304.8,-1039126558227625.5,-1032801950051984.5,-1026451392367325.2,-1020075139656162.2,-1013673452321895.5,-1007246596729966.2,-1000794845247770.0,-994318476283282.6,-987817774322326.0,-981293029964410.9,-974744539957089.6,-968172607228747.5,-961577540919767.8,-954959656411989.9,-948319275356396.9,-941656725698948.2,-934972341704491.0,-928266463978657.5,-921539439487685.8,-914791621576071.2,-908023369981965.0,-901235050850241.8,-894427036743152.9,-887599706648461.2,-880753445984996.0,-873888646605509.2,-867005706796763.8,-860105031276751.2,-853187031188942.9,-846252124093492.8,-839300733955275.6,-832333291128686.8,-825350232339083.6,-818352000660786.8,-811339045491533.2,-804311822523283.5,-797270793709279.5,-790216427227260.4,-783149197438721.5,-776069584844131.5,-768978076033988.9,-761875163635633.9,-754761346255702.5,-747637128418121.4,-740503020497562.0,-733359538648230.0,-726207204727914.9,-719046546217185.8,-711878096133654.0,-704702392941207.1,-697519980454108.8,-690331407735904.0,-683137228993021.9,-675938003463008.5,-668734295297307.8,-661526673438511.6,-654315711492026.2,-647101987592069.8,-639886084261955.1,-632668588268607.6,-625450090471262.9,-618231185664302.5,-611012472414210.9,-603794552890613.4,-596578032691387.8,-589363520661840.2,-582151628707954.2,-574942971603719.4,-567738166792579.1,-560537834183019.0,-553342595938368.8,-546153076260863.1,-538969901170060.5,-531793698275706.3,-524625096545161.25,-517464726065524.0,-510313217800604.9,-503171203342917.94,-496039314660892.94,-488918183841517.6,-481808442828656.9,-474710723157316.7,-467625655684147.75,-460553870314508.25,-453495995726446.44,-446452659091988.9,-439424485796145.06,-432412099154097.0,-425416120127057.9,-418437167037334.1,-411475855283164.3,-404532797053952.8,-397608601046555.3,-390703872183334.0,-383819211332734.5,-376955215033198.1,-370112475221280.75,-363291578964893.4,-356493108202658.7,-349717639490416.75,-342965743756001.4,-336237986063462.06,-329534925387975.9,-322857114402781.56,-316205099279528.25,-309579419503516.7,-302980607705400.25,-296409189510985.94,-289865683410872.56,-283350600651753.94,-276864445151302.88,-270407713438661.53,-263980894622649.44,-257584470389916.66,-251218915035365.22,-244884695527281.75,-238582271609720.06,-232312095944803.94,-226074614297721.53,-219870265767305.25,-213699483065210.94,-207562692846827.78,-201460316097172.25,-195392768575133.34,-189360461319568.12,-183363801220850.7,-177403191661604.44,-171479033230453.6,-165591724512742.72,-159741662962272.5,-153929245858201.75,-148154871351344.2,-142418939604181.03,-136721854028958.89,-131064022628309.28,-125445859442852.66,-119867786110266.88,-114330233540294.38,-108833643710128.75,-103378471584558.38,-97965187165149.72,-92594277672616.95,-87266249866346.42,-81981632504820.9,-76740978950398.42,-71544869921566.1,-66393916395368.2,-61288762662220.99,-56230089534751.09,-51218617711617.98,-46255111296510.94,-41340381471609.58,-36475290323781.766,-31660754820622.64,-26897750932127.465,-22187317892298.55,-17530562593317.594,-12928664103041.953,-8382878294495.252,-3894542573697.998,534919310394.8379,4903992392928.445,9211065579375.064,13454426716624.426,17632257678381.992,21742629498451.22,25783497589957.953,29752697093452.43,33647938402088.234,37466802917750.85,41206739098106.54,44865058861054.26,48438934420010.04,51925395630817.41,55321327938858.734,58623471023119.76,61828418242511.34,64932616998653.04,67932370138520.86,70823838529819.36,73603044951592.67,76265879452368.55,78808106337977.75,81225372960998.73,83513220493497.19,85667096874246.75,87682372130886.56,89554356286412.89,91278320067995.02,92849518644359.88,94263218625948.7,95514728569884.1,96599433239693.45,97512831878129.3,98250580760797.3,98808540309408.61,99182827057263.72,99369870777299.7,99366477106245.3,99169896029015.81,98777896627682.16,98188848551712.36,97401810733511.81,96416627958470.58,95234036004498.12,93855776194539.25,92284720357762.53,90525007369816.64,88582192635078.4,86463412074217.95,84177562370824.05,81735499382219.12,79150256687205.62,76437286161285.25,73614722143501.08,70703670057378.56,67728519094083.87,64717276525070.94,61701918084484.836,58718744276556.97,55808725976374.6,53017813800804.69,50397173900758.45,48003297573229.06,45897913055466.695,44147604967348.734,42823020481472.516,41997512373382.62,41745039110301.805,42137112495378.99,43238553694844.13,45101782314693.805,47759299272794.22,51213879201780.81,55425645427038.07,60294427129925.945,65634159746243.86,71132821630061.53,76285206304840.67,80274522936244.3,81759040838266.45,78492975405343.17,66745278750370.08,41110368510706.6,-774066535151.1758,-22968166253912.82,0.0
7190.0,-1274061392366893.5,-1269289132582418.2,-1264486906777172.5,-1259654749885970.0,-1254792699925059.2,-1249900798037675.0,-1244979088539839.2,-1240027618966394.0,-1235046440117263.5,-1230035606103928.8,-1224995174396107.0,-1219925205868617.0,-1214825764848433.0,-1209696919161894.5,-1204538740182075.0,-1199351302876283.2,-1194134685853692.5,-1188888971413076.0,-1183614245590631.0,-1178310598207886.5,-1172978122919657.5,-1167616917262049.5,-1162227082700481.2,-1156808724677702.2,-1151361952661806.2,-1145886880194193.5,-1140383624937479.5,-1134852308723318.0,-1129293057600124.0,-1123706001880655.8,-1118091276189454.8,-1112449019510098.5,-1106779375232248.9,-1101082491198469.9,-1095358519750778.5,-1089607617776906.8,-1083829946756248.5,-1078025672805445.0,-1072194966723593.9,-1066338004037041.1,-1060454965043721.1,-1054546034857010.6,-1048611403449069.5,-1042651265693611.1,-1036665821408091.8,-1030655275395253.8,-1024619837484001.0,-1018559722569557.2,-1012475150652867.0,-1006366346879191.8,-1000233541575868.6,-994076970289170.0,-987896873820230.8,-981693498259984.4,-975467095023075.5,-969217920880670.8,-962946237992151.9,-956652313935607.5,-950336421737084.9,-943998839898551.8,-937639852424494.2,-931259748847115.0,-924858824250053.9,-918437379290586.5,-911995720220230.6,-905534158903702.2,-899053012836161.6,-892552605158675.5,-886033264671839.6,-879495325847494.1,-872939128838460.8,-866365019486230.2,-859773349326546.8,-853164475592797.8,-846538761217152.9,-839896574829374.5,-833238290753229.1,-826564289000419.1,-819874955261974.9,-813170680897014.2,-806451862918807.6,-799718903978065.2,-792972212343370.9,-786212201878691.4,-779439292017870.4,-772653907736046.2,-765856479517900.8,-759047443322672.2,-752227240545851.2,-745396317977478.1,-738555127756971.2,-731704127324409.0,-724843779368186.8,-717974551768973.5,-711096917539902.6,-704211354762911.5,-697318346521172.6,-690418380827531.0,-683511950548899.0,-676599553326527.2,-669681691492096.5,-662758871979564.2,-655831606232716.0,-648900410108364.8,-641965803775133.5,-635028311607799.2,-628088462077130.5,-621146787635195.9,-614203824596102.0,-607260113012131.5,-600316196545265.9,-593372622334065.9,-586429940855904.5,-579488705784554.0,-572549473843121.8,-565612804652347.8,-558679260574299.0,-551749406551469.4,-544823809941346.1,-537903040346474.0,-530987669440096.4,-524078270787431.8,-517175419662685.4,-510279692861880.5,-503391668511641.06,-496511925874032.4,-489641045147625.6,-482779607264929.6,-475928193686381.56,-469087386191084.6,-462257766664514.9,-455439916883430.44,-448634418298249.56,-441841851813169.6,-435062797564340.9,-428297834696425.06,-421547541137896.25,-414812493375467.25,-408093266228061.1,-401390432620773.9,-394704563359298.94,-388036226905335.44,-381385989153517.0,-374754413210453.4,-368142059176496.7,-361549483930902.8,-354977240921082.9,-348425879956700.1,-341895947009395.75,-335387984018985.7,-328902528707019.0,-322440114398629.9,-316001269853683.25,-309586519108249.06,-303196381327517.25,-296831370671312.0,-290491996173421.3,-284178761636036.25,-277892165540641.12,-271632700976772.3,-265400855590131.75,-259197111551605.62,-253021945548819.72,-246875828801925.44,-240759227105395.94,-234672600897686.6,-228616405360685.56,-222591090550970.6,-216597101564956.3,-210634878740113.78,-204704857894502.88,-198807470606965.9,-192943144540392.12,-187112303810551.0,-181315369403075.28,-175552759641245.75,-169824890707313.94,-164132177220157.4,-158475032872150.7,-152853871128180.53,-147269105989804.16,-141721152827594.88,-136210429284764.4,-130737356255185.69,-125302358938961.94,-119905867978694.5,-114548320679604.0,-109230162316628.61,-103951847531589.16,-98713841823444.1,-93516623134568.52,-88360683535880.03,-83246531013479.55,-78174691359302.39,-73145710168042.38,-68160154942354.72,-63218617308022.72,-58321715340407.86,-53470096003072.56,-48664437698966.9,-43905452934007.78,-39193891092221.06,-34530541320888.07,-29916235523295.28,-25351851455751.367,-20838315924472.797,-16376608076765.531,-11967762779602.146,-7612874077235.564,-3313098717863.4688,930340262443.3125,5116149912308.521,9242963710057.494,13309337899487.861,17313747837340.627,21254584376251.156,25130150310048.26,28938656911625.508,32678220597223.035,36346859754867.63,39942491778899.625,43462930357006.28,46905883060962.734,50268949297362.41,53549618680005.5,56745269891284.36,59853170105860.164,62870475056153.49,65794229825633.68,68621370462591.88,71348726513953.28,73973024585722.62,76490893043789.73,78898867976020.69,81193400543756.62,83370865857990.52,85427573522525.4,87359779993285.75,89163702909602.31,90835537559687.61,92371475648632.22,93767726543106.75,95020541172564.72,96126238772234.56,97081236658683.69,97882083234502.86,98525494424998.0,99008393757169.05,99327956300265.47,99481656698600.6,99467321541981.67,99283186338172.98,98927957376505.83,98400878803489.44,97701805271541.67,96831280572199.36,95790622726651.34,94582016079954.89,93208611030799.52,91674632124731.1,89985495341712.28,88147935511968.36,86170144885774.27,84061923945308.16,81834845553193.95,79502433444400.25,77080355831858.0,74586634437920.8,72041868485521.52,69469471956848.195,66895920591429.336,64351002449683.55,61868062173895.05,59484224064493.16,57240572464214.15,55182259422692.91,53358498968941.195,51822394439461.07,50630530295693.63,49842243124684.08,49518468838843.414,49720045599023.62,50505335813670.73,51927015924196.984,54027866755008.625,56835369963965.61,60354852743999.57,64560770995116.08,69385381290533.164,74703352115729.88,80309535889175.16,85884797439573.86,90941090116485.3,94731929856815.28,96111022202912.27,93341448210857.6,84023746837016.28,66187626769550.055,45101282389285.87,60948224698273.36,0.0
7187.5,-1211968217399901.0,-1207138495702497.5,-1202281145607725.0,-1197396222896045.0,-1192483786398264.5,-1187543898036065.2,-1182576622862668.0,-1177582029103615.2,-1172560188197656.5,-1167511174837733.0,-1162435067012043.0,-1157331946045170.0,-1152201896639277.0,-1147045006915326.5,-1141861368454344.5,-1136651076338676.8,-1131414229193254.8,-1126150929226827.5,-1120861282273169.1,-1115545397832214.6,-1110203389111134.8,-1104835373065311.0,-1099441470439199.0,-1094021805807059.2,-1088576507613539.5,-1083105708214076.1,-1077609543915103.2,-1072088155014041.8,-1066541685839046.9,-1060970284788488.5,-1055374104370139.0,-1049753301240045.8,-1044108036241062.5,-1038438474441006.2,-1032744785170419.5,-1027027142059904.8,-1021285723077004.5,-1015520710562591.6,-1009732291266749.8,-1003920656384095.9,-998086001588530.5,-992228527067364.5,-986348437554807.2,-980445942364758.1,-974521255422889.5,-968574595297965.2,-962606185232365.6,-956616253171785.0,-950605031794046.5,-944572758537011.8,-938519675625534.1,-932446030097414.0,-926352073828316.2,-920238063555602.2,-914104260901040.8,-907950932392334.0,-901778349483434.6,-895586788573589.0,-889376531025065.8,-883147863179524.0,-876901076372959.5,-870636466949195.6,-864354336271849.2,-858054990734732.1,-851738741770631.2,-845405905858411.0,-839056804528389.5,-832691764365926.5,-826311117013172.2,-819915199168920.5,-813504352586507.4,-807078924069694.8,-800639265466493.6,-794185733660851.5,-787718690562157.6,-781238503092499.8,-774745543171623.4,-768240187699515.6,-761722818536577.6,-755193822481303.1,-748653591245420.0,-742102521426425.5,-735541014477460.5,-728969476674464.8,-722388319080545.5,-715797957507517.4,-709198812474536.8,-702591309163790.8,-695975877373175.2,-689352951465908.0,-682722970317029.4,-676086377256727.6,-669443620010451.4,-662795150635746.0,-656141425455778.6,-649482904989498.5,-642820053878395.1,-636153340809806.1,-629483238436750.5,-622810223294236.0,-616134775712022.5,-609457379723803.9,-602778522972789.5,-596098696613668.2,-589418395210922.2,-582738116633502.8,-576058361945841.0,-569379635295207.8,-562702443795417.3,-556027297406886.1,-549354708813073.75,-542685193293316.25,-536019268592092.4,-529357454784761.8,-522700274139819.0,-516048250977717.4,-509401911526339.44,-502761783773176.75,-496128397314313.2,-489502283200302.1,-482883973779055.3,-476274002535850.06,-469672903930607.1,-463081213232563.1,-456499466352524.4,-449928199672854.94,-443367949875407.75,-436819253767599.4,-430282648106855.75,-423758669423675.75,-417247853843571.6,-410750736908173.0,-404267853395797.5,-397799737141813.94,-391346920859145.4,-384909935959288.25,-378489312374243.06,-372085578379778.75,-365699260420482.25,-359330882937078.4,-352980968196513.75,-346650036125359.25,-340338604147090.4,-334047187023854.94,-327776296703360.8,-321526442171562.0,-315298129311845.9,-309091860771477.25,-302908135836079.4,-296747450312980.8,-290610296424302.56,-284497162710688.75,-278408533946650.34,-272344891068509.75,-266306711116009.84,-260294467188679.8,-254308628418100.3,-248349659957276.12,-242418022988359.28,-236514174750023.78,-230638568585853.3,-224791654015144.97,-218973876827599.16,-213185679203412.3,-207427499860346.75,-201699774229414.38,-196002934660854.3,-190337410662152.53,-184703629169894.1,-179102014857307.5,-173532990479391.28,-167996977257586.72,-162494395305994.5,-157025664101176.72,-151591202997641.16,-146191431791126.8,-140826771331855.72,-135497644189931.11,-130204475375096.12,-124947693113069.88,-119727729680686.56,-114545022302058.2,-109400014107964.0,-104293155160639.0,-99224903546092.89,-94195726536027.06,-89206101821340.17,-84256518819113.81,-79347480054847.25,-74479502621561.42,-69653119717218.11,-64868882261690.625,-60127360594280.94,-55429146252496.78,-50774853832477.016,-46165122931086.58,-41600620169274.29,-37082041295816.766,-32610113370022.832,-28185597021372.59,-23809288783380.414,-19482023498213.312,-15204676787747.98,-10978167585808.691,-6803460725290.477,-2681569572715.3516,1386441298491.129,5399453406113.531,9356291640285.393,13255721540956.86,17096446586816.94,20877105512776.695,24596269675266.945,28252440486933.18,31844046944822.387,35369443278855.45,38826906750286.46,42214635632954.2,45530747413443.875,48773277249805.234,51940176732207.12,55029312992853.87,58038468216642.47,60965339608385.02,63807539876962.36,66562598301484.42,69227962449401.35,71801000621514.66,74279005103950.05,76659196312346.55,78938727918753.97,81114693056981.89,83184131707351.97,85144039366954.77,86991377116532.28,88723083199980.42,90336086237145.4,91827320195042.0,93193741246853.23,94432346652055.53,95540195794803.92,96514433521346.52,97352315920821.31,98051238697471.16,98608768286286.6,99022675868647.36,99290974450006.11,99411959168513.52,99384251012222.86,99206844133775.62,98879156965938.1,98401087359788.69,97773071990492.58,96996150304130.55,96072033313471.58,95003177591034.88,93792864853828.53,92445287584412.17,90965641184640.11,89360223206873.55,87636540245071.16,85803423083672.11,83871150679146.97,81851583464434.47,79758306288510.2,77606780989530.31,75414508094530.03,73201196369763.11,70988937823357.75,68802384175755.44,66668918632648.78,64618813870665.164,62685363316663.445,60904967906447.2,59317154408923.24,57964494012449.24,56892381206001.28,56148623219515.59,55782779801311.41,55845182547454.945,56385553230065.1,57451132522040.61,59084224674075.12,61319059086353.7,64177861939786.32,67666009012752.68,71766071705492.47,76430431176516.52,81571855729968.2,87050929005077.0,92658408085192.95,98089536164974.0,102906571956965.05,106487549065999.17,107972259024243.1,106276321955167.67,100489383179873.95,91825767067031.47,90379859121501.56,125523770757864.98,0.0
7185.0,-1151084590199345.0,-1146220590761102.5,-1141331281178462.5,-1136416735592684.5,-1131477031130656.2,-1126512247940379.2,-1121522469226483.5,-1116507781285753.8,-1111468273542658.0,-1106404038584869.8,-1101315172198759.8,-1096201773404851.0,-1091063944493226.1,-1085901791058858.5,-1080715422036870.5,-1075504949737681.2,-1070270489882054.4,-1065012161635998.8,-1059730087645531.1,-1054424394071268.9,-1049095210622835.0,-1043742670593063.0,-1038366910891974.5,-1032968072080517.2,-1027546298404037.2,-1022101737825462.5,-1016634542058186.8,-1011144866598617.6,-1005632870758377.6,-1000098717696124.5,-994542574448976.0,-988964611963507.1,-983365005126300.8,-977743932794019.8,-972101577822978.0,-966438127098178.9,-960753771561802.4,-955048706241098.6,-949323130275671.0,-943577246944110.9,-937811263689961.0,-932025392146964.1,-926219848163583.4,-920394851826739.4,-914550627484753.8,-908687403769447.2,-902805413617365.1,-896904894290100.8,-890986087393668.0,-885049238896896.4,-879094599148811.2,-873122422894954.5,-867132969292615.1,-861126501924923.9,-855103288813783.8,-849063602431575.8,-843007719711626.0,-836935922057368.4,-830848495350175.1,-824745729955810.9,-818627920729463.0,-812495367019308.1,-806348372668573.5,-800187246016042.8,-794012299894964.9,-787823851630326.4,-781622223034432.4,-775407740400755.8,-769180734496011.8,-762941540550403.8,-756690498246006.4,-750427951703224.8,-744154249465298.6,-737869744480796.0,-731574794084052.0,-725269759973508.0,-718955008187908.8,-712630909080302.4,-706297837289814.8,-699956171711133.4,-693606295461675.0,-687248595846383.4,-680883464320117.8,-674511296447593.6,-668132491860826.2,-661747454214051.5,-655356591136070.9,-648960314179993.1,-642559038770339.0,-636153184147464.0,-629743173309280.0,-623329432950239.4,-616912393397553.8,-610492488544624.8,-604070155781661.4,-597645835923465.0,-591219973134365.6,-584793014850288.8,-578365411697955.1,-571937617411192.0,-565510088744361.2,-559083285382900.94,-552657669850984.9,-546233707416321.6,-539811865992078.94,-533392616035991.0,-526976430446640.75,-520563784456969.0,-514155155525041.44,-507751023222109.44,-501351869118034.06,-494958176664110.75,-488570431073373.1,-482189119198452.0,-475814729407060.5,-469447751455205.06,-463088676358226.3,-456737996259772.1,-450396204298830.75,-444063794474955.0,-437741261511821.94,-431429100719279.4,-425127807854059.56,-418837878979326.1,-412559810323266.2,-406294098136923.5,-400041238551508.6,-393801727435421.2,-387576060251243.25,-381364731912978.7,-375168236643831.6,-368987067834830.5,-362821717904635.06,-356672678160869.9,-350540438663357.9,-344425488089648.5,-338328313603252.8,-332249400725023.5,-326189233208145.0,-320148292917219.75,-314127059711960.75,-308126011336035.75,-302145623311625.0,-296186368840292.0,-290248718710788.1,-284333141214449.4,-278440102068868.7,-272570064350562.94,-266723488437382.22,-260900831961444.97,-255102549773420.0,-249329093919000.66,-243580913628466.56,-237858455320248.12,-232162162619459.7,-226492476392401.2,-220849834798050.06,-215234673357635.78,-209647425043389.25,-204088520387627.72,-198558387613356.94,-193057452787616.44,-187586139998830.4,-182144871559462.5,-176734068235306.88,-171354149502790.5,-166005533835682.0,-160688639022649.1,-155403882517118.6,-150151681820942.38,-144932454903369.4,-139746620656870.95,-134594599391365.72,-129476813368406.69,-124393687376903.16,-119345649351948.72,-114333131038318.5,-109356568700184.66,-104416403878583.72,-99513084198124.45,-94647064224394.9,-89818806373458.62,-85028781874772.86,-80277471788766.1,-75565368080219.75,-70892974748471.05,-66260809015320.125,-61669402571353.04,-57119302881211.38,-52611074548115.85,-48145300737708.64,-43722584660995.05,-39343551115852.65,-35008848086216.44,-30719148397647.812,-26475151427553.344,-22277584867813.35,-18127206537032.664,-14024806239010.723,-9971207663345.377,-5967270323343.539,-2013891525579.457,1887991635454.9023,5737400265159.273,9533311647724.086,13274657225933.781,16960320592966.564,20589135508684.555,24159883954408.215,27671294241808.168,31122039193297.758,34510734413204.883,37835936671024.7,41096142420220.55,44289786478358.945,47415240896813.95,50470814050889.33,53454749983960.91,56365228042139.58,59200362839005.73,61958204593147.055,64636739884545.54,67233892879301.53,69747527075718.914,72175447628425.61,74515404310911.12,76765095180636.42,78922171014676.62,80984240587657.34,82948876867537.33,84813624208512.45,86576006623964.42,88233537225902.22,89783728920722.39,91224106454320.81,92552219902595.08,93765659706178.8,94862073350836.12,95839183797336.86,96694809766863.42,97426887990116.52,98033497530397.9,98512886293145.44,98863499836876.78,99084012603432.92,99173361689088.05,99130783282773.12,98955851903717.33,98648522578586.3,98209176108084.5,97638667585329.14,96938378343378.89,96110271527215.28,95156951506094.16,94081727364937.27,92888680737134.12,91582738263701.34,90169748981866.14,88656566954767.38,87051139445778.14,85362600905613.31,83601372963683.31,81779270477952.27,79909613474639.11,78007344467797.33,76089150147750.55,74173585715141.95,72281199151677.64,70434651386121.48,68658826551247.09,66980924243812.766,65430522803763.734,64039599038745.414,62842485478951.87,61875741146859.6,61177906036387.23,60789103200694.56,60750445881984.74,61103200989416.914,61887655112068.38,63141625876764.2,64898560374938.81,67185163447790.51,70018500113092.22,73402513651204.9,77323884352216.22,81747107656604.12,86608572237987.83,91809247859602.88,97205358411170.53,102596234318634.62,107708842061643.03,112180586375869.2,115549785393846.83,117289069783017.66,117000506031468.3,115143203621400.5,115241588602771.98,128547442808733.75,163924924381772.7,0.0
7182.5,-1091568883747656.6,-1086692072231107.5,-1081792231373018.0,-1076869451233547.4,-1071923824765075.9,-1066955447842722.4,-1061964419294801.1,-1056950840933206.9,-1051914817583707.2,-1046856457116141.2,-1041775870474499.0,-1036673171706870.0,-1031548477995259.2,-1026401909685230.8,-1021233590315390.4,-1016043646646673.5,-1010832208691424.9,-1005599409742266.2,-1000345386400712.5,-995070278605541.8,-989774229660885.0,-984457386264025.5,-979119898532884.1,-973761920033174.1,-968383607805208.2,-962985122390326.9,-957566627856941.9,-952128291826162.8,-946670285496986.5,-941192783671033.5,-935695964776798.9,-930180010893403.6,-924645107773815.2,-919091444867520.5,-913519215342618.6,-907928616107310.2,-902319847830767.8,-896693114963341.5,-891048625756091.8,-885386592279610.5,-879707230442111.1,-874010760006744.8,-868297404608139.6,-862567391768101.9,-856820952910476.5,-851058323375124.4,-845279742430980.9,-839485453288181.9,-833675703109206.2,-827850743019014.9,-822010828114154.0,-816156217470781.4,-810287174151591.6,-804403965211601.0,-798506861702766.8,-792596138677390.0,-786672075190288.6,-780734954299689.8,-774785063066812.4,-768822692554108.4,-762848137822120.1,-756861697924925.0,-750863675904125.4,-744854378781355.1,-738834117549262.5,-732803207160930.5,-726761966517712.5,-720710718455427.5,-714649789728897.1,-708579510994780.8,-702500216792674.6,-696412245524439.2,-690315939431726.5,-684211644571666.0,-678099710790677.5,-671980491696381.9,-665854344627576.8,-659721630622236.2,-653582714383523.9,-647437964243766.0,-641287752126375.6,-635132453505686.6,-628972447364681.2,-622808116150579.9,-616639845728269.8,-610468025331558.1,-604293047512216.1,-598115308086809.4,-591935206081289.2,-585753143673333.8,-579569526132426.0,-573384761757659.5,-567199261813267.9,-561013440461864.6,-554827714695404.8,-548642504263859.5,-542458231601615.75,-536275321751600.75,-530094202287160.7,-523915303231690.1,-517739056976046.06,-511565898193767.1,-505396263754127.4,-499230592633066.6,-493069325822019.6,-486912906234713.1,-480761778611962.4,-474616389424536.9,-468477186774152.06,-462344620292659.75,-456219141039518.9,-450101201397620.6,-443991254967573.6,-437889756460542.9,-431797161589751.25,-425713926960760.1,-419640509960667.2,-413577368646342.9,-407524961631865.3,-401483747975302.6,-395454187065017.75,-389436738505668.75,-383431862004107.2,-377440017255363.56,-371461663828953.7,-365497261055720.7,-359547267915470.1,-353612142925647.25,-347692344031335.6,-341788328496862.94,-335900552799322.75,-330029472524326.4,-324175542264334.44,-318339215519912.8,-312520944604296.4,-306721180551646.9,-300940373029427.5,-295178970255310.75,-289437418919090.3,-283716164110059.4,-278015649250353.5,-272336316034779.0,-266678604377663.84,-261042952367297.12,-255429796228541.75,-249839570294234.9,-244272706986007.75,-238729636805192.3,-233210788334493.2,-227716588251140.94,-222247461352264.56,-216803830593243.0,-211386117139831.0,-205994740434866.47,-200630118280408.7,-195292666936174.28,-189982801235153.34,-184700934717341.88,-179447479782516.03,-174222847863024.2,-169027449617583.88,-163861695147093.44,-158725994233491.94,-153620756602713.88,-148546392212809.8,-143503311568312.7,-138491926061941.52,-133512648344750.9,-128565892725828.44,-123652075602659.72,-118771615923259.98,-113924935681182.47,-109112460444493.1,-104334619919776.31,-99591848552227.4,-94884586162838.47,-90213278623657.75,-85578378572036.56,-80980346164735.58,-76419649872674.28,-71896767317032.75,-67412186147313.04,-62966404961853.83,-58559934271163.08,-54193297504285.41,-49867032058248.94,-45581690390451.47,-41337841153625.75,-37136070372787.71,-32976982663301.17,-28861202488891.305,-24789375458110.746,-20762169657388.15,-16780277018384.807,-12844414716934.543,-8955326600343.57,-5113784639288.023,-1320590399945.4258,2423423468651.7617,6117391737765.727,9760415099107.488,13351558669338.746,16889850507179.219,20374280152367.47,23803797196793.14,27177309899271.45,30493683856671.117,33751740745440.56,36950257148999.75,40087963487991.875,43163543072012.46,46175631293157.64,49122814983563.57,52003631961043.46,54816570788964.336,57560070778646.66,60232522264808.484,62832267186913.61,65357600011705.875,67806769034724.33,70177978101177.47,72469388789198.7,74679123101210.5,76805266711850.78,78845872823673.95,80798966684590.02,82662550823734.17,84434611065152.75,86113123381306.23,87696061650924.84,89181406388160.25,90567154512255.22,91851330229065.23,93031997097699.11,94107271357295.38,95075336590497.6,95934459801552.88,96683008988142.97,97319472287100.11,97842478775110.89,98250821006433.97,98543479370655.53,98719648354672.78,98778764794599.33,98720538205253.66,98544983277525.9,98252454637380.08,97843683964720.31,97319819575961.31,96682468580949.7,95933741732836.62,95076301098325.27,94113410684877.06,93048990169970.4,91887671883826.06,90634861198766.44,89296800472155.8,87880636670825.36,86394492766382.16,84847542923881.78,83250091399178.61,81613654897525.39,79951047908099.62,78276470191628.0,76605595131118.6,74955657022846.53,73345534544036.92,71795826537459.6,70328914849753.93,68969007197173.65,67742150861355.97,66676205402792.23,65800759509065.4,65146973596599.836,64747325946361.41,64635236145963.25,64844535708010.27,65408752331105.01,66360171870785.74,67728641257711.45,69540076836743.36,71814646086992.31,74564595887224.52,77791705603886.53,81484344621272.89,85614105800034.23,90131962566369.6,94963857597929.81,100005599048063.94,105117008834076.14,110115706466706.44,114772426343210.77,118814160348022.14,121953442403043.45,123994611225352.86,125153184172067.55,126912581430574.53,133881723944288.45,155012115973533.78,176847990083962.12,0.0
7180.0,-1033555967275610.8,-1028686079281609.5,-1023795389507520.2,-1018884001566020.8,-1013952021844845.9,-1008999559532510.0,-1004026726643902.1,-999033638045724.6,-994020411481776.2,-988987167598059.1,-983934029967698.1,-978861125115654.4,-973768582543232.8,-968656534752346.1,-963525117269544.6,-958374468669776.6,-953204730599878.8,-948016047801770.6,-942808568135339.5,-937582442601004.0,-932337825361931.2,-927074873765894.2,-921793748366752.6,-916494612945535.2,-911177634531111.9,-905842983420425.0,-900490833198272.9,-895121360756618.2,-889734746313404.2,-884331173430855.4,-878910829033245.1,-873473903424107.4,-868020590302868.9,-862551086780886.0,-857065593396857.0,-851564314131587.5,-846047456422092.8,-840515231175006.0,-834967852779273.2,-829405539118106.8,-823828511580178.9,-818236995070022.8,-812631218017624.9,-807011412387174.2,-801377813684950.4,-795730660966319.2,-790070196841812.8,-784396667482266.8,-778710322622988.0,-773011415566923.6,-767300203186809.9,-761576945926266.2,-755841907799816.2,-750095356391794.4,-744337562854131.2,-738568801902963.5,-732789351814067.2,-726999494417068.8,-721199515088407.2,-715389702743035.0,-709570349824807.5,-703741752295553.8,-697904209622786.5,-692058024766032.4,-686203504161755.6,-680340957706840.1,-674470698740617.4,-668593044025399.6,-662708313725503.2,-656816831384734.9,-650918923902313.2,-645014921507204.0,-639105157730847.2,-633189969378254.6,-627269696497448.8,-621344682347232.9,-615415273363268.5,-609481819122435.0,-603544672305472.5,-597604188657866.4,-591660726948982.2,-585714648929424.4,-579766319286611.0,-573816105598556.5,-567864378285848.5,-561911510561821.4,-555957878380913.4,-550003860385210.3,-544049837849175.8,-538096194622570.75,-532143317071562.4,-526191594018041.4,-520241416677146.8,-514293178593019.6,-508347275572801.3,-502404105618894.6,-496464068859516.0,-490527567477559.5,-484595005637816.75,-478666789412575.1,-472743326705644.5,-466825027174851.5,-460912302153054.94,-455005564567740.5,-449105228859237.0,-443211710897650.6,-437325427898555.0,-431446798337541.6,-425576241863698.5,-419714179212108.75,-413861032115478.1,-408017223214977.06,-402183175970424.6,-396359314569926.4,-390546063839095.25,-384743849149987.9,-378953096329907.6,-373174231570220.9,-367407681335354.0,-361653872272139.3,-355913231119696.9,-350186184620039.4,-344473159429612.75,-338774582031973.75,-333090878651846.1,-327422475170778.25,-321769797044665.5,-316133269223391.06,-310513316072865.1,-304910361299750.9,-299324827879181.3,-293757137985778.6,-288207712928317.25,-282676973088366.4,-277165337863280.8,-271673225613912.62,-266201053617442.56,-260749238025730.56,-255318193829620.75,-249908334829639.25,-244520073613540.12,-239153821541186.0,-233809988737246.56,-228488984092236.66,-223191215272414.88,-217917088739097.94,-212667009777950.0,-207441382538836.0,-202240610086834.66,-197065094465034.2,-191915236769746.2,-186791437238787.9,-181694095353511.4,-176623609955254.25,-171580379376923.3,-166564801590427.3,-161577274370680.62,-156618195476934.6,-151687962852181.7,-146786974841399.22,-141915630429412.44,-137074329499149.16,-132263473111076.6,-127483463804604.25,-122734705922239.36,-118017605957279.25,-113332572925812.42,-108680018763796.3,-104060358749956.42,-99474011955241.52,-94921401719530.97,-90402956156274.38,-85919108685695.11,-81470298597146.88,-77056971641165.75,-72679580651692.38,-68338586198873.03,-64034457272765.375,-59767671998183.67,-55538718380817.28,-51348095084631.766,-47196312240437.37,-43083892285356.375,-39011370832756.9,-34979297572041.07,-30988237197459.055,-27038770364912.438,-23131494675439.58,-19267025683816.96,-15445997930396.559,-11669065993970.912,-7936905563088.539,-4250214522848.074,-609714053758.8281,2983850261217.586,6529707325846.137,10027059420981.402,13475081101686.23,16872918107333.16,20219686291628.99,23514470580265.254,26756323964720.79,29944266541628.223,33077284608058.45,36154329824094.06,39174318455138.12,42136130707553.984,45038610172455.31,47880563393751.55,50660759577924.016,53377930464441.78,56030770377240.72,58617936479266.05,61138049253732.22,63589693237468.78,65971418033498.95,68281739631832.914,70519142069339.97,72682079461490.84,74768978440719.6,76778241038132.52,78708248047282.5,80557362910708.36,82323936171903.47,84006310537303.86,85602826594758.27,87111829236739.1,88531674838259.98,89860739241058.64,91097426597066.3,92240179125500.48,93287487839070.08,94237904295760.06,95090053433459.83,95842647545311.67,96494501454093.86,97044548944226.73,97491860510124.55,97835662479653.72,98075357571431.81,98210546944687.83,98241053800463.1,98166948593133.1,97988575911679.17,97706583090878.62,97321950613694.89,96836024367641.55,96250549819731.34,95567708176664.77,94790154598880.86,93921058538499.45,92964146271258.52,91923745690125.69,90804833421662.92,89613084313082.95,88354923315011.83,87037579747909.95,85669143883155.9,84258625685486.55,82816015442296.02,81352345835228.36,79879754775766.36,78411548011155.3,76962260088692.7,75547711720422.84,74185060888806.53,72892844146965.27,71691003463978.72,70600892617941.56,69645255524819.61,68848166999728.36,68234924289866.07,67831875337169.95,67666167210466.27,67765395636862.55,68157134277987.82,68868320636318.055,69924474613997.75,71348726202920.1,73160630963835.66,75374756119861.84,77999026194945.48,81032824588581.84,84464855044180.03,88270772974624.28,92410600372297.03,96825944069421.77,101437065728646.92,106139963518169.03,110803973850608.17,115271350933506.6,119362669685567.45,122897660889730.14,125754767020490.97,128024416894587.5,130376552932034.9,134837132152550.64,145828985034954.78,167600342386020.66,169238682518567.88,0.0
7177.5,-977158675981033.2,-972313725158836.2,-967450133352434.8,-962568015463849.9,-957667489034079.0,-952748674264280.8,-947811694036768.0,-942856673935794.8,-937883742268118.5,-932893030083338.8,-927884671193982.1,-922858802195333.4,-917815562484994.4,-912755094282155.5,-907677542646570.6,-902583055497213.1,-897471783630607.2,-892343880738812.1,-887199503427051.0,-882038811230960.9,-876861966633457.0,-871669135081185.9,-866460485000557.4,-861236187813337.5,-855996417951786.2,-850741352873315.9,-845471173074664.2,-840186062105554.4,-834886206581831.9,-829571796198048.5,-824243023739490.1,-818900085093616.5,-813543179260899.5,-808172508365043.2,-802788277662558.4,-797390695551676.8,-791979973580589.5,-786556326454976.5,-781119972044821.0,-775671131390476.9,-770210028707978.1,-764736891393557.8,-759251950027369.0,-753755438376372.8,-748247593396383.8,-742728655233243.5,-737198867223102.2,-731658475891793.9,-726107730953268.5,-720546885307076.0,-714976195034869.1,-709395919395909.4,-703806320821548.9,-698207664908672.1,-692600220412078.2,-686984259235766.9,-681360056423130.9,-675727890146014.8,-670088041692623.6,-664440795454271.5,-658786438910933.0,-653125262615592.9,-647457560177366.1,-641783628243368.8,-636103766479331.0,-630418277548917.6,-624727467091759.8,-619031643700159.0,-613331118894466.1,-607626207097110.8,-601917225605265.2,-596204494562135.2,-590488336926862.4,-584769078443028.5,-579047047605743.5,-573322575627318.2,-567595996401512.5,-561867646466338.8,-556137864965439.9,-550406993608011.5,-544675376627285.7,-538943360737566.1,-533211295089819.9,-527479531225828.5,-521748423030899.3,-516018326685154.25,-510289600613394.5,-504562605433559.1,-498837703903794.25,-493115260868143.6,-487395643200883.5,-481679219749526.5,-475966361276517.75,-470257440399651.75,-464552831531243.9,-458852910816091.1,-453158056068264.56,-447468646706765.6,-441785063690113.5,-436107689449892.4,-430436907823331.25,-424773103984964.7,-419116664377447.5,-413467976641592.44,-407827429545692.7,-402195412914231.9,-396572317556044.6,-390958535192035.6,-385354458382544.0,-379760480454458.5,-374176995428199.6,-368604397944674.0,-363043083192331.56,-357493446834457.0,-351955884936825.94,-346430793895874.7,-340918570367539.25,-335419611196919.1,-329934313348939.44,-324463073840183.56,-319006289672091.56,-313564357765708.0,-308137674898197.75,-302726637641330.8,-297331642302171.56,-291953084866197.4,-286591360943098.7,-281246865715509.75,-275919993890940.88,-270611139657184.0,-265320696641483.75,-260049057873769.7,-254796615754265.47,-249563762025790.56,-244350887751096.3,-239158383295577.75,-233986638315724.62,-228836041753676.25,-223706981838269.44,-218599846092974.25,-213515021351120.4,-208452893778843.0,-203413848906172.56,-198398271666719.3,-193406546446405.5,-188439057141714.34,-183496187227936.0,-178578319837901.97,-173685837851706.3,-168819123997926.47,-163978560966866.5,-159164531536344.88,-154377418710575.1,-149617605872668.75,-144885476951322.1,-140181416602236.03,-135505810404820.42,-130859045074751.56,-126241508692932.69,-121653590951413.03,-117095683416820.75,-112568179811848.81,-108071476315329.25,-103605971881415.1,-99172068578375.28,-94770171947487.61,-90400691382486.1,-86064040529999.25,-81760637711371.48,-77490906366233.28,-73255275518125.48,-69054180262448.32,-64888062276935.64,-60757370354790.67,-56662560960550.56,-52604098808656.56,-48582457464618.57,-44598119968552.93,-40651579480761.82,-36743339948891.95,-32873916796065.184,-29043837629223.03,-25253642966747.67,-21503886984235.16,-17795138277092.074,-14127980638389.738,-10503013850170.639,-6920854486122.754,-3382136723246.8633,112486840184.38281,3562344363423.258,6966743942225.988,10324972791852.809,13636296438365.43,16899957922979.527,20115177024742.27,23281149507355.973,26397046396562.484,29462013295136.504,32475169743214.61,35435608632409.94,38342395682933.22,41194568993759.266,43991138676745.83,46731086586531.09,49413366159004.01,52036902372162.48,54600591844247.2,57103303085157.05,59543876918325.69,61921127091455.58,64233841095768.07,66480781214732.234,68660685824577.336,70772270970265.72,72814232242005.11,74785246978796.56,76683976826947.5,78509070682908.38,80259168051219.38,81932902849755.5,83528907695831.89,85045818708057.6,86482280860091.53,87836953923647.7,89108519039195.7,90295685953797.9,91397200966402.27,92411855621642.02,93338496193790.98,94176034002948.42,94923456605795.06,95579839903346.75,96144361208054.95,96616313312343.34,96995119600259.2,97280350243356.95,97471739521246.27,97569204306451.1,97572863752373.61,97483060222258.36,97300381496147.12,97025684291905.97,96660119135503.23,96205156614780.53,95662615049901.64,95034689612334.75,94323982922354.5,93533537152235.3,92666867657944.03,91727998155358.94,90721497446638.92,89652517686696.8,88526834156583.28,87350886477071.83,86131821148078.42,84877535232969.38,83596720915246.77,82298910531090.14,80994521515621.62,79694900482612.61,78412365373770.92,77160244249942.89,75952908836006.53,74805800356140.62,73735444488406.05,72759451410143.94,71896495884897.2,71166271150293.34,70589409008436.72,70187357016509.35,69982202070096.94,69996428042245.41,70252593605682.29,70772915091420.69,71578738445117.44,72689884304675.03,74123851244964.06,75894864624292.1,78012762469530.48,80481715561847.31,83298786230303.64,86452339021924.77,89920326173634.92,93668482510235.33,97648482505763.61,101796150748924.47,106029912008949.19,110249902483648.25,114338723560581.61,118166092876146.81,121602447796965.72,124552569344661.3,127032829141643.72,129339481502483.44,132385337901715.52,138223786397847.05,150042498182019.66,166462139055097.1,147374643035755.1,0.0
7175.0,-922469326335926.8,-917665629874852.4,-912845375146023.4,-908008686203620.5,-903155689590448.8,-898286514354903.5,-893401292067696.6,-888500156838332.6,-883583245331318.8,-878650696782107.0,-873702653012744.2,-868739258447223.8,-863760660126528.2,-858767007723346.9,-853758453556456.0,-848735152604746.5,-843697262520893.9,-838644943644644.6,-833578359015715.2,-828497674386286.2,-823403058233074.8,-818294681768976.0,-813172718954254.5,-808037346507271.5,-802888743914740.2,-797727093441479.1,-792552580139661.2,-787365391857541.2,-782165719247638.9,-776953755774368.5,-771729697721095.5,-766493744196606.0,-761246097140973.4,-755986961330801.6,-750716544383833.0,-745435056762901.0,-740142711779216.2,-734839725594957.2,-729526317225167.5,-724202708538920.9,-718869124259758.2,-713525791965360.2,-708172942086457.0,-702810807904938.8,-697439625551171.2,-692059634000478.5,-686671075068790.2,-681274193407436.1,-675869236497058.8,-670456454640643.0,-665036100955639.2,-659608431365161.5,-654173704588249.4,-648732182129175.0,-643284128265786.0,-637829810036853.9,-632369497228437.2,-626903462359219.0,-621431980664824.9,-615955330081097.5,-610473791226319.1,-604987647382365.6,-599497184474786.5,-594002691051791.5,-588504458262141.1,-583002779831926.6,-577497952040229.8,-571990273693660.2,-566480046099753.2,-560967573039232.4,-555453160737124.3,-549937117832721.0,-544419755348392.75,-538901386657246.5,-533382327449623.25,-527862895698443.4,-522343411623401.9,-516824197654005.4,-511305578391476.8,-505787880569510.2,-500271433013904.1,-494756566601074.1,-489243614215457.4,-483732910705828.0,-478224792840532.1,-472719599261672.5,-467217670438250.0,-461719348618295.9,-456224977780018.25,-450734903581987.4,-445249473312395.25,-439769035837424.0,-434293941548756.1,-428824542310271.44,-423361191403972.2,-417904243475183.9,-412454054477082.1,-407010981614597.1,-401575383287762.6,-396147619034559.1,-390728049473326.4,-385317036244811.3,-379914941953927.75,-374522130111310.0,-369138965074732.1,-363765811990501.9,-358403036734901.75,-353051005855794.1,-347710086514483.9,-342380646427948.6,-337063053811562.6,-331757677322420.8,-326464886003402.44,-321185049228104.0,-315918536646779.6,-310665718133436.9,-305426963734243.2,-300202643617401.5,-294993128024662.1,-289798787224643.7,-284619991468151.6,-279457110945672.38,-274310515747253.47,-269180575824959.94,-264067660958135.7,-258972140721673.12,-253894384457535.28,-248834761249756.94,-243793639903176.38,-238771388926148.3,-233768376517501.94,-228784970558013.2,-223821538606674.38,-218878447902044.12,-213956065368977.0,-209054757631037.75,-204174891028915.44,-199316831645151.0,-194480945335518.72,-189667597767392.78,-184877154465442.56,-180109980865017.4,-175366442373571.0,-170646904440498.88,-165951732635758.56,-161281292737650.88,-156635950830146.06,-152016073410144.4,-147422027505058.75,-142854180801115.94,-138312901782774.52,-133798559883649.56,-129311525649349.97,-124852170912610.97,-120420868981122.4,-116017994838435.55,-111643925358322.5,-107299039532966.84,-102983718715337.34,-98698346876092.75,-94443310875347.61,-90219000749607.02,-86025810014159.81,-81864135981190.92,-77734380093843.73,-73636948276434.6,-69572251300973.96,-65540705170116.945,-61542731516603.61,-57578758019212.12,-53649218835167.65,-49754555048898.9,-45895215136952.67,-42071655448788.39,-38284340703095.91,-34533744499167.066,-30820349842748.816,-27144649685678.45,-23507147478474.867,-19908357734909.195,-16348806607421.72,-12829032472080.68,-9349586521587.445,-5911033364631.844,-2513951629678.914,841065428972.8516,4153409325277.176,7422455738369.672,10647563915336.703,13828076083151.027,16963316873443.766,20052592764162.594,23095191542563.727,26090381794417.46,29037412424764.43,31935512216051.05,34783889429992.574,37581731460066.56,40328204542126.9,43022453531251.46,45663601753591.58,48250750942686.414,50782981270431.85,53259351483657.625,55678899158066.055,58040641082121.15,60343573784339.28,62586674218339.78,64768900620935.195,66889193559502.95,68946477185858.79,70939660714853.45,72867640146931.72,74729300254918.95,76523516856331.83,78249159393539.66,79905093845119.69,81490185992750.1,83003305068954.44,84443327811944.69,85809142954690.58,87099656176166.84,88313795543476.67,89450517474209.64,90508813248962.05,91487716104394.1,92386308937530.94,93203732652211.31,93939195178633.56,94591981196849.77,95161462594791.0,95647109690977.28,96048503251467.73,96365347329839.47,96597482958049.17,96744902714941.36,96807766197917.89,96786416421884.84,96681397168057.03,96493471303504.94,96223640090484.94,95873163502551.39,95443581562159.25,94936736711831.98,94354797227834.53,93700281681432.58,92976084447897.92,92185502256975.64,91332261769917.45,90420548156528.47,89455034629823.89,88440912874328.53,87383924274810.98,86290391812843.14,85167252445869.03,84022089713569.52,82863166224462.39,81699455556135.78,80540672948484.97,79397303972865.34,78280630112180.83,77202749877583.14,76176593705963.45,75215930417886.77,74335362457772.88,73550306478549.28,72876955066866.31,72332214533449.05,71933612726598.47,71699169788688.27,71647223707057.66,71796201476456.02,72164325783188.47,72769246467405.77,73627585780820.17,74754386826558.19,76162455763201.66,77861590597678.33,79857692877312.31,82151763455455.02,84738789802187.38,87606540078937.3,90734288592993.3,94091509300875.75,97636592027082.97,101315668742811.86,105061705161430.5,108794160695627.34,112419839138789.19,115836223981703.8,118939961791328.53,121645865336753.64,123926951150075.39,125894916590533.34,127951221559800.1,131026354387828.66,136748140635367.08,146417853508899.25,153554729625198.12,117293977863776.19,0.0
7172.5,-869561254138998.2,-864813473353358.9,-860051129745970.8,-855274354529919.4,-850483281246665.8,-845678045779158.2,-840858786364671.2,-836025643607370.5,-831178760490576.8,-826318282388736.6,-821444357079073.5,-816557134752916.5,-811656768026696.6,-806743411952590.0,-801817224028808.6,-796878364209516.2,-791926994914364.8,-786963281037636.4,-781987389956978.8,-776999491541722.1,-771999758160767.1,-766988364690026.0,-761965488519411.4,-756931309559353.8,-751886010246840.8,-746829775550958.9,-741762792977928.5,-736685252575620.8,-731597346937538.6,-726499271206253.0,-721391223076274.6,-716273402796358.6,-711146013171217.5,-706009259562638.0,-700863349889980.5,-695708494630053.4,-690544906816350.4,-685372802037627.9,-680192398435821.5,-675003916703280.4,-669807580079308.6,-664603614345998.9,-659392247823352.9,-654173711363662.2,-648948238345151.6,-643716064664863.1,-638477428730769.2,-633232571453110.5,-627981736234934.0,-622725168961833.8,-617463117990872.0,-612195834138675.9,-606923570668699.1,-601646583277631.8,-596365130080962.8,-591079471597665.9,-585789870734022.4,-580496592766553.5,-575199905324065.5,-569900078368799.2,-564597384176673.0,-559292097316618.75,-553984494629004.25,-548674855203132.6,-543363460353826.44,-538050593597080.4,-532736540624794.9,-527421589278575.5,-522106029522611.8,-516790153415627.1,-511474255081908.25,-506158630681412.5,-500843578378964.9,-495529398312545.9,-490216392560675.4,-484904865108909.8,-479595121815457.4,-474287470375920.94,-468982220287192.4,-463679682810500.75,-458380170933642.44,-453083999332405.9,-447791484331214.2,-442502943863010.7,-437218697428406.25,-431939066054126.75,-426664372250775.6,-421394939969958.25,-416131094560793.3,-410873162725851.06,-405621472476558.1,-400376353088113.4,-395138135053956.75,-389907150039842.0,-384683730837562.9,-379468211318391.1,-374260926386279.0,-369062211930889.44,-363872404780524.1,-358691842655008.7,-353520864118614.0,-348359808533085.2,-343209016010862.6,-338068827368578.56,-332939584080907.75,-327821628234882.75,-322715302484751.56,-317620950007495.25,-312538914459100.2,-307469539931698.4,-302413170911699.6,-297370152239022.06,-292340829067556.9,-287325546826999.2,-282324651186171.94,-277338488017991.2,-272367403366221.34,-267411743414166.38,-262471854455460.75,-257548082867120.25,-252640775085026.03,-247750277582012.16,-242876936848744.62,-238021099377571.44,-233183111649545.0,-228363320124807.5,-223562071236551.7,-218779711388762.3,-214016586957959.94,-209273044299164.5,-204549429756312.0,-199846089677353.75,-195163370434282.12,-190501618448323.75,-185861180220551.34,-181242402368170.97,-176645631666743.25,-172071215098599.25,-167519499907724.56,-162990833661381.7,-158485564318739.72,-154004040306800.7,-149546610603890.5,-145113624831003.88,-140705433351281.97,-136322387377906.22,-131964839090689.16,-127633141761644.94,-123327649889812.52,-119048719345608.44,-114796707524977.88,-110571973513601.34,-106374878261419.38,-102205784767709.84,-98065058276958.44,-93953066485741.2,-89870179760817.64,-85816771368629.66,-81793217716366.78,-77799898604741.98,-73837197492597.88,-69905501773429.06,-66005203063878.34,-62136697504224.2,-58300386070838.42,-54496674900551.57,-50725975626804.1,-46988705727419.29,-43285288883762.17,-39616155350993.26,-35981742339040.84,-32382494403850.406,-28818863848372.63,-25291311132659.08,-21800305292336.277,-18346324364611.195,-14929855820843.834,-11551397004587.104,-8211455573855.527,-4910549946226.637,-1649209745213.9531,1572023753829.3945,4752597180212.852,7891944628958.762,10989487228767.629,14044632719508.238,17056775042095.312,20025293943897.258,22949554603108.293,25828907275834.19,28662686969975.746,31450213150351.887,34190789479877.758,36883703602020.766,39528226970176.484,42123614730058.22,44669105661666.28,47163922187899.91,49607270457399.11,51998340509749.67,54336306531759.086,56620327214105.72,58849546218286.016,61023092764425.81,63140082351186.7,65199617619684.16,67200789374031.3,69142677771843.766,71024353698765.98,72844880341816.88,74603314977095.39,76298710988126.8,77930120131864.94,79496595070092.16,80997192184663.19,82430974695719.58,83797016102653.36,85094403968200.34,86322244066604.69,87479664917291.0,88565822725908.5,89579906754958.66,90521145146477.36,91388811219396.05,92182230264254.56,92900786857862.61,93543932720299.2,94111195136296.05,94602185962556.53,95016611241913.48,95354281444423.44,95615122354517.45,95799186622188.6,95906665994875.03,95937904245204.34,95893410808079.75,95773875138715.19,95580181801133.48,95313426294315.94,94974931620578.03,94566265597792.33,94089258913682.97,93546023916442.56,92938974131185.4,92270844485979.39,91544712224040.25,90764018469644.8,89932590403791.05,89054663990792.4,88134907177771.69,87178443464095.12,86190875705477.22,85178309975711.12,84147379255203.23,83105266646637.2,82059727730495.06,81019111562538.17,79992379676722.58,78989122284823.33,78019570652090.83,77094604370043.64,76225751936360.45,75425182681515.34,74705687647101.19,74080646518539.16,73563977145283.25,73170063550012.25,72913657647270.86,72809749184184.33,72873397716857.05,73119519797832.42,73562624043967.25,74216486473520.42,75093758562092.45,76205501005744.23,77560637347105.94,79165323570705.61,81022232648836.61,83129756932684.86,85481136318133.83,88063526364668.39,90857028258859.84,93833712471510.44,96956682295152.31,100179247323376.31,103444321694026.16,106684250841696.27,109821448724562.0,112770578387760.6,115443679230482.8,117760877792987.33,119671467101008.38,121193480834048.02,122483399079868.12,123943061890556.84,126318712466344.19,130492354488677.4,135690545523921.9,131928004180939.53,84280558769376.4,0.0
7170.0,-818490354845628.5,-813811548597045.8,-809120080521079.5,-804416087153654.9,-799699707192959.2,-794971081509097.8,-790230353153463.2,-785477667367813.9,-780713171593034.0,-775937015477586.8,-771149350885634.4,-766350331904825.8,-761540114853739.5,-756718858288964.2,-751886723011824.0,-747043872074716.4,-742190470787074.4,-737326686720926.1,-732452689716051.4,-727568651884719.2,-722674747616001.6,-717771153579645.2,-712858048729499.6,-707935614306482.8,-703004033841082.9,-698063493155374.4,-693114180364548.2,-688156285877941.5,-683190002399553.0,-678215524928039.5,-673233050756179.0,-668242779469791.8,-663244912946107.5,-658239655351571.2,-653227213139074.9,-648207795044601.9,-643181612083286.5,-638148877544860.0,-633109806988491.8,-628064618237002.8,-623013531370450.4,-617956768719068.8,-612894554855563.8,-607827116586743.0,-602754682944486.6,-597677485176033.6,-592595756733593.0,-587509733263260.9,-582419652593238.9,-577325754721349.2,-572228281801839.6,-567127478131470.0,-562023590134877.56,-556916866349212.0,-551807557408046.94,-546695916024542.6,-541582196973883.25,-536466657074962.9,-531349555171332.3,-526231152111399.75,-521111710727885.25,-515991495816531.06,-510870774114066.75,-505749814275429.5,-500628886850249.5,-495508264258592.9,-490388220765978.56,-485269032457664.5,-480150977212216.44,-475034334674367.3,-469919386227170.1,-464806414963461.2,-459695705656642.3,-454587544730796.75,-449482220230147.75,-444380021787882.1,-439281240594355.9,-434186169364689.75,-429095102305794.25,-424008335082827.8,-418926164785121.25,-413848889891595.75,-408776810235693.5,-403710226969861.9,-398649442529611.1,-393594760597190.3,-388546486064906.2,-383504924998133.25,-378470384598049.5,-373443173164141.2,-368423600056523.2,-363411975658122.56,-358408611336776.25,-353413819407292.56,-348427913093538.06,-343451206490603.06,-338484014527112.1,-333526652927737.1,-328579438175992.1,-323642687477368.9,-318716718722894.4,-313801850453184.6,-308898401823078.6,-304006692566935.7,-299127042964676.9,-294259773808678.0,-289405206371589.6,-284563662375202.0,-279735463960442.75,-274920933658618.88,-270120394364019.5,-265334169307983.22,-260562582034555.0,-255805956377855.7,-251064616441286.94,-246338886578702.3,-241629091377684.1,-236935555645059.88,-232258604394804.38,-227598562838470.7,-222955756378308.44,-218330510603215.5,-213723151287692.97,-209134004393956.0,-204563396077378.56,-200011652695433.0,-195479100820307.88,-190966067255377.06,-186472879055704.8,-181999863552770.7,-177547348383603.12,-173115661524511.75,-168705131329614.66,-164316086574352.2,-159948856504190.1,-155603770888707.47,-151281160081273.56,-146981355084511.12,-142704687621751.06,-138451490214680.16,-134222096267377.84,-130016840156947.58,-125836057330933.5,-121680084411720.44,-117549259308104.23,-113443921334218.12,-109364411335994.4,-105311071825333.9,-101284247122143.81,-97284283504402.2,-93311529366389.5,-89366335385217.33,-85449054695774.6,-81560043074183.86,-77699659129857.3,-73868264506212.53,-70066224090080.56,-66293906229832.44,-62551682962201.2,-58839930247758.82,-55159028214971.39,-51509361412717.55,-47891319071113.06,-44305295370444.77,-40751689717962.805,-37230907032232.94,-33743358034687.04,-30289459547952.258,-26869634800466.07,-23484313736817.797,-20133933333165.395,-16818937917002.512,-13539779490448.73,-10296918056134.316,-7090821944647.859,-3921968142391.0977,-790842618563.0352,2302059350144.418,5356232858698.77,8371163058445.281,11346324849277.688,14281182581324.691,17175189768408.293,20027788815734.375,22838410764490.906,25606475056265.0,28331389320430.395,31012549187923.695,33649338135098.16,36241127361640.98,38787275706846.375,41287129608863.266,43740023111877.3,46145277926551.06,48502203549417.42,50810097447322.27,53068245313420.58,55275921401660.18,57432388947133.91,59536900680140.65,61588699442274.414,63587018913348.305,65531084458466.66,67420114105067.164,69253319660283.31,71029907979501.75,72749082397521.86,74410044334262.62,76011995087485.36,77554137825527.61,79035679793555.39,80455834747332.62,81813825628981.88,83108887499655.73,84340270744443.81,85507244565216.64,86609100777420.97,87645157927109.52,88614765744683.23,89517309951954.7,90352217439182.02,91118961828676.78,91817069441446.14,92446125683073.3,93005781864671.12,93495762474247.44,93915872913191.72,94266007711821.12,94546159237007.05,94756426903822.2,94897026901912.02,94968302445876.9,94970734557354.52,94904953384699.28,94771750064146.95,94572089124111.0,94307121431747.86,93978197678104.08,93586882394963.0,93134968492853.66,92624492305454.28,92057749120664.14,91437309172719.42,90766034062618.14,90047093565447.95,89283982772503.38,88480539502772.45,87640961901708.31,86769826124275.42,85872103972920.62,84953180327982.45,84018870166432.39,83075434912729.69,82129597800593.83,81188557843915.08,80260001915673.66,79352114312121.23,78473583031749.52,77633601820674.08,76841866823912.78,76108566431767.94,75444362618918.64,74860361738840.83,74368072357722.6,73979347292939.56,73706306568394.12,73561237525245.39,73556467851825.92,73704206850273.94,74016349880333.56,74504240666694.77,75178386093144.4,76048118316881.84,77121199614172.83,78403366416777.47,79897810621178.58,81604598545729.98,83520030955389.67,85635951437430.12,87939015178216.89,90409936051523.22,93022737396008.94,95744042217828.06,98532454720985.22,101338113143337.06,104102545774250.61,106759059662297.75,109234072877732.44,111450127762589.19,113331883840377.88,114817285153403.47,115877324157623.67,116548769469354.34,116981679640040.4,117484581528218.11,118469687723631.55,119922290079354.05,119230026676135.47,105014674997256.61,52656999246752.65,0.0
7167.5,-769296608117671.5,-764698296886286.0,-760089125065221.6,-755469232843203.6,-750838762402879.5,-746197857927444.1,-741546665606974.2,-736885333644463.9,-732214012261537.9,-727532853703859.0,-722842012246198.2,-718141644197172.5,-713431907903642.0,-708712963754748.0,-703984974185599.1,-699248103680581.0,-694502518776294.0,-689748388064102.8,-684985882192294.5,-680215173867833.4,-675436437857705.0,-670649850989842.1,-665855592153622.8,-661053842299934.2,-656244784440794.1,-651428603648515.8,-646605487054419.1,-641775623847070.9,-636939205270049.9,-632096424619227.6,-627247477239559.6,-622392560521376.2,-617531873896168.2,-612665618831859.4,-607793998827555.4,-602917219407767.8,-598035488116104.4,-593149014508413.6,-588258010145388.8,-583362688584610.8,-578463265372039.5,-573559958032933.5,-568652986062205.5,-563742570914195.8,-558828935991876.6,-553912306635459.6,-548992910110426.9,-544070975594965.75,-539146734166808.2,-534220418789478.0,-529292264297935.25,-524362507383623.4,-519431386578912.4,-514499142240941.06,-509566016534862.0,-504632253416476.44,-499698098614279.1,-494763799610900.1,-489829605623952.75,-484895767586293.75,-479962538125690.6,-475030171543914.3,-470098923795251.3,-465169052464448.4,-460240816744096.9,-455314477411464.25,-450390296804783.6,-445468538799011.25,-440549468781063.8,-435633353624550.9,-430720461664012.9,-425811062668681.7,-420905427815783.25,-416003829663396.9,-411106542122889.2,-406213840430946.94,-401326001121233.0,-396443301995678.5,-391566022095452.0,-386694441671618.6,-381828842155523.56,-376969506128932.75,-372116717293956.8,-367270760442796.06,-362431921427339.75,-357600487128661.0,-352776745426440.5,-347960985168365.7,-343153496139548.7,-338354569032004.56,-333564495414242.4,-328783567701016.25,-324012079123290.94,-319250323698474.2,-314498596200975.0,-309757192133146.2,-305026407696675.1,-300306539764481.4,-295597885853199.4,-290900744096303.4,-286215413217956.1,-281542192507651.8,-276881381795732.78,-272233281429863.56,-267598192252535.56,-262976415579703.78,-258368253180630.0,-253774007259036.8,-249193980435658.38,-244628475732288.5,-240077796557432.44,-235542246693654.97,-231022130286741.12,-226517751836776.56,-222029416191255.62,-217557428540336.38,-213102094414361.25,-208663719683760.38,-204242610561463.84,-199839073607945.8,-195453415739033.62,-191085944236605.7,-186736966762319.66,-182406791374495.75,-178095726548304.97,-173804081199386.1,-169532164711045.84,-165280286965174.1,-161048758377022.8,-156837889933988.75,-152647993238547.47,-148479380555478.53,-144332364863533.28,-140207259911680.08,-136104380280078.25,-132024041445915.0,-127966559854251.89,-123932252994009.53,-119921439479230.38,-115934439135748.69,-111971573093387.88,-108033163883812.94,-104119535544144.94,-100231013726448.6,-96367925813188.72,-92530601038747.25,-88719370617077.0,-84934567875563.95,-81176528395147.23,-77445590156741.53,-73742093693983.31,-70066382252309.03,-66418801954352.63,-62799701971625.72,-59209434702425.79,-55648355955889.74,-52116825142075.82,-48615205467940.79,-45143864139029.89,-41703172566671.46,-38293506580425.984,-34915246645494.793,-31568778084749.57,-28254491304993.07,-24972782027006.387,-21724051518884.125,-18508706832087.6,-15327161039588.623,-12179833475393.84,-9067149974671.238,-5989543113604.4375,-2947452448022.3477,58675250252.08203,3028385760495.176,5961217184881.801,8856699726381.156,11714355474259.836,14533698198841.863,17314233157314.125,20055456912520.535,22756857166850.027,25417912613492.89,28038092807524.496,30616858059465.387,33153659354170.24,35647938298115.67,38099127098377.484,40506648576830.94,42869916223354.06,45188334292076.44,47461297944990.5,49688193447528.38,51868398421003.92,54001282157131.484,56086206000152.26,58122523802433.914,60109582459750.15,62046722532800.26,63933278961890.09,65768581882064.96,67551957546359.59,69282729365211.01,70960219070461.84,72583748012765.53,74152638601584.53,75666215897352.86,77123809365736.73,78524754804293.67,79868396452163.2,81154089293753.47,82381201567683.0,83549117492510.3,84657240221017.67,85704995035015.55,86691832792781.86,87617233641350.77,88480711005904.58,89281815868494.89,90020141348220.64,90695327594809.47,91307067007280.45,91855109789000.2,92339269849979.78,92759431066675.3,93115553908860.08,93407682442308.28,93635951715067.27,93800595533992.36,93901954636954.47,93940485264710.0,93916768134819.95,93831517818213.55,93685592516987.64,93480004239796.33,93215929368679.7,92894719608365.1,92517913305898.4,92087247124845.45,91604668054156.02,91072345726974.94,90492685019060.3,89868338889814.06,89202221420984.38,88497520998528.06,87757713571503.66,86986575907681.84,86188198748172.8,85366999741991.94,84527736015184.56,83675516196768.33,82815811684012.62,81954466880892.92,81097708084164.78,80252150619366.92,79424803741956.47,78623072714273.98,77854757344593.48,77128046127581.33,76451504953673.88,75834059156180.64,75284967438037.67,74813785964930.3,74430320629545.75,74144565186986.12,73966622641130.23,73906606937522.06,73974521707140.92,74180112530722.22,74532688986426.67,75040912644500.23,75712547230041.31,76554167446638.23,77570823504005.66,78765659290315.92,80139483442490.56,81690294356955.48,83412762500684.0,85297676271106.25,87331361167519.34,89495086293827.08,91764477514851.12,94108963661511.39,96491292609286.42,98867171027622.02,101185111078846.58,103386619752083.67,105406958744168.56,107176859610267.08,108625830336089.94,109688053507153.88,110312292535143.45,110477326215767.6,110212811673094.97,109617335421536.89,108835807900741.84,107865824072647.42,105816096344799.06,98780779031978.05,76062222459062.23,25470457310781.406,0.0
7165.0,-722005570934855.2,-717497809448035.6,-712980885274376.0,-708454940756114.1,-703920120062061.5,-699376569191629.0,-694824435978566.8,-690263870094405.2,-685695023051587.9,-681118048206298.1,-676533100760963.5,-671940337766436.2,-667339918123847.5,-662732002586112.8,-658116753759106.9,-653494336102474.8,-648864915930094.1,-644228661410168.0,-639585742564951.8,-634936331270098.4,-630280601253625.9,-625618728094489.4,-620950889220763.5,-616277263907417.2,-611598033273688.2,-606913380280036.5,-602223489724684.1,-597528548239728.2,-592828744286824.5,-588124268152434.8,-583415311942633.5,-578702069577470.8,-573984736784883.1,-569263511094151.8,-564538591828900.2,-559810180099627.7,-555078478795780.6,-550343692577347.4,-545606027865985.1,-540865692835666.0,-536122897402846.9,-531377853216154.75,-526630773645594.06,-521881873771261.25,-517131370371581.6,-512379481911052.7,-507626428527503.4,-502872432018867.5,-498117715829467.9,-493362505035816.4,-488607026331931.2,-483851508014172.4,-479096179965597.75,-474341273639843.0,-469587022044536.0,-464833659724234.25,-460081422742912.0,-455330548665984.4,-450581276541885.75,-445833846883207.25,-441088501647401.1,-436345484217060.6,-431605039379789.4,-426867413307661.75,-422132853536299.75,-417401608943564.6,-412673929727890.1,-407950067386259.75,-403230274691854.75,-398514805671381.4,-393803915582101.4,-389097860888578.75,-384396899239170.75,-379701289442276.94,-375011291442373.8,-370327166295856.7,-365649176146717.9,-360977584202080.0,-356312654707625.6,-351654652922937.7,-347003845096793.06,-342360498442437.06,-337724881112874.0,-333097262176210.7,-328477911591085.4,-323867100182231.1,-319265099616201.5,-314672182377312.1,-310088621743836.3,-305514691764502.7,-300950667235341.3,-296396823676930.56,-291853437312094.94,-287320785044105.25,-282799144435441.4,-278288793687170.12,-273790011619002.7,-269303077650085.0,-264828271780596.8,-260365874574212.2,-255916167141498.25,-251479431124315.06,-247055948681294.06,-242646002474467.78,-238249875657117.75,-233867851862934.47,-229500215196553.12,-225147250225560.06,-220809241974044.1,-216486475917781.56,-212179237981147.56,-207887814535834.12,-203612492401471.6,-199353558848249.78,-195111301601623.62,-190886008849207.6,-186677969249954.62,-182487471945716.75,-178314806575288.7,-174160263291034.88,-170024132778203.94,-165906706277030.16,-161808275607729.6,-157729133198489.22,-153669572116559.97,-149629886102548.7,-145610369608020.88,-141611317836510.25,-137633026788042.14,-133675793307264.77,-129739915135294.12,-125825690965361.94,-121933420502366.5,-118063404526410.92,-114215944960422.08,-110391344941927.62,-106589908899074.53,-102811942630956.05,-99057753392318.84,-95327649982708.14,-91621942840100.28,-87940944139072.03,-84284967893535.08,-80654330064062.83,-77049348669819.48,-73470343905092.3,-69917638260410.836,-66391556648225.45,-62892426533095.86,-59420578066327.24,-55976344224968.59,-52560060955066.64,-49172067319049.21,-45812705647077.61,-42482321692191.89,-39181264789036.484,-35909888015917.05,-32668548359919.992,-29457606884772.266,-26277428901088.547,-23128384138609.766,-20010846919986.414,-16925196335614.598,-13871816418976.656,-10851096321883.629,-7863430488956.234,-4909218830610.418,-1988866893754.5547,897213970682.3867,3748606444337.3125,6564887083158.172,9345626165429.254,12090387547301.652,14798728527153.816,17470199720211.113,20104344944973.14,22700701123112.99,25258798194645.746,27778159050294.246,30258299483125.605,32698728161680.348,35098946626976.49,37458449315935.25,39776723613950.59,42053249939506.34,44287501863939.62,46478946269642.805,48627043550212.3,50731247856260.83,52791007390841.66,54805764758662.17,56774957373504.48,58698017928521.18,60574374934325.48,62403453330057.2,64184675172871.72,65917460411567.8,67601227750343.82,69235395608947.516,70819383185758.0,72352611630614.28,73834505334474.61,75264493343255.83,76642010903459.89,77966501147441.34,79237416926403.1,80454222799424.39,81616397187021.5,82723434697913.31,83774848637810.33,84770173709153.1,85708968910805.62,86590820646735.45,87415346052701.2,88182196549895.31,88891061634364.0,89541672910832.44,90133808379297.72,90667296982411.67,91142023421246.12,91557933246518.75,91915038231736.31,92213422033995.56,92453246147342.06,92634756152634.02,92758288266768.42,92824276192903.47,92833258271931.08,92785884933914.94,92682926446487.38,92525280955284.3,92313982809356.27,92050211162107.3,91735298835636.28,91370741433345.33,90958206682267.92,90499543982693.8,89996794138204.75,89452199234088.48,88868212626084.34,88247508994354.64,87592994409217.89,86907816345221.33,86195373568207.03,85459325805687.2,84703603093548.25,83932414671213.9,83150257272144.62,82361922626060.14,81572503952499.53,80787401181134.06,80012324581291.73,79253296420014.4,78516650193098.05,77809026885358.47,77137367613214.6,76508901883097.11,75931130561919.97,75411802500093.22,74958883573192.02,74580516716351.3,74284971318067.69,74080580121650.0,73975661559863.77,73978425231338.14,74096858029906.84,74338588278677.11,74710725122879.48,75219670428653.69,75870900553630.31,76668715639256.64,77615954567658.42,78713674472113.69,79960794732687.2,81353706764448.4,82885852644002.33,84547277742947.64,86324165070399.31,88198362030964.5,90146913938877.92,92141623276323.0,94148660167036.53,96128259463104.75,98034556105974.33,99815637812870.3,101413939837846.69,102767179738712.31,103810138497182.52,104477732086178.48,104709928246015.08,104458933973312.44,103698039661694.62,102427586893108.88,100661241506758.11,98341044922641.0,95042700935675.77,89161928735797.97,76202757054474.97,47766462205299.43,4186900728507.745,0.0
7162.5,-676629825959484.8,-672221282408147.8,-667805168726103.0,-663381628081568.0,-658950805305745.1,-654512846894679.5,-650067901010832.5,-645616117484378.5,-641157647814202.5,-636692645168612.8,-632221264385745.6,-627743661973667.2,-623259996110169.8,-618770426642244.2,-614275115085242.8,-609774224621705.8,-605267920099868.5,-600756368031828.0,-596239736591373.8,-591718195611473.2,-587191916581411.6,-582661072643576.8,-578125838589892.9,-573586390857887.4,-569042907526401.9,-564495568310928.2,-559944554558578.5,-555390049242679.9,-550832236956989.25,-546271303909531.75,-541707437916052.56,-537140828393084.94,-532571666350630.25,-528000144384448.8,-523426456667958.75,-518850798943739.75,-514273368514647.5,-509694364234529.1,-505113986498545.1,-500532437233094.0,-495949919885345.9,-491366639412373.25,-486782802269899.1,-482198616400638.1,-477614291222263.7,-473030037614970.75,-468446067908662.94,-463862595869754.75,-459279836687590.94,-454698006960495.25,-450117324681448.25,-445538009223397.6,-440960281324213.0,-436384363071284.0,-431810477885779.3,-427238850506558.25,-422669706973763.5,-418103274612085.75,-413539782013720.4,-408979459021025.44,-404422536708888.56,-399869247366819.5,-395319824480777.5,-390774502714748.0,-386233517892087.1,-381697106976641.2,-377165508053669.1,-372638960310572.9,-368117704017462.8,-363601980507574.8,-359092032157558.0,-354588102367655.44,-350090435541801.5,-345599277067658.5,-341114873296614.8,-336637471523773.1,-332167319967958.75,-327704667751765.06,-323249764881681.9,-318802862228320.0,-314364211506777.44,-309934065257173.5,-305512676825385.6,-301100300344029.3,-296697190713710.06,-292303603584596.56,-287919795338344.4,-283546023070417.75,-279182544572853.12,-274829618317502.84,-270487503439809.3,-266156459723155.12,-261836747583839.62,-257528628056726.78,-253232362781621.62,-248948213990424.4,-244676444495119.4,-240417317676649.62,-236171097474741.25,-231938048378732.0,-227718435419462.72,-223512524162296.28,-219320580701326.4,-215142871654840.5,-210979664162096.25,-206831225881489.34,-202697824990170.2,-198579730185184.1,-194477210686203.62,-190390536239920.5,-186319977126177.2,-182265804165900.62,-178228288730918.75,-174207702755731.94,-170204318751312.75,-166218409821006.72,-162250249678616.3,-158300112668733.72,-154368273789405.62,-150455008717196.75,-146560593834734.06,-142685306260796.62,-138829423883031.5,-134993225393358.31,-131176990326140.88,-127380999099182.78,-123605533057623.31,-119850874520787.56,-116117306832056.36,-112405114411809.47,-108714582813496.83,-105045998782884.22,-101399650320521.22,-97775826747464.78,-94174818774295.84,-90596918573453.0,-87042419854904.2,-83511617945165.27,-80004809869670.89,-76522294438491.56,-73064372335376.58,-69631346210099.86,-66223520774066.04,-62841202899123.72,-59484701719520.195,-56154328736913.55,-52850397928343.72,-49573225857044.984,-46323131785962.93,-43100437793817.44,-39905468893534.49,-36738553152837.67,-33600021816775.055,-30490209431916.42,-27409453971937.445,-24358096964271.36,-21336483617467.15,-18344962948870.855,-15383887912195.363,-12453615524505.57,-9554506992105.523,-6686927834760.18,-3851248007637.949,-1047842020303.8945,1722910947962.582,4460626937311.398,7164917101783.078,9835387610003.555,12471639553111.375,15073268860982.566,17639866227911.426,20171017048980.36,22666301368451.29,25125293841603.523,27547563711543.63,29932674802621.426,32280185532194.35,34589648942606.156,36860612755361.15,39092619449609.2,41285206367191.05,43437905846631.0,45550245388613.89,47621747855633.54,49651931708657.54,51640311283819.766,53586397112316.766,55489696286863.49,57349712878239.04,59165948405640.09,60937902364744.92,62665072817586.34,64346957048521.914,65983052290789.16,67572856528330.15,69115869377768.06,70611593055613.61,72059533435975.08,73459201204235.02,74810113112340.8,76111793341534.44,77363774978513.3,78565601611169.56,79716829050196.52,80817027182974.27,81865781966251.61,82862697564219.23,83807398638625.64,84699532797608.23,85538773209902.02,86324821391037.86,87057410168050.78,87736306829077.47,88361316464029.56,88932285502281.97,89449105452998.34,89911716853340.53,90320113429348.92,90674346473750.98,90974529444330.86,91220842785782.52,91413538977153.72,91552947806069.73,91639481869889.52,91673642302785.61,91656024726444.72,91587325420642.73,91468347708341.95,91300008548176.42,91083345325204.97,90819522828604.4,90509840402503.95,90155739253399.06,89758809894464.22,89320799703564.06,88843620567743.19,88329356582382.81,87780271767907.67,87198817760776.48,86587641428310.8,85949592348488.78,85287730085895.25,84605331183259.22,83905895774049.84,83193153704998.94,82471070037660.05,81743849774596.11,81015941627830.83,80292040614036.3,79577089221691.4,78876276849218.7,78195037158880.31,77539042927976.97,76914197905625.02,76326625099157.69,75782650818223.38,75288783696450.25,74851687790040.67,74478148720425.0,74175031685569.28,73949230014302.78,73807602784204.95,73756899872180.31,73803672666157.03,73954168547440.36,74214207170305.48,74589036536032.55,75083166903876.36,75700180725851.05,76442517062826.28,77311229364943.08,78305716108184.7,79423424596950.72,80659529290425.6,82006587302139.12,83454175264504.64,84988513549618.9,86592085915973.12,88243265079425.84,89915957669886.23,91579285932931.9,93197329138120.88,94728956298492.42,96127795567876.44,97342407357608.3,98316760566031.27,98991154368547.39,99303771357682.97,99193050479422.17,98600907529270.7,97476173242399.73,95775594692123.88,93454166446252.19,90422244827325.6,86413256498936.1,80639463785779.55,71043882586103.7,53250624515839.08,22103230604405.88,-11283928995127.148,0.0
7160.0,-633170374111552.8,-628868414124963.6,-624560370604412.0,-620246386386008.9,-615926605811342.6,-611601174727570.8,-607270240487254.8,-602933951947933.2,-598592459471420.8,-594245914922842.6,-589894471669389.0,-585538284578791.8,-581177510017521.8,-576812305848694.5,-572442831429695.5,-568069247609502.4,-563691716725721.8,-559310402601321.6,-554925470541066.2,-550537087327643.9,-546145421217492.2,-541750641936311.0,-537352920674266.44,-532952430080880.9,-528549344259609.75,-524143838762098.9,-519736090582125.75,-515326278149222.1,-510914581321973.44,-506501181381000.1,-502086261021614.1,-497670004346155.1,-493252596856004.1,-488834225443276.0,-484415078382188.94,-479995345320112.7,-475575217268301.25,-471154886592301.6,-466734547002053.06,-462314393541665.4,-457894622578891.94,-453475431794288.25,-449057020170071.94,-444639587978673.25,-440223336770996.75,-435808469364382.56,-431395189830284.1,-426983703481665.44,-422574216860116.75,-418166937722705.25,-413762075028562.44,-409359838925215.44,-404960440734674.25,-400564092939275.56,-396171009167308.2,-391781404178408.4,-387395493848756.7,-383013495156072.94,-378635626164428.0,-374262106008885.25,-369893154879979.9,-365528994008057.3,-361169845647480.25,-356815933060718.9,-352467480502349.25,-348124713202964.0,-343787857353025.25,-339457140086671.2,-335132789465497.6,-330815034462338.06,-326504104945058.56,-322200231660392.9,-317903646217841.25,-313614581073656.9,-309333269514941.2,-305059945643879.7,-300794844362143.25,-296538201355479.1,-292290253078529.25,-288051236739894.6,-283821390287486.7,-279600952394191.72,-275390162443884.06,-271189260517822.25,-266998487381458.7,-262818084471708.75,-258648293884704.9,-254489358364082.5,-250341521289834.62,-246205026667773.28,-242080119119641.7,-237967043873918.94,-233866046757361.56,-229777374187322.12,-225701273164897.5,-221637991268945.44,-217587776651023.1,-213550878031288.56,-209527544695423.53,-205518026492618.47,-201522573834674.84,-197541437696274.94,-193574869616470.53,-189623121701446.78,-185686446628603.94,-181765097652025.53,-177859328609372.12,-173969393930265.94,-170095548646213.94,-166238048402123.94,-162397149469475.16,-158573108761186.3,-154766183848243.8,-150976632978141.28,-147204715095181.22,-143450689862690.78,-139714817687206.86,-135997359744675.88,-132298578008719.25,-128618735281009.06,-124958095223803.88,-121316922394680.8,-117695482283512.03,-114094041351716.48,-110512867073829.28,-106952227981411.56,-103412393709337.58,-99893635044477.03,-96396223976794.02,-92920433752877.17,-89466538931909.5,-86034815444080.5,-82625540651439.22,-79238993411174.45,-75875454141307.28,-72535204888767.5,-69218529399820.58,-65925713192797.555,-62657043633074.38,-59412810010234.664,-56193303617333.766,-52998817832176.24,-49829648200498.08,-46686092520933.35,-43568450931629.164,-40477025998352.74,-37412122803918.01,-34374049038740.977,-31363115092306.79,-28379634145312.54,-25423922262227.258,-22496298483978.184,-19597084920455.47,-16726606842483.012,-13885192772889.7,-11073174576269.527,-8290887546984.977,-5538670494940.152,-2816865828597.4805,-125819634679.89453,2534118246049.8906,5162594147584.383,7759250512747.195,10323725833302.895,12855654596915.945,15354667241825.664,17820390120174.535,20252445470983.66,22650451403846.29,25014021894474.598,27342766793319.367,29636291848553.887,31894198744801.797,34116085159076.562,36301544835487.266,38450167680365.42,40561539879564.83,42635244039790.95,44670859355923.945,46667961806409.7,48626124378912.48,50544917328538.59,52423908471066.48,54262663513745.61,56060746426353.516,57817719855339.37,59533145584013.06,61206585041880.61,62837599866366.3,64425752520301.02,65970606968702.7,67471729418512.5,68928689125093.82,70341059269439.484,71708417910167.6,73030349014520.73,74306443572706.17,75536300800036.36,76719529431438.67,77855749113003.0,78944591895324.53,79985703833470.61,80978746698459.06,81923399805169.66,82819361961627.84,83666353544589.12,84464118706313.78,85212427717355.02,85911079450077.95,86559904007486.72,87158765501752.48,87707564986606.8,88206243547482.19,88654785552950.39,89053222070611.34,89401634450129.94,89700158075588.34,89948986288720.0,90148374483905.81,90298644375045.66,90400188433551.16,90453474495741.31,90459050536847.3,90417549607638.23,90329694928353.36,90196305133160.16,90018299656729.14,89796704252715.06,89532656631928.64,89227412205757.88,88882349917907.83,88498978144742.73,88078940641377.55,87624022507122.48,87136156139855.5,86617427144296.0,86070080153873.4,85496524519785.28,84899339813774.67,84281281082932.53,83645283785221.62,82994468323172.02,82332144079995.83,81661812846870.06,80987171511927.27,80312113860116.19,79640731308047.11,78977312368636.89,78326340606230.11,77692490803233.34,77080623013522.95,76495774125314.4,75943146496239.11,75428093155579.6,74956098992667.17,74532757266330.03,74163740678362.72,73854766155182.6,73611552377767.19,73439768993171.48,73344976335105.47,73332554381290.52,73407619588383.06,73574928179792.2,73838764428491.94,74202812488878.7,74670010403953.22,75242385063562.8,75920867134381.98,76705085341300.03,77593139970469.22,78581356101233.0,79664017867677.69,80833086004733.61,82077902046444.53,83384883809675.03,84737218214487.39,86114559084305.55,87492739409226.95,88843509819117.48,90134318037369.16,91328148436480.28,92383447299318.5,93254168886177.23,93889990215314.52,94236756445758.77,94237224719774.8,93832145158082.58,92961583178970.64,91565976198440.67,89585325513336.73,86952220463471.75,83568038547098.58,79237689279070.0,73511276532189.48,65345482158550.53,52533207521473.34,31414461438704.133,316639056837.14307,-22101713192144.92,0.0
7157.5,-591617962464486.5,-587428736169443.2,-583234807594287.4,-579036318249221.4,-574833411000353.4,-570626230068417.1,-566414921027259.1,-562199630802088.56,-557980507667483.94,-553757701245158.1,-549531362501479.9,-545301643744741.3,-541068698622186.4,-536832682116776.4,-532593750543710.8,-528352061546687.9,-524107774093910.7,-519861048473834.25,-515612046290654.5,-511360930459535.25,-507107865201575.75,-502853016038513.1,-498596549787165.4,-494338634553608.5,-490079439727093.1,-485819135973695.7,-481557895229706.5,-477295890694758.6,-473033296824690.6,-468770289324152.44,-464507045138948.4,-460243742448123.7,-455980560655796.5,-451717680382733.06,-447455283457672.56,-443193552908401.3,-438932672952584.06,-434672828988348.6,-430414207584634.5,-426156996471305.8,-421901384529032.4,-417647561778945.3,-413395719372075.3,-409146049578569.3,-404898745776706.0,-400654002441702.0,-396412015134325.75,-392172980489324.1,-387937096203665.06,-383704561024609.75,-379475574737622.75,-375250338154125.25,-371029053099106.25,-366811922398595.8,-362599149867023.3,-358390940294452.4,-354187499433726.9,-349989033987523.75,-345795751595331.94,-341607860820375.44,-337425571136484.8,-333249092914943.4,-329078637411316.06,-324914416752276.6,-320756643922461.0,-316605532751348.25,-312461297900201.9,-308324154849082.56,-304194319883953.56,-300072010083902.25,-295957443308494.44,-291850838185286.7,-287752414097519.2,-283662391172011.75,-279580990267285.25,-275508432961936.97,-271444941543295.66,-267390738996375.75,-263346048993171.5,-259311095882302.47,-255286104679051.7,-251271301055822.44,-247266911333039.2,-243273162470531.88,-239290282059426.25,-235318498314581.94,-231358040067602.25,-227409136760455.12,-223472018439739.03,-219546915751627.1,-215634059937524.6,-211733682830479.1,-207846016852378.56,-203971295011971.2,-200109750903751.5,-196261618707744.8,-192427133190232.34,-188606529705451.94,-184800044198320.25,-181007913208208.06,-177230373873813.8,-173467663939171.12,-169720021760833.94,-165987686316276.5,-162270897213544.03,-158569894702202.25,-154884919685613.88,-151216213734589.38,-147564019102443.38,-143928578741494.62,-140310136321050.38,-136708936246901.58,-133125223682369.48,-129559244570934.84,-126011245660476.84,-122481474529153.0,-118970179612950.78,-115477610234927.1,-112004016636167.88,-108549650008479.16,-105114762528832.9,-101699607395574.78,-98304438866412.39,-94929512298179.2,-91575084188388.0,-88241412218559.83,-84928755299330.69,-81637373617315.56,-78367528683715.89,-75119483384643.16,-71893502033127.77,-68689850422772.766,-65508795883008.95,-62350607335891.664,-59215555354378.21,-56103912222011.875,-53015951993927.59,-49951950559083.22,-46912185703611.305,-43896937175172.01,-40906486748169.984,-37941118289694.28,-35001117826012.906,-32086773609446.176,-29198376185421.727,-26336218459496.414,-23500595764110.336,-20691805924819.63,-17910149325728.195,-15155928973820.16,-12429450561866.934,-9731022529555.762,-7060956122463.902,-4419565448464.234,-1807167531127.043,775917640355.9219,3329367065237.461,5852854689807.68,8346051371102.23,10808624846348.223,13240239708813.293,15640557390770.484,18009236154337.508,20345931090999.664,22650294130677.867,24921974061255.25,27160616559539.605,29365864234690.367,31537356685210.555,33674730570660.453,35777619699327.82,37845655133150.64,39878465311270.055,41875676193664.89,43836911426397.5,45761792530085.09,47649939113295.67,49500969112653.87,51314499061534.59,53090144389311.7,54827519753228.47,56526239405048.07,58185917594746.48,59806169013605.75,61386609279168.766,62926855464619.63,64426526675253.22,65885244674801.53,67302634564483.984,68678325517749.055,70011951573770.19,71303152492854.55,72551574677010.17,73756872159003.78,74918707663316.6,76036753742478.7,77110693992320.45,78140224349732.3,79125054476560.33,80064909233291.5,80959530246187.36,81808677571518.27,82612131460518.56,83369694228628.95,84081192232516.1,84746477958254.14,85365432223912.33,85937966499627.44,86464025348028.48,86943588987635.39,87376675981561.56,87763346053510.77,88103703032668.48,88397897928642.36,88646132137098.03,88848660776168.42,89005796153071.56,89117911359656.02,89185443994795.58,89208900010670.58,89188857678989.53,89125971672121.47,89020977252911.55,88874694565627.95,88688033019026.95,88461995750910.3,88197684161760.1,87896302503056.39,87559162503680.55,87187688015351.45,86783419655294.4,86348019421254.55,85883275250484.5,85391105490391.47,84873563244036.19,84332840548547.1,83771272338628.61,83191340140563.78,82595675434291.72,81987062612083.98,81368441451847.12,80742909010893.33,80113720831874.6,79484291336159.83,78858193260900.72,78239155974018.83,77631062475946.58,77037944867752.77,76463978031867.81,75913471233575.19,75390857308401.52,74900679052214.02,74447572377059.03,74036245736553.66,73671455260229.05,73357974967225.44,73100561357191.61,72903911601774.2,72772614486005.0,72711093178412.56,72723538845992.6,72813834080658.58,72985465074125.1,73241421476415.52,73584082908745.73,74015091185100.45,74535207440013.27,75144153574968.36,75840437734208.7,76621163912953.55,77481826294841.19,78416089514547.56,79415556744535.16,80469528304687.19,81564754378666.53,82685186379221.23,83811732532228.61,84922024363832.66,85990202036296.2,86986728009830.7,87878240507688.11,88627460965117.83,89193173151898.72,89530295458863.17,89590069614697.61,89320382040994.89,88666200988527.9,87570013423346.55,85971890636611.17,83808205357545.25,81006650682774.81,77472227407905.48,73052715060233.12,67460689858366.37,60112855929699.84,49846442392712.72,34597609696792.688,11828507606961.797,-16991270951289.623,-29736644792174.773,0.0
7155.0,-551954340589524.6,-547882871244487.06,-543807977206752.75,-539729797823515.0,-535648473657664.94,-531564146485498.0,-527476959294215.6,-523387056279221.0,-519294582841199.25,-515199685582992.25,-511102512306257.6,-507003212007914.0,-502901934876379.25,-498798832287581.94,-494694056800770.9,-490587762154099.25,-486480103259998.5,-482371236200333.75,-478261318221346.06,-474150507728376.25,-470038964280377.8,-465926848584210.8,-461814322488727.6,-457701548978640.5,-453588692168185.6,-449475917294569.6,-445363390711212.75,-441251279880788.3,-437139753368052.0,-433028980832476.4,-428919133020682.1,-424810381758677.25,-420702899943901.5,-416596861537084.75,-412492441553917.6,-408389816056542.1,-404289162144868.8,-400190657947717.4,-396094482613796.2,-392000816302515.9,-387909840174652.94,-383821736382858.0,-379736688062029.4,-375654879319542.75,-371576495225359.5,-367501721802010.1,-363430746014466.0,-359363755759909.3,-355300939857404.6,-351242488037486.0,-347188590931669.06,-343139440061896.25,-339095227829927.6,-335056147506685.06,-331022393221571.25,-326994159951758.5,-322971643511479.6,-318955040541318.7,-314944548497521.44,-310940365641342.56,-306942691028436.25,-302951724498314.2,-298967666663879.75,-294990718901057.3,-291021083338536.0,-287058962847638.4,-283104561032341.44,-279158082219458.28,-275219731449006.0,-271289714464778.75,-267368237705143.6,-263455508294079.1,-259551734032482.88,-255657123389765.44,-251771885495751.25,-247896230132914.7,-244030367728971.44,-240174509349846.0,-236328866693048.22,-232493652081472.84,-228669078457655.25,-224855359378506.06,-221052709010550.06,-217261342125699.44,-213481474097581.75,-209713320898458.6,-205957099096754.78,-202213025855229.3,-198481318929818.72,-194762196669177.0,-191055878014941.56,-187362582502757.38,-183682530264085.6,-180015942028824.3,-176363039128774.5,-172724043501976.06,-169099177697946.5,-165488664883846.22,-161892728851604.62,-158311594026031.06,-154745485473938.34,-151194628914308.06,-147659250729523.28,-144139577977695.22,-140635838406104.75,-137148260465790.72,-133677073327299.83,-130222506897626.56,-126784791838359.62,-123364159585053.72,-119960842367849.22,-116575073233347.9,-113207086067763.66,-109857115621359.25,-106525397534175.39,-103212168363060.19,-99917665610004.77,-96642127751780.81,-93385794270883.47,-90148905687766.39,-86931703594366.44,-83734430688895.88,-80557330811891.14,-77400648983487.72,-74264631441897.95,-71149525683053.12,-68055580501373.11,-64983046031615.44,-61932173791750.38,-58903216726802.516,-55896429253589.95,-52912067306284.76,-49950388382710.875,-47011651591281.516,-44096117698476.32,-41204049176739.32,-38335710252674.93,-35491366955399.81,-32671287164904.547,-29875740660258.133,-27104999167477.164,-24359336406868.355,-21639028139633.297,-18944352213510.855,-16275588607212.395,-13633019473388.7,-11016929179844.773,-8427604348700.93,-5865333893173.148,-3330409051625.004,-823123418518.6289,1656227028136.3867,4107343903258.3945,6529926395553.766,8923671253240.625,11288272775155.734,13623422807794.465,15928810748865.164,18204123557980.453,20449045775144.49,22663259547732.477,24846444666704.33,26998278612834.79,29118436613789.93,31206591712925.945,33262414850734.35,35285574959912.02,37275739075084.195,39232572458266.69,41155738741206.44,43044900085804.95,44899717363882.77,46719850357610.95,48504957981998.54,50254698530890.55,51968729947999.125,53646710124560.43,55288297225279.555,56893150044297.67,58460928392987.36,59991293521456.81,61483908575714.47,62938439092522.08,64354553534034.086,65731923864394.12,67070226170532.266,68369141329471.53,69628355724521.66,70847562012798.78,72026459946570.31,73164757250976.94,74262170560733.31,75318426418449.45,76333262337249.31,77306427930387.62,78237686110580.16,79126814361765.27,79973606086004.81,80777872028204.83,81539441781297.7,82258165374463.6,82933914946890.77,83566586509469.7,84156101796687.34,84702410210834.38,85205490860451.97,85665354694727.84,86082046735300.22,86455648406636.44,86786279965823.4,87074103032231.17,87319323217085.66,87522192852513.4,87683013819089.25,87802140470325.62,87879982651887.78,87917008812591.88,87913749203441.75,87870799160075.34,87788822463018.9,87668554769075.23,87510807105993.11,87316469421268.23,87086514174497.56,86821999961131.98,86524075153732.52,86193981544909.27,85833057973980.52,85442743917010.33,85024583017221.94,84580226529802.86,84111436651762.48,83620089703717.11,83108179126187.22,82577818248114.39,82031242779744.2,81470812975669.5,80899015406543.6,80318464269623.61,79731902158710.27,79142200203029.12,78552357471941.58,77965499527849.06,77384875993018.16,76813856977043.5,76255928190009.8,75714684541848.95,75193822000647.8,74697127451533.3,74228466263054.83,73791767229623.3,73391004516562.33,73030176188881.36,72713278856395.88,72444277916988.81,72227072827689.58,72065456781333.4,71963070116902.06,71923346746904.53,71949452848738.22,72044217043098.97,72210051276252.98,72448861640319.9,72761948413423.31,73149894687115.89,73612443079743.88,74148360219234.17,74755288924376.28,75429588325827.44,76166162550213.8,76958279042872.77,77797378122710.81,78672875937257.97,79571963603692.77,80479405966016.33,81377344054184.25,82245105989155.36,83059031743733.23,83792317866533.94,84414889039338.6,84893304164998.72,85190705402895.69,85266818512715.05,85078010136163.64,84577397565564.92,83714978506782.06,82437679457271.14,80689063892025.11,78408098556451.69,75525655859101.84,71955968150682.9,67577415042641.53,62191981215721.484,55445450214239.63,46686765319170.64,34776085057632.902,18036202484469.812,-4757978557028.371,-29721271154213.637,-35292146302603.6,0.0
7152.5,-514153440341507.1,-510203713206228.9,-506251737870344.0,-502297650828114.0,-498341589659661.1,-494383693027987.5,-490424100675816.4,-486462953422261.1,-482500393159312.06,-478536562848149.6,-474571606515277.5,-470605669248478.9,-466638897192601.0,-462671437545152.9,-458703438551740.2,-454735049501313.1,-450766420721248.5,-446797703572254.2,-442829050443105.25,-438860614745206.5,-434892550906989.0,-430925014368137.94,-426958161573656.94,-422992149967768.0,-419027137987654.6,-415063285057043.0,-411100751579631.1,-407139698932367.6,-403180289458579.1,-399222686460954.6,-395267054194389.6,-391313557858692.25,-387362363591156.94,-383413638459013.1,-379467550451747.0,-375524268473307.25,-371583962334200.1,-367646802743475.0,-363712961300612.44,-359782610487316.1,-355855923659218.4,-351933075037504.25,-348014239700465.3,-344099593574983.56,-340189313427963.4,-336283576857709.2,-332382562285266.75,-328486448945732.6,-324595416879538.94,-320709646923730.44,-316829320703236.25,-312954620622152.6,-309085729855045.0,-305222832338278.4,-301366112761396.56,-297515756558548.3,-293671949899987.6,-289834879683650.6,-286004733526826.1,-282181699757935.3,-278365967408430.3,-274557726204830.53,-270757166560908.7,-266964479570042.06,-263179856997748.38,-259403491274414.6,-255635575488245.4,-251876303378437.94,-248125869328607.78,-244384468360479.88,-240652296127863.75,-236929548910928.97,-233216423610804.44,-229513117744516.25,-225819829440283.0,-222136757433191.25,-218464101061271.75,-214802060261988.06,-211150835569173.12,-207510628110417.94,-203881639604944.5,-200264072361979.9,-196658129279652.88,-193064013844434.56,-189481930131144.0,-185912082803541.3,-182354677115528.62,-178809918912979.4,-175278014636220.66,-171759171323185.38,-168253596613258.0,-164761498751833.47,-161283086595611.75,-157818569618644.06,-154368157919154.84,-150932062227155.0,-147510493912869.28,-144103664995988.62,-140711788155774.25,-137335076742021.27,-133973744786902.47,-130628007017703.84,-127298078870467.0,-123984176504551.38,-120686516818121.52,-117405317464576.28,-114140796869921.2,-110893174251094.53,-107662669635246.6,-104449503879976.0,-101253898694525.11,-98076076661925.28,-94916261262091.61,-91774676895859.39,-88651548909944.83,-85547103622820.86,-82461568351488.92,-79395171439122.25,-76348142283558.31,-73320711366605.84,-70313110284137.055,-67325571776919.766,-64358329762150.2,-61411619365630.59,-58485676954542.1,-55580740170743.016,-52697047964530.51,-49834840628784.87,-46994359833416.27,-44175848660020.94,-41379551636647.766,-38605714772567.01,-35854585592924.414,-33126413173150.93,-30421448172992.367,-27739942870009.16,-25082151192385.875,-22448328750876.973,-19838732869703.754,-17253622616204.27,-14693258829018.773,-12157904144587.328,-9647823021709.988,-7163281763910.895,-4704548539326.699,-2271893397821.6523,134411714987.40234,2514092947133.168,4866874533485.129,7192478793104.578,9490626131168.75,11761035045896.379,14003422140924.46,16217502143623.852,18402987929856.824,20559590555717.56,22687019296826.625,24784981695775.906,26853183618361.652,28891329319271.793,30899121517931.723,32876261485250.387,34822449142045.184,36737383169966.086,38620761135778.56,40472279629908.09,42291634420194.89,44078520621847.75,45832632884638.55,47553665598419.84,49241313118103.31,50895270009280.09,52515231315718.38,54100892850026.4,55651951508814.42,57168105613749.67,58649055279944.99,60094502813178.18,61504153137489.664,62877714254758.195,64214897737907.33,65515419259443.45,66778999157075.375,68005363038211.84,69194242425177.21,70345375443026.92,71458507551879.06,72533392325715.14,73569792279626.19,74567479747505.73,75526237812203.67,76445861290164.03,77326157772567.2,78166948724986.39,78968070647544.97,79729376297529.58,80450735976362.67,81132038882777.0,81773194533955.31,82374134256299.78,82934812747378.33,83455209710455.98,83935331562856.94,84375213219211.25,84774919950426.73,85134549318976.58,85454233190815.0,85734139823915.86,85974476033077.16,86175489430238.53,86337470739119.97,86460756182502.67,86545729939934.53,86592826673050.64,86602534115040.73,86575395720083.14,86512013367769.7,86413050116685.27,86279233000352.88,86111355857718.3,85910282189203.11,85676948028105.44,85412364815749.0,85117622267266.22,84793891213230.03,84442426400502.61,84064569233621.7,83661750435772.67,83235492605860.4,82787412645363.06,82319224025476.6,81832738861487.42,81329869757288.56,80812631378404.38,80283141706735.64,79743622924387.52,79196401867296.12,78643909981806.61,78088682708750.69,77533358209782.98,76980675339608.42,76433470755103.38,75894675038033.53,75367307691921.1,74854470855447.95,74359341554432.0,73885162291753.03,73435229749518.67,73012881350224.16,72621479393686.23,72264392454289.06,71944973688836.95,71666535669548.86,71432321320159.73,71245470496686.61,71108981719529.25,71025668531912.52,70998109933459.45,71028594319598.56,71119056350830.55,71271006184426.33,71485450529275.95,71762805037192.02,72102797626155.86,72504362448026.86,72965524370090.55,73483274040761.12,74053433857689.11,74670515452359.64,75327569647122.31,76016030223110.06,76725553251369.47,77443854171366.08,78156545234039.58,78846976341901.86,79496082697419.33,80082242995765.58,80581152151227.3,80965712697145.9,81205948964258.53,81268947690602.53,81118827256104.84,80716733872541.55,80020853718854.95,78986408735518.73,77565557526516.88,75707025947065.53,73355095484566.2,70447190406810.34,66908565084907.39,62641239530397.445,57502039744068.734,51261361830649.984,43532090341180.48,33666913709438.465,20678045821070.246,3442545579137.983,-17961259499572.465,-38127995850395.83,-39182093852328.09,0.0
7150.0,-478182475778605.2,-474357526051240.4,-470531406827029.4,-466704251193519.44,-462876193205280.6,-459047367880517.75,-455217911197540.94,-451387960091091.3,-447557652448520.4,-443727127105830.3,-439896523843568.6,-436065983382581.1,-432235647379632.1,-428405658422873.9,-424576160027193.1,-420747296629409.5,-416919213583349.5,-413092057154784.1,-409265974516240.4,-405441113741682.0,-401617623801070.7,-397795654554800.94,-393975356748019.0,-390156882004824.1,-386340382822360.7,-382526012564796.6,-378713925457200.4,-374904276579315.4,-371097221859236.94,-367292918066997.75,-363491522808062.3,-359693194516740.9,-355898092449523.6,-352106376678342.94,-348318208083766.9,-344533748348130.5,-340753159948614.5,-336976606150270.5,-333204250999007.5,-329436259314539.25,-325672796683305.4,-321914029451368.0,-318160124717299.75,-314411250325058.75,-310667574856874.44,-306929267626136.3,-303196498670308.4,-299469438743870.2,-295748259311295.2,-292033132540079.0,-288324231293824.44,-284621729125395.06,-280925800270147.88,-277236619639253.7,-273554362813123.0,-269879206034936.97,-266211326204309.62,-262550900871081.88,-258898108229263.34,-255253127111139.0,-251616136981544.94,-247987317932335.0,-244366850677045.0,-240754916545772.0,-237151697480281.75,-233557376029357.25,-229972135344404.56,-226396159175329.3,-222829631866698.3,-219272738354203.3,-215725664161439.75,-212188595397015.75,-208661718752010.2,-205145221497792.12,-201639291484217.06,-198144117138217.0,-194659887462803.44,-191186792036489.88,-187725021013162.06,-184274765122401.22,-180836215670279.75,-177409564540649.0,-173995004196927.56,-170592727684411.7,-167202928633117.44,-163825801261175.97,-160461540378789.7,-157110341392767.72,-153772400311654.66,-150447913751463.62,-147137078942027.38,-143840093733980.2,-140557156606383.88,-137288466675003.28,-134034223701247.7,-130794628101782.47,-127569880958823.55,-124360184031115.53,-121165739765607.56,-117986751309824.95,-114823422524942.58,-111675957999562.17,-108544563064193.19,-105429443806438.08,-102330807086872.19,-99248860555622.75,-96183812669630.8,-93135872710593.34,-90105250803568.9,-87092157936232.8,-84096805978769.38,-81119407704373.28,-78160176810342.28,-75219327939734.44,-72297076703555.7,-69393639703446.836,-66509234554832.59,-63644079910487.77,-60798395484476.19,-57972402076408.836,-55166321595967.69,-52380377087629.1,-49614792755525.164,-46869793988362.02,-44145607384324.95,-41442460775873.266,-38760583254341.91,-36100205194241.26,-33461558277151.703,-30844875515093.906,-28250391273250.53,-25678341291904.668,-23128962707452.664,-20602494072334.008,-18099175373719.28,-15619248050775.547,-13162955010326.527,-10730540640704.727,-8322250823586.574,-5938332943584.66,-3579035895355.254,-1244610087971.664,1064692553710.3203,3348618590976.4883,5606913076773.18,7839319565138.91,10045580124886.812,12225435357895.734,14378624422386.773,16504885061582.977,18603953638171.926,20675565175013.023,22719453402554.13,24735350813449.48,26722988724891.473,28682097349197.598,30612405873223.11,32513642547192.38,34385534783576.016,36227809266669.25,38040192073555.45,39822408807174.72,41574184742246.25,43295244984828.66,44985314646337.19,46644119032868.61,48271383850725.42,49866835429061.78,51430200960615.84,52961208761524.94,54459588551264.37,55925071753781.2,57357391820938.07,58756284579418.35,60121488602278.83,61452745606377.49,62749800876936.33,64012403720537.59,65240307947882.42,66433272387676.28,67591061433033.68,68713445621822.64,69800202252395.48,70851116036172.83,71865979788565.11,72844595159730.92,73786773406676.9,74692336208208.42,75561116524234.9,76392959500922.75,77187723423167.78,77945280715832.53,78665518995153.34,79348342171672.23,79993671605986.38,80601447318534.4,81171629254544.86,81704198605167.94,82199159185688.08,82656538871570.77,83076391092932.23,83458796387838.72,83803864014626.69,84111733623201.81,84382576985009.97,84616599781077.0,84814043447187.83,84975187074910.72,85100349366774.19,85189890643460.55,85244214900394.84,85263771910577.03,85249059369918.89,85200625080712.31,85119069168151.0,85005046324071.86,84859268071240.72,84682505040601.14,84475589252904.33,84239416395050.8,83974948080277.89,83683214080019.06,83365314513821.7,83022421982126.81,82655783624966.77,82266723087707.69,81856642372821.83,81427023554299.08,80979430328656.28,80515509373548.9,80036991481676.19,79545692433961.47,79043513571813.25,78532442023581.62,78014550535029.08,77491996847668.42,76967022562092.84,76441951415829.86,75919186896701.42,75401209103051.4,74890570751395.61,74389892219953.64,73901855503020.58,73429196936132.81,72974698535397.8,72541177776136.1,72131475616106.78,71748442547104.61,71394922435730.34,71073733889865.48,70787648862150.2,70539368176058.67,70331493634650.23,70166496347639.2,70046680890214.47,69974144888494.414,69950733613391.23,69977989159112.92,70057093787032.59,70188807033070.38,70373396210219.38,70610559990834.4,70899344829300.9,71238054088155.5,71624149862709.44,72054147663082.69,72523504309485.03,73026499626098.9,73556112778338.64,74103894382144.17,74659835813737.22,75212237451962.8,75747577877735.67,76250386318043.36,76703120834707.77,77086054896770.12,77377175009130.12,77552091949496.08,77583967793559.6,77443460074876.11,77098682675361.48,76515179410343.05,75655898789824.48,74481143219850.23,72948435519198.39,71012186226361.48,68622931693679.43,65725701489440.37,62256691083349.66,58136752749185.65,53259152166917.266,47467594032891.92,40519489243057.1,32032410881280.32,21430839879951.926,7980254034011.813,-8805990375166.338,-27711440642783.168,-42687074766728.88,-41215254843969.586,0.0
7147.5,-444002961434884.4,-440304960257998.5,-436606774392552.1,-432908533089627.4,-429210366459762.1,-425512405469402.75,-421814781937240.25,-418117628530439.1,-414421078760749.3,-410725266980513.1,-407030328378560.8,-403336398976000.5,-399643615621906.75,-395952115988901.1,-392262038568639.6,-388573522667195.4,-384886708400352.1,-381201736688800.75,-377518749253249.6,-373837888609445.75,-370159298063114.5,-366483121704816.75,-362809504404731.9,-359138591807365.25,-355470530326190.06,-351805467138220.1,-348143550178523.94,-344484928134683.4,-340829750441198.2,-337178167273845.4,-333530329543995.4,-329886388892891.9,-326246497685900.9,-322610809006733.4,-318979476651648.6,-315352655123641.8,-311730499626627.75,-308113166059618.8,-304500811010912.44,-300893591752288.6,-297291666233227.6,-293695193075154.56,-290104331565719.6,-286519241653116.7,-282940083940457.75,-279367019680200.5,-275800210768645.16,-272239819740508.06,-268686009763576.06,-265138944633456.88,-261598788768431.94,-258065707204420.06,-254539865590064.25,-251021430181947.94,-247510567839958.12,-244007446022792.62,-240512232783637.7,-237025096766013.53,-233546207199805.2,-230075733897488.84,-226613847250563.3,-223160718226198.2,-219716518364112.3,-216281419773688.88,-212855595131345.44,-209439217678164.44,-206032461217800.3,-202635500114671.94,-199248509292453.88,-195871664232878.3,-192505140974858.75,-189149116113946.38,-185803766802134.12,-182469270748017.3,-179145806217321.38,-175833552033812.06,-172532687580596.94,-169243392801826.7,-165965848204815.12,-162700234862578.9,-159446734416812.56,-156205529081309.5,-152976801645835.06,-149760735480464.06,-146557514540388.84,-143367323371208.12,-140190347114702.84,-137026771515105.97,-133876782925873.69,-130740568316962.05,-127618315282613.31,-124510212049658.14,-121416447486333.94,-118337211111621.8,-115272693105102.98,-112223084317333.97,-109188576280738.72,-106169361221011.92,-103165632069034.08,-100177582473286.42,-97205406812759.53,-94249300210346.66,-91309458546708.22,-88386078474595.86,-85479357433614.84,-82589493665413.19,-79716686229270.52,-76861135018066.67,-74023040774603.08,-71202605108243.66,-68400030511850.55,-65615520378970.914,-62849279021239.875,-60101511685956.89,-57372424573786.81,-54662224856534.3,-51971120694940.33,-49299321256435.8,-46647036732792.1,-44014478357595.164,-41401858423472.516,-38809390298987.43,-36237288445120.07,-33685768431236.72,-31155046950454.547,-28645341834289.906,-26156872066482.656,-23689857795872.51,-21244520348201.977,-18821082236706.68,-16419767171351.883,-14040800066557.078,-11684407047249.777,-9350815453071.39,-7040253840554.68,-4752951983077.379,-2489140868388.035,-249052693484.10156,1967079143382.6172,4159020053818.578,6326534273772.871,8469384881661.773,10587333820417.988,12680141923761.555,14747568947007.727,16789373602739.453,18805313601693.62,20795145699223.125,22758625747717.918,24695508755384.45,26605548951805.344,28488499860717.523,30344114380468.406,32172144872636.215,33972343259312.016,35744461129573.03,37488249855697.79,39203460719690.91,40889845050720.32,42547154374084.98,44175140572362.95,45773556059411.42,47342153967919.5,48880688351239.06,50388914400247.805,51866588676023.16,53313469359136.91,54729316516402.92,56113892385943.01,57466961681456.625,58788291916614.55,60077653750514.65,61334821355169.3,62559572806017.12,63751690496472.62,64910961577552.836,66037178423638.54,67130139125446.7,68189648011306.49,69215516197845.78,70207562171204.695,71165612399900.3,72089501980470.25,72979075317021.19,73834186835802.0,74654701735911.23,75440496777229.22,76191461106641.03,76907497123586.0,77588521385926.22,78234465557080.56,78845277395308.14,79420921785957.56,79961381817413.5,80466659901378.75,80936778938019.89,81371783526379.66,81771741220318.64,82136743830088.44,82466908769462.16,82762380448145.31,83023331708972.31,83249965309145.11,83442515444498.23,83601249315477.66,83726468733187.31,83818511763498.6,83877754406817.56,83904612310675.45,83899542511829.3,83863045204046.67,83795665527180.58,83697995372530.4,83570675198812.08,83414395852334.31,83229900384182.67,83017985856350.03,82779505127805.45,82515368610468.61,82226545983926.92,81914067856505.16,81579027358944.6,81222581655468.25,80845953355376.8,80450431806520.38,80037374250006.31,79608206813299.22,79164425316430.38,78707595863317.08,78239355187168.05,77761410715581.33,77275540317168.55,76783591687331.06,76287481326101.03,75789193055688.17,75290776019477.3,74794342097635.3,74302062667131.17,73816164625785.56,73338925590868.44,72872668172692.16,72419753212538.03,71982571862068.44,71563536368081.75,71165069412068.5,70789591838564.06,70439508589861.3,70117192647390.14,69824966762245.29,69565082739263.96,69339698021205.3,69150849302542.195,69000422886936.664,68890121489580.87,68821427176432.74,68795560128362.11,68813432920999.234,68875600022533.23,68982202233942.06,69132905831436.42,69326836221646.15,69562505988645.06,69837737300498.02,70149578753446.336,70494216865296.56,70866882586240.19,71261753374076.84,71671851578773.0,72088940093494.19,72503416448299.27,72904206738521.08,73278660979654.0,73612451648669.2,73889477289335.48,74091773103272.53,74199430388133.89,74190526471479.61,74041066338169.27,73724936295672.97,73213868439252.39,72477411726063.77,71482899909717.19,70195396111269.89,68577574188285.195,66589460819993.92,64187896459605.516,61325456671535.76,57948374679835.48,53992675744707.125,49377231811355.1,43991803711082.57,37677717926918.54,30200069209304.04,21217806832060.63,10284132232380.059,-3017569598136.3174,-18537165868913.516,-34184194168228.645,-43991213899478.43,-40943102066733.3,0.0
7145.0,-411571648514566.8,-408001986215947.0,-404433034480757.75,-400864918405098.06,-397297763848198.2,-393731697428908.2,-390166846522103.7,-386603339255011.44,-383041304503450.2,-379480871887998.5,-375922171770081.9,-372365335247987.4,-368810494152810.1,-365257781044324.4,-361707329206796.0,-358159272644725.25,-354613746078533.4,-351070884940189.0,-347530825368785.2,-343993704206059.5,-340459658991873.25,-336928827959643.4,-333401350031736.6,-329877364814827.75,-326357012595227.1,-322840434334180.5,-319327771663145.6,-315819166879053.94,-312314762939555.6,-308814703458258.9,-305319132699964.5,-301828195575903.7,-298342037638983.0,-294860805079043.9,-291384644718138.75,-287913704005833.3,-284448131014541.4,-280988074434893.03,-277533683571151.2,-274085108336673.94,-270642499249438.12,-267206007427621.4,-263775784585262.12,-260351983027989.88,-256934755648847.7,-253524255924202.78,-250120637909759.75,-246724056236682.78,-243334666107831.66,-239952623294123.94,-236578084131028.8,-233211205515201.47,-229852144901266.8,-226501060298758.44,-223158110269229.3,-219823453923528.25,-216497250919268.47,-213179661458482.44,-209870846285479.25,-206570966684912.5,-203280184480065.72,-199998662031365.8,-196726562235132.78,-193464048522573.3,-190211284859031.4,-186968435743497.0,-183735666208391.88,-180513141819629.38,-177301028676967.0,-174099493414653.53,-170908703202381.88,-167728825746553.0,-164560029291862.38,-161402482623213.56,-158256355067965.47,-155121816498522.22,-151999037335273.25,-148888188549882.72,-145789441668945.88,-142702968778004.12,-139628942525933.9,-136567536129707.38,-133518923379532.19,-130483278644370.36,-127460776877839.5,-124451593624498.8,-121455905026518.5,-118473887830732.84,-115505719396076.9,-112551577701403.28,-109611641353674.84,-106686089596530.55,-103775102319219.34,-100878860065890.55,-97997544045238.17,-95131336140484.7,-92280418919695.66,-89444975646408.72,-86625190290566.55,-83821247539732.89,-81033332810574.7,-78261632260589.2,-75506332800052.22,-72767622104165.66,-70045688625368.24,-67340721605789.67,-64652911089805.1,-61982447936662.24,-59329523833135.24,-56694331306165.89,-54077063735448.555,-51477915365905.05,-48897081320000.05,-46334757609840.33,-43791141148994.32,-41266429763968.875,-38760822205274.64,-36274518158002.94,-33807718251838.383,-31360624070418.75,-28933438159957.438,-26526364037028.81,-24139606195418.703,-21773370111928.74,-19427862251026.793,-17103290068215.93,-14799862012000.336,-12517787524310.035,-10257277039243.879,-8018541979979.258,-5801794753690.879,-3607248744310.7188,-1435118302954.414,714381264174.2969,2841033710592.1406,4944621867267.641,7024927663485.789,9081732151078.61,11114815532254.262,13123957191276.602,15108935730257.738,17069529009335.457,19005514191524.797,20916667792543.36,22802765735924.992,24663583413751.32,26498895753344.062,28308477290276.723,30092102248081.438,31849544625040.25,33580578288468.184,35284977076913.34,36962514910712.875,38612965911367.445,40236104530208.766,41831705686856.11,43399544917979.2,44939398536896.47,46451043804565.8,47934259112537.76,49388824178463.81,50814520254771.42,52211130351137.41,53578439471410.88,54916234865654.9,56224306297998.516,57502446331006.9,58750450627295.22,59968118269133.56,61155252096801.16,62311659066470.75,63437150628412.57,64531543126325.13,65594658218610.67,66626323322422.63,67626372081320.72,68594644857376.17,69530989248571.28,70435260632338.17,71307322736077.28,72147048235491.55,72954319381557.5,73729028656941.75,74471079462648.11,75180386835654.23,75856878198265.72,76500494139872.16,77111189231745.23,77688932875463.48,78233710185481.38,78745522906288.84,79224390364522.64,79670350456293.44,80083460669885.36,80463799143863.62,80811465760488.4,81126583274183.48,81409298474638.55,81659783383939.81,81878236486916.61,82064883993667.8,82219981132981.92,82343813475096.19,82436698281938.7,82498985882677.16,82531061072042.78,82533344528511.08,82506294249005.56,82450406996331.42,82366219755054.75,82254311191003.27,82115303108982.33,81949861902667.14,81758699989944.31,81542577226229.0,81302302287471.95,81038734013689.7,80752782702885.3,80445411344182.73,80117636777850.0,79770530768634.27,79405220977460.83,79022891815041.31,78624785159282.56,78212200916563.22,77786497404936.0,77349091535091.2,76901458762458.92,76445132781103.48,75981704927044.3,75512823255282.64,75040191251095.22,74565566132018.39,74090756692366.06,73617620637033.66,73148061345713.17,72684024002419.4,72227491018368.0,71780476668708.72,71345020855367.39,70923181899266.47,70517028255464.03,70128629034290.37,69760043200406.14,69413307309928.58,69090421633496.95,68793334500541.46,68523924687327.22,68283981658888.58,68075183463164.51,67899072065027.99,67757025899118.15,67650229414239.16,67579639379525.38,67545947724694.73,67549540694794.72,67590454115290.32,67668324587707.0,67782336470932.51,67931164550359.78,68112912357878.07,68325046181676.484,68564324896923.34,68826725857096.4,69107367210738.09,69400427148329.03,69699060736132.22,69995315153987.586,70280044316046.06,70542824009220.06,70771868823436.75,70953952257998.22,71074331454112.38,71116678005650.3,71063016212300.38,70893669922106.05,70587218697625.8,70120463312046.43,69468399316108.69,68604195199742.73,67499167744778.31,66122740165456.88,64442356182077.46,62423301230764.516,60028343958933.94,57217046648570.055,53944487315818.07,50158970748514.02,45798068750994.805,40782051271064.08,35003631098662.188,28313581995342.28,20505064431566.688,11310212143463.43,451478918791.2956,-12144349152015.8,-25757218225975.992,-37728534193015.91,-42677850452322.16,-38052285020972.87,0.0
7142.5,-380841379750258.75,-377400745641477.06,-373961632449571.1,-370524160895261.8,-367088452377016.75,-363654628967736.0,-360222813411379.25,-356793129119544.1,-353365700167985.5,-349940651293090.9,-346518107888304.5,-343098196000508.2,-339681042326362.1,-336266774208601.75,-332855519632305.9,-329447407221123.7,-326042566233479.1,-322641126558742.9,-319243218713387.6,-315848973837117.25,-312458523688986.6,-309072000643504.1,-305689537686730.0,-302311268412368.44,-298937327017862.25,-295567848300489.2,-292202967653469.75,-288842821062087.1,-285487545099826.1,-282137276924535.5,-278792154274615.8,-275452315465242.94,-272117899384628.47,-268789045490324.4,-265465893805574.9,-262148584915723.25,-258837259964678.9,-255532060651449.94,-252233129226746.75,-248940608489662.1,-245654641784437.38,-242375372997313.2,-239102946553482.28,-235837507414137.12,-232579201073631.8,-229328173556754.56,-226084571416122.9,-222848541729707.28,-219620232098486.75,-216399790644247.44,-213187366007528.0,-209983107345718.56,-206787164331322.56,-203599687150382.38,-200420826501085.25,-197250733592542.9,-194089560143765.72,-190937458382826.47,-187794581046225.66,-184661081378466.34,-181537113131838.8,-178422830566428.25,-175318388450346.34,-172223942060194.72,-169139647181767.12,-166065660110992.5,-163002137655129.3,-159949237134211.5,-156907116382751.88,-153875933751712.0,-150855848110735.78,-147847018850655.0,-144849605886270.56,-141863769659410.25,-138889671142266.38,-135927471841016.23,-132977333799726.78,-130039419604542.9,-127113892388163.08,-124200915834598.44,-121300654184216.38,-118413272239066.88,-115538935368489.19,-112677809514994.52,-109830061200421.4,-106995857532359.62,-104175366210832.77,-101368755535237.06,-98576194411524.7,-95797852359622.75,-93033899521077.6,-90284506666910.95,-87549845205676.9,-84830087191700.47,-82125405333484.77,-79435973002265.84,-76761964240696.84,-74103553771636.05,-71460917007020.48,-68834230056792.82,-66223669737857.15,-63629413583032.125,-61051639849967.13,-58490527529990.78,-55946256356844.96,-53419006815273.94,-50908960149416.25,-48416298370958.945,-45941204267000.516,-43483861407569.14,-41044454152744.55,-38623167659316.11,-36220187886918.55,-33835701603577.094,-31469896390586.062,-29122960646648.184,-26795083591193.98,-24486455266792.867,-22197266540569.316,-19927709104524.777,-17677975474669.086,-15448258988850.555,-13238753803177.828,-11049654886910.613,-8881158015700.352,-6733459763045.758,-4606757489830.395,-2501249331794.133,-417134184791.6797,1645388312324.2344,3686117797358.5312,5704853207145.508,7701392802815.09,9675534198150.348,11627074391230.73,13555809799574.828,15461536298997.547,17344049266414.238,19203143626826.598,21038613904741.203,22850254280281.484,24637858650260.195,26401220694498.574,28140133947683.074,29854391877066.105,31543787966328.84,33208115805935.645,34847169190323.668,36460742222283.89,38048629424902.234,39610625861443.8,41146527263578.13,42656130168352.13,44139232064341.11,45595631547410.13,47025128486542.83,48427524200203.086,49802621643710.91,51150225608127.945,52470142931162.61,53762182720617.25,55026156590914.3,56261878913252.26,57469167079952.77,58647841783574.86,59797727311380.7,60918651855752.734,62010447841164.91,63072952268327.01,64106007076120.62,65109459521959.125,66083162581200.41,67026975366249.62,67940763565986.984,68824399906152.06,69677764631315.28,70500746009055.5,71293240856955.19,72055155093008.44,72786404310018.48,73486914374541.61,74156622050902.48,74795475650778.56,75403435708809.19,75980475684641.86,76526582691779.45,77041758253529.89,77526019086297.67,77979397910378.75,78401944288339.94,78793725490966.5,79154827390660.47,79485355382055.05,79785435329481.05,80055214540781.52,80294862766814.9,80504573225813.66,80684563651580.89,80835077364299.88,80956384362509.1,81048782434550.72,81112598287535.17,81148188691575.95,81155941636735.02,81136277499779.62,81089650217483.42,81016548462805.06,80917496819845.97,80793056953020.81,80643828765370.61,80470451540397.17,80273605061208.62,80054010700121.05,79812432471168.73,79549678037217.64,79266599662561.7,78964095100990.27,78643108408346.73,78304630667546.55,77949700612870.95,77579405139097.84,77194879679657.7,76797308436495.72,76387924442671.58,75968009436913.08,75538893527345.34,75101954619420.97,74658617580656.0,74210353112110.83,73758676293612.4,73305144766475.97,72851356513910.19,72398947195360.62,71949586986728.4,71504976873660.02,71066844339922.55,70636938387226.44,70217023816715.25,69808874695707.336,69414266926138.09,69034969823538.87,68672736607328.61,68329293694752.18,68006328682061.63,67705476887638.34,67428306322864.45,67176300947908.53,66950842061481.81,66753187666421.82,66584449647119.29,66445568590874.16,66337286083885.93,66260114314516.7,66214302822566.625,66199802244532.24,66216224922238.41,66262802266951.87,66338338804255.08,66441162867694.11,66569073962545.78,66719286885799.72,66888372765140.75,67072197268407.28,67265856335135.28,67463609892021.84,67658814132116.71,67843853059776.5,68010070125060.01,68147700886016.36,68245807737329.12,68292217819375.38,68273465261129.67,68174738898625.914,67979836527897.81,67671126567969.96,67229517677938.62,66634436310402.68,65863811245805.555,64894062578899.61,63700089962030.164,62255250360952.61,60531307821766.45,58498324627043.02,56124441375108.27,53375458018989.766,50214072252472.56,46598549209507.35,42480486409380.84,37801223480985.38,32486425460140.457,26438744395046.723,19530055308661.293,11599573209641.852,2476568890856.508,-7925735764233.234,-19348156879682.816,-30614951864960.688,-38799454678622.25,-39383950942300.46,-32628596333217.332,0.0
7140.0,-351761864667787.9,-348450322871048.75,-345141032307327.0,-341834109186584.0,-338529670321565.25,-335227833124797.6,-331928715605556.2,-328632436366802.56,-325339114602090.75,-322048870092455.5,-318761823203272.06,-315478094881099.0,-312197806650507.0,-308921080610889.0,-305648039433265.0,-302378806357074.9,-299113505186970.9,-295852260289606.7,-292595196590431.5,-289342439570487.7,-286094115263220.7,-282850350251300.44,-279611271663461.06,-276377007171361.38,-273147684986471.0,-269923433856984.8,-266704383064771.3,-263490662422358.75,-260282402269962.0,-257079733472557.5,-253882787417006.62,-250691696009235.8,-247506591671476.06,-244327607339568.25,-241154876460334.8,-237988532989027.84,-234828711386856.06,-231675546618593.5,-228529174150280.06,-225389729947012.94,-222257350470839.12,-219132172678748.88,-216014334020782.56,-212903972438246.06,-209801226362049.75,-206706234711169.06,-203619136891235.16,-200540072793260.5,-197469182792501.56,-194406607747468.97,-191352488999083.8,-188306968369990.03,-185270188164025.75,-182242291165854.94,-179223420640773.5,-176213720334680.7,-173213334474233.3,-170222407767177.97,-167241085402869.03,-164269513052976.6,-161307836872385.44,-158356203500291.62,-155414760061497.44,-152483654167907.53,-149563033920232.2,-146653047909894.22,-143753845221147.78,-140865575433405.5,-137988388623777.78,-135122435369825.16,-132267866752522.1,-129424834359433.25,-126593490288102.81,-123773987149653.12,-120966478072591.19,-118171116706821.94,-115388057227865.58,-112617454341270.55,-109859463287225.1,-107114239845354.22,-104381940339700.5,-101662721643880.9,-98956741186410.06,-96264156956182.4,-93585127508101.2,-90919811968846.44,-88268370042765.36,-85630962017873.28,-83007748771952.62,-80398891778728.86,-77804553114109.36,-75224895462464.19,-72660082122929.97,-70110277015710.73,-67575644688356.06,-65056350321986.85,-62552559737443.984,-60064439401325.25,-57592156431885.91,-55135878604762.14,-52695774358483.61,-50272012799737.13,-47864763708338.96,-45474197541874.555,-43100485439952.94,-40743799228035.97,-38404311420780.61,-36082195224847.61,-33777624541111.4,-31490773966212.38,-29221818793388.773,-26970935012513.53,-24738299309269.45,-22524089063384.246,-20328482345843.29,-18151657914998.215,-15993795211482.281,-13855074351837.062,-11735676120755.23,-9635781961833.977,-7555573966734.262,-5495234862628.574,-3454947997824.625,-1434897325434.375,564732615035.3359,2543756718310.75,4501989336336.672,6439244303769.984,8355334966133.379,10250074210793.871,12123274500931.61,13974747912677.71,15804306175601.203,17611760716738.93,19396922708364.234,21159603119703.57,22899612772813.16,24616762402842.69,26310862722914.363,27981724493860.574,29629158599070.418,31252976124702.215,32852988445533.11,34429007316722.703,35980844971779.266,37508314227026.11,39011228592877.59,40489402392240.586,41942650886371.805,43370790408529.56,44773638505767.14,46151014089230.13,47502737593323.53,48828631144133.23,50128518737487.11,51402226427058.234,52649582522920.13,53870417800970.5,55064565723654.266,56231862672420.77,57372148192360.9,58485265249475.36,59571060501034.61,60629384579495.164,61660092390441.76,62663043425031.336,63638102087415.59,64585138037620.305,65504026550362.72,66394648890281.875,67256892704059.11,68090652429895.22,68895829724806.72,69672333910192.73,70420082436109.28,71139001364674.92,71829025873009.78,72490100776088.77,73122181069862.75,73725232494970.06,74299232121325.16,74844168953831.06,75360044559415.38,75846873715538.22,76304685080259.77,76733521883894.75,77133442642200.75,77504521890973.95,77846850941831.52,78160538658861.98,78445712255718.81,78702518112608.92,78931122612501.44,79131712995735.73,79304498232054.39,79449709908914.77,79567603134750.39,79658457455650.8,79722577783711.69,79760295335071.61,79771968575395.8,79757984170291.08,79718757937839.83,79654735800114.34,79566394730190.38,79454243690798.6,79318824560351.2,79160713041641.08,78980519548041.23,78778890061523.4,78556506956263.05,78314089781007.8,78052395992740.89,77772221633481.92,77474401941309.08,77159811885879.48,76829366617834.7,76484021820520.92,76124773951408.23,75752660359456.66,75368759263434.83,74974189574847.12,74570110547644.11,74157721235275.67,73738259733877.56,73313002188444.72,72883261536724.89,72450385963242.17,72015757033318.55,71580787474179.16,71146918567187.58,70715617111940.33,70288371919339.12,69866689786837.23,69452090904812.06,69046103638439.65,68650258624538.02,68266082117610.78,67895088513776.97,67538771975452.91,67198597073601.21,66875988358157.83,66572318760983.75,66288896729497.14,66026951983189.03,65787619779725.69,65571923572551.66,65380755938152.81,65214857648794.03,65074794766065.52,64960933632474.35,64873413643194.016,64812117688602.9,64776640171125.06,64766252517910.8,64779866134864.17,64815992778239.72,64872702358246.695,64947578235463.63,65037670125859.94,65139444794056.02,65248734786985.016,65360685540725.75,65469701280738.94,65569390228123.445,65652509719039.12,65710911937415.39,65735491047735.58,65716132589213.195,65641666047965.0,65499821551232.84,65277191616563.57,64959198824861.08,64530070148802.19,63972818425031.54,63269231056219.23,62399865375659.06,61344049044551.34,60079882111456.82,58584234496764.234,56832727948424.09,54799683822435.53,52458005710238.484,49778946705385.36,46731682359846.43,43282570318393.46,39393928846679.4,35022125791410.68,30114792588453.02,24607218155193.41,18418818571988.15,11452908708414.0,3608699551429.9155,-5173072671729.485,-14786005473578.9,-24679512758053.715,-33362265413756.51,-37900525117282.78,-34719769674688.645,-25222971641352.793,0.0
7137.5,-324280377834179.75,-321097438744558.5,-317917406129632.6,-314740391625421.9,-311566507405489.25,-308395866178330.6,-305228581184753.94,-302064766195249.25,-298904535507351.5,-295748003943000.6,-292595286845899.3,-289446500078871.7,-286301760021229.8,-283161183566141.0,-280024888118013.3,-276892991589885.88,-273765612400841.44,-270642869473435.2,-267524882231148.5,-264411770595865.22,-261303654985380.94,-258200656310941.12,-255102895974818.38,-252010495867926.5,-248923578367480.25,-245842266334699.47,-242766683112564.75,-239696952523627.06,-236633198867874.38,-233575546920661.53,-230524121930702.56,-227479049618134.3,-224440456172653.06,-221408468251727.5,-218383212978891.6,-215364817942123.06,-212353411192311.0,-209349121241814.0,-206352077063116.3,-203362408087583.38,-200380244204321.25,-197405715759143.06,-194438953553650.0,-191480088844422.44,-188529253342335.12,-185586579211990.56,-182652199071280.5,-179726245991076.62,-176808853495052.16,-173900155559640.88,-171000286614133.72,-168109381540917.12,-165227575675856.2,-162355004808822.62,-159491805184376.38,-156638113502591.97,-153794066920044.25,-150959803050945.34,-148135459968438.72,-145321176206051.53,-142517090759303.78,-139723343087478.06,-136940073115546.62,-134167421236257.14,-131405528312379.0,-128654535679102.42,-125914585146598.03,-123185819002726.16,-120468380015899.5,-117762411438093.44,-115068057008001.06,-112385460954328.28,-109714767999225.66,-107056123361850.45,-104409672762051.5,-101775562424172.53,-99153939080965.55,-96544949977603.11,-93948742875786.16,-91365466057929.06,-88795268331417.67,-86238299032924.78,-83694708032769.55,-81164645739308.67,-78648263103340.73,-76145711622510.44,-73657143345691.19,-71182710877329.1,-68722567381727.9,-66276866587249.96,-63845762790412.086,-61429410859850.61,-59027966240128.16,-56641584955353.57,-54270423612584.31,-51914639404979.914,-49574390114672.3,-47249834115313.7,-44941130374269.125,-42648438454408.33,-40371918515455.22,-38111731314851.484,-35868038208083.99,-33641001148429.42,-31430782686056.074,-29237545966437.164,-27061454728006.926,-24902673299006.008,-22761366593446.176,-20637700106127.605,-18531839906640.9,-16443952632273.312,-14374205479745.734,-12322766195697.582,-10289803065831.629,-8275484902631.055,-6279981031555.898,-4303461275617.914,-2346095938234.8125,-408055784254.46094,1510487980959.7969,3409363734501.836,5288399461071.094,7147422780426.086,8986260977271.133,10804741033716.195,12602689664448.832,14379933354769.371,16136298401639.16,17871610957905.09,19585697079863.555,21278382778336.7,22949494073438.812,24598857053218.61,26226297936367.01,27831643139190.547,29414719347053.727,30975353590504.098,32513373326297.992,34028606523553.73,35520881755266.35,36990028295424.95,38435876221980.5,39858256525921.336,41257001226718.65,42631943494414.016,43982917778627.3,45309759944770.14,46612307417759.69,47890399333532.11,49143876698664.09,50372582558417.19,51576362173525.16,52755063206054.44,53908535914669.1,55036633359641.13,56139211617951.94,57216130008831.92,58267251330095.25,59292442105624.734,60291572844368.46,61264518311208.8,62211157810067.97,63131375479612.76,64025060601919.06,64892107924456.28,65732417995745.8,66545897515042.8,67332459696383.086,68092024647327.09,68824519762722.47,69529880133791.18,70208048972832.11,70858978053810.92,71482628169085.03,72078969602488.94,72647982618973.16,73189657970959.1,73703997421535.3,74191014284576.44,74650733981824.02,75083194616912.0,75488447566267.81,75866558086751.22,76217605939827.55,76541686031993.8,76838909071091.66,77109402238050.28,77353309873500.23,77570794178591.88,77762035929229.56,77927235202806.62,78066612116382.39,78180407575091.14,78268884029407.89,78332326239716.88,78371042046435.34,78385363143737.27,78375645854697.7,78342271905434.03,78285649195563.06,78206212562008.72,78104424532896.45,77980776067941.53,77835787281392.84,77670008143214.86,77484019153787.25,77278431986964.9,77053890095874.02,76811069275313.92,76550678174090.64,76273458750020.97,75980186659714.55,75671671574555.66,75348757413568.03,75012322483047.33,74663279511978.0,74302575571314.52,73931191864185.0,73550143372972.98,73160478348027.03,72763277621442.8,72359653727937.3,71950749813290.12,71537738309137.3,71121819351073.45,70704218915021.72,70286186644665.59,69868993340384.29,69453928077587.32,69042294919589.555,68635409187200.33,68234593244011.15,67841171752956.25,67456466356089.15,67081789725676.07,66718438930675.29,66367688058469.66,66030780027399.21,65708917521247.12,65403252972451.03,65114877516532.22,64844808836184.56,64593977809800.55,64363213876113.12,64153229024336.23,63964600317957.76,63797750860491.71,63652929113402.055,63530186480474.805,63429353079607.12,63350011632804.94,63291469418678.9,63252728249471.2,63232452457203.375,63228934901464.46,63240061045155.11,63263271184575.14,63295520966836.875,63333240380756.6,63372291466876.68,63407925057517.5,63434736927713.29,63446623811016.36,63436739808328.54,63397453790375.16,63320308461718.97,63195981812132.14,63014251724710.38,62763964533360.92,62433008317892.15,62008291683340.586,61475728677935.25,60820230340693.766,60025703101846.29,59075053831763.89,57950200654271.33,56632087555348.29,55100699082226.47,53335068658317.414,51313269669641.65,49012371726564.25,46408334417591.625,43475796591314.56,40187700798806.875,36514673203173.96,32424070715729.72,27878642025013.48,22834909052006.56,17241849846830.77,11041668419829.904,4177216792215.2456,-3383482198248.5996,-11584058107953.309,-20139597476752.082,-28270348534521.19,-34315634754826.95,-35538522666255.42,-29252740824894.55,-16745314253337.19,0.0
7135.0,-298342383340884.75,-295287070455480.9,-292235249187883.5,-289187026596901.56,-286142510222536.3,-283101808083805.25,-280065028676573.7,-277032280971393.28,-274003674411348.94,-270979318909922.38,-267959324848866.2,-264943803076097.44,-261932864903614.25,-258926622105428.56,-255925186915532.12,-252928672025884.72,-249937190584436.1,-246950856193181.16,-243969782906253.16,-240994085228053.12,-238023878111425.75,-235059276955876.44,-232100397605840.25,-229147356348999.2,-226200269914655.84,-223259255472162.44,-220324430629410.44,-217395913431384.8,-214473822358782.0,-211558276326698.75,-208649394683391.47,-205747297209112.62,-202852104115022.12,-199963936042183.8,-197082914060640.88,-194209159668580.4,-191342794791588.38,-188483941781992.12,-185632723418303.12,-182789262904752.25,-179953683870927.75,-177126110371512.25,-174306666886128.38,-171495478319285.66,-168692670000440.66,-165898367684164.16,-163112697550421.88,-160335786204969.5,-157567760679861.56,-154808748434077.5,-152058877354265.16,-149318275755602.06,-146587072382776.2,-143865396411084.34,-141153377447653.16,-138451145532773.75,-135758831141360.17,-133076565184522.48,-130404479011255.69,-127742704410246.53,-125091373611789.72,-122450619289817.5,-119820574564035.53,-117201373002163.33,-114593148622277.02,-111996035895246.22,-109410169747266.17,-106835685562473.28,-104272719185643.44,-101721406924964.38,-99181885554874.06,-96654292318959.3,-94138764932904.84,-91635441587484.42,-89144460951581.44,-86665962175231.38,-84200084892673.27,-81746969225394.72,-79306755785162.75,-76879585677019.36,-74465600502230.02,-72064942361167.78,-69677753856115.1,-67304178093963.63,-64944358688791.49,-62598439764299.72,-60266565956080.05,-57948882413693.47,-55645534802533.57,-53356669305446.06,-51082432624076.0,-48822971979914.55,-46578435115010.88,-44348970292316.664,-42134726295627.05,-39935852429081.68,-37752498516186.1,-35584814898310.44,-33432952432625.5,-31297062489427.83,-29177296948806.336,-27073808196601.133,-24986749119601.895,-22916273099931.09,-20862534008551.5,-18825686197843.5,-16805884493182.527,-14803284183456.95,-12818041010453.25,-10850311157037.645,-8900251234062.297,-6968018265913.039,-5053769674621.125,-3157663262453.3516,-1279857192890.6406,579490030095.2969,2420219584562.508,4242172355017.8906,6045188958835.344,7829109774784.047,9593774973774.156,11339024551939.828,13064698366174.809,14770636172251.105,16456677665642.96,18122662525196.12,19768430459775.582,21393821258038.902,22998674841480.08,24582831320899.56,26146131056456.93,27688414721470.605,29209523370131.81,30709298509309.13,32187582174619.73,33644217010954.816,35079046357646.855,36491914338476.73,37882665956719.52,39251147195436.586,40597205123226.59,41920688005650.94,43221445422558.55,44499328391536.94,45754189497723.16,46985883030213.24,48194265125313.34,49379193916880.71,50540529694007.34,51678135066303.3,52791875137040.016,53881617684419.66,54947233351235.53,55988595843198.266,57005582136196.92,57998072692771.414,58965951688072.55,59909107245584.95,60827431682888.42,61720821767734.11,62589178984706.02,63432409812737.54,64250426013748.69,65043144932662.125,65810489809050.11,66552390100655.98,67268781819023.28,67959607877453.055,68624818451497.23,69264371352176.875,69878232412100.11,70466375884628.25,71028784856218.55,71565451672044.23,72076378374961.98,72561577157863.73,73021070829413.78,73454893293129.48,73863090039720.48,74245718652548.94,74602849326022.14,74934565396664.72,75240963886556.69,75522156058747.28,75778267984180.55,76009441119582.12,76215832895663.89,76397617314905.19,76554985558060.14,76688146598423.31,76797327822761.2,76882775657678.62,76944756200044.8,76983555849942.88,76999481944438.9,76992863390281.53,76964051293447.14,76913419583234.84,76841365628387.12,76748310842469.7,76634701275482.33,76501008188391.16,76347728606974.9,76175385851050.94,75984530034804.58,75775738533571.83,75549616412027.55,75306796808302.61,75047941268095.34,74773740022346.0,74484912201513.72,74182205978920.9,73866398635017.03,73538296533745.73,73198735001486.23,72848578098265.12,72488718270099.39,72120075870429.5,71743598537625.45,71360260414491.9,70971061194557.47,70577024978695.92,70179198924291.05,69778651667709.74,69376471499286.086,68973764268332.49,68571650993876.26,68171265154863.805,67773749631477.73,67380253266964.34,66991927016978.15,66609919650907.06,66235372966960.87,65869416479992.37,65513161538092.06,65167694820978.69,64834071170132.65,64513305697531.2,64206365116804.09,63914158237705.75,63637525562093.914,63377227917221.71,63133934060233.26,62908207186463.54,62700490273675.336,62511090194944.79,62340160534792.74,62187683046638.83,62053447695063.35,61937031234047.54,61837774282717.336,61754756873537.445,61686772464808.0,61632300430107.914,61589477062385.99,61556065160051.67,61529422296896.08,61506467917110.945,61483649441011.69,61456907616064.0,61421641400936.24,61372672726728.57,61304211538073.305,61209821575889.336,61082387421196.35,60914083373128.06,60696344781235.23,60419842488991.02,60074461068188.44,59649281527985.31,59132569161777.125,58511767141737.7,57773496372623.555,56903561954073.66,55886966342800.13,54707928901502.18,53349910887696.65,51795643944725.555,50027158618240.234,48025807068953.72,45772270654954.14,43246538087152.17,40427833318076.83,37294464902242.39,33823563100112.92,29990675470235.137,25769225755098.535,21129949519283.76,16040701230128.97,10467684671570.844,4380589212108.113,-2232976256514.1562,-9332946884019.355,-16752736029261.596,-24057147814377.652,-30311287828877.62,-33821704278961.54,-32190079337919.65,-23494507979894.273,-8262663353540.458,0.0
7132.5,-273892089302175.94,-270963001259250.7,-268037924792302.7,-265116962428017.44,-262200217125883.44,-259287792276462.47,-256379791699680.38,-253476319643137.7,-250577480780441.84,-247683380209564.62,-244794123451226.06,-241909816447306.16,-239030565559291.25,-236156477566748.7,-233287659665842.28,-230424219467882.34,-227566264997917.16,-224713904693366.94,-221867247402704.44,-219026402384179.38,-216191479304595.5,-213362588238138.38,-210539839665256.97,-207723344471601.44,-204913213947021.94,-202109559784624.9,-199312494079894.25,-196522129329878.62,-193738578432444.3,-190961954685598.7,-188192371786884.44,-185429943832846.8,-182674785318578.06,-179927011137337.16,-177186736580248.7,-174454077336081.66,-171729149491112.53,-169012069529067.97,-166302954331155.94,-163601921176180.25,-160909087740743.06,-158224572099534.16,-155548492725710.84,-152880968491364.38,-150222118668077.97,-147572062927572.66,-144930921342444.38,-142298814386990.4,-139675862938122.88,-137062188276372.88,-134457912086980.4,-131863156461070.64,-129278043896915.16,-126702697301273.81,-124137239990821.27,-121581795693645.03,-119036488550824.5,-116501443118078.06,-113976784367478.66,-111462637689234.38,-108959128893526.61,-106466384212403.58,-103984530301722.06,-101513694243131.02,-99054003546092.78,-96605586149930.84,-94168570425900.52,-91743085179271.19,-89329259651412.11,-86927223521872.62,-84537106910445.44,-82159040379201.1,-79793154934484.84,-77439582028859.48,-75098453562981.92,-72769901887399.94,-70454059804252.92,-68151060568858.92,-65861037891174.88,-63584125937105.78,-61320459329647.89,-59070173149844.23,-56833402937529.69,-54610284691844.516,-52400954871489.12,-50205550394700.17,-48024208638914.65,-45857067440098.42,-43704265091708.5,-41565940343257.03,-39442232398445.445,-37333280912833.74,-35239225991011.02,-33160208183226.3,-31096368481443.844,-29047848314779.31,-27014789544276.016,-24997334456972.99,-22995625759222.023,-21009806569202.19,-19040020408580.383,-17086411193265.664,-15149123223201.879,-13228301171140.871,-11324090070332.523,-9436635301075.094,-7566082576054.309,-5712577924407.797,-3876267674441.711,-2057298434925.7422,-255817074894.02344,1528029298132.5312,3294093361580.6406,5042227603001.211,6772284347078.875,8484115784563.3125,10177574003218.242,11852511020885.852,13508778820767.875,15146229389029.434,16764714754831.941,18364087032909.676,19944198468802.945,21504901486870.29,23046048741200.152,24567493169551.113,26069088050450.598,27550687063587.582,29012144353636.633,30453314597658.78,31874053076222.63,33274215748400.387,34653659330789.508,36012241380723.05,37349820383828.086,38666255846102.02,39961408390674.91,41235139859435.58,42487313419697.03,43717793676086.14,44926446787842.18,46113140591713.36,47277744730645.83,48420130788459.09,49540172430708.62,50637745551935.54,51712728429509.84,52765001884271.03,53794449448175.98,54800957539163.13,55784415643443.39,56744716505429.234,57681756325512.67,58595434965903.86,59485656164737.945,60352327758659.05,61195361914085.8,62014675367359.13,62810189673969.984,63581831467056.92,64329532725359.86,65053231050805.0,65752869955889.97,66428399161025.664,67079774901979.72,67706960247552.91,68309925427604.5,68888648171523.25,69443114057224.79,69973316870728.59,70479258976349.97,70960951697509.56,71418415708136.5,71851681434608.45,72260789468132.69,72645790987437.28,73006748191593.47,73343734742747.44,73656836218484.94,73946150573496.62,74211788610154.38,74453874457536.55,74672546058376.67,74867955663324.58,75040270331831.53,75189672438878.25,75316360186667.25,75420548120297.39,75502467646325.55,75562367552999.27,75600514530813.81,75617193691909.58,75612709086673.12,75587384215748.25,75541562535488.97,75475607954704.14,75389905320346.0,75284860889584.69,75160902785484.0,75018481433255.53,74858069973807.12,74680164651027.73,74485285168956.39,74273975014664.08,74046801742342.83,73804357213733.1,73547257789632.44,73276144466814.16,72991682954239.02,72694563681966.56,72385501735658.88,72065236709020.47,71734532465927.27,71394176803361.39,71044981005586.44,70687779279262.73,70323428058411.266,69952805167284.82,69576808828287.8,69196356501102.8,68812383538121.04,68425841640135.08,68037697095029.95,67648928780897.57,67260525913594.55,66873485517265.79,66488809594757.86,66107501973150.06,65730564797837.78,65358994646713.914,64993778234018.1,64635887671370.4,64286275251387.7,63945867717126.26,63615559978418.51,63296208234023.555,62988622456427.336,62693558194170.15,62411707644813.914,62143689950178.13,61890040664366.984,61651200344508.01,61427502214158.88,61219158850182.01,61026247845714.46,60848696404891.45,60686264829440.63,60538528863407.52,60404860870380.016,60284409827931.055,60176080136901.8,60078509258892.17,59990044214199.64,59908716994707.664,59832218972075.35,59757874411165.67,59682613232005.414,59602943200618.18,59514921769569.336,59414127832584.84,59295633703511.59,59153977677296.51,58983137578439.53,58776505749128.305,58526865973340.63,58226372872717.01,57866534342834.51,57438197622288.54,56931539598993.16,56336061955062.945,55640591729167.46,54833287827001.01,53901653926520.375,52832558088828.25,51612259172192.43,50226439815207.87,48660245244855.74,46898326391179.125,44924884645655.36,42723713977872.89,40278233983795.7,37571504970887.375,34586214196119.625,31304623102248.348,27708474235522.31,23778885509070.125,19496334220968.55,14841006268638.752,9794160930073.988,4341932701853.8174,-1515505032222.7188,-7743759116605.353,-14232953001942.633,-20719839872938.965,-26656372947523.227,-31029441935998.26,-32228827793171.207,-28279101457113.176,-17887349067827.32,-782763090575.4261,0.0
7130.0,-250872936540472.72,-248068304309937.97,-245268143217460.12,-242472551340370.72,-239681627147391.56,-236895469497337.4,-234114177637845.25,-231337851204134.1,-228566590217791.28,-225800495085595.03,-223039666598367.22,-220284205929862.38,-217534214635697.2,-214789794652313.0,-212051048295986.2,-209318078261875.34,-206590987623116.2,-203869879829960.44,-201154858708965.5,-198446028462229.84,-195743493666682.6,-193047359273423.16,-190357730607117.06,-187674713365446.3,-184998413618617.44,-182328937808927.56,-179666392750389.88,-177010885628421.62,-174362523999592.53,-171721415791437.7,-169087669302333.3,-166461393201438.8,-163842696528703.78,-161231688694942.84,-158628479481975.2,-156033179042833.56,-153445897902039.6,-150866746955947.38,-148295837473155.0,-145733281094982.25,-143179189836016.75,-140633676084724.9,-138096852604130.58,-135568832532554.9,-133049729384423.39,-130539657051130.5,-128038729801967.44,-125547062285106.94,-123064769528641.7,-120591966941678.69,-118128770315481.67,-115675295824660.39,-113231660028404.55,-110797979871753.62,-108374372686906.92,-105960956194556.88,-103557848505253.5,-101165168120784.12,-98783033935567.94,-96411565238057.53,-94050881712138.55,-91701103438523.75,-89362350896129.61,-87034744963428.03,-84718406919765.95,-82413458446639.0,-80120021628913.28,-77838218955980.17,-75568173322834.25,-73310008031062.27,-71063846789728.39,-68829813716141.94,-66608033336494.22,-64398630586347.16,-62201730810956.96,-60017459765416.12,-57845943614596.63,-55687308932870.664,-53541682703594.74,-51409192318329.305,-49289965575775.914,-47184130680406.64,-45091816240760.7,-43013151267383.375,-40948265170378.53,-38897287756548.65,-36860349226089.47,-34837580168810.707,-32829111559850.047,-30835074754844.754,-28855601484527.082,-26890823848706.13,-24940874309597.95,-23005885684462.586,-21085991137507.504,-19181324171013.06,-17292018615636.184,-15418208619841.586,-13560028638416.43,-11717613420014.27,-9891097993675.2,-8080617654269.477,-6286307946806.0625,-4508304649548.016,-2746743755871.461,-1001761454807.875,726505889799.5938,2437921761590.0938,4132349515503.3203,5809652403193.734,7469693600113.805,9112336234348.258,10737443417277.477,12344878276151.805,13934503988666.184,15506183819620.988,17059781159760.316,18595159566883.66,20112182809325.145,21610714911903.51,23090620204441.566,24551763372964.824,25994009513683.39,27417224189873.395,28821273491768.14,30206024099579.28,31571343349767.53,32917099304685.715,34243160825722.03,35549397650071.3,36835680471267.53,38101881023612.68,39347872170638.91,40573527997746.484,41778723909158.94,42963336729342.78,44127244809039.11,45270328136059.3,46392468450995.914,47493549368005.19,48573456500817.445,49632077594133.82,50669302660569.1,51685024123301.64,52679136964592.41,53651538880335.125,54602130440799.984,55530815257733.45,56437500157974.51,57322095363749.73,58184514679803.086,59024675687518.766,59842499946189.49,60637913201580.0,61410845601931.41,62161231921545.734,62889011792085.84,63594129941716.484,64276536442206.07,64936186964098.75,65573043040055.95,66187072336454.09,66778248933314.3,67346553612622.45,67891974155082.47,68414505645329.81,68914150785608.195,69390920217893.72,69844832854425.62,70275916216574.984,70684206781955.58,71069750339648.62,71432602353377.6,71772828332434.4,72090504210114.1,72385716729374.03,72658563835383.5,72909155074579.55,73137611999787.33,73344068580903.77,73528671620579.67,73691581174261.66,73832970973884.72,73953028854421.6,74051957182410.42,74129973285488.05,74187309881857.55,74224215508510.64,74240954946911.56,74237809644727.47,74215078132058.34,74173076430480.67,74112138453069.64,74032616393404.72,73934881101393.81,73819322443569.73,73686349645319.66,73536391612299.12,73369897228064.94,73187335624724.52,72989196423147.77,72775989939021.06,72548247350737.78,72306520824811.52,72051383594177.3,71783429984394.47,71503275382394.77,71211556142021.8,70908929420183.05,70596072936981.39,70273684652706.41,69942482354045.66,69603203141318.336,69256602807938.26,68903455102671.516,68544550864573.4,68180697019753.484,67812715428336.18,67441441569144.89,67067723048743.52,66692417920512.97,66316392798423.51,65940520749081.44,65565678944482.414,65192746056688.85,64822599374372.59,64456111619823.29,64094147443623.16,63737559572741.26,63387184586306.25,63043838291799.875,62708310672881.27,62381360378534.63,62063708721757.695,61756033154607.086,61458960185138.91,61173057700680.6,60898826661002.61,60636692124410.58,60386993569629.49,60149974476712.39,59925771131190.18,59714400617422.1,59515747969764.11,59329552453901.79,59155392955692.375,58992672461312.055,58840601620627.03,58698181395713.09,58564184808557.08,58437137816398.52,58315299360107.68,58196640650619.375,58078823780881.58,57959179776107.39,57834686223340.35,57701944652363.89,57557157873602.64,57396107514541.26,57214132033852.41,57006105531245.25,56766417710241.12,56488955389718.36,56167085997093.7,55793643510264.6,55360917345705.51,54860644715125.766,54284006991534.95,53621630635964.61,52863593236653.05,51999435200641.77,51018177609406.61,49908346698748.54,48658005338064.16,47254791749028.2,45685965495648.195,43938460468163.78,41998944146193.57,39853881860499.74,37489604155508.19,34892374962812.414,32048458854232.855,28944188828602.17,25566045520410.035,21900781880309.562,17935679217987.82,13659130047332.602,9061965025511.34,4140373718908.6245,-1097923089202.0254,-6621166326164.35,-12349342242880.717,-18109833974210.3,-23562394522827.59,-28088204311325.88,-30668352195716.816,-29865300095843.52,-24163197196779.23,-12789703816959.941,4919405920956.826,0.0
7127.5,-229228025898715.38,-226545765150349.0,-223868379319800.06,-221195962145817.78,-218528607723101.25,-215866410501393.4,-213209465284608.9,-210557867229994.5,-207911711847320.56,-205271094998110.78,-202636112894905.75,-200006862100564.75,-197383439527608.78,-194765942437598.12,-192154468440558.2,-189549115494441.3,-186949981904636.5,-184357166323520.62,-181770767750058.06,-179190885529443.78,-176617619352796.5,-174051069256897.3,-171491335623978.94,-168938519181563.78,-166392721002352.28,-163854042504161.34,-161322585449913.2,-158798451947676.75,-156281744450759.16,-153772565757848.28,-151271019013206.97,-148777207706917.75,-146291235675178.72,-143813207100648.9,-141343226512842.38,-138881398788571.5,-136427829152437.72,-133982623177367.0,-131545886785191.95,-129117726247274.95,-126698248185174.34,-124287559571346.97,-121885767729891.27,-119492980337320.11,-117109305423368.12,-114734851371825.6,-112369726921396.27,-110014041166578.78,-107667903558560.78,-105331423906129.44,-103004712376586.1,-100687879496665.95,-98381036153453.6,-96084293595288.0,-93797763432656.58,-91521557639061.27,-89255788551860.53,-87000568873071.19,-84756011670126.1,-82522230376578.28,-80299338792741.12,-78087451086256.64,-75886681792580.36,-73697145815370.95,-71518958426776.66,-69352235267600.945,-67197092347340.54,-65053646044076.87,-62922013104210.23,-60802310642020.77,-58694656139040.51,-56599167443218.37,-54515962767864.625,-52445160690352.89,-50386880150562.305,-48341240449039.27,-46308361244860.53,-44288362553170.24,-42281364742375.5,-40287488530969.69,-38306854983963.42,-36339585508894.95,-34385801851394.156,-32445626090271.008,-30519180632099.516,-28606588205267.188,-26707971853456.887,-24823454928529.16,-22953161082770.465,-21097214260470.79,-19255738688793.883,-17428858867901.832,-15616699560294.383,-13819385779319.734,-12037042776814.8,-10269796029831.594,-8517771226400.8125,-6781094250286.031,-5059891164680.0,-3354288194789.7734,-1664411709258.6016,9611799630.390625,1667655737025.9688,3309593427912.2266,4935298140909.594,6544643113528.531,8137501578946.961,9713746794373.46,11273252071065.969,12815890806078.89,14341536515805.48,15850062871397.125,17341343736131.156,18815253204808.13,20271665645260.117,21710455742053.312,23131498542469.125,24534669504853.746,25919844549424.27,27286900111626.074,28635713198132.484,29966161445587.363,31278123182186.207,32571477492199.574,33846104283539.582,35101884358477.766,36338699487618.484,37556432487240.73,38754967300116.95,39934189079924.18,41093984279361.92,42234240742093.805,43354847798630.94,44455696366278.94,45536679053267.22,46597690267185.6,47638626327849.92,48659385584723.43,49659868539016.2,50639977970590.3,51599619069795.91,52538699574362.89,53457129911474.45,54354823345145.49,55231696129030.38,56087667664780.73,56922660666073.11,57736601328423.63,58529419504903.83,59301048887868.09,60051427196799.14,60780496372373.39,61488202776841.18,62174497400813.47,62839336076535.36,63482679697722.39,64104494446024.64,64704752024174.06,65283429895859.22,65840511532359.48,66375986665956.76,66889851550128.2,67382109226506.36,67852769798575.72,68301850712053.81,68729377041885.734,69135381785753.88,69519906163983.2,69882999925691.19,70224721661003.805,70545139119125.84,70844329532017.84,71122379943395.16,71379387542723.42,71615460003840.28,71830715827786.1,72025284689375.84,72199307786988.89,72352938194995.23,72486341218173.56,72599694747409.92,72693189615891.75,72767029954937.78,72821433548519.33,72856632185440.81,72872872008056.19,72870413856292.78,72849533605651.97,72810522497739.03,72753687461754.33,72679351425248.56,72587853612306.78,72479549827179.98,72354812721226.45,72214032040858.97,72057614854018.56,71885985752505.56,71699587027301.48,71498878813799.56,71284339203637.97,71056464319587.84,70815768349691.0,70562783536571.83,70298060117553.99,70022166210905.72,69735687643206.63,69439227712477.61,69133406881340.88,68818862394079.06,68496247811035.78,68166232453346.734,67829500750507.99,67486751482771.04,67138696909807.86,66786061776502.0,66429582186101.64,66070004330309.484,65708083065180.3,65344580320955.61,64980263333174.73,64615902681571.836,64252270122393.38,63890136198850.49,63530267613464.52,63173424345064.56,62820356492166.16,62471800823404.57,62128477014619.08,61791083551106.72,61460293272489.71,61136748536598.91,60821055977781.24,60513780834126.05,60215440817306.35,59926499498085.99,59647359180102.92,59378353234361.2,59119737867009.79,58871683293541.08,58634264293584.19,58407450122102.64,58191093755140.23,57984920451414.82,57788515615172.82,57601311950926.63,57422575907159.72,57251393413954.164,57086654928935.86,56927039817101.664,56771000103142.57,56616743649944.75,56462216834146.7,56305086809042.72,56142723466780.516,55972181235691.945,55790180874632.54,55593091454226.97,55376912744676.98,55137258260942.96,54869339248235.75,54567949923331.47,54227454319674.95,53841775115939.17,53404384858039.19,52908300012970.49,52346078318753.8,51709819917844.5,50991172781352.12,50181342948154.086,49271110116277.34,48250849133306.13,47110557937023.22,45839892495085.13,44428209280415.43,42864615794289.34,41138029612129.39,39237246389989.22,37151017276056.734,34868136337380.207,32377539209500.625,29668415796468.246,26730343710325.816,23553457671222.402,20128687996828.24,16448137495577.803,12505737002555.4,8298455065241.909,3828588125198.6006,-891892804903.7572,-5833194299820.835,-10932789661216.285,-16069119029014.27,-21017753539405.2,-25384893894770.49,-28523439047036.95,-29471123270636.555,-27024198129218.527,-20127298219779.113,-8463100023319.136,8405131564637.929,0.0
7125.0,-208900488777992.2,-206338247525706.38,-203781233588494.7,-201229536496689.84,-198683246106106.88,-196142452597473.62,-193607246475894.56,-191077718570347.62,-188553960033212.2,-186036062339833.62,-183524117288120.38,-181018216998176.7,-178518453911974.88,-176024920793058.12,-173537710726287.12,-171056917117618.88,-168582633693927.25,-166114954502859.62,-163653973912735.16,-161199786612477.53,-158752487611591.06,-156312172240172.56,-153878936148963.12,-151452875309438.1,-149034086013935.94,-146622664875823.62,-144218708829699.2,-141822315131632.12,-139433581359437.1,-137052605412983.77,-134679485514538.31,-132314320209138.19,-129957208364996.4,-127608249173934.98,-125267542151844.47,-122935187139168.45,-120611284301411.03,-118295934129661.95,-115989237441142.06,-113691295379759.64,-111402209416679.62,-109122081350897.98,-106851013309822.89,-104589107749851.53,-102336467456944.34,-100093195547188.9,-97859395467348.64,-95635170995393.1,-93420626241000.19,-91215865646028.72,-89020993984951.81,-86836116365245.1,-84661338227723.66,-82496765346817.0,-80342503830780.1,-78198660121821.8,-76065340996154.02,-73942653563941.3,-71830705269147.25,-69729603889265.23,-67639457534921.42,-65560374649340.97,-63492464007662.305,-61435834716087.81,-59390596210859.58,-57356858257041.234,-55334730947096.91,-53324324699247.06,-51325750255587.88,-49339118679956.52,-47364541355524.24,-45402129982099.06,-43451996573120.56,-41514253452323.85,-39589013250053.51,-37676388899205.92,-35776493630778.16,-33889440968996.137,-32015344726003.523,-30154318996080.62,-28306478149368.996,-26471936825075.656,-24650809924125.52,-22843212601235.047,-21049260256374.42,-19269068525589.06,-17502753271143.867,-15750430570959.426,-14012216707303.398,-12288228154700.453,-10578581567022.836,-8883393763722.86,-7202781715167.453,-5536862527031.016,-3885753423705.797,-2249571730683.0234,-628434855861.4297,977539730268.1406,2568234515606.0156,4143531968649.5312,5703314561970.898,7247464797021.836,8775865230319.273,10288398501067.383,11784947360278.922,13265394701448.898,14729623592848.219,16177517311495.582,17608959378875.785,19023833598469.87,20422024095163.137,21803415356604.645,23167892276586.188,24515340200515.418,25845644973058.043,27158692988025.465,28454371240584.637,29732567381872.273,30993169776092.18,32236067560181.266,33461150706125.805,34668310086016.746,35857437539929.08,37028425946716.266,38181169297807.234,39315562774100.805,40431502826046.66,41528887257009.08,42607615310007.05,43667587757926.266,44708706997299.984,45730877145755.33,46734004143221.8,47717995857001.58,48682762190797.305,49628215197796.39,50554269197909.03,51460840899256.66,52347849524007.016,53215216938650.56,54062867788812.54,54890729638691.34,55698733115213.836,56486812056994.46,57254903668182.33,58002948677277.11,58730891500990.54,59438680413227.19,60126267719249.53,60793609935092.13,61440667972278.12,62067407327888.19,62673798280020.766,63259816088678.91,63825441202102.55,64370659468561.15,64895462353606.94,65399847162775.484,65883817269710.414,66347382349670.16,66790558618360.664,67213369076020.28,67615843756662.68,67998019982364.53,68359942622460.9,68701664357488.12,69023245947687.66,69324756505855.484,69606273774292.914,69867884405580.555,70109684246863.61,70331778627298.305,70534282648269.39,70717321475945.66,70881030635694.73,71025556307827.94,71151055624095.23,71257696964291.81,71345660252280.78,71415137250668.56,71466331853306.17,71499460374711.56,71514751835436.73,71512448242315.2,71492804862441.9,71456090489643.69,71402587702097.89,71332593109653.28,71246417589295.69,71144386507080.77,71026839924732.02,70894132788967.88,70746635101479.48,70584732067331.14,70408824219394.92,70219327516261.78,70016673410892.12,69801308887076.69,69573696460577.97,69334314141605.44,69083655355051.766,68822228814673.086,68550558347141.36,68269182661622.125,67978655060242.55,67679543084506.49,67372428092386.53,67057904760476.71,66736580505220.9,66409074816842.3,66076018499184.375,65738052808234.664,65395828481638.33,65050004651016.1,64701247628380.09,64350229557394.41,63997626919647.08,63644118885494.16,63290385498399.93,62937105681031.625,62584955050677.25,62234603530837.625,61886712745107.0,61541933178704.62,61200901092253.836,60864235171641.37,60532532897030.84,60206366613366.016,59886279283999.85,59572779908435.945,59266338584602.58,58967381195611.67,58676283700628.92,58393366009326.09,58118885419449.38,57853029597368.96,57595909082129.69,57347549294569.87,57107882034581.98,56876736451643.766,56653829476433.49,56438755704761.625,56230976729305.63,56029809919835.414,55834416658883.36,55643790047260.66,55456742102572.336,55271890484049.195,55087644788708.414,54902192477161.98,54713484502398.87,54519220731610.07,54316835269633.92,54103481812839.555,53876019184175.945,53630997223568.27,53364643232670.06,53072849198948.49,52751160050918.33,52394763223733.22,51998479841969.11,51556757853980.42,51063667479419.7,50512899358234.49,49897765815697.9,49211205684020.625,48445793147339.98,47593751104213.67,46646969571361.29,45597029685878.68,44435233902560.5,43152643031058.22,41740120818482.59,40188386863787.35,38488078764509.75,36629824572158.7,34604326927548.78,32402460779525.56,30015387594755.164,27434690900113.78,24652541734615.8,21661909753938.246,18456849317298.35,15032915284812.342,11387809997415.633,7522447451850.087,3442770414007.1406,-837085815969.665,-5289262328370.062,-9862595358047.633,-14466391323869.424,-18944030034643.758,-23032853541100.445,-26310425497582.805,-28140731739374.234,-27667259090595.145,-23954209290736.477,-16382866536454.305,-5063903281912.314,9602522102611.26,0.0
7122.5,-189833805560013.2,-187389007239881.0,-184949741407050.62,-182516093525499.8,-180088149358231.6,-177665994966970.84,-175249716711889.22,-172839401251361.25,-170435135541746.22,-168037006837202.47,-165645102689529.3,-163259510948038.06,-160880319759455.94,-158507617567854.2,-156141493114611.28,-153782035438400.6,-151429333875209.4,-149083478058385.5,-146744557918712.38,-144412663684510.53,-142087885881766.28,-139770315334285.27,-137460043163871.88,-135157160790530.5,-132861759932691.25,-130573932607454.1,-128293771130854.1,-126021368118144.3,-123756816484092.62,-121500209443295.0,-119251640510497.12,-117011203500927.62,-114778992530636.44,-112555102016837.44,-110339626678251.0,-108132661535443.47,-105934301911162.9,-103744643430660.56,-101563782022003.34,-99391813916364.1,-97228835648292.06,-95074944055952.44,-92930236281338.34,-90794809770439.08,-88668762273369.16,-86552191844445.0,-84445196842205.61,-82347875929372.39,-80260328072735.28,-78182652542964.77,-76114948914336.16,-74057317064361.23,-72009857173316.94,-69972669723661.67,-67945855499333.07,-65929515584910.36,-63923751364638.68,-61928664521298.414,-59944357034910.11,-57970931181263.93,-56008489530259.44,-54057134944042.61,-52116970574928.28,-50188099863089.81,-48270626534006.28,-46364654595646.4,-44470288335377.03,-42587632316576.31,-40716791374936.17,-38857870614435.05,-37010975402960.97,-35176211367566.734,-33353684389335.824,-31543500597838.902,-29745766365156.06,-27960588299445.4,-26188073238032.945,-24428328239996.996,-22681460578226.24,-20947577730920.664,-19226787372510.316,-17519197363963.977,-15824915742456.844,-14144050710369.562,-12476710623584.602,-10823003979050.695,-9183039401579.672,-7556925629843.0625,-5944771501533.016,-4346685937650.2266,-2762777925881.7266,-1193156503030.5156,362069263542.91406,1902790295509.4219,3428897524230.9062,4940281912534.5625,6436834477647.203,7918446315334.734,9385008625292.898,10836412737839.07,12272550141953.953,13693312514723.61,15098591752234.453,16488280001973.184,17862269696789.094,19220453590470.562,20562724794996.902,21888976819520.453,23199103611140.96,24492999597532.992,25770559731485.992,27031679537424.21,28276255159968.312,29504183414604.51,30715361840529.992,31909688755740.996,33087063314432.812,34247385566782.74,35390556521185.75,36516478209016.92,37625053751991.2,38716187432196.18,39789784764870.766,40845752574006.766,41883999070846.56,42904433935355.58,43906968400743.58,44891515341113.516,45857989362312.75,46806306896064.734,47736386297456.49,48648147945858.9,49541514349353.375,50416410252742.17,51272762749212.92,52110501395731.83,52929558332234.41,53729868404684.88,54511369292068.25,55274001637381.53,56017709182684.82,56742438908269.71,57448141176001.13,58134769876882.4,58802282582889.484,59450640703116.39,60079809644266.62,60689758975520.164,61280462597799.375,61851898917448.29,62404051024333.36,62936906874363.53,63450459476418.34,63944707083663.22,64419653389217.59,64875307726130.78,65311685271607.84,65728807255409.64,66126701172340.87,66505400998717.69,66864947412692.51,67205388018291.266,67526777572999.22,67829178218707.11,68112659715806.95,68377299680198.805,68623183822944.33,68850406192270.75,69059069417598.98,69249284955233.43,69421173335317.99,69574864409619.53,69710497599662.875,69828222144694.59,69928197348907.43,70010592827305.51,70075588749540.195,70123376080986.57,70154156820273.41,70168144232413.51,70165563076615.016,70146649827782.31,70111652890638.16,70060832805318.79,69994462443207.13,69912827191680.16,69816225126348.36,69704967169264.48,69579377231471.36,69439792338143.31,69286562734455.47,69120051970187.26,68940636960931.62,68748708023636.89,68544668884057.39,68328936653529.23,68101941772316.16,67864127916592.375,67615951865937.875,67357883328021.945,67090404716935.98,66814010881413.375,66529208778935.01,66236517091466.03,65936465778305.59,65629595561246.61,65316457336947.16,64997611511098.664,64673627248646.0,64345081633963.305,64012558734520.64,63676648561189.29,63337945917925.28,62997049133144.12,62654558664651.56,62311075569530.71,61967199829899.69,61623528524952.46,61280653839177.97,60939160896122.7,60599625406521.1,60262611119073.445,59928667061606.38,59598324559814.164,59272094020256.4,58950461463794.984,58633884795197.38,58322789794232.17,58017565813256.914,57718561166063.23,57426078192631.55,57140367984480.664,56861624755513.71,56589979843696.91,56325495329606.37,56068157258887.77,55817868457050.86,55574440926823.39,55337587820586.164,55106914983271.46,54881912064611.45,54661943203851.58,54446237295082.27,54233877847281.266,54023792460082.99,53814741944293.97,53605309125332.12,53393887378161.8,53178668953991.016,52957633172036.89,52728534564088.69,52488891075400.48,52235972442616.914,51966788887916.32,51678080288264.98,51366305999502.21,51027635536771.86,50657940335426.445,50252786839793.66,49807431190961.54,49316815808920.81,48775568188984.77,48178002257524.15,47518122658031.0,46789632365952.45,45985944060557.21,45100195715684.68,44125270910509.21,43053824409057.98,41878313616730.266,40591036598463.64,39184177443743.57,37649859899610.91,35980210382766.19,34167431758024.72,32203889690403.168,30082214046653.715,27795418929359.867,25337046816938.13,22701345573073.547,19883492873384.547,16879892791907.592,13688587205535.023,10309855932059.463,6747133447378.727,3008461602494.2188,-891150281684.3651,-4925843048684.507,-9052519423076.098,-13200462298214.67,-17254926537237.047,-21032482516036.62,-24247204659684.293,-26472302569013.72,-27116469700110.01,-25463277460220.652,-20855525539854.57,-13071366601355.637,-2642930901444.9663,8774427310648.203,0.0
7120.0,-171972076551823.38,-169641958739023.3,-167317635256959.3,-164999187650831.6,-162686697741513.38,-160380247625431.62,-158079919674471.84,-155785796535904.2,-153497961132331.0,-151216496661657.03,-148941486597079.28,-146673014687097.3,-144411164955545.44,-142156021701640.0,-139907669500049.42,-137666193200978.0,-135431677930267.47,-133204209089513.5,-130983872356196.34,-128770753683822.88,-126564939302081.1,-124366515717001.77,-122175569711129.38,-119992188343697.38,-117816458950807.22,-115648469145608.08,-113488306818475.12,-111336060137184.38,-109191817547079.62,-107055667771230.86,-104927699810577.28,-102808002944056.27,-100696666728710.7,-98593780999772.92,-96499435870720.4,-94413721733298.3,-92336729257506.56,-90268549391543.33,-88209273361703.4,-86158992672222.47,-84117799105065.03,-82085784719646.34,-80063041852487.7,-78049663116790.23,-76045741401929.36,-74051369872855.23,-72066641969396.48,-70091651405456.984,-68126492168096.94,-66171258516491.99,-64226044980758.336,-62290946360636.25,-60366057724022.0,-58451474405335.44,-56547292003717.54,-54653606381039.414,-52770513659718.83,-50898110220325.05,-49036492698964.39,-47185757984430.625,-45346003215106.555,-43517325775604.21,-41699823293126.42,-39893593633535.83,-38098734897115.48,-36315345414002.97,-34543523739282.81,-32783368647717.37,-31034979128098.656,-29298454377203.035,-27573893793326.215,-25861396969380.094,-24161063685530.67,-22472993901353.195,-20797287747483.023,-19134045516738.14,-17483367654691.098,-15845354749661.785,-14220107522109.598,-12607726813394.547,-11008313573882.227,-9421968850364.047,-7848793772763.102,-6288889540096.344,-4742357405661.578,-3209298661418.6875,-1689814621531.164,-184006605035.28906,1308024082397.3125,2786176167639.867,4250348430269.0625,5700439723739.9375,7136348997613.633,8557975320879.727,9965217906411.414,11357976136594.688,12736149590174.781,14099638070361.992,15448341634240.941,16782160623528.41,18100995696726.49,19404747862716.59,20693318515843.914,21966609472538.387,23224523009526.98,24466961903681.535,25693829473560.113,26905029622689.242,28100466884643.86,29280046469978.246,30443674315061.594,31591257132875.86,32722702465832.7,33837918740663.207,34936815325443.49,36019302588810.81,37085291961429.82,38134695999770.05,39167428452252.055,40183404327825.16,41182539967033.67,42164753115636.06,43129963000833.72,44078090410173.28,45009057773179.28,45922789245780.586,46819210797587.125,47698250302077.445,48559837629754.58,49403904744327.06,50230385801971.375,51039217253730.84,51830337951101.875,52603689254862.21,53359215147186.445,54096862347098.805,54816580429304.58,55518321946443.71,56202042554802.77,56867701143520.25,57515259967315.3,58144684782765.516,58755944988155.16,59349013766908.63,59923868234619.47,60480489589678.625,61018863267497.25,61538979098314.46,62040831468569.84,62524419485813.03,62989747147113.016,63436823510919.2,63865662872314.44,64276284941590.984,64668715026063.625,65042984215023.01,65399129567717.36,65737194304232.98,66057227999128.56,66359286777659.37,66643433514407.88,66909738034116.484,67158277314495.33,67389135690755.41,67602405061589.63,67798185096300.484,67976583442740.516,68137715935703.914,68281706805373.69,68408688885393.61,68518803820098.08,68612202270393.64,68689044117743.47,68749498665663.11,68793744838087.6,68821971373922.016,68834377017032.75,68831170700883.195,68812571726957.56,68778809936053.19,68730125871457.305,68666770932953.86,68589007520530.81,68497109166582.39,68391360655316.06,68272058127989.07,68139509172505.34,67994032895807.1,67835959977393.76,67665632702190.125,67483404970874.08,67289642285650.62,67084721709333.98,66869031795463.305,66642972487036.06,66406954981294.09,66161401557838.22,65906745367181.86,65643430176677.02,65371910070562.59,65092649100687.32,64806120884255.96,64512808144730.086,64213202191784.92,63907802335986.68,63597115233600.086,63281654156671.375,62961938183254.62,62638491302357.38,62311841427877.68,61982519315485.27,61651057376070.99,61317988379042.03,60983844038387.445,60649153474069.71,60314441540922.44,59980227016851.445,59647020641745.52,59315322998114.125,58985622224079.305,58658391548968.4,58334086641384.805,58013142759286.96,57695971691287.02,57382958478101.78,57074457902862.41,56770790738830.75,56472239742993.09,56179045384031.83,55891401293327.96,55609449427954.34,55333274935105.734,55062900708112.48,54798281625137.22,54539298462897.016,54285751479335.016,54037353661133.25,53793723634365.9,53554378239499.086,53318724775407.234,53086052921163.46,52855526349137.88,52626174048467.99,52396881384319.125,52166380925590.61,51933243081908.87,51695866599930.95,51452468979210.336,51201076879180.73,50939516601212.56,50665404743196.85,50376139138688.664,50068890208274.07,49740592867447.75,49387939152842.58,49007371747061.98,48595078601551.29,48146988876857.44,47658770440237.73,47125829181945.28,46543310433782.63,45906102796986.53,45208844711685.85,44445934127857.27,43611541669032.19,42699627716610.01,41703963886734.32,40618159426329.94,39435693124231.08,38149951423125.73,36754273536559.805,35242004534804.99,33606557583135.688,31841486826888.39,29940572870944.86,27897923483914.06,25708093217756.17,23366227326057.555,20868238122465.066,18211026480882.3,15392768778273.988,12413302275360.994,9274663083551.521,5981865860908.449,2544071549951.2085,-1023618962221.2986,-4697365202399.328,-8440191603150.3955,-12195123527162.701,-15874669402742.135,-19345300503794.09,-22406076852894.668,-24762922788555.75,-26006624466150.33,-25616810234381.996,-23036857892325.45,-17879768328463.31,-10270943514501.562,-1154472311162.5752,6439080162841.335,0.0
7117.5,-155260249997385.12,-153041899003594.0,-150829564479684.1,-148623324199890.84,-146423256193042.62,-144229438742539.97,-142041950386349.62,-139860869917012.38,-137686276381659.34,-135518249082042.86,-133356867574574.22,-131202211670370.75,-129054361435312.22,-126913397190098.86,-124779399510319.05,-122652449226514.48,-120532627424251.08,-118420015444185.48,-116314694882131.75,-114216747589120.48,-112126255671453.16,-110043301490744.16,-107967967663953.44,-105900337063401.44,-103840492816768.06,-101788518307069.86,-99744497172612.03,-97708513306914.34,-95680650858604.03,-93660994231274.16,-91649628083301.73,-89646637327622.56,-87652107131457.89,-85666122915987.5,-83688770355965.1,-81720135379269.16,-79760304166387.17,-77809363149822.44,-75867399013422.47,-73934498691618.61,-72010749368573.03,-70096238477224.17,-68191053698225.25,-66295282958766.51,-64409014431274.336,-62532336531978.8,-60665337919341.14,-58808107492332.13,-56960734388551.53,-55123307982180.47,-53295917881754.414,-51478653927748.32,-49671606189962.47,-47874864964696.01,-46088520771700.61,-44312664350895.89,-42547386658840.98,-40792778864943.195,-39048932347393.375,-37315938688814.055,-35593889671603.41,-33882877272962.7,-32182993659590.52,-30494331182026.12,-28816982368629.066,-27151039919173.215,-25496596698041.54,-23853745727000.523,-22222580177536.11,-20603193362732.758,-18995678728673.28,-17400129845340.137,-15816640396996.988,-14245304172027.71,-12686215052209.887,-11139467001399.797,-9605154053606.273,-8083370300425.336,-6574209877814.133,-5077766952174.75,-3594135705722.7188,-2123410321112.8984,-665684965292.9062,778946227442.7656,2210389173230.086,3628549857272.336,5033334353369.852,6424648844373.625,7802399643594.852,9166493217205.797,10516836207664.312,11853335458198.703,13175898038386.438,14484431270866.508,15778842759219.68,17059040417055.93,18324932498348.242,19576427629051.82,20813434840047.98,22035863601455.598,23243623858349.824,24436626067931.61,25614781238190.625,26778000968103.492,27926197489415.453,29059283710045.145,30177173259162.367,31279780533980.734,32367020748314.3,33438809982943.97,34495065237839.203,35535704486285.36,36560646730961.85,37569812062019.195,38563121717205.08,39540498144085.016,40501865064406.89,41447147540657.445,42376272044857.94,43289166529647.67,44185760501700.93,45065985097525.47,45929773161687.84,46777059327511.18,47607780100289.91,48421873943064.164,49219281364997.53,49999945012397.234,50763809762417.05,51510822819480.87,52240933814460.45,52954094906643.92,53650260888522.06,54329389293424.41,54991440506027.4,55636377875758.24,56264167833111.85,56874780008896.664,57468187356417.57,58044366276603.48,58603296746078.586,59144962448173.48,59669350906863.84,60176453623621.28,60666266217150.195,61138788565980.45,61594024953875.56,62031984218008.09,62452679899845.2,62856130398676.25,63242359127704.86,63611394672615.516,63963270952513.26,64298027383121.41,64615709042109.08,64916366836403.984,65200057671331.95,65466844621405.98,65716797102570.945,65949991045689.77,66166509071037.266,66366440663545.74,66549882348523.266,66716937867541.984,66867718354165.39,67002342509159.75,67120936774801.46,67223635507864.164,67310581150834.914,67381924400875.13,67437824376003.836,67478448777942.97,67503974051023.04,67514585536503.44,67510477621616.48,67491853882594.82,67458927220891.83,67411919991748.44,67351064124205.766,67276601231599.02,67188782711508.195,67087869834070.914,66974133817494.945,66847855889531.64,66709327333593.04,66558849518114.87,66396733907678.48,66223302054313.42,66038885567308.03,65843826059750.336,65638475069918.664,65423193955525.4,65198353758701.305,64964335039482.92,64721527675433.67,64470330624893.16,64211151651203.5,63944407005110.53,63670521062376.78,63389925913477.73,63103060902075.12,62810372108778.34,62512311776512.29,62209337673606.72,61901912390514.055,61590502565840.5,61275578037148.14,60957610911746.26,60637074552445.266,60314442472990.83,59990187137632.86,59664778659015.85,59338683388300.66,59012362391150.34,58686269802929.0,58360851056183.1,58036540973195.95,57713761716134.06,57392920587043.57,57074407669711.805,56758593305185.89,56445825392549.75,56136426506406.64,55830690822410.84,55528880842147.0,55231223908685.766,54937908504263.945,54649080321762.0,54364838102007.086,54085229229430.57,53810245079288.55,53539816110533.7,53273806699541.414,53012009711278.5,52754140806188.92,52499832483107.87,52248627860936.86,51999974204671.375,51753216204710.69,51507589022251.336,51262211118016.92,51016076886661.7,50768049124949.95,50516851368306.54,50261060137597.61,49999097146073.82,49729221525321.164,49449522138839.78,49157910062522.33,48852111322831.8,48529659995875.73,48187891783821.234,47823938199165.055,47434721502235.89,47016950552934.54,46567117754097.805,46081497281019.33,45556144809637.81,44986898974847.96,44369384810545.94,43699019444784.35,42971020347382.016,42180416454370.18,41322062524984.41,40390657124191.87,39380764669255.65,38286842035643.02,37103270289855.52,35824392210237.25,34444556379609.86,32958168797440.336,31359753181805.312,29644021439882.42,27805956223162.34,25840908119475.707,23744710981446.117,21513820335500.996,19145482060845.082,16637942069648.262,13990713361817.287,11204925859185.629,8283798881536.329,5233299159215.184,2063083591900.4907,-1212117777815.3506,-4570438392464.835,-7979769501484.662,-11393089347612.576,-14741525848098.115,-17924341826091.01,-20795230535581.24,-23145372194153.777,-24686745713954.258,-25046040060515.066,-23791933716169.797,-20534068357233.094,-15132921956521.508,-8005427255362.042,-474275496009.2977,3260213187861.2334,0.0
7115.0,-139644311549788.75,-137534693168762.97,-135431277042060.55,-133334137316776.75,-131243348375045.98,-129158984834032.83,-127081121545925.19,-125009833597930.38,-122945196312267.67,-120887285246162.08,-118836176191831.97,-116791945176472.0,-114754668462230.52,-112724422546174.06,-110701284160244.77,-108685330271200.22,-106676638080540.06,-104675285024412.12,-102681348773499.6,-100694907232881.11,-98716038541866.95,-96744821073802.86,-94781333435841.0,-92825654468674.38,-90877863246230.4,-88938039075319.72,-87006261495236.31,-85082610277306.28,-83167165424377.55,-81260007170249.22,-79361215979033.17,-77470872544444.12,-75589057789013.52,-73715852863219.64,-71851339144529.5,-69995598236346.35,-68148711966856.76,-66310762387769.08,-64481831772939.2,-62662002616873.734,-60851357633105.17,-59049979752428.95,-57257952120998.984,-55475358098266.57,-53702281254761.06,-51938805369697.266,-50185014428404.81,-48440992619567.65,-46706824332262.805,-44982594152790.67,-43268386861283.586,-41564287428082.84,-39870381009872.586,-38186752945556.89,-36513488751872.2,-34850674118715.48,-33198394904181.746,-31556737129293.13,-29925786972406.266,-28305630763285.016,-26696354976821.36,-25098046226390.777,-23510791256825.508,-21934676936988.383,-20369790251932.938,-18816218294628.926,-17274048257239.023,-15743367421924.75,-14224263151165.55,-12716822877570.0,-11221134093159.844,-9737284338104.922,-8265361188890.898,-6805452245894.492,-5357645120346.609,-3922027420658.9844,-2498686738092.867,-1087710631742.9062,310813387184.8203,1696797871828.7188,3070155456885.6953,4430798876609.8125,5778640983622.602,7113594768562.383,8435573380600.867,9744490148855.469,11040258604726.586,12322792505190.078,13592005857074.227,14847812942353.773,16090128344491.352,17318866975859.121,18533944106271.86,19735275392667.336,20922776909965.13,22096365183139.055,23255957220538.438,24401470548492.887,25532823247235.9,26649933988183.69,27752722072606.67,28841107471728.543,29915010868291.64,30974353699624.977,32019058202254.92,33049047458093.094,34064245442243.203,35064577072462.387,36049968260316.93,37020345964071.95,37975638243349.76,38915774315599.72,39840684614415.14,40750300849735.24,41644556069971.28,42523384726093.11,43386722737712.484,44234507561201.28,45066678259876.88,45883175576293.75,46683942006670.24,47468921877487.43,48238061424288.45,48991308872710.9,49728614521778.516,50449930829481.75,51155212500670.25,51844416577281.3,52517502530925.31,53174432357845.914,53815170676271.55,54439684826170.27,55047944971417.87,55639924204386.08,56215598652952.09,56774947589929.09,57317953544910.41,57844602418518.625,58354883599041.35,58848790081435.0,59326318588667.54,59787469695367.86,60232247953741.28,60660662021704.016,61072724793181.23,61468453530505.49,61847869998843.336,62211000602568.164,62557876523487.73,62888533860823.83,63203013772830.3,63501362619922.79,63783632109181.64,64049879440075.164,64300167451235.21,64534564768102.7,64753145951243.22,64955991645115.81,65143188727059.625,65314830456242.82,65471016622298.414,65611853693348.49,65737454963095.86,65847940696637.24,65943438274625.86,66024082335384.12,66090014914538.2,66141385581714.42,66178351573807.016,66201077924290.65,66209737588016.39,66204511560891.336,66185588993802.1,66153167300100.35,66107452255924.05,66048658092580.99,65977007580173.39,65892732101588.19,65796071715925.5,65687275210378.93,65566600139521.93,65434312850890.5,65290688495686.81,65136011023357.34,64970573158726.26,64794676360287.695,64608630758179.43,64412755070274.59,64207376494740.555,63992830577318.36,63769461051479.53,63537619649512.516,63297665882484.61,63049966786910.56,62794896635841.39,62532836611962.12,62264174440158.44,61989303976875.66,61708624753451.44,61422541470457.33,61131463439928.18,60835803972199.37,60535979703905.914,60232409863521.78,59925515470642.72,59615718465029.02,59303440761234.984,58989103224458.125,58673124563041.805,58355920132863.15,58037900648633.62,57719470796936.94,57401027745623.89,57082959543985.3,56765643407930.5,56449443884214.34,56134710887586.31,55821777604579.02,55510958257526.66,55202545722299.234,54896808993175.68,54593990488256.69,54294303188850.914,53997927606367.52,53705008570420.05,53415651832114.1,53129920476862.3,52847831141564.914,52569350031635.85,52294388734156.0,52022799824430.22,51754372264431.8,51488826593068.58,51225809909929.46,50964890656198.836,50705553198795.766,50447192226539.95,50189106970302.875,49930495262712.54,49670447457075.13,49407940229801.59,49141830295813.06,48870848072182.45,48593591331680.625,48308518894963.586,48013944417880.19,47708030338818.99,47388782060152.83,47054042447690.09,46701486742592.84,46328617991476.89,45932763112350.664,45511069726683.42,45060503901219.53,44577848957206.38,44059705519538.33,43502492994051.94,42902452678029.7,42255652727170.14,41557995222299.875,40805225601557.78,39992944749544.67,39116624065188.234,38171623866434.79,37153215534492.56,36056607856105.45,34876978093113.79,33609508399657.324,32249428326162.227,30792064306193.688,29232897232626.445,27567629516206.82,25792263417306.355,23903193004583.797,21897312907275.914,19772148224980.555,17526011752084.977,15158197397905.998,12669222862639.023,10061141077570.562,7337949880805.285,4506144738837.334,1575482728918.012,-1439938865478.9739,-4520134635103.27,-7636987281426.148,-10750988679726.682,-13806544509495.867,-16725354405496.027,-19397465962768.547,-21670109351271.637,-23335890367983.105,-24125286354874.42,-23714851637098.324,-21772392310338.965,-18069106113211.01,-12680340606853.12,-6254874358387.4795,-424222283238.73456,-75382672406.70877,0.0
7112.5,-125071439400413.33,-123067426086558.7,-121069767534454.81,-119078534400662.25,-117093797558106.0,-115115628095990.34,-113144097319704.6,-111179276750717.27,-109221238126454.05,-107270053400161.02,-105325794740748.64,-103388534532614.0,-101458345375442.61,-99535300083980.02,-97619471687779.1,-95710933430913.44,-93809758771656.66,-91916021382124.55,-90029795147877.58,-88151154167476.81,-86280172751994.23,-84416925424470.1,-82561486919315.6,-80713932181655.66,-78874336366607.64,-77042774838492.52,-75219323169971.14,-73404057141105.19,-71597052738332.97,-69798386153357.89,-68008133781942.89,-66226372222604.94,-64453178275204.9,-62688628939425.61,-60932801413130.38,-59185773090598.45,-57447621560627.984,-55718424604499.266,-53998260193793.48,-52287206488054.84,-50585341832293.03,-48892744754312.27,-47209493961864.89,-45535668339613.02,-43871346945896.47,-42216609009291.516,-40571533924954.0,-38936201250736.45,-37310690703066.375,-35695082152578.05,-34089455619483.75,-32493891268675.4,-30908469404542.742,-29333270465495.984,-27768375018183.383,-26213863751384.457,-24669817469572.676,-23136317086128.11,-21613443616188.67,-20101278169125.414,-18599901940624.906,-17109396204365.703,-15629842303271.523,-14161321640324.406,-12703915668923.555,-11257705882769.54,-9822773805259.023,-8399200978369.914,-6987068951019.82,-5586459266878.359,-4197453451614.0703,-2820132999554.797,-1454579359744.414,-100873921371.73438,1240902001448.7031,2570667185564.2734,3888340515363.6562,5193841000071.414,6487087791778.648,7768000204235.5625,9036497732428.68,10292500072967.438,11535927145305.367,12766699113820.586,13984736410782.953,15189959760231.219,16382290202791.07,17561649121456.656,18727958268366.43,19881139792599.48,21021116269021.48,22147810728208.316,23261146687476.188,24361048183048.043,25447439803386.184,26520246723719.56,27579394741796.746,28624810314896.246,29656420598121.47,30674153484013.875,31677937643514.418,32667702568303.43,33643378614551.08,34604897048107.465,35552190091166.88,36485190970432.72,37403833966817.16,38308054466704.266,39197789014807.55,40072975368652.46,40933552554711.055,41779460926221.39,42610642222716.95,43427039631295.88,44228597849656.125,45015263150924.15,45786983450300.625,46543708373549.3,47285389327350.7,48011979571544.445,48723434293277.99,49419710683083.375,50100768012897.164,50766567716040.59,51417073469171.29,52052251276219.516,52672069554316.61,53276499221721.586,53865513787750.0,54439089444704.11,54997205161802.57,55539842781102.234,56066987115401.52,56578626048112.336,57074750635079.7,57555355208327.61,58020437481701.055,58469998658371.64,58904043540166.66,59322580638676.055,59725622288085.516,60113184759676.2,60485288377924.79,60841957638130.53,61183221325484.766,61509112635493.54,61819669295650.89,62114933688252.82,62394952974229.77,62659779217865.28,62909469512256.08,63144086105356.21,63363696526434.13,63568373712758.72,63758196136313.8,63933247930325.38,64093619015370.39,64239405224814.93,64370708429315.56,64487636660093.92,64590304230675.76,64678831856764.01,64753346773891.44,64813982852474.72,64860880709865.6,64894187818968.97,64914058612968.32,64920654585669.1,64914144386939.93,64894703912698.305,64862516388851.6,64817772448570.23,64760670202228.164,64691415299309.0,64610220981531.26,64517308126402.99,64412905280369.57,64297248680669.04,64170582264958.76,64033157667722.17,63885234202410.52,63727078828212.26,63558966100283.6,63381178102207.57,63194004359380.66,62997741731957.15,62792694285903.78,62579173140642.414,62357496291675.51,62127988406504.16,61890980592060.625,61646810131782.945,61395820190364.01,61138359484105.62,60874781914702.586,60605446164173.82,60330715248541.625,60050956027744.4,59766538669143.49,59477836061859.65,59185223179042.9,58889076385044.35,58589772684321.65,58287688908764.85,57983200839987.72,57676682262979.97,57368503947368.664,57059032552386.19,56748629451495.65,56437649472474.61,56126439548617.82,55815337276579.11,55504669376245.11,55194750047912.625,54885879221937.28,54578340695933.37,54272400154540.54,53968303066733.6,53666272455649.34,53366506535937.18,53069176213726.266,52774422444437.67,52482353443877.766,52193041748330.36,51906521119735.664,51622783292519.47,51341774559228.2,51063392192851.22,50787480704593.55,50513827936913.14,50242160992884.266,49972142004412.586,49703363743532.266,49435345082989.336,49167526314582.14,48899264336320.805,48629827722407.78,48358391693364.516,48084033007359.19,47805724797958.74,47522331388160.25,47232603115678.49,46935171210099.195,46628542768672.195,46311095884231.08,45981074985998.1,45636586461874.18,45275594639229.75,44895918210206.39,44495227197114.875,44071040563682.195,43620724588668.69,43141492129784.62,42630402917927.54,42084365034639.08,41500137739472.67,40874335828896.82,40203435724731.305,39483783508375.06,38711605137833.89,37883019108622.266,36994051848106.3,36040656167243.836,35018733135922.824,33924157800787.254,32752809231033.55,31500605462822.062,30163544023072.945,28737748857434.656,27219524677868.023,25605420001125.145,23892300497929.465,22077434755266.88,20158595233813.44,18134178175440.664,16003347629550.404,13766210847507.344,11424035385105.973,8979522870933.633,6437161310158.02,3803688108258.754,1088711265485.905,-1694441560110.8591,-4527544833004.163,-7385823515363.814,-10235629666882.604,-13031190649093.877,-15710133834438.232,-18187535024729.832,-20348496261417.754,-22040002915751.33,-23064514886119.95,-23181098793548.984,-22125478449003.848,-19667313446472.91,-15725955162068.1,-10553018552665.857,-4966888798642.449,-800185944802.2732,-2973260986414.301,0.0
7110.0,-111490129028226.53,-109588523801926.75,-107693395381732.14,-105804811060743.16,-103922838330080.8,-102047544878644.47,-100178998592846.89,-98317267556322.58,-96462420049605.56,-94614524549777.06,-92773649730077.02,-90939864459479.72,-89113237802229.2,-87293839017329.25,-85481737557990.6,-83677003071024.95,-81879705396187.56,-80089914565462.14,-78307700802285.97,-76533134520708.73,-74766286324484.61,-73007227006089.28,-71256027545660.78,-69512759109857.4,-67777493050629.54,-66050300903898.18,-64331254388137.09,-62620425402852.84,-60917886026955.44,-59223708517016.14,-57537965305404.14,-55860728998298.05,-54192072373563.87,-52532068378494.766,-50880790127403.03,-49238310899059.445,-47604704133972.17,-45980043431496.195,-44364402546767.53,-42757855387451.766,-41160476010300.75,-39572338617506.234,-37993517552845.36,-36424087297603.23,-34864122466268.504,-33313697801988.957,-31772888171777.453,-30241768561459.145,-28720414070346.92,-27208899905636.805,-25707301376509.72,-24215693887928.867,-22734152934121.324,-21262754091729.344,-19801573012623.094,-18350685416355.035,-16910167082250.723,-15480093841115.152,-14060541566545.078,-12651586165831.54,-11253303570437.32,-9865769726035.328,-8489060582091.8125,-7123252080978.211,-5768420146597.039,-4424640672502.852,-3091989509504.0703,-1770542452725.9297,-460375228118.40625,838436521608.8906,2125817251644.1406,3401691530341.742,4665984055119.195,5918619669004.133,7159523377850.531,8388620368243.672,9605836026114.672,10811095956087.047,12004326001573.36,13185452265647.102,14354401132708.922,15511099290971.422,16655473755783.348,17787451893817.44,18906961448144.39,20013930564216.094,21108287816782.562,22189962237765.91,23258883345115.28,24314981172667.824,25358186301039.855,26388429889572.562,27405643709357.324,28409760177366.02,29400712391711.004,30378434168059.035,31342860077225.996,32293925483976.395,33231566587052.395,34155720460458.016,35066325096023.637,35963319447274.45,36846643474628.5,37716238191946.45,38572045714460.72,39414009308102.69,40242073440255.125,41056183831949.445,41856287511531.39,42642332869816.45,43414269716753.55,44172049339619.41,44915624562760.875,45644949808902.59,46359981162037.92,47060676431918.0,47746995220152.68,48418898987936.914,49076351125412.516,49719317022676.85,50347764142442.84,50961662094359.38,51560982710992.74,52145700125472.234,52715790850797.18,53271233860802.36,53812010672774.336,54338105431709.29,54849504996198.51,55346199025925.1,55828180070752.16,56295443661376.336,56747988401519.34,57185816061624.14,57608931674016.45,58017343629489.88,58411063775264.41,58790107514265.22,59154493905659.53,59504245766585.59,59839389774998.43,60159956573551.48,60465980874424.734,60757501565000.85,61034561814284.32,61297209179946.59,61545495715872.664,61779478080073.34,61999217642816.3,62204780594817.805,62396238055325.41,62573666179907.74,62737146267755.5,62886764868282.65,63022613886801.86,63144790689033.17,63253398204186.86,63348545026345.625,63430345513851.914,63498919886386.07,63554394319402.984,63596901035571.055,63626578392836.055,63643570968709.08,63648029640352.2,63640111660009.984,63619980725307.96,63587807043909.805,63543767391995.27,63488045165990.47,63420830426946.78,63342319936933.28,63252717186767.88,63152232414377.89,63041082613038.35,62919491528696.64,62787689645547.27,62645914158976.516,62494408934947.88,62333424454850.25,62163217744778.69,61984052288163.44,61796197920606.2,61599930705723.25,61395532790733.43,61183292240465.305,60963502848389.41,60736463923212.45,60502480049498.16,60261860820701.51,60014920542927.59,59761977907641.59,59503355631473.23,59239380061171.57,58970380741673.59,58696689945157.09,58418642158852.625,58136573529287.47,57850821260534.24,57561722963932.125,57269615956641.25,56974836506283.43,56677719018813.41,56378595166653.55,56077792954016.98,55775635716234.69,55472441049795.73,55168519669706.79,54864174190680.164,54559697828566.95,54255373018370.266,53951469945102.38,53648244983692.19,53345939044109.8,53044775817855.766,52744959921969.04,52446674936744.31,52150081333420.42,51855314288215.91,51562481379249.34,51271660163101.49,50982895628059.3,50696197521440.87,50411537548845.55,50128846443713.484,49848010906231.95,49568870411402.03,49291213886993.625,49014776263190.695,48739234896971.24,48464205875705.84,48189240206106.67,47913819896539.67,47637353942849.03,47359174230251.58,47078531366567.25,46794590465078.625,46506426898680.516,46213022050710.56,45913259091965.32,45605918817916.805,45289675585076.76,44963093390815.22,44624622146747.11,44272594202058.79,43905221179870.7,43520591196924.8,43116666544558.44,42691281917089.71,42242143282410.305,41766827498789.15,41262782791677.734,40727330214747.31,40157666230580.77,39550866558546.85,38903891450615.3,38213592570540.15,37476721668361.375,36689941261121.57,35849837552819.66,34952935852926.117,33995718784578.324,32974647612576.3,31886187069772.957,30726834121375.79,29493151184036.457,28181804415779.6,26789607821216.37,25313574084455.69,23750973264411.367,22099400785130.58,20356856558591.234,18521837635360.32,16593447558345.66,14571526699108.785,12456809437276.77,10251116326842.297,7957592708131.859,5581010044904.426,3128153256762.752,608327372020.6831,-1965968931591.7336,-4578135672149.819,-7206236579977.404,-9821311749477.104,-12385079637188.365,-14846848973246.824,-17139485052838.514,-19174414673938.8,-20836048381634.734,-21976892983427.633,-22416395641150.555,-21949618662691.188,-20376205457014.324,-17564146079104.271,-13561386321553.326,-8754448447241.422,-4067974452768.365,-1399158956675.0063,-5019921525137.561,0.0
7107.5,-98850291273405.28,-97047848648825.28,-95251976974085.19,-93462740294883.8,-91680202836484.75,-89904429003242.56,-88135483378091.4,-86373430721991.64,-84618335973330.61,-82870264247277.67,-81129280835086.72,-79395451203344.89,-77668840993165.89,-75949516019319.0,-74237542269297.3,-72532985902314.81,-70835913248232.52,-69146390806408.78,-67464485244468.19,-65790263396986.24,-64123792264084.695,-62465139009932.04,-60814370961146.28,-59171555605092.1,-57536760588070.9,-55910053713394.31,-54291502939337.53,-52681176376968.984,-51079142287844.93,-49485469081567.99,-47900225313200.09,-46323479680524.7,-44755301021151.375,-43195758309455.01,-41644920653343.24,-40102857290843.555,-38569637586504.67,-37045331027600.625,-35530007220133.82,-34023735884624.645,-32526586851681.824,-31038630057342.62,-29559935538176.473,-28090573426138.688,-26630613943169.008,-25180127395521.367,-23739184167817.305,-22307854716811.395,-20886209564857.79,-19474319293068.223,-18072254534148.254,-16680085964902.176,-15297884298393.89,-13925720275750.344,-12563664657599.383,-11211788215122.656,-9870161720717.82,-8538855938251.203,-7217941612890.4375,-5907489460502.281,-4607570156601.148,-3318254324834.7656,-2039612524991.8203,-771715240515.6562,485367134489.125,1731564308775.3828,2966806108010.875,4191022489392.664,5404143556833.883,6606099576739.336,7796820994388.008,8976238450939.398,10144282801080.25,11300885131330.797,12445976779028.695,13579489352007.664,14701354748990.36,15811505180714.492,16909873191810.426,17996391683450.152,19070993936786.75,20133613637204.1,21184184899396.59,22222642293298.41,23248920870883.51,24262956193854.953,25264684362245.3,26254042043948.023,27230966505199.29,28195395642032.582,29147268012724.934,30086522871256.332,31013100201801.496,31926940754275.5,32827986080953.41,33716178574182.816,34591461505210.152,35453779064141.0,36303076401051.484,37139299668272.266,37962396063862.8,38772313876293.67,39569002530355.75,40352412634312.03,41122496028311.41,41879205834076.766,42622496505886.375,43352323882860.11,44068645242565.94,44771419355959.24,45460606543664.91,46136168733615.34,46798069520051.54,47446274223895.89,48080749954503.734,48701465672797.97,49308392255790.42,49901502562491.516,50480771501207.13,51046176098222.5,51597695567865.18,52135311383943.2,52659007352547.19,53168769686205.09,53664587079374.28,54146450785253.12,54614354693890.5,55068295411569.72,55508272341436.66,55934287765341.69,56346346926858.195,56744458115437.3,57128632751653.31,57498885473490.3,57855234223613.38,58197700337565.33,58526308632820.35,58841087498623.53,59142068986536.02,59429288901599.86,59702786894029.74,59962606551330.07,60208795490728.86,60441405451810.91,60660492389224.016,60866116565322.305,61058342642601.41,61237239775768.85,61402881703283.734,61555346838186.01,61694718358025.53,61821084293687.234,61934537616895.87,62035176326169.44,62123103530975.734,62198427533831.32,62261261910065.195,62311725584953.32,62349942907911.95,62376043723418.19,62390163438307.88,62392443085079.984,62383029380813.945,62362074781285.8,62329737529843.61,62286181700579.086,62231577235306.12,62166099973829.56,62089931676959.7,62003260041698.69,61906278707993.055,61799187256415.74,61682191196106.33,61555501942262.95,61419336782443.83,61273918830896.03,61119476970091.59,60956245778606.87,60784465444439.87,60604381662813.305,60416245517465.336,60220313344379.71,60016846576857.336,59806111570776.83,59588379408837.72,59363925682522.266,59133030250452.4,58895976971756.83,58653053413000.43,58404550527160.914,58150762303071.266,57891985383674.97,57628518651370.625,57360662778646.78,57088719742133.195,56812992298117.11,56533783417493.76,56251395678040.42,55966130611823.2,55678288005462.92,55388165150907.086,55096056044272.414,54802250530245.57,54507033389449.93,54210683366115.445,53913472133316.93,53615663192983.766,53317510707827.24,53019258262283.98,52721137549538.93,52423366981667.26,52126150219929.516,51829674622266.38,51534109605076.53,51239604916422.234,50946288817903.195,50654266172568.73,50363616436410.9,50074391551202.086,49786613736716.85,49500273180715.99,49215325625480.49,48931689850174.984,48649245048899.16,48367828104969.46,48087230762768.4,47807196699420.08,47527418499610.83,47247534538088.75,46967125775756.82,46685712476842.85,46402750856394.6,46117629669332.84,45829666754513.234,45538105549714.484,45242111596206.805,44940769054573.09,44633077256773.07,44317947323073.01,43994198876423.57,43660556891167.26,43315648717608.734,42958001328993.12,42586038842819.44,42198080374178.5,41792338284954.2,41366916899278.695,40919811762599.49,40448909529126.54,39951988570312.8,39426720405439.08,38870672064397.35,38281309502507.03,37656002197813.37,36992029073016.42,36286585897253.734,35536794337801.1,34739712848871.965,33892349604767.0,32991677708526.242,32034652936108.22,31018234311445.48,29939407851424.316,28795213874428.113,27582778334884.453,26299348733703.297,24942335266587.91,23509358017199.594,21998301191586.258,20407375640452.55,18735191250098.996,16980841234884.707,15144000982741.607,13225044961560.215,11225186390983.432,9146646069199.773,6992859128033.788,4768731865551.925,2480965571743.7026,138470935539.53986,-2247094182628.209,-4660618486009.765,-7082601510850.452,-9487908660097.432,-11844118353232.771,-14109351682670.758,-16229490408335.973,-18134769413635.832,-19735948531710.22,-20920755356729.35,-21552247497091.527,-21472423966389.76,-20516975089460.055,-18550075863219.434,-15529608863251.975,-11608785417163.098,-7267524862709.874,-3474202812215.0767,-2042136848573.911,-6028679338685.031,0.0
7105.0,-87103327163347.66,-85396771390406.52,-83696855136785.11,-82003639305070.72,-80317184958507.66,-78637553320225.88,-76964805772416.4,-75299003855450.66,-73640209266938.08,-71988483860721.78,-70343889645805.586,-68706488785211.47,-67076343594763.305,-65453516541790.41,-63838070243751.7,-62230067466771.44,-60629571124085.33,-59036644274392.12,-57451350120105.766,-55873752005502.46,-54303913414760.336,-52741897969883.56,-51187769428508.555,-49641591681585.1,-48103428750927.59,-46573344786630.48,-45051404064342.36,-43537670982392.48,-42032210058763.39,-40535085927903.69,-39046363337373.08,-37566107144314.95,-36094382311747.84,-34631253904669.723,-33176787085966.473,-31731047112117.67,-30294099328693.56,-28866009165630.707,-27446842132284.43,-26036663812243.062,-24635539857900.9,-23243535984776.77,-21860717965573.062,-20487151623961.26,-19122902828090.023,-17768037483800.08,-16422621527541.266,-15086720918978.312,-13760401633275.477,-12443729653050.242,-11136770959984.312,-9839591526081.062,-8552257304558.273,-7274834220363.234,-6007388160301.547,-4749984962762.469,-3502690407033.9375,-2265570202190.758,-1038689975544.4219,177884739357.52344,1384088515197.7422,2579856043832.6484,3765122149728.039,4939821803901.242,6103890138381.891,7257262461208.406,8399874271972.125,9531661277926.672,10652559410674.766,11762504843449.664,12861434009005.688,13949283618134.242,15025990678819.43,16091492516050.875,17145726792309.195,18188631528740.098,19220145127032.977,20240206392021.87,21248754555023.82,22245729297931.883,23231070778079.73,24204719653893.957,25166617111351.32,26116704891257.312,27054925317363.477,27981221325339.387,28895536492616.59,29797815069121.01,30688002008910.02,31566043002731.312,32431884511518.465,33285473800841.14,34126758976323.75,34955689020049.17,35772213827963.13,36576284248293.08,37367852120996.516,38146870318253.77,38913292786017.19,39667074586630.55,40408171942532.16,41136542281051.73,41852144280313.984,42554937916256.95,43244884510778.43,43921946781014.64,44586088889762.93,45237276497052.34,45875476812869.0,46500658651041.016,47112792484284.34,47711850500412.94,48297806659713.0,48870636753478.87,49430318463708.96,49976831423956.17,50510157281325.586,51030279759611.25,51537184723560.3,52030860244252.04,52511296665574.44,52978486671781.56,53432425356108.88,53873110290423.32,54300541595880.3,54714722014556.95,55115656982027.79,55503354700844.56,55877826214878.64,56239085484479.93,56587149462402.35,56922038170440.625,57243774776718.55,57552385673564.5,57847900555903.234,58130352500088.42,58399778043093.82,58656217261974.75,58899713853505.47,59130315213889.99,59348072518437.67,59553040801086.19,59745279033647.7,59924850204643.75,60091821397587.33,60246263868560.016,60388253122922.13,60517868990985.15,60635195702462.39,60740321959504.64,60833341008114.7,60914350707722.27,60983453598687.95,61040756967491.125,61086372909342.7,61120418387948.23,61143015292131.18,61154290489010.984,61154375873411.66,61143408413160.016,61121530189914.16,61088888435141.97,61045635560850.42,60991929184645.05,60927932148675.13,60853812532000.0,60769743655884.33,60675904081507.74,60572477599546.56,60459653211058.15,60337625099070.24,60206592590247.46,60066760105977.26,59918337102183.7,59761537997145.74,59596582086560.65,59423693445057.92,59243100813330.516,59055037470012.336,58859741087389.12,58657453569989.33,58448420875056.79,58232892813862.914,58011122832769.47,57783367772903.266,57549887607258.02,57310945153983.57,57066805764572.03,56817736985596.91,56564008192603.836,56305890194696.85,56043654808304.94,55777574398555.164,55507921386619.62,55234967721341.98,54958984313389.766,54680240430118.0,54399003049269.27,54115536169576.52,53830100076276.93,53542950559490.3,53254338083361.58,52964506903820.27,52673694132762.68,52382128746427.93,52090030535706.39,51797608996097.47,51505062155023.52,51212575334208.33,50920319844845.13,50628451613314.26,50337109735264.71,50046414955954.26,49756468074847.87,49467348272613.17,49179111358824.85,48891787938906.64,48605381499099.71,48319866408562.54,48035185838080.086,47751249595301.71,47467931876942.06,47185068938976.85,46902456686556.9,46619848186154.086,46336951103359.05,46053425070776.0,45768878991623.664,45482868285958.89,45194892087907.125,44904390403923.63,44610741243932.54,44313257739211.46,44011185263121.9,43703698573238.1,43389898996118.07,43068811678894.6,42739382935059.516,42400477715274.58,42050877237783.22,41689276817021.23,41314283933346.31,40924416591428.914,40518102019782.89,40093675769174.086,39649381273241.04,39183369940616.89,38693701854180.54,38178347159830.164,37635188234418.05,37062022730293.125,36456567602373.15,35816464232965.37,35139284779866.527,34422539884873.98,33663687893068.918,32860145748557.348,32009301750350.49,31108530373504.41,30155209386481.695,29146739527204.598,28080567039043.836,26954209416115.113,25765284767459.383,24511545285544.312,23190915400841.938,21801535327488.36,20341810864106.965,18810470521107.48,17206631318437.547,15529874960240.691,13780336579713.797,11958808907617.541,10066865620548.568,8107008867173.457,6082847686220.732,3999316400679.2,1862945336290.014,-317799335437.77765,-2532083855941.7046,-4766152671520.868,-7002611484272.303,-9219496184719.965,-11389065710768.867,-13476251720344.412,-15436708973150.26,-17214459060039.451,-18739246905823.098,-19924004252222.88,-20663347255832.527,-20834973754940.477,-20307300532180.113,-18958620218071.79,-16714744804822.979,-13611503292557.05,-9882374217929.361,-6061072984992.912,-3100559704461.2695,-2590251668081.9155,-6035713671570.109,0.0
7102.5,-76202182633795.39,-74588223537044.11,-72980949062768.56,-71380417062846.84,-69786685530212.45,-68199812597729.68,-66619856537001.33,-65046875757105.37,-63480928803254.69,-61922074355379.42,-60370371226625.64,-58825878361767.67,-57288654835531.36,-55758759850819.984,-54236252736844.734,-52721192947149.28,-51213640057528.13,-49713653763832.31,-48221293879658.63,-46736620333916.05,-45259693168265.79,-43790572534428.625,-42329318691355.17,-40875992002252.56,-39430652931462.98,-37993362041186.8,-36564179988045.53,-35143167519478.316,-33730385469964.836,-32325894757069.043,-30929756377296.02,-29542031401756.57,-28162780971631.42,-26792066293428.18,-25429948634023.527,-24076489315483.3,-22731749709653.195,-21395791232510.527,-20068675338271.805,-18750463513244.355,-17441217269416.793,-16140998137776.71,-14849867661350.367,-13567887387950.523,-12295118862628.547,-11031623619816.375,-9777463175152.82,-8532699016981.742,-7297392597512.945,-6071605323636.43,-4855398547377.68,-3648833555985.586,-2451971561641.1484,-1264873690774.9531,-87600972985.70312,1079785670456.3906,2237225438527.9062,3384657662807.75,4522021820279.172,5649257546592.055,6766304649796.336,7873103124559.836,8969593166881.86,10055715189317.61,11131409836722.336,12196618002532.484,13251280845593.219,14295339807548.156,15328736630802.875,16351413377076.578,17363312446554.89,18364376597658.27,19354548967437.848,20333773092614.242,21301992931272.98,22259152885228.855,23205197823074.082,24140073103925.035,25063724601878.934,25976098731196.473,26877142472223.234,27766803398063.484,28645029702020.094,29511770225813.87,30366974488596.043,31210592716766.46,32042575874610.906,32862875695770.137,33671444715552.754,34468236304105.223,35253204700449.35,36026305047400.08,36787493427374.22,37536726899100.375,38273963535241.77,38999162460939.78,39712283893288.82,40413289181750.8,41102140849516.78,41778802635822.72,42443239539227.09,43095417861854.58,43735305254611.445,44362870763374.984,44978084876162.72,45580919571279.234,46171348366444.2,46749346368899.13,47314890326491.24,47867958679731.664,48408531614821.09,48936591117638.77,49452121028684.35,49955107098963.7,50445537046806.11,50923400615599.516,51388689632426.31,51841398067582.83,52281522094960.016,52709060153263.445,53124013008045.29,53526383814520.125,53916178181132.125,54293404233839.02,54658072681074.39,55010196879345.625,55349792899423.51,55676879593072.47,55991478660268.58,56293614716847.94,56583315362522.16,56860611249194.766,57125536149505.6,57378127025527.016,57618424097527.62,57846470912716.86,58062314413873.766,58266005007760.73,58457596633213.54,58637146828793.79,58804716799881.15,58960371485076.98,59104179621780.07,59236213810790.78,59356550579787.0,59465270445508.68,59562457974478.22,59648201842071.75,59722594889748.33,59785734180231.79,59837721050428.77,59878661161854.016,59908664548322.97,59927845660656.88,59936323408132.875,59934221196397.69,59921666961547.79,59898793200064.06,59865736994273.16,59822640032989.414,59769648626976.33,59706913718845.445,59634590886993.7,59552840343159.73,59461826923158.39,59361720070332.83,59252693811240.01,59134926723062.75,59008601892217.58,58873906863602.6,58731033579903.13,58580178310347.02,58421541568272.6,58255328016843.52,58081746362215.65,57901009233428.23,57713333048261.61,57518937864268.6,57318047214153.53,57110887924636.77,56897689917906.61,56678685994721.66,56454111598189.84,56224204557208.27,55989204808508.945,55749354096212.805,55504895647752.39,55256073824978.836,55003133749226.68,54746320899062.81,54485880679402.98,54222057960632.33,53955096586322.25,53685238848090.03,53412724926103.7,53137792293691.32,52860675084472.21,52581603420386.71,52300802698965.62,52018492838144.16,51734887476897.69,51450193129949.73,51164608294784.85,50878322509186.914,50591515357520.266,50304355423978.7,50016999191044.84,49729589881436.28,49442256241862.26,49155111266982.41,48868250862045.4,48581752442798.44,48295673471396.7,48010049927212.65,47724894711648.81,47440195986303.914,47155915444129.98,46871986513556.04,46588312495948.85,46304764637234.61,46021180135030.555,45737360083231.51,45453067356678.81,45168024439310.89,44881911200064.234,44594362621773.98,44304966489418.484,44013261045274.97,43718732619913.0,43420813249456.93,43118878291210.87,42812244051566.39,42500165442116.52,42181833682088.42,41856374067589.13,41522843830745.88,41180230114618.55,40827448092779.18,40463339265697.15,40086669969544.586,39696130136756.8,39290332351648.97,38867811248618.625,38427023304959.29,37966347085095.484,37484083998140.54,36978459636106.88,36447625765907.14,35889663054525.805,35302584613496.75,34684340456193.027,34032822969559.188,33345873510979.996,32621290251214.523,31856837396044.777,31050255932885.746,30199276064585.98,29301631511659.17,28355075887045.977,27357401375251.223,26306459981664.18,25200187659747.816,24036631675772.434,22813981635735.434,21530604680818.78,20185085461219.625,18776271630222.46,17303325770191.6,15765784882430.666,14163628861097.746,12497359751855.86,10768094102301.086,8977671389792.928,7128782426415.254,5225122875530.898,3271578681427.0317,1274452453807.1455,-758257171049.6278,-2816507277302.251,-4887772673905.356,-6956491359708.326,-9003360133320.174,-11004441255608.066,-12930039126156.172,-14743314259666.17,-16398632919011.803,-17839727284332.918,-18997901762658.324,-19790826881246.44,-20122997233847.742,-19889781998533.285,-18988182504069.375,-17338685408339.672,-14923092920420.646,-11841082003801.021,-8381475122470.434,-5095694013877.607,-2868473398452.5405,-2952980009269.8633,-5251299721614.204,0.0
7100.0,-66101385999832.53,-64576732684041.84,-63058787536166.78,-61547605438300.33,-60043241393147.48,-58545750522503.16,-57055188065648.74,-55571609377662.85,-54095069927641.97,-52625625296828.3,-51163331176639.94,-49708243366599.414,-48260417772158.43,-46819910402410.09,-45386777367690.17,-43961074877057.31,-42542859235650.836,-41132186841920.69,-39729114184724.91,-38333697840287.76,-36945994469016.17,-35566060812166.95,-34193953688360.438,-32829729989934.402,-31473446679133.746,-30125160784128.086,-28784929394852.54,-27452809658666.492,-26128858775821.258,-24813133994733.266,-23505692607053.68,-22206591942529.492,-20915889363648.133,-19633642260059.35,-18359908042766.223,-17094744138078.191,-15838207981320.148,-14590357010286.547,-13351248658437.031,-12120940347821.445,-10899489481729.11,-9686953437052.008,-8483389556355.906,-7288855139647.203,-6103407435830.516,-4927103633845.422,-3760000853474.3516,-2602156135813.164,-1453626433392.7188,-314468599944.85156,815260620199.4219,1935504603087.461,3046206856509.172,4147311031758.336,5238760935798.953,6320500543850.852,7392474012400.469,8454625692651.5,9506900144423.344,10549242150508.875,11581596731503.477,12603909161114.547,13616124981963.703,14618190021893.18,15610050410786.086,16591652597913.79,17562943369819.625,18523869868752.523,19474379611660.188,20414420509754.38,21343940888658.816,22262889509152.734,23171215588518.7,24068868822509.54,24955799407943.215,25831958065937.664,26697296065796.92,27551765249560.047,28395318057222.402,29227907552641.82,30049487450139.293,30860012141804.977,31659436725519.81,32447717033702.383,33224809662791.855,33990672003475.062,34745262271668.305,35488539540261.54,36220463771634.1,36940995850949.7,37650097620238.64,38347731913273.7,39033862591246.62,39708454579251.305,40371473903578.734,41022887729828.66,41662664401841.8,42290773481455.83,42907185789087.86,43511873445144.055,44104809912258.625,44685970038360.2,45255330100565.016,45812867849893.914,46358562556810.57,46892395057574.47,47414347801402.71,47924404898434.35,48422552168485.555,48908777190587.336,49383069353291.19,49845419905730.3,50295822009418.766,50734270790771.25,51160763394323.375,51575299036630.06,51977879060816.875,52368506991758.18,52747188591851.37,53113931917356.47,53468747375263.63,53811647780653.2,54142648414504.53,54461767081911.016,54769024170652.29,55064442710072.336,55348048430208.484,55619869821111.5,55879938192293.734,56128287732237.12,56364955567889.08,56589981824068.89,56803409682701.91,57005285441795.78,57195658574063.32,57374581785095.67,57542111070979.984,57698305775250.44,57843228645056.27,57976945886421.305,58099527218464.22,58211045926440.34,58311578913458.25,58401206750716.38,58480013726096.33,58548087890940.13,58605521104830.75,58652409078184.25,58688851412452.34,58714951637724.055,58730817247503.81,58736559730432.15,58732294598702.92,58718141412919.77,58694223803120.25,58660669485683.99,58617610275826.45,58565182095366.1,58503524975437.94,58432783053809.08,58353104566439.04,58264641832907.15,58167551235314.66,58061993190249.68,57948132113384.27,57826136376254.9,57696178254755.12,57558433868850.39,57413083113002.22,57260309576766.875,57100300455009.8,56933246447154.74,56759341644859.71,56578783407488.07,56391772224715.14,56198511565585.13,55999207713304.27,55794069585026.68,55583308535862.16,55367138146301.93,55145773992230.03,54919433396654.26,54688335162260.05,54452699283856.17,54212746639749.19,53968698661048.62,53720776977872.65,53469203041386.83,53214197720578.51,52955980872631.586,52694770885736.05,52430784193131.94,52164234757157.26,51895333522037.9,51624287834130.234,51351300828300.31,51076570779100.22,50800290415382.91,50522646196980.28,50243817552059.125,49963976073764.47,49683284674761.47,49401896698297.945,49119954984427.21,48837590890063.36,48554923261581.35,48272057358732.46,47989083728717.43,47706077029352.03,47423094800371.15,47140176182053.28,46857340580509.805,46574586279175.61,46291888996262.664,46009200388201.0,45726446499395.3,45443526158975.664,45160309325621.35,44876635381992.43,44592311380824.26,44307110245322.195,44020768927156.41,43732986526092.8,43443422376125.0,43151694103890.33,42857375666175.51,42559995374447.99,42259033915594.75,41953922379422.0,41644040304969.73,41328713759338.35,41007213464510.15,40678752989590.08,40342487027992.8,39997509781369.64,39642853474512.18,39277487028089.984,38900314918886.234,38510176260193.555,38105844138228.664,37686025243826.41,37249359842292.23,36794422128137.2,36319721015509.336,35823701419490.25,35304746088077.53,34761178049660.53,34191263746175.48,33593216927967.402,32965203392786.344,32305346658431.594,31611734666488.96,30882427623596.125,30115467096983.03,29308886493010.66,28460723061497.293,27569031585321.023,26631899934794.504,25647466690485.363,24613941067575.984,23529625410897.22,22392940574178.96,21202454552091.9,19956914802246.223,18655284780311.164,17296785319942.99,15880941627095.33,14407636834758.383,12877173291723.348,11290343054535.697,9648509438323.156,7953701990528.593,6208727922800.583,4417303923997.06,2584213449386.9478,715496119787.7119,-1181322139291.0085,-3096947049904.236,-5019967735142.414,-6936424359474.691,-8829269969752.072,-10677701847274.691,-12456337441281.938,-14134216445963.916,-15673631223285.479,-17028835699098.31,-18144780063641.41,-18956199387577.27,-19387696646373.37,-19355959194396.2,-18775962520052.934,-17573867889889.535,-15709950131240.299,-13214398177149.627,-10235704100283.256,-7094555755476.379,-4328719880067.9126,-2711215026468.547,-3088607251070.922,-3982521654402.0415,0.0
7097.5,-56757070746770.875,-55318443423050.94,-53886527984106.266,-52461376412532.28,-51043040790188.32,-49631573296245.79,-48227026205142.21,-46829451884436.78,-45438902792561.99,-44055431476470.51,-42679090569169.97,-41309932787143.375,-39948010927652.016,-38593377865912.43,-37246086552148.48,-35906190008508.97,-34573741325849.426,-33248793660371.246,-31931400230115.81,-30621614311304.293,-29319489234523.047,-28025078380745.21,-26738435177185.098,-25459613092979.97,-24188665634692.6,-22925646341629.598,-21670608780968.316,-20423606542689.277,-19184693234304.098,-17953922475375.89,-16731347891823.195,-15517023110003.086,-14311001750565.523,-13113337422072.414,-11924083714374.57,-10743294191739.203,-9571022385721.805,-8407321787773.164,-7252245841576.766,-6105847935106.5,-4968181392398.703,-3839299465029.2812,-2719255323290.625,-1608102047056.5156,-505892616330.4375,587320098533.4062,1671483346943.2266,2746544508526.1484,3812451103936.5547,4869150806024.633,5916591451374.617,6954721052220.359,7983487808748.484,9002840121797.75,10012726605962.492,11013096103112.094,12003897696332.43,12985080724301.469,13956594796106.469,14918389806513.18,15870415951696.117,16812623745439.598,17744964035818.62,18667388022369.953,19579847273761.855,20482293745972.875,21374679800988.785,22256958226026.684,23129082253297.113,23991005580311.61,24842682390746.16,25684067375870.414,26515115756549.305,27335783305828.69,28146026372112.71,28945801902941.008,29735067469375.22,30513781291002.758,31281902261565.547,32039389975222.273,32786204753451.05,33522307672600.547,34247660592095.438,34962226183303.992,35665967959073.67,36358850303939.69,37040838505013.87,37711898783556.805,38371998327239.11,39021105323094.97,39659188991171.95,40286219618879.41,40902168596037.39,41507008450628.19,42100712885250.58,42683256814276.805,43254616401711.21,43814769099749.33,44363693688033.625,44901370313602.7,45427780531529.14,45942907346240.125,46446735253513.29,46939250283139.02,47420440042241.695,47890293759245.43,48348802328474.78,48795958355374.44,49231756202332.96,49656192035093.59,50069263869731.11,50470971620176.14,50861317146262.16,51240304302269.875,51607938985942.914,51964229187944.27,52309185041721.38,52642818873745.73,52965145254089.25,53276181047298.44,53575945463521.64,53864460109845.47,54141749041789.81,54407838814909.555,54662758536446.92,54906539916975.125,55139217321969.4,55360827823238.56,55571411250145.11,55771010240538.34,55959670291319.86,56137439808556.38,56304370157049.18,56460515709266.44,56605933893535.62,56740685241391.64,56864833433967.43,56978445347309.08,57081591096491.0,57174344078400.1,57256781013050.22,57328981983282.34,57391030472696.84,57443013401658.56,57485021161204.69,57517147644678.97,57539490276906.68,57552150040714.87,57555231500593.83,57548842823285.13,57533095795072.2,57508105835538.055,57473992007543.984,57430877023171.82,57378887245359.91,57318152684951.83,57248806992862.14,57170987447052.12,57084834933994.055,56990493924287.375,56888112442077.19,56777842027908.69,56659837694636.086,56534257875988.734,56401264367378.28,56261022258516.32,56113699857391.14,55959468605135.5,55798502981296.78,55630980399002.79,55457081089494.15,55276987975475.24,55090886532712.766,54898964639289.734,54701412411899.93,54498422028544.06,54290187536966.59,54076904648146.78,53858770514133.62,53635983489488.77,53408742875577.35,53177248646919.805,52941701158792.97,52702300835242.58,52459247836643.38,52212741705917.71,51962980992499.016,51710162853099.51,51454482628321.06,51196133394121.805,50935305487131.77,50672186002789.71,50406958265255.555,50139801268037.42,49870889084259.12,49600390245485.3,49328467088015.484,49055275065558.805,48780962027205.52,48505667459623.61,48229521692427.01,47952645065690.52,47675147058623.234,47397125378459.61,47118665008690.516,46839837215829.73,46560698514003.14,46281289586758.13,46001634165618.74,45721737865066.18,45441586973800.1,45161147202344.055,44880362387293.125,44599153152775.7,44317415530009.81,44035019536186.49,43751807714311.39,43467593636083.1,43182160370390.86,42895258920577.62,42606606634242.5,42315885590055.18,42022740966828.88,41726779400955.15,41427567339244.08,41124629395251.32,40817446718305.84,40505455385691.42,40188044829784.734,39864556313416.02,39534281468307.41,39196460913155.36,38850282969770.68,38494882497671.41,38129339869649.71,37752680113103.94,37363872244351.93,36961828825720.71,36545405777953.24,36113402483385.86,35664562218446.2,35197572957308.125,34711068592035.254,34203630618272.258,33673790339525.42,33120031647359.33,32540794439465.324,31934478742604.44,31299449612974.87,30634042892714.508,29936571908166.76,29205335203390.168,28438625411412.484,27634739376200.418,26791989650599.13,25908717510034.23,24983307639126.59,24014204669234.766,22999931770188.812,21939111530197.566,20830489395484.434,19672959987390.07,18465596671727.77,17207684826015.27,15898759338646.38,14538646985133.467,13127514466892.793,11665923076484.05,10154891181478.055,8595966012725.079,6991306622096.374,5343780366122.6045,3657075908668.8115,1935836558450.8203,185818812277.37222,-1585917690357.0608,-3370780945745.2354,-5158368279368.535,-6936126953901.328,-8688939570675.371,-10398618729304.89,-12043296019320.936,-13596695554015.816,-15027296440582.92,-16297419601957.26,-17362334999714.002,-18169595241432.105,-18658988468180.004,-18763800245585.723,-18414505726049.453,-17546558728826.387,-16114454549014.34,-14114298892291.186,-11615877674770.389,-8801558191915.205,-6002868274252.791,-3718161131623.083,-2577078198954.392,-2998260738645.1855,-2549954438515.362,0.0
7095.0,-48126985934046.375,-46771126102107.89,-45421963612869.06,-44079547610254.0,-42743927315211.41,-41415152023313.2,-40093271102247.05,-38778333989199.81,-37470390188124.75,-36169489266892.62,-34875680854318.953,-33589014637065.76,-32309540356413.367,-31037307804895.24,-29772366822795.953,-28514767294503.31,-27264559144713.0,-26021792334479.145,-24786516857108.047,-23558782733886.926,-22338640009646.566,-21126138748149.008,-19921329027297.453,-18724260934162.246,-17534984559817.402,-16353549993982.062,-15180007319460.906,-14014406606379.25,-12856797906204.805,-11707231245551.516,-10565756619758.852,-9432423986240.555,-8307283257596.633,-7190384294482.0,-6081776898225.109,-4981510803190.078,-3889635668876.617,-2806201071748.7734,-1731256496788.0,-664851328761.8672,392965156797.47656,1442143802913.9688,2482635580791.3047,3514391599751.578,4537363117491.75,5551501550668.852,6556758485819.172,7553085690620.195,8540435125502.664,9518758955620.375,10488009563185.883,11448139560178.836,12399101801436.29,13340849398132.133,14273335731652.531,15196514467877.914,16110339571876.41,17014765323018.938,17909746330523.125,18795237549433.277,19671194297045.727,20537572269786.293,21394327560547.9,22241416676497.105,23078796557355.42,23906424594165.004,24724258648544.695,25532257072445.207,26330378728409.465,27118583010346.37,27896829864824.453,28665079812892.945,29423293972435.3,30171434081064.254,30909462519562.44,31637342335876.023,32355037269665.94,33062511777423.727,33759731058155.586,34446661079640.7,35123268605267.88,35789521221454.875,36445387365653.4,37090836354944.15,37725838415224.414,38350364710989.63,38964387375712.3,39567879542818.39,40160815377261.9,40743170107698.4,41314920059255.984,41876042686903.19,42426516609410.64,42966321643904.36,43495438841007.1,44013850520562.31,44521540307935.56,45018493170887.23,45504695457007.93,45980134931708.69,46444800816756.28,46898683829341.125,47341776221667.56,47774071821050.49,48195566070505.56,48606256069814.08,49006140617046.484,49395220250522.92,49773497291190.42,50140975885393.664,50497662048012.586,50843563705941.766,51178690741880.984,51503055038405.97,51816670522285.85,52119553209011.58,52411721247496.59,52693194964908.79,52963996911589.98,53224151906017.42,53473687079756.37,53712631922352.58,53941018326108.53,54158880630684.555,54366255667462.25,54563182803604.766,54749703985743.2,54925863783216.39,55091709430785.445,55247290870741.28,55392660794319.2,55527874682328.06,55652990844899.4,55768070460254.984,55873177612386.49,55968379327536.34,56053745609361.76,56129349472659.84,56195266975523.84,56251577249795.82,56298362529673.15,56335708178320.67,56363702712332.11,56382437823878.04,56392008400369.234,56392512541457.12,56384051573183.57,56366730059086.05,56340655808052.57,56305939878713.734,56262696580149.336,56211043468676.34,56151101340475.95,56082994219806.59,56006849342538.48,55922797134734.52,55830971185991.25,55731508217239.68,55624548042696.38,55510233525639.21,55388710527671.336,55260127851122.43,55124637174222.086,54982392978665.97,54833552469180.48,54678275484676.375,54516724400566.32,54349064021804.125,54175461466188.39,53996086037455.06,53811109087666.805,53620703868388.484,53425045370121.305,53224310149447.84,53018676143323.33,52808322469927.95,52593429215476.93,52374177206364.61,52150747766000.3,51923322455672.73,51692082798762.32,51457209987599.12,51218884572246.4,50977286130471.24,50732592918143.84,50484981499292.625,50234626355022.7,49981699470492.016,49726369899125.08,49468803303231.49,49209161470187.85,48947601803331.984,48684276786715.62,48419333422859.164,48152912642655.18,47885148686573.9,47616168456336.805,47346090836241.83,47075025983349.45,46803074585770.55,46530327088339.28,46256862885004.76,45982749477337.836,45708041598623.84,45432780303101.63,45156992020012.875,44880687572247.664,44603861159514.08,44326489306121.445,44048529773654.48,43769920439027.33,43490578138649.19,43210397479705.79,42929249619870.766,42646981017105.695,42363412151596.734,42078336222308.43,41791517821116.49,41502691588016.8,41211560851498.43,40917796258822.32,40621034401663.54,40320876443364.55,40016886754908.43,39708591567662.016,39395477651963.75,39076991031743.13,38752535746563.19,38421472673778.61,38083118424903.125,37736744331786.99,37381575539819.44,37016790227098.66,36641518970355.33,36254844280379.58,35855800331789.164,35443372914194.516,35016499634167.93,34574070399919.78,34114928223228.887,33637870375983.535,33141649941676.156,32624977805381.39,32086525129159.645,31524926363503.098,30938782849425.02,30326667070144.07,29687127616113.594,29018694932484.8,28319887924099.28,27589221499933.418,26825215146757.145,26026402630864.363,25191342937375.844,24318632569176.938,23406919342481.742,22454917833874.965,21461426655160.312,20425347758306.527,19345708004299.215,18221683268137.145,17052625399269.287,15838092414644.266,14577882373059.53,13272071468294.797,11921056989339.514,10525605935043.877,9086910245761.516,7606649836379.183,6087064896803.061,4531039284130.127,2942197285647.3706,1325016606986.6553,-315038839792.52356,-1971361885734.4407,-3636015265414.69,-5299508242919.56,-6950528674034.001,-8575621344933.297,-10158802909938.895,-11681104730345.002,-13120039006182.123,-14448993610200.367,-15636581703188.87,-16646011116104.871,-17434607147670.666,-17953736999909.66,-18149564275429.04,-17965325042465.09,-17346160386531.99,-16247902518554.088,-14651398681439.975,-12583541096294.572,-10144433591372.182,-7536284274171.755,-5083567418285.863,-3225613257332.811,-2430458543803.7534,-2715564508978.927,-1219591677618.2163,0.0
7092.5,-40170496240066.16,-38894175442553.08,-37624520616468.516,-36361578119849.164,-35105394364705.754,-33856015814164.46,-32613488979492.1,-31377860417001.78,-30149176724833.54,-28927484539608.117,-27712830532948.004,-26505261407862.473,-25304823894993.586,-24111564748715.72,-22925530743088.453,-21746768667654.75,-20575325323081.918,-19411247516640.285,-18254582057514.895,-17105375751945.305,-15963675398189.047,-14829527781302.562,-13702979667736.812,-12584077799740.367,-11472868889565.602,-10369399613473.008,-9273716605527.531,-8185866451182.391,-7105895680643.836,-6033850762012.164,-4969778094192.539,-3913723999570.3906,-2865734716445.3984,-1825856391218.3828,-794135070324.2109,229383308094.3203,1244652922777.6875,2251628078213.289,3250263213776.3906,4240512913155.5938,5222331914068.68,6195675118275.945,7160497601895.773,8116754626031.641,9064401647714.32,10003394331167.812,10933688559404.688,11855240446157.438,12768006348153.36,13671942877737.758,14567006915854.938,15453155625390.617,16330346464884.598,17198537202619.59,18057685931092.035,18907751081873.684,19748691440867.355,20580466163966.28,21403034793122.19,22216357272827.9,23020393967022.1,23815105676421.5,24600453656286.875,25376399634629.066,26142905830860.258,26899934974897.527,27647450326721.906,28385415696401.582,29113795464581.527,29832554603446.16,30541658698159.426,31241073968787.54,31930767292706.69,32610706227502.656,33280859034364.03,33941194701973.113,34591682970897.473,35232294358485.59,35863000184267.7,36483772595865.44,37094584595410.21,37695410066472.875,38286223801504.0,38867001529785.81,39437719945895.22,39998356738675.97,40548890620719.95,41089301358353.875,41619569802129.28,42139677917811.484,42649608817864.36,43149346793424.11,43638877346757.0,44118187224193.86,44587264449534.09,45046098357909.086,45494679630096.41,45933000327273.71,46361053926199.81,46778835354809.9,47186341028211.37,47583568885063.05,47970518424322.52,48347190742341.0,48713588570288.45,49069716311884.984,49415580081417.11,49751187742013.16,50076548944152.266,50391675164377.6,50696579744183.95,50991277929047.875,51275786907565.49,51550125850661.07,51814315950828.79,52068380461365.4,52312344735550.44,52546236265728.34,52770084722242.47,52983921992170.93,53187782217807.875,53381701834834.33,53565719610116.66,53739876679069.31,53904216582514.33,54058785302966.805,54203631300271.266,54338805546511.47,54464361560110.47,54580355439034.87,54686845893012.56,54783894274668.89,54871564609480.836,54949923624445.96,55019040775355.195,55078988272555.95,55129841105085.09,55171677063046.336,55204576758101.086,55228623641935.49,55243904022560.16,55250507078293.484,55248524869271.93,55238052346324.27,55219187357039.92,55192030648853.38,55156685868960.98,55113259560875.58,55061861157419.82,55002602969947.95,54935600173578.445,54860970788211.44,54778835655093.76,54689318408688.08,54592545443588.984,54488645876222.875,54377751501054.22,54259996741013.44,54135518591848.72,54004456560092.66,53866952594324.555,53723151009395.99,53573198403275.03,53417243566152.984,53255437381443.16,53087932718290.016,52914884315191.5,52736448654325.13,52552783826154.06,52364049383875.01,52170406187255.91,51972016235395.836,51769042487926.31,51561648674156.695,51349999089652.91,51134258379722.9,50914591309267.75,50691162518442.836,50464136263558.445,50233676142635.31,49999944805017.32,49763103644429.28,49523312474856.086,49280729188608.016,49035509395924.93,48787806045465.14,48537769025014.555,48285544741746.9,48031275681361.91,47775099945425.64,47517150766239.84,47257555998570.19,46996437587571.875,46733911012264.02,46470084703919.53,46205059438761.31,45938927704383.4,45671773039350.805,45403669345475.93,45134680172320.41,44864857973533.695,44594243334711.75,44322864172544.43,44050734905117.95,43777855593352.13,43504211053682.055,43229769942241.67,42954483810974.48,42678286136287.375,42401091321077.93,42122793671205.93,41843266347750.03,41562360296691.875,41279903158005.13,40995698156499.27,40709522977180.125,40421128628345.34,40130238296133.0,39836546194793.74,39539716417560.12,39239381793646.85,38935142757635.94,38626566238282.586,38313184574628.57,37994494468228.67,37669955981288.85,37338991591585.48,37000985316183.3,36655281917204.84,36301186204220.31,35937962449237.61,35564833931770.64,35180982633059.797,34785549100212.67,34377632502828.03,33956290906569.324,33520541790166.89,33069362834461.395,32601693014359.61,32116434026972.066,31612452091752.055,31088580161179.027,30543620583449.277,29976348261786.77,29385514358408.066,28769850594920.844,28128074205071.863,27458893600372.375,26761014814322.312,26033148796857.242,25274019637420.2,24482373802904.754,23656990485877.984,22796693169260.88,21900362526389.832,20966950790545.938,19995497746168.363,18985148515731.09,17935173342493.887,16844989601063.686,15714186306217.588,14542551437364.59,13330102453416.873,12077120443322.14,10784188444409.855,9452234568286.988,8082580707691.819,6676997764295.123,5237768545392.647,3767759737009.1655,2270504684055.9946,750299107779.6987,-787687620992.0435,-2337282449624.8516,-3891155972224.8774,-5440642498503.275,-6975527517595.975,-8483796670891.109,-9951340320839.58,-11361608892486.037,-12695217429672.527,-13929505039592.064,-15038069022961.621,-15990319097132.287,-16751141084008.986,-17280831316658.162,-17535574637616.977,-17468901463326.062,-17034775357840.03,-16193206388489.375,-14919466931778.033,-13217891965351.451,-11140476220281.13,-8808464997995.684,-6431373588674.366,-4312249904353.8926,-2818157294808.8794,-2251136706469.983,-2294251072535.292,-163584356465.3375,0.0
7090.0,-32848573425452.594,-31648600769786.47,-30455247193679.29,-29268556315599.824,-28088571784266.145,-26915337275332.88,-25748896487954.586,-24589293141221.133,-23436570970460.707,-22290773723407.508,-21151945156229.758,-20020129029413.5,-18895369103500.145,-17777709134670.85,-16667192870176.203,-15563864043605.156,-14467766369989.531,-13378943540740.281,-12297439218410.32,-11223297031279.04,-10156560567755.695,-9097273370594.5,-8045478930919.0625,-7001220682049.789,-5964541993130.406,-4935486162547.9375,-3914096411141.5312,-2900415875195.422,-1894487599210.375,-896354528448.7188,93940498752.09375,1076354758902.8906,2050845651528.5,3017370707579.9453,3975887598100.7812,4926354143151.25,5868728320995.164,6802968277557.719,7729032336156.3125,8646879007512.906,9556467000051.18,10457755230486.11,11350702834709.328,12235269178977.969,13111413871411.578,13979096773802.227,14838278013744.64,15688917997090.91,16530977420735.918,17364417285738.445,18189198910784.082,19005283945994.996,19812634387092.06,20611212589914.875,21400981285303.88,22181903594352.074,22953943044028.55,23717063583181.188,24471229598922.176,25216405933401.59,25952557900973.46,26679651305759.152,27397652459611.88,28106528200487.52,28806245911224.297,29496773538737.055,30178079613627.305,30850133270215.258,31512904266994.52,32166363007513.59,32810480561686.766,33445228687536.67,34070579853369.562,34686507260386.617,35292984865731.69,35889987405976.22,36477490421042.19,37055470278563.81,37623904198686.55,38182770279303.56,38732047521727.95,39271715856799.22,39801756171421.484,40322150335530.09,40832881229484.625,41333932771881.97,41825289947786.5,42306938837371.0,42778866644961.95,43241061728482.516,43693513629285.266,44136213102366.02,44569152146948.664,44992324037431.05,45405723354680.5,45809346017665.69,46203189315411.84,46587251939264.63,46961534015446.41,47326037137887.87,47680764401317.02,48025720434585.47,48360911434210.664,48686345198112.2,49002031159517.83,49307980421013.06,49604205788708.09,49890721806492.28,50167544790345.375,50434692862674.055,50692185986637.63,50940046000427.59,51178296651462.11,51406963630454.27,51626074605312.016,51835659254823.27,52035749302079.55,52226378547586.86,52407582902011.82,52579400418506.82,52741871324555.65,52895038053278.82,53038945274133.63,53173639922941.61,53299171231172.37,53415590754409.55,53522952399921.625,53621312453255.58,53710729603768.05,53791264969005.95,53862982117842.125,53925947092269.82,53980228427753.05,54025897172028.2,54063026902244.53,54091693740329.06,54111976366454.516,54123956030484.9,54127716561267.5,54123344373635.016,54110928472974.98,54090560457218.75,54062334516096.03,54026347427494.086,53982698550755.25,53931489816738.38,53872825714465.016,53806813274161.87,53733562046505.32,53653184077865.41,53565793881339.73,53471508403358.9,53370446985637.8,53262731322237.99,53148485411498.2,53027835502580.766,52900910036373.3,52767839580474.69,52628756757986.37,52483796169817.83,52333094310208.2,52176789475152.984,52015021663416.13,51847932469796.75,51675664970308.39,51498363598919.03,51316174015487.65,51129242964522.984,50937718124378.29,50741747946484.63,50541481484214.25,50337068210953.25,50128657826953.18,49916400054517.57,49700444421071.04,49480940029645.45,49258035316309.17,49031877794053.78,48802613782644.4,48570388123929.85,48335343882102.24,48097622028386.11,47857361109634.26,47614696900299.78,47369762037252.36,47122685636904.76,46873592894116.195,46622604662341.24,46369837014500.18,46115400784052.83,45859401085771.73,45601936815725.055,45343100130000.36,45082975901724.88,44821641155968.445,44559164482152.43,44295605423630.57,44031013844159.73,43765429271037.93,43498880214755.85,43231383465088.66,42962943363645.234,42693551052997.43,42423183702628.39,42151803712074.69,41879357891786.47,41605776622399.555,41330972993303.195,41054841921598.47,40777259252778.98,40498080844726.03,40217141636901.23,39934254706939.67,39649210317199.836,39361774954214.18,39071690364410.555,38778672589940.27,38482411008957.34,38182567385247.125,37878774932705.46,37570637400821.305,37257728188023.07,36939589490510.14,36615731495013.31,36285631624808.72,35948733849256.58,35604448068147.24,35252149583217.734,34891178670352.613,34520840267206.43,34140403792285.094,33749103112899.445,33346136680862.266,32930667856341.758,32501825441912.3,32058704450566.914,31600367133274.383,31125844293593.18,30634136918897.977,30124218159951.395,29595035692877.23,29045514500087.332,28474560109410.32,27881062333601.82,27263899555631.875,26621943608700.543,25954065303901.11,25259140662919.363,24536057918236.484,23783725349125.023,23001080028454.82,22187097563154.375,21340802920343.59,20461282441952.27,19547697163419.7,18599297567252.984,17615439920331.156,16595604365501.316,15539414964008.062,14446661916577.893,13317326228739.498,12151607131678.111,10949952625443.453,9713093578975.398,8442081904057.377,7138333421538.333,5803676162353.618,4440404998272.208,3051343683975.351,1639915619651.4058,210224918214.75406,-1232850311754.598,-2683550177201.3706,-4135107994819.3965,-5579604924329.002,-7007800718132.63,-8408936869838.143,-9770508670949.934,-11078003750396.482,-12314607281444.832,-13460879354119.494,-14494419873837.314,-15389553594673.574,-16117096696182.887,-16644312411100.713,-16935233738279.531,-16951633356131.37,-16655057505024.941,-16010501276671.451,-14992444583688.459,-13593984335285.209,-11839476730353.355,-9800099580079.771,-7609636665478.14,-5474268672388.579,-3664905436342.872,-2469348591605.421,-2032197779851.9385,-1795920237940.2678,547351303794.04614,0.0
7087.5,-26123780758412.973,-24997009380871.75,-23876795875472.7,-22763181162635.19,-21656206168810.05,-20555911822727.844,-19462339051516.156,-18375528776683.57,-17295521909964.969,-16222359349026.32,-15156081973023.367,-14096730638011.805,-13044346172205.61,-11998969371076.844,-10960640992297.281,-9929401750513.656,-8905292311955.492,-7888353288869.883,-6878625233780.0625,-5876148633562.148,-4880963903338.172,-3893111380177.7656,-2912631316608.242,-1939563873924.75,-973949115299.0625,-15826998680.8125,934762630512.7734,1877780046922.4766,2813185652994.1875,3740939986950.664,4661003730992.789,5573337719736.211,6477902948886.094,7374660584155.93,8263571970435.195,9144598641210.219,10017702328242.04,10882844971508.29,11739988729411.469,12589095989259.617,13430129378024.031,14263051773378.352,15087826315023.125,15904416416302.766,16712785776116.246,17512898391129.074,18304718568289.293,19088210937652.254,19863340465519.617,20630072467895.42,21388372624264.71,22138206991698.195,22879542019287.348,23612344562914.56,24336581900359.867,25052221746752.336,25759232270364.582,26457582108758.516,27147240385282.59,27828176725925.406,28500361276527.66,29163764720356.48,29818358296043.047,30464113815888.305,31101003684536.133,31729000918018.633,32348079163173.14,32958212717433.754,33559376548997.82,34151546317368.3,34734698394272.67,35308809884958.734,35873858649866.21,36429823326674.734,36976683352726.445,37514418987822.32,38043011337389.34,38562442376017.984,39072694971365.03,39573752908420.414,40065600914132.54,40548224682389.04,41021610899346.45,41485747269104.64,41940622539718.445,42386226529540.28,42822550153885.33,43249585452011.734,43667325614405.27,44075765010359.75,44474899215841.0,44864725041623.68,45245240561687.12,45616445141857.08,45978339468678.94,46330925578505.22,46674206886782.07,47008188217516.016,47332875832901.055,47648277463086.56,47954402336063.96,48251261207648.79,48538866391533.67,48817231789386.08,49086372920964.2,49346306954220.45,49597052735363.28,49838630818843.734,50071063497233.45,50294374830957.92,50508590677846.44,50713738722459.97,50909848505154.32,51096951450834.65,51275080897355.516,51444272123517.45,51604562376609.664,51755990899445.61,51898598956834.76,52032429861433.875,52157528998914.66,52273943852385.4,52381724025998.695,52480921267676.56,52571589490878.4,52653784795337.24,52727565486683.61,52792992094874.875,52850127391342.875,52899036404770.3,52939786435401.43,52972447067789.69,52997090181879.64,53013789962318.33,53022622905884.06,53023667826919.336,53017005860647.22,53002720464248.47,52980897415568.49,52951624809322.28,52914993050656.055,52871094845922.88,52820025190520.695,52761881353638.76,52696762859749.16,52624771466677.95,52546011140080.734,52460588024144.05,52368610408325.55,52270188689940.305,52165435332393.58,52054464818853.34,51937393601148.46,51814340043671.984,51685424362060.04,51550768556411.59,51410496338802.94,51264733054847.375,51113605599038.11,50957242323607.516,50795772940625.23,50629328417050.96,50458040862447.984,50282043409055.26,50101470083907.46,49916455672683.664,49727135574955.91,49533645650501.24,49336122056331.41,49134701074086.26,48929518927428.445,48720711589068.53,48508414577042.164,48292762739853.13,48073890030088.805,47851929266107.93,47627011881394.69,47399267661167.305,47168824465825.23,46935807940814.44,46700341212489.39,46462544569547.23,46222535129611.28,45980426490542.19,45736328366058.984,45490346205258.3,45242580795629.18,44993127849170.22,44742077571232.945,44489514211730.266,44235515598373.336,43980152651624.305,43723488881084.92,43465579863076.98,43206472699213.23,42946205455807.305,42684806584027.71,42422294320765.88,42158676070263.15,41893947766624.99,41628093217446.555,41361083428880.234,41092875912596.97,40823413975226.7,40552625991015.05,40280424658598.9,40006706242991.46,39731349804070.82,39454216413095.05,39175148359017.17,38893968346647.86,38610478689017.766,38324460496621.14,38035672866585.33,37743852075204.17,37448710777703.28,37149937219571.04,36847194464292.85,36540119642873.08,36228323231116.38,35911388361274.3,35588870175342.82,35260295228025.414,34925160948157.406,34582935168217.81,34233055732443.52,33874930195002.938,33507935620686.094,33131418501631.023,32744694804724.723,32347050165506.176,31937740245647.57,31515991272411.254,31081000779872.98,30631938573170.688,30167947938590.59,29688147123944.47,29191631115433.445,28677473739047.42,28144730116530.496,27592439508071.35,27019628576180.37,26425315107722.16,25808512233823.375,25168233190422.53,24503496665627.01,23813332783871.656,23096789781217.645,22352941431104.535,21580895285597.38,20779801803818.547,19948864447004.535,19087350828714.16,18194605019402.867,17270061117202.95,16313258211696.965,15323856885226.414,14301657417406.004,13246619883727.111,12158886369276.383,11038805554724.44,9886959975130.219,8704196304331.238,7491659080659.48,6250828365730.248,4983561919816.809,3692142587948.011,2379331723719.137,1048429636186.1472,-296655768336.2741,-1651330762748.1338,-3010226367443.3677,-4367095832036.065,-5714696915724.94,-7044656684771.385,-8347316547717.273,-9611555592843.73,-10824591269347.979,-11971758541295.377,-13036272603849.95,-13998987268482.438,-14838172978761.965,-15529357682365.715,-16045303960071.244,-16356241238765.305,-16430537055518.816,-16236078675024.254,-15742741550730.691,-14926423347035.445,-13775167397955.97,-12297775623203.37,-10534823332145.092,-8570860158485.7,-6544524727865.622,-4650122508616.56,-3119306706120.7446,-2159431189241.3105,-1777084228950.8264,-1279662380097.628,926447337497.8108,0.0
7085.0,-19960251730566.14,-18903584356859.914,-17853400450013.03,-16809738270792.281,-15772636061502.04,-14742132041817.352,-13718264404482.422,-12701071310871.016,-11690590886404.766,-10686861215827.219,-9689920338328.883,-8699806242520.117,-7716556861249.805,-6740210066262.914,-5770803662697.555,-4808375383413.969,-3852962883154.336,-2904603732528.5625,-1963335411822.8281,-1029195304626.2422,-102220691272.92969,817551257905.3828,1730083489519.3594,2635339074259.0938,3533281214231.4297,4423873250502.625,5307078670849.398,6182861117721.93,7051184396424.656,7912012483516.672,8765309535437.414,9611039897360.516,10449168112280.227,11279658930334.977,12102477318370.656,12917588469749.625,13724957814406.36,14524551029158.016,15316334048268.734,16100273074275.895,16876334589079.332,17644485365299.414,18404692477904.695,19156923316116.836,19901145595592.906,20637327370890.156,21365437048216.902,22085443398472.113,22797315570577.574,23501023105105.066,24196535948203.19,24883824465824.45,25562859458257.492,26233612174966.312,26896054329738.484,27550158116146.145,28195896223320.434,28833241852042.223,29462168731151.605,30082651134275.91,30694663896879.56,31298182433636.273,31893182756124.004,32479641490844.547,33057535897566.7,33626843887994.996,34187544044762.086,34739615640745.52,35283038658707.484,35817793811256.84,36343862561131.36,36861227141799.28,37369870578376.59,37869776708858.27,38360930205660.2,38843316597467.98,39316922291388.06,39781734595398.14,40237741741089.39,40684932906696.95,41123298240411.234,41552828883963.34,41973516996477.33,42385355778580.81,42788339496765.375,43182463507987.01,43567724284496.04,43944119438885.94,44311647749348.664,44670309185123.69,45020104932127.81,45361037418749.9,45693110341796.266,46016328692569.36,46330698783062.8,46636228272253.41,46932926192471.31,47220802975826.91,47499870480672.125,47770142018073.44,48031632378271.664,48284357857102.5,48528336282350.7,48763587040008.56,48990131100409.375,49207991044203.14,49417191088141.69,49617757110637.8,49809716677061.42,49993099064735.36,50167935287588.27,50334258120424.53,50492102122765.35,50641503662215.32,50782500937306.19,50915133999766.234,51039444776164.1,51155477088870.03,51263276676277.97,51362891212228.47,51454370324569.06,51537765612787.47,51613130664649.234,51680521071769.03,51739994444041.86,51791610422857.07,51835430693016.086,51871518993269.64,51899941125389.27,51920764961682.234,51934060450857.62,51939899622145.93,51938356587571.91,51929507542276.41,51913430762778.53,51890206603065.914,51859917488396.83,51822647906692.67,51778484397396.39,51727515537666.766,51669831925773.84,51605526161557.47,51534692823803.734,51457428444391.09,51373831479052.2,51284002274591.16,51188043032392.64,51086057768052.03,50978152266950.516,50864434035594.14,50745012248529.06,50619997690639.484,50489502694629.125,50353641073480.14,50212528047677.84,50066280166982.71,49915015226524.914,49758852176989.984,49597911028657.805,49432312749050.016,49262179153935.0,49087632791432.03,48908796818950.43,48725794872691.78,48538750929437.984,48347789160340.12,48153033776417.945,47954608865472.32,47752638220108.016,47547245156558.14,47338552323995.38,47126681504011.58,46911753399941.15,46693887415700.56,46473201423812.53,46249811522280.57,46023831779978.11,45795373970214.555,45564547292142.586,45331458079669.46,45096209497541.25,44858901224270.445,44619629121585.83,44378484890089.74,44135555710819.664,43890923872424.195,43644666383678.195,43396854571082.03,43147553661312.52,42896822348318.53,42644712344887.03,42391267918539.11,42136525411658.336,41880512745799.73,41623248910181.72,41364743434423.66,41104995845660.2,40843995110241.234,40581719060311.4,40318133805661.305,40053193131349.23,39786837881712.45,39518995331520.94,39249578545172.234,38978485724990.625,38705599549872.13,38430786505714.305,38153896209286.625,37874760727434.36,37593193893767.93,37308990625272.445,37021926241580.19,36731755789983.234,36438213379625.61,36141011528707.18,35839840528955.07,35534367832074.95,35224237463386.26,34909069468371.645,34588459398437.637,34261977842785.355,33929170013937.08,33589555395148.438,33242627458668.207,32887853464580.14,32524674350782.527,32152504725528.56,31770732974866.383,31378721498284.18,30975807086883.98,30561301459479.273,30134491973141.156,29694642525904.875,29240994670601.227,28772768960098.26,28289166545635.07,27789371051410.42,27272550750165.35,26737861066184.344,26184447433951.645,25611448542660.93,25017999998913.06,24403238442284.582,23766306151046.973,23106356178216.516,22422558061376.562,21714104153411.234,20980216625510.457,20220155198656.47,19433225665405.074,18618789270282.266,17776273024702.0,16905181041187.135,16005106982087.783,15075747730239.736,14116918403436.996,13128568851634.852,12110801795947.762,11063892792372.898,9988312231471.174,8884749618846.445,7754140421212.26,6597695810342.257,5416935693683.555,4213725487456.01,2990317167365.477,1749395225263.3633,494128268444.4955,-771772877936.6768,-2043989567418.196,-3317521084402.08,-4586600467667.994,-5844599008800.71,-7083917989560.388,-8295866330941.782,-9470523210025.281,-10596585564385.459,-11661202074854.365,-12649798204267.252,-13545901943654.553,-14330988214251.555,-14984373004863.998,-15483208454246.33,-15802659885033.742,-15916388045183.477,-15797516301059.3,-15420331490479.31,-14763038197712.857,-13811931357010.254,-12567311879304.076,-11051236693272.994,-9316601904628.715,-7455899539138.704,-5606085423299.386,-3943205501741.9736,-2655892966671.183,-1874943124427.922,-1496277533496.3652,-794606831728.1433,1040084529219.9622,0.0
7082.5,-14323664195354.805,-13334057932167.312,-12350848577572.906,-11374071769599.703,-10403763103284.93,-9439958126125.977,-8482692333394.508,-7532001163311.148,-6587919992075.695,-5650484128752.43,-4719728810004.25,-3795689194675.125,-2878400358216.6484,-1967897286954.0312,-1064214872191.7031,-167387904151.08594,722548934259.4453,1605561073847.7344,2481614065715.7188,3350673588018.242,4212705452902.3594,5067675613634.016,5915550171913.156,6756295385382.211,7589877675329.594,8416263634593.852,9235420035669.93,10047313839021.64,10851912201604.297,11649182485599.445,12439092267366.852,13221609346615.469,13996701755797.414,14764337769728.234,15524485915436.355,16277114982245.605,17022194032092.527,17759692410083.742,18489579755293.746,19211826011808.746,19926401440017.37,20633276628152.746,21332422504086.508,22023810347380.42,22707411801595.46,23383198886862.164,24051144012714.64,24711219991189.7,25363400050194.348,26007657847142.37,26643967482863.484,27272303515784.66,27892640976387.242,28504955381940.234,29109222751510.047,29705419621250.57,30293523059970.566,30873510684982.387,31445360678230.418,32009051802699.945,32564563419106.312,33111875502864.613,33650968661337.598,34181824151363.38,34704423897059.27,35218750507901.86,35724787297080.586,36222518300123.266,36711928293790.24,37193002815234.92,37665728181426.67,38130091508833.375,38586080733357.56,39033684630523.625,39472892835909.72,39903695865819.02,40326085138183.45,40740052993695.33,41145592717157.0,41542698559042.79,41931365757263.25,42311590559124.39,42683370243470.26,43046703142999.7,43401588666746.46,43748027322709.336,44086020740621.47,44415571694844.16,44736684127371.55,45049363170930.97,45353615172163.05,45649447714864.56,45936869643276.13,46215891085396.1,46486523476300.97,46748779581450.55,47002673519956.82,47248220787793.08,47485438280918.125,47714344318291.25,47934958664750.484,48147302553725.48,48351398709756.83,48547271370789.234,48734946310207.83,48914450858582.305,49085813925084.66,49249066018542.59,49404239268090.445,49551367443377.22,49690485974289.25,49821631970144.03,49944844238309.016,50060163302197.734,50167631418593.375,50267292594248.336,50359192601705.21,50443378994283.67,50519901120174.39,50588810135579.625,50650159016836.984,50704002571461.14,50750397448035.05,50789402144880.234,50821077017432.44,50845484284246.414,50862688031551.16,50872754216273.21,50875750667443.08,50871747085896.9,50860815042182.016,50843027972571.76,50818461173091.3,50787191791454.445,50749298816804.64,50704863067153.6,50653967174403.75,50596695566839.73,50533134448968.33,50463371778583.336,50387497240927.1,50305602219816.945,50217779765599.77,50124124559794.59,50024732876277.2,49919702538857.766,49809132875096.85,49693124666201.15,49571780092834.56,49445202676676.836,49313497217555.64,49176769725973.72,49035127350848.125,48888678302272.22,48737531769106.99,48581797831203.72,48421587366052.305,48257011949647.766,48088183751360.02,47915215422587.2,47738219978968.74,47557310675928.61,47372600877314.46,47184203916893.49,46992232952462.32,46796800812321.75,46598019833865.914,46396001694028.78,46190857231329.664,45982696259255.12,45771627370712.51,45557757733288.375,45341192875043.56,45122036460575.91,44900390057082.11,44676352890150.766,44450021589021.484,44221489921047.35,43990848515103.67,43758184573691.12,43523581573490.125,43287118954132.23,43048871794966.5,42808910479613.234,42567300348112.65,42324101336498.266,42079367603644.75,41833147145267.86,41585481394984.01,41336404812370.52,41085944458008.05,40834119555529.21,40580941040748.914,40326411098006.664,40070522683914.3,39813259038773.234,39554593186002.09,39294487420004.12,39032892782998.59,38769748531447.92,38504981592829.16,38238506013628.73,37970222399581.3,37700017349329.836,37427762882855.93,37153315866215.625,36876517434320.664,36597192413727.3,36315148747636.28,36030176925570.1,35742049420477.016,35450520136318.12,35155323869525.37,34856175788073.93,34552770932295.81,34244783741972.227,33931867614682.562,33613654500857.066,33289754541482.68,32959755754944.71,32623223780054.492,32279701682915.348,31928709835915.668,31569745877812.766,31202284764581.2,30825778921449.62,30439658507339.13,30043331803745.8,29636185740982.855,29217586575613.164,28786880733866.594,28343395836847.23,27886441924400.61,27415312895633.14,26929288185260.816,26427634696221.51,25909609010322.383,25374459900123.94,24821431166801.18,24249764830387.83,23658704700624.64,23047500358626.887,22415411581792.965,21761713246835.723,21085700748582.85,20386695975319.13,19664053885003.82,18917169730772.23,18145486988822.293,17348506047207.072,16525793720341.217,15676993661339.225,14801837752825.596,13900158566805.701,12971902995823.457,12017147171250.637,11036112800516.068,10029185073795.361,8996932312639.346,7940127558780.193,6859772331575.654,5757122817970.234,4633718800277.016,3491415675356.265,2332419974668.2153,1159328858771.3953,-24825867836.86563,-1216528596070.3582,-2411724896379.1694,-3605759856040.956,-4793308909188.298,-5968300264286.926,-7123828067893.103,-8252055604298.488,-9344108210992.15,-10389956336182.146,-11378290503440.758,-12296392223336.496,-13130008612019.37,-13863244377257.104,-14478493937341.715,-14956450103425.182,-15276245637868.75,-15415811840928.8,-15352575326422.463,-15064659623732.639,-14532806846492.096,-13743271551359.348,-12691932018225.002,-11389753978119.502,-9869431844890.61,-8192390668570.749,-6454218480764.732,-4784916041133.55,-3337971972413.6836,-2258219893281.203,-1607889639207.7778,-1204045374702.8013,-375765478218.5172,975617212265.626,0.0
7080.0,-9181210884323.29,-8255681357482.18,-7336451012923.445,-6423552902918.5,-5517020012440.281,-4616885254273.359,-3723181463986.6797,-2835941394766.375,-1955197712105.4922,-1080982988348.4141,-213329697086.1172,647729792599.8125,1502163222046.3984,2349938449077.6797,3191023454230.9062,4025386347147.211,4852995373127.328,5673818919856.109,6487825524298.445,7294983879769.992,8095262843184.664,8888631442483.055,9675058884243.195,10454514561477.625,11226968061618.883,11992389174697.117,12750747901711.422,13502014463198.562,14246159308001.297,14983153122239.648,15712966838486.824,16435571645153.54,17150938996081.934,17859040620352.844,18559848532308.344,19253335041792.043,19939472764608.81,20618234633207.78,21289593907588.785,21953524186436.086,22609999418479.953,23258993914089.637,23900482357096.94,24534439816855.54,25160841760534.254,25779664065648.195,26390883032827.32,26994475398824.926,27590418349766.383,28178689534638.645,28759267079022.34,29332129599065.81,29897256215701.766,30454626569107.89,31004220833408.383,31546019731619.84,32080004550838.156,32606157157666.695,33124460013885.406,33634896192357.945,34137449393176.92,34632103960044.816,35118844896887.766,35597657884701.27,36068529298623.53,36531446225234.375,36986396480075.74,37433368625390.41,37872351988073.84,38303336677835.945,38726313605566.016,39141274501897.02,39548211935961.91,39947119334336.45,40337991000161.5,40720822132437.016,41095608845479.875,41462348188537.734,41821038165548.55,42171677755037.305,42514266930139.17,42848806678737.93,43175299023708.47,43493747043250.77,43804154891302.78,44106527818017.66,44400872190291.88,44687195512328.25,44965506446217.34,45235814832521.695,45498131710843.19,45752469340356.52,45998841220287.36,46237262110315.96,46467748050883.805,46690316383380.26,46904985770185.92,47111776214547.984,47310709080260.34,47501807111122.28,47685094450146.96,47860596658489.53,48028340734064.32,48188355129818.04,48340669771626.25,48485316075776.25,48622326966001.484,48751736890027.83,48873581835592.15,48987899345893.0,49094728534428.05,49194110099175.875,49286086336073.73,49370701151743.94,49448000075418.13,49518030270007.484,49580840542264.63,49636481351981.2,49685004820162.39,49726464736118.84,49760916563412.3,49788417444590.9,49809026204646.72,49822803353125.45,49829811084817.28,49830113278952.85,49823775496828.76,49810864977781.76,49791450633429.39,49765603040092.02,49733394429307.95,49694898676350.59,49650191286653.516,49599349380047.03,49542451672704.93,49479578456699.32,49410811577055.78,49336234406199.91,49255931815681.23,49169990145057.97,49078497167822.69,48981542054244.23,48879215330999.37,48771608837462.266,48658815678517.305,48540930173756.23,48418047802917.45,48290265147420.68,48157679827846.84,48020390437208.71,47878496469854.555,47732098245841.805,47581296830615.195,47426193949818.805,47266891899068.234,47103493448504.57,46936101741948.38,46764820190468.03,46589752360173.36,46411001854040.97,46228672187575.4,46042866658106.47,45853688207519.75,45661239278214.8,45465621662083.02,45266936342294.89,45065283327684.02,44860761479514.6,44653468330417.52,44443499895280.03,44230950473874.08,44015912445009.305,43798476051998.66,43578729179226.445,43356757119613.3,43132642332776.01,42906464193687.51,42678298731648.04,42448218359389.08,42216291592140.555,41982582756505.92,41747151689003.17,41510053424147.08,41271337871967.87,41031049484883.055,40789226913865.56,40545902653879.14,40301102678585.24,40054846064362.17,39807144603718.3,39558002408226.984,39307415501163.11,39055371400076.805,38801848689605.35,38546816584892.59,38290234486064.61,38032051524294.98,37772206100088.234,37510625414513.11,37247224994231.664,36981908211294.37,36714565798807.81,36445075363729.875,36173300898208.89,35899092291059.45,35622284841157.87,35342698774747.0,35060138768863.57,34774393483342.297,34485235104111.11,34192418900770.82,33895682801753.418,33594746990674.16,33289313527837.516,32979066001223.824,32663669211676.266,32342768897424.246,32015991503522.17,31682944002253.145,31343213771043.297,30996368534959.098,30641956381413.477,30279505855291.613,29908526143321.12,29528507357157.54,29138920925333.27,28739220104929.81,28328840624577.105,27907201471166.44,27473705833480.39,27027742216804.465,26568685743486.902,26095899655363.9,25608737034972.043,25106542763532.766,24588655734825.016,24054411345273.754,23503144281882.207,22934191631046.43,22346896332825.586,21740611006928.082,21114702178537.523,20468554934179.426,19801578040156.96,19113209558711.883,18402923000048.336,17670234051759.02,16914707931089.676,16135967409959.492,15333701567820.559,14507675333411.639,13657739883372.527,12783843973697.37,11886046289295.812,10964528907714.27,10019611985580.55,9051769790854.51,8061648220801.375,7050083965108.054,6018125496114.699,4967056094144.318,3898419145782.127,2814045987033.701,1716086601784.42,607043528798.2163,-510190623010.5509,-1632291602745.075,-2755457393496.764,-3875357000294.2393,-4987073591471.62,-6085041446741.593,-7162976239425.069,-8213798360792.973,-9229549349891.662,-10201302127648.984,-11119066807932.23,-11971695605228.955,-12746793119313.355,-13430642533515.787,-14008164674309.143,-14462936305522.934,-14777307509645.102,-14932676632739.06,-14910005833583.314,-14690690511226.361,-14257928947610.406,-13598766308273.73,-12706992065032.465,-11587018733322.74,-10258707175613.58,-8762749060131.604,-7165573896086.524,-5561733990334.776,-4070296140805.59,-2819814465095.8516,-1913058466156.5483,-1354657787773.7578,-915592589424.6755,-42944571435.223434,816256400600.7671,0.0
7077.5,-4501567099155.969,-3637192036526.625,-2779008197909.1406,-1927046088289.5703,-1081336121531.3828,-241908615191.21875,591206214801.0078,1417978259599.8125,2238377523042.914,3052374127392.6406,3859938319222.8594,4661040475454.344,5455651109539.453,6243740877801.484,7025280585927.344,7800241195619.758,8568593831408.4375,9330309787625.023,10085360535541.664,10833717730678.664,11575353220280.531,12310239050965.242,13038347476547.297,13759650966037.875,14474122211823.734,15181734138027.637,15882459909052.102,16576272938308.184,17263146897132.68,17943055723894.043,18615973633290.664,19281875125842.125,19940734997575.69,20592528349910.23,21237230599738.562,21874817489710.47,22505265098716.773,23128549852577.906,23744648534935.73,24353538298352.113,24955196675613.89,25549601591245.934,26136731373232.547,26716564764948.85,27289080937301.48,27854259501080.547,28412080519521.51,28962524521078.277,29505572512407.363,30041205991561.785,30569406961395.863,31090157943179.047,31603441990418.52,32109242702889.77,32607544240872.42,33098331339592.566,33581589323866.39,34057304122946.34,34525462285564.96,34986050995175.69,35439058085386.414,35884472055583.766,36322282086743.41,36752478057423.83,37175050559938.58,37589990916702.53,37997291196747.6,38396944232402.45,38788943636130.46,39173283817519.87,39549960000419.66,39918968240214.016,40280305441228.04,40633969374256.6,40979958694208.27,41318272957854.88,41648912641677.23,41971879159797.5,42287174881986.84,42594803151737.516,42894768304387.41,43187075685284.664,43471731667978.664,43748743672424.53,44018120183185.34,44279870767617.664,44534006094024.03,44780537949755.28,45019479259245.44,45250844101960.56,45474647730241.94,45690906587023.64,45899638323403.266,46100861816043.36,46294597184381.21,46480865807621.875,46659690341490.24,46831094734715.24,46995104245219.375,47151745455984.67,47301046290565.71,47443036028219.1,47577745318616.8,47705206196110.16,47825452093510.61,47938517855349.836,48044439750583.33,48143255484697.4,48235004211180.11,48319726542314.19,48397464559248.04,48468261821300.86,48532163374454.695,48589215758985.03,48639467016180.61,48682966694100.16,48719765852312.91,48749917065567.04,48773474426329.41,48790493546136.7,48801031555697.06,48805147103678.8,48802900354120.99,48794352982398.01,48779568169668.77,48758610595738.1,48731546430256.73,48698443322182.28,48659370387423.3,48614398194583.76,48563598748725.29,48507045473059.19,48444813188480.31,48376978090850.64,48303617725937.45,48224810961910.27,48140637959294.96,48051180138283.51,47956520143293.08,47856741804665.95,47751930097398.74,47642171096786.414,47527551930863.664,47408160729522.86,47284086570185.21,47155419419898.17,47022250073729.72,46884670089326.266,46742771717498.5,46596647828696.29,46446391835230.305,46292097609095.76,46133859395250.125,45971771720193.98,45805929295701.26,45636426917543.28,45463359359046.28,45286821259322.42,45106907006010.05,44923710612357.1,44737325588480.56,44547844806632.56,44355360360302.27,44159963416982.18,43961744064426.36,43760791150228.33,43557192114546.414,43351032815804.734,43142397349200.35,42931367857848.37,42718024336399.836,42502444426971.15,42284703207228.15,42064872970473.76,41843022997594.49,41619219320730.14,41393524478539.39,41165997262945.85,40936692457261.57,40705660565599.56,40472947533504.305,40238594459747.195,40002637299256.445,39765106557174.805,39526026974065.266,39285417202316.945,39043289473835.87,38799649259144.0,38554494918053.21,38307817342125.62,38059599589185.94,37809816510206.695,37558434368951.81,37305410454832.82,37050692689507.87,36794219227838.03,36535918053906.19,36275706572903.58,36013491199798.49,35749166945819.49,35482617003914.32,35213712334485.9,34942311252858.008,34668259020085.902,34391387438905.98,34111514456807.133,33828443778412.55,33541964489581.027,33251850695872.848,32957861178278.848,32659739069381.54,32357211553406.04,32049989593926.457,31737767693320.34,31420223688411.49,31097018587109.336,30767796451243.51,30432184331202.87,30089792258423.496,29740213302226.414,29383023697987.08,29017783054123.387,28644034645917.59,28261305804743.203,27869108411846.914,27466939506443.848,27054282018518.645,26630605637388.9,26195367827782.984,25748015005911.17,25287983888774.094,24814703030754.816,24327594562389.27,23826076147106.69,23309563172686.5,22777471195198.316,22229218654289.125,21664229879868.9,21081938411538.816,20481790653525.58,19863249889450.09,19225800683001.46,18568953692534.316,17892250929799.535,17195271495496.941,16477637827154.775,15739022498050.998,14979155609563.08,14197832823541.465,13394924086132.496,12570383100029.457,11724257608513.398,10856700561987.318,9967982246143.967,9058503460599.92,8128809847943.544,7179607485873.75,6211779869640.3125,5226406428538.751,4224782738937.01,3208442617358.197,2179182300546.058,1139086945053.3809,90559706255.57092,-963646315199.4028,-2020392944506.4768,-3076118283790.0005,-4126794192819.8594,-5167879554970.964,-6194269022741.665,-7200237030483.225,-8179377043557.145,-9124536333788.152,-10027747106759.402,-10880155669004.574,-11671952674467.914,-12392309559992.832,-13029329388643.137,-13570024896866.072,-14000343138103.176,-14305265389265.496,-14469023624568.463,-14475491375842.93,-14308827086946.184,-13954470566175.748,-13400613316518.105,-12640271466189.156,-11674066934257.621,-10513736469265.488,-9186191162492.117,-7737578632361.369,-6236193593883.497,-4772204198429.119,-3451011963822.3677,-2375545061869.125,-1610228570990.5496,-1114829416137.6558,-644834871259.4601,197921682171.41693,626564848148.3341,0.0
7075.0,-254856238715.4922,551221420237.1562,1351225148854.0156,2145126948209.9375,2932898933583.1406,3714513339882.25,4489942527205.227,5259158986532.352,6022135345556.305,6778844374649.648,7529258992973.984,8273352274731.172,9011097455558.719,9742467939073.227,10467437303560.945,11185979308820.281,11898067903156.477,12603677230530.96,13302781637866.727,13995355682513.418,14681374139870.898,15360812011176.508,16033644531454.941,16699847177634.312,17359395676828.855,18012266014790.902,18658434444532.99,19297877495121.445,19930571980643.65,20556495009349.586,21175623992969.426,21787936656208.125,22393411046417.75,22992025543449.574,23583758869685.88,24168590100252.848,24746498673414.69,25317464401150.734,25881467479914.35,26438488501575.64,26988508464546.97,27531508785092.53,28067471308820.086,28596378322357.414,29118212565210.035,29632957241802.523,30140596033700.445,30641113112013.38,31134493149977.832,31620721335717.816,32099783385183.234,32571665555262.87,33036354657070.656,33493838069403.895,33944103752369.09,34387140261175.207,34822936760089.043,35251483036551.56,35672769515450.45,36086787273545.625,36493528054043.4,36892984281315.53,37285149075757.38,37670016268781.29,38047580417938.734,38417836822166.34,38780781537148.93,39136411390793.31,39484723998805.94,39825717780366.875,40159391973892.055,40485746652876.305,40804782741806.836,41116502032139.91,41420907198329.14,41718001813896.516,42007790367533.9,42290278279225.25,42565471916376.234,42833378609939.32,43094006670521.06,43347365404457.875,43593465129845.55,43832317192507.516,44063933981886.52,44288328946842.09,44505516611337.53,44715512589998.01,44918333603520.64,45113997493917.516,45302523239570.71,45483930970078.25,45658241980868.61,45825478747560.68,45985664940045.63,46138825436264.69,46284986335657.836,46424174972256.01,46556419927388.47,46681751041976.76,46800199428384.836,46911797481793.734,47016578891069.016,47114578649086.164,47205833062480.234,47290379760782.7,47368257704908.58,47439507194954.69,47504169877268.89,47562288750749.57,47613908172331.13,47659073861612.164,47697832904580.09,47730233756384.63,47756326243111.37,47776161562504.94,47789792283589.22,47797272345131.164,47798657052892.125,47794003075610.1,47783368439652.7,47766812522281.04,47744396043460.84,47716181056156.62,47682230935042.09,47642610363558.05,47597385319247.5,47546623057294.84,47490392092195.04,47428762177475.23,47361804283390.15,47289590572510.37,47212194373119.25,47129690150333.83,47042153474861.164,46949660989300.016,46852290371895.44,46750120297651.59,46643230396704.89,46531701209858.83,46415614141177.625,46295051407534.87,46170095985010.195,46040831552024.9,45907342429104.9,45769713515157.234,45628030220143.96,45482378394034.8,45332844251918.0,45179514295146.16,45022475228392.555,44861813872490.055,44697617072924.336,44529971603850.4,44358964067499.125,44184680788841.22,44007207705371.445,43826630251877.75,43643033240057.33,43456500732841.33,43267115913289.57,43074960947916.96,42880116844312.97,42682663302916.766,42482678562811.15,42280239241401.64,42075420167847.195,41868294210113.734,41658932095524.71,41447402224687.06,41233770478676.66,41018100019373.37,40800451082843.42,40580880765674.97,40359442804182.57,40136187346407.625,39911160716854.8,39684405173918.02,39455958659967.16,39225854544083.43,38994121357453.88,38760782521456.08,38525856068491.92,38289354355656.59,38051283771360.2,37811644435055.76,37570429890264.87,37327626791134.516,37083214582807.48,36837165175937.16,36589442615737.34,36340002746016.62,36088792868716.62,35835751399545.86,35580807520382.09,35323880829202.77,35064880988399.61,34803707372434.242,34540248715906.1,34274382763221.984,34005975921189.03,33734882915992.09,33460946456168.98,33183996903358.348,32903851952770.863,32620316325520.645,32333181475153.95,32042225310926.418,31747211940607.48,31447891435833.703,31143999623290.133,30835257905273.336,30521373113478.543,30202037400161.24,29876928171146.254,29545708065499.47,29208024987036.375,28863512193218.96,28511788447389.273,28152458240702.637,27785112090558.426,27409326922780.71,27024666545275.355,26630682221385.902,26226913351687.19,25812888273494.84,25388125187932.086,24952133224982.105,24504413657570.47,24044461276364.504,23571765937655.2,23085814297398.46,22586091745248.598,22072084553217.887,21543282254453.203,20999180268540.875,20439282790746.63,19863105963679.633,19270181351056.254,18660059734546.242,18032315256133.812,17386549930043.936,16722398550098.168,16039534020406.754,15337673139615.016,14616582871541.875,13876087138028.074,13116074173203.672,12336504482252.434,11537419452159.36,10718950666955.584,9881329985699.635,9024900447949.758,8150128078875.888,7257614674537.035,6348111657299.333,5422535101988.806,4481982045223.997,3527748203495.563,2561347239908.921,1584531734934.125,599316032661.9481,-391998849707.9896,-1386798046266.4365,-2382123185622.287,-3374640031757.636,-4360603206031.672,-5335817796910.504,-6295597716800.036,-7234720765110.928,-8147380529059.393,-9027135536567.898,-9866856524195.344,-10658673376804.127,-11393924347483.254,-12063111733334.455,-12655870479276.027,-13160959490839.166,-13566290115091.125,-13859012716387.463,-14025690964984.191,-14052604697474.484,-13926235957566.078,-13634008186490.344,-13165362894327.275,-12513265800649.084,-11676224552960.717,-10660854184747.967,-9484915839190.496,-8180539986474.047,-6796983669616.679,-5401729316140.835,-4078010509640.801,-2915977917668.8975,-1993648910068.2632,-1342250091626.265,-890023181831.71,-402893454183.94727,351871281413.63153,447923988991.3914,0.0
7072.5,3587386300294.492,4337955700944.117,5082576935710.1875,5821224466667.164,6553872892180.258,7280496952519.523,8001071535601.406,8715571682857.852,9423972595238.0,10126249639339.43,10822378353675.836,11512334455078.492,12196093845235.39,12873632617369.578,13544927063056.89,14209953679186.55,14868689175064.16,15521110479660.152,16167194749003.855,16806919373725.727,17440261986747.625,18067200471124.2,18687712968034.527,19301777884927.086,19909373903817.51,20510479989741.492,21105075399362.793,21693139689737.49,22274652727235.65,22849594696620.234,23417946110285.29,23979687817652.023,24534801014724.81,25083267253806.39,25625068453373.348,26160186908111.168,26688605299108.79,27210306704213.56,27725274608544.74,28233492915166.598,28734945955919.297,29229618502407.895,29717495777147.152,30198563464863.168,30672807723948.305,31140215198069.62,31600773027928.992,32054468863171.867,32501290874444.56,32941227765596.36,33374268786024.953,33800403743161.82,34219623015095.094,34631917563327.27,35037278945662.742,35435699329223.695,35827171503588.484,36211688894049.36,36589245574985.23,36959836283343.484,37323456432226.89,37680102124579.75,38029770166967.125,38372458083441.7,38708164129491.34,39036887306060.17,39358627373636.98,39673384866401.625,39981161106423.48,40281958217901.24,40575779141436.586,40862627648332.234,41142508354903.12,41415426736792.7,41681389143281.21,41940402811575.93,42192475881071.11,42437617407565.08,42675837377421.82,42907146721662.734,43131557329975.38,43349082064623.75,43559734774244.625,43763530307514.125,43960484526668.03,44150614320857.5,44333937619323.24,44510473404367.98,44680241724108.8,44843263704988.08,44999561564022.34,45149158620766.695,45292079308972.37,45428349187913.22,45557994953357.22,45681044448156.84,45797526672432.51,45907471793321.195,46010911154262.74,46107877283793.22,46198403903816.766,46282525937322.805,46360279515517.44,46431701984334.87,46496831910294.45,46555709085667.19,46608374532915.45,46654870508366.695,46695240505082.6,46729529254882.75,46757782729480.49,46780048140688.164,46796373939647.03,46806809815035.61,46811406690209.35,46810216719222.85,46803293281683.79,46790690976388.086,46772465613681.32,46748674206493.43,46719374959988.64,46684627259774.266,46644491658607.6,46599029861540.31,46548304709437.38,46492380160806.06,46431321271868.21,46365194174808.74,46294066054129.65,46218005121038.36,46137080585797.27,46051362627959.12,45960922364410.734,45865831815147.57,45766163866696.75,45661992233107.34,45553391414422.836,45440436652549.7,45323203884433.984,45201769692455.92,45076211251950.445,44946606275760.88,44813032955729.25,44675569901027.1,44534296073227.24,44389290718016.336,44240633293446.23,44088403394619.99,43932680674708.14,43773544762188.14,43611075174199.94,43445351225908.53,43276451935763.58,43104455926546.44,42929441322091.91,42751485639575.1,42570665677249.45,42387057397526.2,42200735805282.67,42011774821289.2,41820247150645.13,41626224146115.72,41429775666263.7,41230969928271.57,41029873355353.73,40826550418661.23,40621063473585.805,40413472590374.766,40203835378974.7,39992206808027.5,39778639017950.76,39563181128042.695,39345879037561.86,39126775220742.49,38905908515719.57,38683313907350.96,38459022303940.05,38233060307879.38,38005449980255.82,37776208599478.37,37545348414014.29,37312876389345.875,37078793949287.33,36843096711836.45,36605774219767.04,36366809666210.13,36126179615511.984,35883853719703.484,35639794430967.06,35393956710540.38,35146287734557.9,34896726597394.54,34645204013148.1,34391642015972.445,34135953660056.92,33878042720136.906,33617803393517.6,33355120004696.832,33089866713785.73,32821907230046.18,32551094531993.93,32277270595655.508,32000266132714.895,31719900340445.74,31435980665493.844,31148302583755.81,30856649398791.34,30560792061411.617,30260489013301.703,29955486057765.156,29645516260920.402,29330299886934.918,29009544371151.934,28682944335248.824,28350181648863.223,28010925542435.62,27664832776344.832,27311547871753.566,26950703408940.438,26581920399265.867,26204808737309.434,25818967740120.31,25423986780943.86,25019446025226.324,24604917277155.867,24179964945473.48,23744147137783.164,23297016893107.652,22838123562977.992,22367014351911.832,21883236028734.645,21386336820827.703,20875868504059.023,20351388701867.6,19812463407740.254,19258669746149.07,18689598987918.51,18104859836975.777,17504082006521.234,16886920103853.4,16253057844414.371,15602212617109.193,14934140424621.086,14248641224319.795,13545564697477.135,12824816476893.887,12086364865744.727,11330248083504.441,10556582078274.514,9765568948729.875,8957506023304.842,8132795649179.48,7291955749169.233,6435631210798.398,5564606178693.686,4679817328977.078,3782368212561.243,2873544763084.5835,1954832074532.159,1027932563104.1685,94785637167.50104,-842410992579.0143,-1781178224445.027,-2718730558114.3765,-3651949032071.916,-4577351985519.984,-5491063556708.509,-6388779888403.011,-7265733109824.416,-8116653322448.115,-8935729062844.227,-9716567089644.684,-10452152900676.287,-11134814209517.754,-11756190806559.314,-12307215942962.703,-12778116794736.135,-13158444921860.12,-13437152204322.008,-13602733788669.266,-13643467320359.482,-13547787148076.836,-13304842731070.137,-12905300610908.846,-12342455660868.555,-11613713534364.732,-10722481380270.797,-9680440887660.193,-8510052529253.076,-7246923504890.797,-5941338100816.534,-4657789796243.276,-3470796253491.3867,-2454676441787.1387,-1664357144915.731,-1103886720777.8345,-682863982559.8943,-197302594056.07443,431316768990.04047,300930320479.23285,0.0
7070.0,7052250414063.914,7750030434743.977,8441995686092.219,9128123041395.992,9808389531091.773,10482772348509.797,11151248855738.227,11813796589609.375,12470393267809.148,13121016795110.484,13765645269732.996,14404256989829.148,15036830460098.387,15663344398531.023,16283777743281.922,16898109659676.02,17506319547346.078,18108387047503.78,18704292050345.188,19294014702591.418,19877535415165.04,20454834871003.414,21025894033009.074,21590694152138.176,22149216775627.203,22701443755358.59,23247357256365.598,23786939765476.01,24320174100096.3,24847043417134.66,25367531222063.97,25881621378124.047,26389298115663.207,26890546041618.31,27385350149133.527,27873695827316.453,28355568871130.95,28830955491426.67,29299842325102.668,29762216445405.38,30218065372358.75,30667377083325.66,31110140023697.543,31546343117712.82,31975975779399.246,32399027923640.617,32815489977362.973,33225352890839.67,33628608149111.46,34025247783518.305,34415264383340.605,34798651107545.39,35175401696634.08,35545510484588.17,35908972410907.43,36265783032737.67,36615938537081.66,36959435753089.21,37296272164420.53,37626445921677.02,37949955854893.805,38266801486087.52,38576983041852.13,38880501465996.95,39177358432217.69,39467556356794.72,39751098411308.3,40027988535364.17,40298231449318.984,40561832666997.06,40818798508388.17,41069136112316.445,41312853449069.32,41549959332975.32,41780463434919.53,42004376294783.75,42221709333798.83,42432474866796.766,42636686114347.625,42834357214767.234,43025503235981.61,43210140187231.39,43388285030600.89,43559955692354.78,43725171074065.25,43883951063511.5,44036316545332.59,44182289411414.82,44321892570993.14,44455149960446.08,44582086552762.1,44702728366656.0,44817102475311.25,44925237014724.94,45027161191631.06,45122905290975.336,45212500682916.375,45295979829325.57,45373376289757.48,45444724726861.21,45510060911203.95,45569421725474.39,45622845168035.16,45670370355790.414,45712037526335.72,45747888039354.086,45777964377223.1,45802310144795.375,45820970068314.48,45833989993426.89,45841416882249.33,45843298809450.16,45839684957301.875,45830625609660.375,45816172144826.26,45796377027241.33,45771293797972.39,45740977063933.92,45705482485798.21,45664866764542.61,45619187626579.5,45568503807415.72,45512875033784.97,45452362004196.58,45387026367841.55,45316930701796.4,45242138486463.28,45162714079183.305,45078722685959.28,44990230331221.64,44897303825570.84,44800010731427.53,44698419326519.82,44592598565137.36,44482618037077.97,44368547924213.32,44250458954597.46,44128422354041.35,44002509795074.21,43872793343212.766,43739345400456.25,43602238645925.7,43461545973562.7,43317340426804.375,43169695130147.555,43018683217515.73,42864377757341.45,42706851674275.164,42546177667431.8,42382428125084.94,42215675035719.05,42045989895349.01,41873443611017.0,41698106400376.13,41520047687271.44,41339335993229.15,41156038824765.484,40970222556428.836,40781952309489.445,40591291826193.484,40398303339500.3,40203047438225.125,40005582927512.38,39805966684568.336,39604253509587.7,39400495971812.305,39194744250667.46,38987045971927.04,38777446038867.1,38565986458375.81,38352706161997.01,38137640821895.95,37920822661747.91,37702280262562.52,37482038363473.56,37260117657538.055,37036534582609.12,36811301107364.54,36584424512597.2,36355907167896.37,36125746303876.14,35893933780135.91,35660455849170.22,35425292916479.266,35188419297170.125,34949802969379.41,34709405324893.473,34467180917390.363,34223077208781.95,33977034314190.035,33728984746154.555,33478853158736.926,33226556092255.418,32972001719466.664,32715089594091.414,32455710402672.836,32193745720852.7,31929067775254.098,31661539212270.99,31391012875182.793,31117331591140.207,30840327969702.016,30559824214748.254,30275631951746.22,29987552072509.254,29695374599760.137,29398878573991.824,29097831965311.645,28791991613157.254,28481103196986.26,28164901241265.906,27843109158325.03,27515439332877.85,27181593252287.574,26841261686908.27,26494124925126.26,26139853068015.727,25778106388830.65,25408535762873.004,25030783173609.125,24644482301249.805,24249259200366.996,23844733073490.656,23430517148014.49,23006219664138.867,22571444981995.91,22125794816534.85,21668869609198.535,21200270045897.125,20719598731281.35,20226462029846.324,19720472084951.926,19201249027441.516,18668423386176.457,18121638713490.37,17560554439310.52,16984848968504.562,16394223036900.438,15788403342406.764,15167146468746.87,14530243120526.354,13877522689699.555,13208858175007.545,12524171477645.71,11823439098312.025,11106698262909.11,10374053506552.236,9625683748198.209,8861849891185.086,8082902988283.039,7289293013528.87,6481578287163.498,5660435604425.091,4826671123757.87,3981232075151.3315,3125219354754.0723,2259901077496.1304,1386727164995.6753,507345051210.01843,-376383407382.69543,-1262363727553.887,-2148249211513.8042,-3031419890334.937,-3908959924561.231,-4777633409422.798,-5633858569000.874,-6473680383465.372,-7292741786715.33,-8086253713431.203,-8848964485912.252,-9575129341782.393,-10258481354732.928,-10892205647951.752,-11468919718995.248,-11980663984435.723,-12418908438688.002,-12774583757775.232,-13038148440502.115,-13199707841946.373,-13249206345072.838,-13176720420263.166,-12972887607335.707,-12629513574800.705,-12140404335574.766,-11502469610693.977,-10717129696881.945,-9792021712615.533,-8742926986961.726,-7595710910704.304,-6387860717638.938,-5168914550988.274,-3998708024218.7056,-2941968446395.46,-2057441951228.5896,-1379585163909.445,-891646854684.7393,-496143792228.3305,-31840288639.812553,452482760374.9016,191134538493.98563,0.0
7067.5,10165489426722.164,10813126635610.156,11455089286643.914,12091356609123.242,12721908008912.82,13346723074258.492,13965781581715.035,14579063502187.602,15186549007087.73,15788218474604.016,16384052496089.969,16974031882567.68,17558137671349.691,18136351132779.703,18708653777091.5,19275027361388.25,19835453896741.832,20389915655412.977,20938395178192.03,21480875281862.188,22017339066783.58,22547769924600.01,23072151546067.266,23590467929004.05,24102703386364.65,24608842554433.957,25108870401143.85,25602772234511.266,26090533711197.14,26572140845185.695,27047580016583.977,27516837980539.82,27979901876278.363,28436759236255.6,28887397995427.887,29331806500636.105,29769973520103.223,30201888253043.715,30627540339382.273,31046919869581.65,31460017394575.645,31866823935806.76,32267330995364.098,32661530566221.777,33049415142571.88,33430977730251.64,33806211857260.016,34175111584360.902,34537671515769.85,34893886809919.168,35243753190299.11,35587266956368.95,35924424994535.11,36255224789190.516,36579664433810.5,36897742642099.695,37209458759184.83,37514812772846.75,37813805324786.234,38106437721916.695,38392711947676.72,38672630673356.336,38946197269427.83,39213415816875.29,39474291118512.81,39728828710284.39,39977034872535.34,40218916641246.91,40454481819223.66,40683738987224.08,40906697515023.36,41123367572397.914,41333760140019.67,41537887020248.92,41735760847812.84,41927395100357.19,42112804108857.68,42292003067877.57,42465008045656.836,42631835994018.12,42792504758074.33,42947033085721.63,43095440636901.375,43237747992614.234,43373976663668.28,43504149099143.16,43628288694551.13,43746419799675.64,43858567726067.03,43964758754174.65,44065020140093.53,44159380121903.53,44247867925578.28,44330513770439.055,44407348874130.88,44478405457093.8,44543716746504.586,44603316979661.58,44657241406785.086,44705526293204.7,44748208920904.76,44785327589397.38,44816921615892.195,44843031334730.9,44863698096053.57,44878964263663.664,44888873212056.19,44893469322574.06,44892797978655.77,44886905560137.0,44875839436567.25,44859647959502.17,44838380453731.445,44812087207399.5,44780819460977.12,44744629395040.34,44703570116811.164,44657695645414.68,44607060895805.11,44551721661313.53,44491734594766.55,44427157188127.266,44358047750605.5,44284465385185.81,44206469963518.73,44124122099120.72,44037483118826.56,43946615032437.305,43851580500505.1,43752442800195.305,43649265789166.26,43542113867403.75,43431051936948.36,43316145359451.56,43197459911495.664,43075061737611.836,42949017300929.29,42819393331388.08,42686256771446.516,42549674719213.97,42409714368938.72,42266442948779.86,42119927655791.63,41970235588048.28,41817433673836.33,41661588597842.01,41502766724260.01,41341034016751.21,41176455955175.086,41009097449024.85,40839022747492.49,40666295346091.61,40490977889767.32,40313132072423.1,40132818532795.96,39950096746613.38,39765024914966.29,39577659848836.48,39388056849717.74,39196269586274.71,39002349966985.87,38806348008722.31,38608311701217.84,38408286867391.63,38206317019491.086,38002443211028.11,37796703884491.484,37589134714823.84,37379768448663.984,37168634739363.22,36955759977797.19,36741167119007.23,36524875504718.47,36306900681798.71,36087254216737.086,35865943506241.79,35642971584075.73,35418336924270.45,35192033240884.42,34964049284496.527,34734368635655.754,34502969495538.266,34269824474097.992,34034900376032.664,33798157984928.14,33559551845986.598,33319030047791.04,33076534003608.688,32831998232791.23,32585350142886.945,32336509813144.547,32085389780154.86,31831894826449.98,31575921772957.54,31317359276290.414,31056087631942.344,30791978584554.33,30524895146518.812,30254691426296.7,29981212467936.438,29704294103408.15,29423762819493.21,29139435641108.902,28851120033090.68,28558613822609.375,28261705144560.945,27960172412436.63,27653784317359.84,27342299858163.355,27025468405577.02,26703029803801.098,26374714512955.348,26040243796117.76,25699329954899.9,25351676617748.684,24996979085416.57,24634924738303.527,24265193510646.09,23887458436809.605,23501386275231.06,23106638215861.504,22702870677269.254,22289736199887.83,21866884442228.73,21433963287225.492,20990620066238.473,20536502908625.57,20071262225178.754,19594552334139.016,19106033238937.45,18605372567271.207,18092247681611.715,17566347971767.1,17027377340682.373,16475056895270.309,15909127854726.414,15329354689504.129,14735528504919.254,14127470684226.807,13505036806979.72,12868120859551.258,12216659755893.152,11550638187926.674,10870093826436.11,10175122894971.176,9465886141081.28,8742615231213.558,8005619597821.11,7255293769656.947,6492125218874.221,5716702761411.466,4929725550192.461,4132012703881.374,3324513617239.9517,2508319002439.795,1684672713832.0725,854984411445.6716,20843120530.357025,-815968254703.648,-1653457406091.825,-2489406032252.844,-3321352140506.6357,-4146571210399.6294,-4962056213723.236,-5764496524059.215,-6550255806630.11,-7315349064861.027,-8055419145103.19,-8765713181384.237,-9441059719721.785,-10075847626193.92,-10664008394467.68,-11199004179452.783,-11673824862090.209,-12080998781107.229,-12412623552893.9,-12660425754467.941,-12815861278538.033,-12870271962448.244,-12815118629699.508,-12642315749332.668,-12344697921294.988,-11916652079624.922,-11354949334572.56,-10659802770322.336,-9836155996625.834,-8895162692278.186,-7855737850164.048,-6745933786886.971,-5603708300791.713,-4476410543289.491,-3418037874838.0664,-2483074474617.713,-1715616419597.5889,-1132778591657.0754,-703293076532.0483,-332205021897.9973,93158630688.60626,432391775743.4594,115253065325.77092,0.0
7065.0,12951558796094.164,13551625683745.11,14146164241210.875,14735155992704.39,15318582656787.035,15896426152198.082,16468668603786.82,17035292348549.125,17596279941768.242,18151614163260.586,18701278023727.305,19245254771211.605,19783527897661.902,20316081145602.29,20842898514909.137,21363964269695.02,21879262945299.383,22388779355386.453,22892498599150.133,23390406068625.742,23882487456108.336,24368728761677.95,24849116300829.938,25323636712211.973,25792276965465.113,26255024369169.812,26711866578895.21,27162791605351.273,27607787822642.773,28046843976623.434,28479949193350.36,28907092987635.664,29328265271695.38,29743456363893.105,30152656997576.887,30555858330007.977,30953051951378.29,31344229893915.93,31729384641074.527,32108509136806.098,32481596794912.73,32848641508475.832,33209637659358.21,33564580127778.133,33913464301949.25,34256286087785.195,34593041918663.26,34923728765244.125,35248344145343.125,35566886133848.445,35879353372681.875,36185745080796.65,36486061064207.78,36780301726049.3,37068468076651.914,37350561743636.766,37626584982017.04,37896540684302.67,38160432390600.266,38418264298701.25,38670041274151.18,38915768860292.266,39155453288270.625,39389101487000.88,39616721093078.08,39838320460628.73,40053908671091.164,40263495542915.45,40467091641172.31,40664708287061.07,40856357567304.91,41042052343422.555,41221806260864.25,41395633757999.61,41563550074945.164,41725571262217.734,41881714189200.484,42031996552407.375,42176436883531.46,42315054557261.66,42447869798852.97,42574903691433.5,42696178183031.63,42811716093306.81,42921541119965.31,43025677844843.11,43124151739637.33,43216989171265.914,43304217406836.28,43385864618201.875,43461959886085.29,43532533203746.055,43597615480170.81,43657238542761.81,43711435139500.945,43760238940563.61,43803684539357.58,43841807452961.195,43874644121933.46,43902231909468.72,43924609099868.32,43941814896299.516,43953889417811.98,43960873695581.96,43962809668352.1,43959740177035.14,43951708958448.45,43938760638145.82,43920940722311.586,43898295588682.0,43870872476457.39,43838719475167.83,43801885512454.836,43760420340729.5,43714374522667.86,43663799415502.45,43608747154068.97,43549270632565.18,43485423484978.75,43417260064140.41,43344835419356.13,43268205272573.78,43187425993035.98,43102554570372.17,43013648586081.125,42920766183353.85,42823966035187.12,42723307310735.99,42618849639853.25,42510653075762.875,42398778055814.086,42283285360261.17,42164236069013.945,42041691516303.51,41915713243205.91,41786362947967.41,41653702434073.11,41517793556001.03,41378698162603.15,41236478038054.016,41091194840308.086,40942910037006.27,40791684838771.984,40637580129837.555,40480656395941.3,40320973649436.266,40158591351552.19,39993568331752.47,39825962704128.69,39655831780776.64,39483231982098.586,39308218743977.85,39130846421774.03,38951168191088.266,38769235945250.93,38585100189486.77,38398809931714.414,38210412569942.26,38019953776224.98,37827477377149.86,37633025230827.33,37436637100364.45,37238350523807.125,37038200680542.36,36836220254160.5,36632439291784.21,36426885059880.89,36219581896584.42,36010551060563.55,35799810576485.72,35587375077138.375,35373255642283.91,35157459634340.465,34939990530997.117,34720847754891.33,34500026500496.113,34277517558386.89,34053307137081.258,33827376682671.86,33599702696498.91,33370256551141.348,33139004305036.69,32905906516076.3,32670918054560.227,32433987915937.59,32195059033802.62,31954068093664.098,31710945348057.227,31465614433622.246,31217992190832.117,30967988487115.902,30715506044190.65,30460440270486.996,30202679099630.81,29942102836023.855,29678584008654.47,29411987234360.53,29142169091865.734,28868978008013.31,28592254157731.406,28311829379380.086,28027527107252.496,27739162323131.465,27446541528938.203,27149462742652.824,26847715519835.05,26541081003230.65,26229332003112.133,25912233111173.742,25589540850978.793,25261003868142.348,24926363163626.293,24585352373722.973,24237698100512.152,23883120296790.53,23521332709696.13,23152043387479.78,22774955254113.55,22389766756671.316,21996172590670.457,21593864508824.37,21182532218926.727,20761864376866.227,20331549681061.383,19891278074903.08,19440742064105.33,18979638156189.63,18507668429667.72,18024542240845.92,17529978076550.238,17023705561472.355,16505467629262.146,15975022866949.59,15432148042771.162,14876640828007.945,14308322724022.918,13727042206316.781,13132678098115.96,12525143186767.895,11904388097058.357,11270405436490.035,10623234228581.027,9962964651364.822,9289743099506.146,8603777589798.977,7905343531285.718,7194789882833.574,6472545722720.183,5739127256606.475,4995145292189.2295,4241313210795.935,3478455468156.793,2707516658484.7773,1929571177697.663,1145833522961.7927,357669266485.5867,-433393258687.1241,-1225650524715.1672,-2017210594295.4446,-2805979099377.343,-3589644398209.608,-4365661912587.7305,-5131237672599.318,-5883311133529.965,-6618537383614.141,-7333268938473.618,-8023537427238.158,-8685035628519.263,-9313100527821.312,-9902698363265.117,-10448413032199.746,-10944439784392.0,-11384586874980.18,-11762288850082.23,-12070636457919.066,-12302429893055.07,-12450264262019.121,-12506658852531.25,-12464244981180.627,-12316030742214.314,-12055764500597.883,-11678421671983.377,-11180839752743.254,-10562522239560.496,-9826619127081.176,-8981064413059.232,-8039801892696.19,-7023950675209.657,-5962643506721.228,-4893112166564.785,-3859406753690.8853,-2908955410252.005,-2086068786382.2488,-1421604038171.371,-918704007003.9354,-537398110159.91565,-192548973531.50983,180169380682.10324,386670027133.7207,66187379068.40889,0.0
7062.5,15433655177011.328,15988648639695.871,16538265233934.527,17082488711567.484,17621303034772.62,18154692381851.297,18682641153107.434,19205133976820.133,19722155715310.094,20233691471099.836,20739726593167.914,21240246683297.402,21735237602517.62,22224685477640.723,22708576707890.65,23186897971626.773,23659636233159.695,24126778749660.188,24588313078159.664,25044227082643.445,25494508941233.418,25939147153462.492,26378130547637.07,26811448288288.85,27239089883713.45,27661045193595.82,28077304436720.105,28487858198763.496,28892697440172.055,29291813504117.266,29685198124531.336,30072843434219.363,30454741973046.67,30830886696198.996,31201270982513.223,31565888642876.17,31924733928689.453,32277801540396.848,32625086636071.664,32966584840061.547,33302292251686.496,33632205453987.88,33956321522523.27,34274638034205.555,34587153076179.957,34893865254736.86,35194773704254.484,35489878096167.984,35779178647959.59,36062676132164.695,36340371885389.266,36612267817332.36,36878366419808.42,37138670775763.555,37393184568278.79,37641912089555.086,37884858249871.83,38122028586513.3,38353429272654.375,38579067126199.125,38798949618563.31,39013084883393.33,39221481725212.74,39424149627987.695,39621098763601.7,39812340000230.81,39997884910608.78,40177745780172.516,40351935615076.69,40520468150067.18,40683357856201.336,40840619948404.05,40992270392846.93,41138325914138.45,41278804002312.164,41413722919599.125,41543101706971.5,41666960190442.58,41785318987108.75,41898199510918.37,42005623978151.586,42107615412595.734,42204197650398.88,42295395344585.24,42381233969214.42,42461739823166.766,42536940033535.73,42606862558608.96,42671536190417.41,42730990556833.13,42785256123194.766,42834364193438.69,42878346910715.13,42917237257465.69,42951069054939.68,42979876962125.28,43003696474071.64,43022563919576.44,43036516458213.63,43045592076675.016,43049829584398.984,43049268608458.71,43043949587681.59,43033913765971.03,43019203184801.64,42999860674856.54,42975929846776.86,42947455080991.336,42914481516593.93,42877055039236.25,42835222268001.2,42789030541223.65,42738527901222.484,42683763077908.97,42624785471234.06,42561645132437.914,42494392744063.664,42423079598696.66,42347757576389.48,42268479120733.6,42185297213535.766,42098265348058.84,42007437500784.09,41912868101652.81,41814612002743.67,41712724445341.88,41607261025355.6,41498277657034.484,41385830534944.8,41269976094154.516,41150770968582.71,41028271947464.766,40902535929887.414,40773619877344.83,40641580764267.88,40506475526478.78,40368361007521.82,40227293902822.625,40083330701626.39,39936527626667.72,39786940571522.914,39634625035597.45,39479636056700.66,39322028141161.125,39161855191436.13,38999170431169.93,38834026327656.52,38666474511663.58,38496565694576.32,38324349582820.234,38149874789525.56,37973188743396.734,37794337594753.3,37613366118711.914,37430317615480.6,37245233807742.3,37058154735105.96,36869118645609.94,36678161884265.8,36485318778636.59,36290621521448.98,36094100050246.055,35895781924093.13,35695692197357.96,35493853290594.73,35290284858570.57,35085003655483.465,34878023397431.6,34669354622206.34,34459004546494.453,34246976920588.82,34033271880723.5,33817885799165.246,33600811132212.098,33382036266269.824,33161545362198.207,32939318198142.62,32715330011091.484,32489551337427.207,32261947852767.473,32032480211425.227,31801103885849.586,31567769006445.832,31332420202212.535,31094996442674.246,30855430881634.637,30613650703321.324,30369576971545.703,30123124482555.645,29874201622316.438,29622710229018.5,29368545461675.113,29111595675744.7,28851742306785.293,28588859763229.055,28322815329446.5,28053469080359.824,27780673808956.754,27504274968154.816,27224110628569.56,26940011453848.11,26651800695344.42,26359294208031.59,26062300489671.754,25760620745395.04,25454048979975.918,25142372120237.0,24825370170158.793,24502816401427.926,24174477582315.906,23840114247945.81,23499481015175.97,23152326945506.195,22798395959595.527,22437427307167.848,22069156096277.152,21693313886103.137,21309629347654.145,20917828996965.805,20517638005602.35,20108781093490.996,19690983509352.01,19263972104225.266,18827476503841.21,18381230385839.87,17924972868107.836,17458450014780.348,16981416466746.549,16493637203801.775,15994889445913.25,15484964701409.648,14963670970269.975,14430835111080.705,13886305380652.496,13329954155744.9,12761680846844.436,12181415014480.54,11589119699153.51,10984794976590.809,10368481750749.803,9740265797749.242,9100282074743.213,8448719308652.021,7785824880633.855,7111910023218.335,6427355348120.639,5732616723900.757,5028231523807.989,4314825265325.633,3593118664061.0776,2863935125651.4478,2128208700184.2805,1386992524147.0806,641467774948.3582,-107046837633.85977,-857085020442.286,-1607022266923.6445,-2355064633911.4805,-3099236919135.0913,-3837370245479.0703,-4567089075591.626,-5285797705538.08,-5990666321593.0625,-6678616753717.417,-7346308127847.83,-7990122713642.426,-8606152393871.464,-9190186358266.375,-9737700864164.559,-10243852229224.742,-10703474654007.969,-11111085046972.836,-11460897780913.96,-11746853293677.861,-11962665705925.818,-12101896209933.338,-12158060913752.154,-12124784090140.736,-11996010280401.81,-11766291186883.42,-11431165241560.982,-10987648233715.854,-10434850863242.424,-9774731121238.56,-9012972414280.656,-8159947512049.445,-7231677887598.402,-6250622136423.369,-5246022936381.309,-4253413964505.9595,-3312755403013.731,-2464571627802.083,-1743486344937.7998,-1168850773916.3599,-733215258350.4916,-392971835911.46185,-77649636235.9127,233682391231.34125,328231254164.2016,36290357087.81727,0.0
7060.0,17633755677862.406,18146095733683.754,18653214850612.004,19155098934542.723,19651734115771.973,20143106754684.45,20629203447523.74,21110011032245.426,21585516594452.49,22055707473412.39,22520571268156.543,22980095843660.97,23434269337107.47,23883080164226.47,24326517025718.586,24764568913756.508,25197225118564.855,25624475235078.01,26046309169674.777,26462717146989.36,26873689716796.215,27279217760969.848,27679292500515.99,28073905502674.26,28463048688090.26,28846714338055.95,29224895101815.88,29597584003938.074,29964774451747.598,30326460242820.5,30682635572536.164,31033295041685.47,31378433664132.85,31718046874528.938,32052130536071.848,32380680948313.676,32703694855009.047,33021169452003.465,33333102395156.785,33639491808299.48,33940336291217.24,34235634927660.496,34525387293374.285,34809593464145.145,35088254023859.543,35361370072570.125,35628943234564.15,35890975666429.96,36147470065115.734,36398429675974.47,36643858300791.45,36883760305785.67,37118140629581.47,37347004791142.31,37570358897661.06,37788209652399.46,38000564362469.484,38207430946549.83,38408817942529.29,38604734515068.945,38795190463075.68,38980196227077.75,39159762896493.62,39333902216785.805,39502626596489.0,39665949114103.6,39823883524844.42,39976444267233.87,40123646469529.18,40265505955972.31,40402039252851.266,40533263594361.23,40659196928252.336,40779857921253.234,40895265964255.77,41005441177248.625,41110404413985.664,41210177266375.2,41304782068575.234,41394241900780.234,41478580592683.516,41557822726600.22,41631993640233.47,41701119429068.51,41765226948376.23,41824343814809.6,41878498407574.28,41927719869155.06,41972038105579.51,42011483786198.336,42046088342963.74,42075883969184.18,42100903617735.08,42121180998703.92,42136750576447.57,42147647566039.24,42153907929082.12,42155568368866.02,42152666324842.87,42145239966395.99,42133328185878.76,42116970590895.71,42096207495800.73,42071079912384.586,42041629539724.914,42007898753170.37,41969930592430.0,41927768748739.414,41881457551073.086,41831041951373.22,41776567508763.836,41718080372718.86,41655627265152.14,41589255461396.87,41519012770041.266,41444947511586.914,41367108495895.57,41285544998389.945,41200306734972.87,41111443835629.63,41019006816676.94,40923046551622.11,40823614240595.336,40720761378317.67,40614539720566.64,40505001249101.43,40392198135009.06,40276182700432.59,40157007378642.46,40034724672411.02,39909387110651.87,39781047203283.016,39649757394275.19,39515570012845.29,39378537222755.164,39238710969676.42,39096142926582.25,38950884437126.62,38802986456973.305,38652499493035.98,38499473540592.19,38343958018234.875,38186001700625.484,38025652649014.14,37862958139493.336,37697964588953.35,37530717478708.63,37361261275766.75,37189639351713.28,37015893899187.914,36840065845930.59,36662194766378.016,36482318790795.17,36300474511929.22,36116696889177.18,35931019150263.54,35743472690427.33,35554086969124.91,35362889404259.46,35169905263953.67,34975157555890.734,34778666914254.098,34580451484305.8,34380526804651.12,34178905687247.246,33975598095224.223,33770611018596.42,33563948347956.746,33355610746257.117,33145595518794.734,32933896481537.55,32720503827940.023,32505403994417.793,32288579524669.36,32070008933053.8,31849666567255.797,31627522470493.707,31403542243552.258,31177686906948.984,30949912763574.027,30720171262174.254,30488408862087.324,30254566899667.63,30018581456885.5,29780383232622.215,29539897417228.3,29297043570959.85,29051735506957.406,28803881179486.387,28553382578213.51,28300135629355.242,28044030104596.516,27784949538746.594,27522771157169.008,27257365814098.14,26988597943033.87,26716325520488.582,26440400044448.633,26160666529003.547,25876963516692.387,25589123110217.336,25296971025279.17,25000326666399.176,24699003227705.527,24392807820781.438,24081541631795.203,23765000110259.95,23442973191903.625,23115245558266.17,22781596935782.566,22441802437255.75,22095632948773.67,21742855565279.45,21383234078161.836,21016529518396.445,20642500758935.406,20260905180214.727,19871499402824.35,19474040091566.36,19068284835312.367,18653993107260.492,18230927310388.895,17798853913103.566,17357544680286.729,16906778005167.674,16446340347661.805,15976027785057.514,15495647681174.916,15005020480378.59,14503981633097.281,13992383659793.697,13470098360633.56,12937019178433.643,12393063722821.158,11838176463917.43,11272331604269.412,10695536138195.246,10107833108187.867,9509305068535.91,8900077766873.572,8280324054962.827,7650268040637.728,7010189493501.142,6360428517648.028,5701390505387.339,5033551386628.805,4357463189264.946,3673759926479.045,2983163827397.4185,2286491927810.996,1584663037729.8193,878705102179.4958,169762970741.01443,-540893410347.697,-1251860372457.8115,-1961591458342.3604,-2668387914746.31,-3370388752066.7656,-4065560391784.4067,-4751685939784.986,-5426354147655.174,-6086948156816.437,-6730634164941.952,-7354350214448.39,-7954795384210.031,-8528419774890.04,-9071415824408.182,-9579711684670.719,-10048967648586.803,-10474576956171.303,-10851672752985.781,-11175143550375.4,-11439660275559.684,-11639718932608.053,-11769704051140.04,-11823979493883.438,-11797014813392.398,-11683557121917.691,-11478860195699.43,-11178983937583.617,-10781177767819.344,-10284360005705.621,-9689700292868.676,-9001301319918.389,-8226956454253.992,-7378927501608.772,-6474637763305.861,-5537106984995.9375,-4594867867291.364,-3681007998877.418,-2830900308209.44,-2078165842792.411,-1448539961499.0547,-951772000679.8514,-573019550163.0479,-269171897179.92624,13062118075.026134,259382345264.4506,266740743019.84674,19037569016.08728,0.0
7057.5,19572657184719.754,20044685909950.97,20511653343429.273,20973547465323.938,21430356492240.332,21882068882758.99,22328673343045.406,22770158832531.24,23206514569665.387,23637730037735.32,24063794990757.344,24484699459435.64,24900433757188.543,25310988486242.26,25716354543790.3,26116523128217.73,26511485745389.64,26901234215001.96,27285760676993.64,27665057598019.7,28039117777981.555,28407934356615.848,28771500820137.51,29129811007937.4,29482859119331.094,29830639720358.016,30173147750627.992,30510378530213.527,30842327766585.27,31168991561588.117,31490366418455.926,31806449248861.33,32117237379998.22,32422728561694.246,32722920973549.562,33017813232098.844,33307404397993.332,33591693983198.992,33870681958207.258,34144368759254.42,34412755295545.47,34675842956478.39,34933633618864.023,35186129654137.78,35433333935557.14,35675249845381.29,35911881282026.67,36143232667193.57,36369308952958.41,36590115628824.97,36805658728730.02,37015944837995.45,37220981100222.07,37420775224117.125,37615335490249.3,37804670757724.0,37988790470771.23,38167704665238.43,38341423974981.14,38509959638141.9,38673323503310.33,38831528035554.82,38984586322317.15,39132512079161.055,39275319655364.19,39413024039345.25,39545640863914.16,39673186411336.766,39795677618201.67,39913132080079.29,40025568055960.97,40133004472466.836,40235460927810.016,40332957695505.22,40425515727808.34,40513156658874.54,40595902807620.78,40673777180279.73,40746803472629.99,40815006071888.53,40878410058250.484,40937041206060.57,40990925984600.87,41040091558478.25,41084565787595.73,41124377226689.86,41159555124417.64,41190129421974.93,41216130751227.77,41237590432338.805,41254540470869.13,41267013554336.3,41275043048208.94,41278662991316.86,41277908090657.07,41272813715573.195,41263415891287.51,41249751291763.31,41231857231874.86,41209771658862.04,41183533143046.34,41153180867784.06,41118754618632.52,41080294771704.484,41037842281185.33,40991438665987.54,40941125995516.195,40886946874518.78,40828944426992.49,40767162279121.47,40701644541215.98,40632435788625.46,40559581041596.445,40483125744046.65,40403115741225.125,40319597256229.31,40232616865348.15,40142221472201.17,40048458280642.32,39951374766397.555,39851018647404.5,39747437852822.76,39640680490682.61,39530794814140.23,39417829186306.79,39301832043619.24,39182851857720.23,39060937095814.45,38936136179468.94,38808497441824.7,38678069083187.766,38544899124966.34,38409035361923.54,38270525312712.75,38129416168665.26,37985754740798.71,37839587405016.92,37690960045470.8,37539917996052.17,37386505979992.72,37230768047540.79,37072747511691.32,36912486881943.96,36750027796067.086,36585410949846.67,36418676024800.89,36249861613843.375,36079005144880.586,35906142802331.04,35731309446557.31,35554538531204.66,35375862018443.2,35195310292115.44,35012912068793.508,34828694306756.395,34642682112901.664,34454898647611.37,34265365027598.348,34074100226765.043,33881120975113.562,33686441655754.195,33490074200066.633,33292027981077.695,33092309705128.67,32890923301915.312,32687869812995.65,32483147278871.754,32276750624765.03,32068671545218.72,31858898387676.258,31647416035199.85,31434205788511.93,31219245247560.008,31002508192825.938,30783964466621.973,30563579854638.99,30341315968037.01,30117130126394.273,29890975241859.508,29662799704881.93,29432547271925.44,29200156955607.98,28965562917742.777,28728694365797.246,28489475453326.113,28247825184978.797,28003657326727.508,27756880322010.605,27507397214538.465,27255105578562.457,26999897457466.11,26741659311597.688,26480271976327.273,26215610631378.77,25947544782557.19,25675938257066.33,25400649213687.996,25121530169176.137,24838428042302.734,24551184217080.68,24259634626780.79,23963609860454.69,23662935293775.332,23357431246108.344,23046913165834.223,22731191846051.33,22410073672901.92,22083360908881.195,21750852013608.48,21412342004664.113,21067622861220.805,20716483973329.406,20358712639851.09,19994094618164.117,19622414728912.703,19243457519206.83,18857007987827.754,18462852376141.71,18060779028575.793,17650579326665.406,17232048700840.885,16804987724284.22,16369203293353.678,15924509899247.275,15470730995753.984,15007700468126.71,14535264208304.059,14053281801909.018,13561628332664.47,13060196310087.525,12548897726561.295,12027666250131.24,11496459559639.668,10955261829094.48,10404086368469.203,9842978428452.6,9272018177006.049,8691323855947.578,8101055126159.683,7501416610412.35,6892661643197.848,6275096237382.761,5649083277885.605,5015046952968.856,4373477434072.67,3724935815386.442,3070059324513.757,2409566815587.1406,1744264555964.6096,1075052317099.8198,402929779207.2921,-270996742212.2921,-945507242263.3699,-1619260642635.6165,-2290787080139.823,-2958479876923.815,-3620587210611.791,-4275203514993.037,-4920260658572.569,-5553518970671.322,-6172558214630.51,-6774768647411.2705,-7357342357584.942,-7917265143418.209,-8451309284696.534,-8956027682807.973,-9427750001970.535,-9862581651054.344,-10256406713471.58,-10604896278054.059,-10903524065329.38,-11147591801755.47,-11332267490191.525,-11452640575900.605,-11503799021836.658,-11480934472392.316,-11379482950048.947,-11195309776425.512,-10924948410649.15,-10565903256203.365,-10117025552824.828,-9578968239685.9,-8954718686222.438,-8250195434583.21,-7474874067598.729,-6642375252968.624,-5770902664531.225,-4883359613050.35,-4006905241323.1,-3171647010720.098,-2408132673208.2153,-1743350264905.413,-1195158005084.2847,-765648093385.3701,-435460929210.58203,-165100237743.39578,81086986984.9218,263403031355.9939,208672965017.89453,9573184571.590582,0.0
7055.0,21270015657185.664,21703996334506.74,22133078351524.973,22557251676927.74,22976506525777.85,23390833364855.598,23800222918060.273,24204666171871.277,24604154380866.914,24998679073300.43,25388232056733.08,25772805423721.8,26152391557561.633,26526983138081.08,26896573147489.445,27261154876274.562,27620721929149.902,27975268231048.89,28324788033165.66,28669275919039.895,29008726810684.27,29343135974752.793,29672499028747.207,29996811947260.945,30316071068256.402,30630273099375.27,30939415124277.85,31243494609009.816,31542509408393.285,31836457772439.594,32125338352780.98,32409150209117.746,32687892815678.16,32961566067687.414,33230170287842.457,33493706232788.97,33752175099596.75,34005578532229.71,34253918628006.09,34497197944045.246,34735419503696.004,34968586802942.82,35196703816783.73,35419775005576.98,35637805321349.52,35850800214063.586,36058765637834.59,36261708057095.914,36459634452703.81,36652552327976.92,36840469714664.28,37023395178834.805,37201337826682.125,37374307310237.82,37542313832985.63,37705368155369.81,37863481600189.945,38016666057873.84,38164933991621.81,38308298442412.66,38446773033863.65,38580371976935.84,38709110074474.9,38833002725579.445,38952065929786.05,39066316291061.89,39175771021594.81,39280447945370.33,39380365501524.89,39475542747464.805,39565999361739.055,39651755646654.95,39732832530624.625,39809251570230.09,39881034951994.87,39948205493848.7,40010786646273.12,40068802493113.82,40122277752046.52,40171237774682.086,40215708546296.36,40255716685170.66,40291289441526.84,40322454696042.65,40349240957930.586,40371677362565.26,40389793668641.625,40403620254848.25,40413188116038.02,40418528858878.836,40419674696966.445,40416658445381.19,40409513514670.11,40398273904235.15,40382974195108.83,40363649542096.875,40340335665268.15,40313068840771.86,40281885890960.31,40246824173796.914,40207921571527.78,40165216478594.7,40118747788767.69,40068554881474.32,40014677607303.234,39957156272658.305,39896031623540.07,39831344828430.56,39763137460257.34,39691451477412.3,39616329203800.31,39537813307892.72,39455946780760.81,39370772913062.73,39282335270959.195,39190677670930.88,39095844153472.34,38997878955635.25,38896826482394.664,38792731276812.22,38685637988968.39,38575591343638.29,38462636106683.11,38346817050131.19,38228178915921.266,38106766378281.875,37982624004719.92,37855796215592.26,37726327242234.14,37594261083619.12,37459641461524.305,37322511774176.96,37182915048357.164,37040893889933.49,36896490432808.2,36749746286249.7,36600702480591.37,36449399411275.65,36295876781225.055,36140173541521.62,35982327830378.58,35822376910389.484,35660357104041.25,35496303727480.6,35330251022524.26,35162232086906.29,34992278802758.875,34820421763324.55,34646690197902.125,34471111895030.914,34293713123922.637,34114518554152.758,33933551173629.383,33750832204860.3,33566381019545.76,33380215051529.12,33192349708143.15,33002798279997.492,32811571849258.42,32618679196480.492,32424126706057.086,32227918270366.703,32030055192699.992,31830536089063.6,31629356788967.676,31426510235315.51,31221986383526.43,31015772100036.79,30807851060338.3,30598203646728.703,30386806845966.24,30173634147037.47,29958655439266.89,29741836911017.582,29523140949253.07,29302526040254.977,29079946671814.723,28855353237244.17,28628691941578.934,28399904710376.086,28168929101541.523,27935698220654.598,27700140640293.207,27462180323900.7,27221736554775.066,26978723870803.49,26733052005609.074,26484625836823.566,26233345342249.387,25979105564725.074,25721796586563.89,25461303514490.95,25197506476065.11,24930280628633.652,24659496181933.22,24385018435518.98,24106707832274.324,23824420029328.2,23538005987783.08,23247312082736.973,22952180235165.176,22652448067312.633,22347949083336.77,22038512877030.7,21723965368551.297,21404129072172.52,21078823397183.414,20747864984151.72,20411068078877.723,20068244946469.66,19719206328079.465,19363761942949.0,19001721038529.457,18632892991550.93,18257087963036.02,17874117610370.27,17483795859662.45,17085939741750.637,16680370295335.135,16266913540846.17,15845401528784.342,15415673466404.549,14977576926749.777,14530969144180.88,14075718400692.059,13611705507450.545,13138825386152.305,12656988754946.373,12166123923846.885,11666178704725.992,11157122441164.879,10638948163629.988,10111674875643.814,9575349976829.076,9030051828923.941,8475892471093.434,7913020491094.464,7341624059088.084,6761934131126.943,6174227829571.94,5578832007901.035,4976127007551.916,4366550614573.406,3750602223922.885,3128847219212.5703,2501921575535.4907,1870536692642.0142,1235484465126.9097,597642595337.8087,-42019846678.30644,-682436613855.8634,-1322438223836.5242,-1960745655915.7864,-2595963812459.4453,-3226574760820.2197,-3850930780794.304,-4467247254558.796,-5073595451695.724,-5667895282456.632,-6247908119314.179,-6811229821961.505,-7355284146684.693,-7877316780557.096,-8374390318156.372,-8843380598510.959,-9280974949039.285,-9683673049143.918,-10047791338327.178,-10369472163420.02,-10644699199582.195,-10869321104001.18,-11039085883293.176,-11149689086326.492,-11196839677133.646,-11176348286614.986,-11084243448987.463,-10916922316307.227,-10671343056215.273,-10345266407296.879,-9937553262807.385,-9448523019149.025,-8880372805394.83,-8237649296743.61,-7527750948431.551,-6761417290360.883,-5953131700214.487,-5121324156730.55,-4288212750035.551,-3479074022117.476,-2720697647860.728,-2038788460485.9749,-1454176836034.7847,-977977657657.061,-606504290748.7246,-318332715536.2066,-79679983497.28227,128663187842.1417,251722658615.50522,157748603100.6515,4623045605.766793,0.0
7052.5,22744385322411.504,23142501795856.11,23535884509940.586,23924525330519.47,24308416377626.82,24687550030578.65,25061918933122.816,25431515998636.418,25796334415368.938,26156367651729.766,26511609461620.035,26862053889805.992,27207695277333.49,27548528266982.22,27884547808757.266,28215749165417.402,28542127918037.906,28863679971605.78,29180401560646.336,29492289254878.516,29799339964896.848,30101550947878.69,30398919813313.035,30691444528750.08,30979123425567.926,31261955204754.273,31539938942700.574,31813074097005.26,32081360512283.605,32344798425981.09,32603388474186.82,32857131697443.83,33106029546553.016,33350083888366.812,33589297011569.01,33823671632436.93,34053210900581.855,34277918404663.84,34497798178075.805,34712854704593.92,34923092923987.93,35128518237588.273,35329136513803.555,35524954093585.03,35715977795830.766,35902214922726.11,36083673265013.34,36260361107185.39,36432287232597.51,36599460928490.9,36761891990921.555,36919590729588.26,37072567972552.52,37220835070843.99,37364403902943.48,37503286879137.48,37637496945735.0,37767047589140.16,37891952839772.25,38012227275824.67,38127886026854.54,38238944777194.484,38345419769177.38,38447327806164.8,38544686255370.53,38637513050468.3,38725826693974.94,38809646259398.164,38888991393139.08,38963882316138.14,39034339825254.37,39100385294366.055,39162040675181.73,39219328497750.17,39272271870656.37,39320894480892.44,39365220593389.85,39405275050201.19,39441083269317.54,39472671243108.5,39500065536371.03,39523293283973.5,39542382188080.086,39557360514941.75,39568257091238.28,39575101299956.86,39577923075791.02,39576752900045.54,39571621795029.64,39562561317923.64,39549603554101.66,39532781109893.734,39512127104770.33,39487675162931.38,39459459404282.695,39427514434781.01,39391875336130.06,39352577654808.54,39309657390411.46,39263150983285.37,39213095301438.484,39159527626705.77,39102485640149.14,39042007406672.43,38978131358831.3,38910896279816.68,38840341285591.516,38766505806159.51,38689429565944.62,38609152563260.086,38525715048845.11,38439157503447.61,38349520614431.305,38256845251385.15,38161172440712.695,38062543339179.73,37960999206397.77,37856581376221.52,37749331227037.586,37639290150923.03,37526499521651.164,37411000661523.125,37292834807003.19,37172043073136.48,37048666416727.7,36922745598259.96,36794321142533.17,36663433298001.6,36530121994791.2,36394426801377.09,36256386879903.555,36116040940127.47,35973427191969.375,35828583296655.38,35681546316434.88,35532352662860.31,35381038043615.625,35227637407882.74,35072184890235.223,34914713753051.28,34755256327439.35,34593843952671.57,34430506914122.54,34265274379713.48,34098174334863.45,33929233515953.4,33758477342310.36,33585929846723.496,33411613604506.652,33235549661125.54,33057757458412.88,32878254759397.9,32697057571782.453,32514180070100.715,32329634516604.824,32143431180925.492,31955578258562.28,31766081788265.85,31574945568381.734,31382171072232.85,31187757362627.61,30991701005588.598,30793995983407.58,30594633607142.676,30393602428685.535,30190888152537.992,29986473547451.09,29780338358093.11,29572459216928.363,29362809556504.145,29151359522360.402,28938075886794.477,28722921963732.95,28505857524982.387,28286838718153.25,28065817986573.66,27842743991534.875,27617561537235.273,27390211498818.52,27160630753929.36,26928752118242.03,26694504285448.727,26457811772229.254,26218594868760.055,25976769595357.984,25732247665894.77,25484936458660.027,25234738995394.53,24981553929262.42,24725275542578.53,24465793755158.42,24202994144211.266,23936757976750.938,23666962255558.156,23393479779786.23,23116179221365.176,22834925218423.03,22549578487010.465,22259995952482.96,21966030901966.695,21667533159407.227,21364349284775.703,21056322799085.33,20743294436949.426,20425102428495.35,20101582812530.883,19772569782945.305,19437896070414.25,19097393361565.67,18750892757854.47,18398225276483.996,18039222395805.918,17673716647723.18,17301542259715.932,16922535849206.195,16536537173074.275,16143389935238.014,15742942655305.074,15335049601409.35,14919571790443.785,14496378059005.416,14065346208473.135,13626364227745.092,13179331597271.604,12724160678130.24,12260778190003.475,11789126782036.191,11309166700669.553,10820877558671.768,10324260209711.658,9819338732952.043,9306162532271.07,8784808554855.368,8255383634043.167,7718026961429.313,7172912693373.475,6620252697172.596,6060299442264.913,5493349041916.013,4919744450888.267,4339878824599.37,3754199045215.804,3163209419981.329,2567475556816.8745,1967628421811.6025,1364368582605.4878,758470640779.8185,150787855145.51395,-457743043850.414,-1066096850621.2253,-1673154696835.4863,-2277698688625.422,-2878406382650.4556,-3473845121736.4326,-4062466259474.691,-4642599314376.187,-5212446108644.781,-5770074965280.843,-6313415061216.066,-6840251065008.49,-7348218227184.546,-7834798142005.0205,-8297315464269.774,-8732935947529.478,-9138666275396.055,-9511356291201.428,-9847704399824.146,-10144267126965.865,-10397474084344.07,-10603649913467.598,-10759045174649.53,-10859878618099.9,-10902393821231.152,-10882933790945.148,-10798037783150.115,-10644565224588.809,-10419852125899.363,-10121905567450.209,-9749641431506.787,-9303169108034.002,-8784123785876.807,-8196041293650.382,-7544761173696.772,-6838829483951.523,-6089852495892.394,-5312725280285.617,-4525625833645.431,-3749629417318.2207,-3007767597881.7583,-2323348244915.013,-1717394252280.174,-1205197235313.306,-792307095999.8175,-470987520638.5525,-219725088317.2279,-11601551954.471485,158531551832.73074,229729256154.9338,115554297713.55438,2148246139.2064505,0.0
7050.0,24013257709717.53,24377613943298.63,24737402893553.367,25092618227057.277,25443253870226.527,25789304014142.043,26130763119409.93,26467625921056.766,26799887433459.2,27127542955304.867,27450588074585.195,27769018673617.12,28082830934092.176,28392021342152.344,28696586693489.59,28996524098467.902,29291830987265.883,29582505115037.52,29868544567089.29,30149947764071.59,30426713467181.05,30698840783373.45,30966329170582.043,31229178442941.082,31487388776010.117,31740960711997.49,31989895164979.06,32234193426109.633,32473857168824.07,32708888454024.43,32939289735249.863,33165063863825.86,33386214093988.945,33602744087983.39,33814657921125.742,34021960086833.15,34224655501611.484,34422749509998.938,34616247889460.164,34805156855227.16,34989483065081.434,35169233624072.96,35344416089170.56,35515038473838.98,35681109252536.53,35842637365128.83,35999632221211.63,36152103704338.17,36300062176144.06,36443518480364.0,36582483946733.74,36716970394770.88,36846990137427.39,36972555984607.72,37093681246544.086,37210379737023.34,37322665776455.984,37430554194781.52,37534060334200.78,37633200051727.875,37727989721553.36,37818446237210.07,37904587013532.62,37986429988402.41,38063993624267.945,38137296909432.13,38206359359096.2,38271201016150.88,38331842451704.74,38388304765339.42,38440609585081.01,38488779067077.56,38532835894970.95,38572803278952.65,38608704954491.625,38640565180722.74,38668408738483.87,38692260927989.8,38712147566130.22,38728094983379.414,38740130020304.94,38748280023661.83,38752572842059.695,38753036821188.44,38749700798589.26,38742594097956.91,38731746522958.76,38717188350556.41,38698950323814.69,38677063644183.875,38651559963239.16,38622471373862.22,38589830400849.58,38553669990931.37,38514023502184.96,38470924692826.586,38424407709365.1,38374507074100.8,38321257671952.46,38264694736595.64,38204853835895.13,38141770856613.69,38075481988380.11,38006023706898.42,37933432756380.64,37857746131184.94,37779001056641.31,37697234969046.56,37612485494810.06,37524790428732.34,37434187711398.03,37340715405664.55,37244411672228.484,37145314744251.17,37043462901025.07,36938894440662.66,36831647651790.15,36721760784227.55,36609272018637.12,36494219435123.54,36376640980767.195,36256574436074.48,36134057380327.875,36009127155819.53,35881820830952.87,35752175162195.97,35620226554872.88,35486011022777.83,35349564146599.4,35210921031141.375,35070116261329.234,34927183856990.22,34782157226398.09,34635069118573.36,34485951574331.37,34334835876072.47,34181752496309.312,34026731044928.418,33869800215184.65,33710987728429.4,33550320277574.938,33387823469300.42,33223521765006.227,33057438420527.71,32889595424620.44,32720013436233.438,32548711720589.617,32375708084096.508,32201018808113.996,32024658581610.03,31846640432740.215,31666975659390.777,31485673758731.43,31302742355828.414,31118187131375.03,30932011748603.35,30744217779446.9,30554804630032.598,30363769465587.06,30171107134851.27,29976810094106.95,29780868330926.777,29583269287771.64,29383997785568.7,29183035947415.6,28980363122569.125,28775955810889.44,28569787587925.133,28361829030839.734,28152047645396.027,27940407794231.258,27726870626674.805,27511394010378.63,27293932465050.996,27074437098605.656,26852855546060.75,26629131911546.57,26403206713805.152,26175016835593.0,25944495477424.598,25711572116125.47,25476172468693.57,25238218462000.82,24997628208901.14,24754315991346.914,24508192251153.55,24259163589091.72,24007132773026.812,23751998755869.965,23493656704147.742,23231998038045.78,22966910483829.45,22698278139594.69,22425981555355.125,22149897828524.73,21869900715911.406,21585860763394.71,21297645454519.68,21005119379300.473,20708144424589.53,20406579987432.664,20100283212896.17,19789109257919.35,19472911582814.23,19151542272104.258,18824852386465.023,18492692347601.574,18154912357970.363,17811362857327.664,17461895018161.027,17106361282135.258,16744615939760.697,16376515755567.594,16001920641147.092,15620694378496.342,15232705396182.49,14837827600917.766,14435941267215.53,14026933987875.205,13610701688121.832,13187149706304.781,12756193944138.57,12317762089547.822,11871794915258.176,11418247656354.22,10957091470106.088,10488314981446.479,10011925917560.146,9527952835127.479,9036446943842.105,8537484029898.857,8031166483220.204,7517625432256.128,6997022990249.79,6469554616906.723,5935451599432.933,5394983656910.867,4848461671953.451,4296240553503.7188,3738722234517.943,3176358808064.7544,2609655805069.126,2039175616501.2568,1465541062216.782,889439107854.8291,311624730134.3207,-267075070515.21747,-845757112883.9019,-1423437738743.1814,-1999048385772.1157,-2571431041911.8013,-3139333598442.656,-3701405125498.459,-4256191101908.6045,-4802128641657.933,-5337541772463.019,-5860636838723.3125,-6369498122357.972,-6862083801959.217,-7336222404767.307,-7789609949046.075,-8219808028811.436,-8624243161362.806,-9000207804131.133,-9344863555115.238,-9655247185480.566,-9928280319284.088,-10160783779831.25,-10349497871065.086,-10491110161205.303,-10582292688194.143,-10619750911744.588,-10600287186506.697,-10520882003342.607,-10378796697687.22,-10171701678910.078,-9897834366257.639,-9556190727913.184,-9146753314778.428,-8670756537523.023,-8130986079168.114,-7532103029157.549,-6880973703341.81,-6186972302398.21,-5462204942970.808,-4721580323880.486,-3982626137358.8364,-3264925977100.192,-2589038257261.566,-1974772805892.1145,-1438769000868.2217,-991486300628.7188,-634067946471.127,-356249454626.37036,-137909626164.7953,40676349244.77617,173694742656.14673,201957004177.3779,82192238791.15102,962767385.8561647,0.0
7047.5,25093100479086.242,25425720317385.62,25753940251755.96,26077755648555.44,26397162137521.383,26712155616282.684,27022732254898.01,27328888500416.406,27630621081460.28,27927927012828.55,28220803600117.992,28509248444362.01,28793259446683.555,29072834812961.824,29347973058509.707,29618673012760.133,29884933823959.45,30146754963865.367,30404136232446.957,30657077762584.88,30905580024768.305,31149643831787.61,31389270343417.625,31624461071091.688,31855217882560.543,32081543006535.688,32303439037312.15,32520908939368.508,32733956051940.625,32942584093565.215,33146797166590.547,33346599761649.562,33541996762092.582,33732993448374.777,33919595502395.418,34101809011783.79,34279640474127.555,34453096801140.414,34622185322762.273,34786913791189.53,34947290384828.84,35103323712170.875,35255022815577.44,35402397174978.164,35545456711470.234,35684211790816.56,35818673226835.61,35948852284678.016,36074760683983.64,36196410601912.41,36313814676043.5,36426986007135.67,36535938161742.36,36640685174674.62,36741241551305.09,36837622269705.79,36929842782611.914,37017919019205.0,37101867386707.06,37181704771778.055,37257448541708.69,37329116545400.33,37396727114123.33,37460299062045.83,37519851686523.266,37575404768140.7,37626978570497.82,37674593839727.88,37718271803740.984,37758034171181.64,37793903130090.8,37825901346262.56,37854051961284.66,37878378590252.76,37898905319147.445,37915656701863.06,37928657756877.68,37937933963552.26,37943511258047.914,37945416028849.68,37943675111884.55,37938315785221.71,37929365763343.45,37916853190973.03,37900806636447.92,37881255084625.22,37858227929306.02,37831754965165.95,37801866379178.15,37768592741515.45,37731964995917.81,37692014449511.414,37648772762064.914,37602271934669.44,37552544297827.28,37499622498935.08,37443539489147.19,37384328509604.164,37322023077011.67,37256656968554.766,37188264206132.93,37116879039900.17,37042535931095.7,36965269534149.21,36885114678046.02,36802106346936.82,36716279659976.234,36627669850375.36,36536312243652.94,36442242235069.61,36345495266230.74,36246106800841.81,36144112299602.48,36039547194223.92,35932446860554.74,35822846590801.45,35710781564828.98,35596286820527.79,35479397223233.19,35360147434184.85,35238571878012.36,35114704709235.562,34988579777767.203,34860230593406.777,34729690289314.78,34596991584457.668,34462166745013.668,34325247544731.71,34186265224235.348,34045250449265.223,33902233267854.965,33757243066435.477,33610308524865.066,33461457570383.49,33310717330489.57,33158114084743.93,33003673215499.664,32847419157566.336,32689375346813.69,32529564167724.85,32368006899910.023,32204723663595.184,32039733364101.992,31873053635339.414,31704700782329.07,31534689722791.156,31363033927820.586,31189745361687.156,31014834420797.777,30838309871862.984,30660178789315.508,30480446492032.375,30299116479419.51,30116190366921.71,29931667821028.28,29745546493851.402,29557821957360.574,29368487637364.92,29177534747343.227,28984952222229.41,28790726652271.7,28594842217092.47,28397280620086.676,28198021023307.977,27997039983003.008,27794311385967.637,27589806386911.223,27383493347029.965,27175337774004.85,26965302263655.742,26753346443499.63,26539426918479.17,26323497219145.82,26105507752602.074,25885405756527.74,25663135256637.17,25438637027937.88,25211848560184.215,24982704027946.54,24751134265741.94,24517066748701.45,24280425579277.508,24041131480526.54,23799101796533.527,23554250500578.992,23306488211683.89,23055722220204.324,22801856523185.816,22544791870226.64,22284425820639.94,22020652812747.465,21753364246181.0,21482448578113.137,21207791434385.54,20929275736551.215,20646781845896.305,20360187725558.297,20069369121908.906,19774199766423.707,19474551599314.45,19170295016255.855,18861299139594.62,18547432115486.12,18228561438461.812,17904554304989.586,17575277997648.156,17240600301596.842,16900389955081.645,16554517135779.314,16202853984841.562,15845275170561.709,15481658493646.799,15111885536138.305,14735842356084.307,14353420230125.65,13964516446217.398,13569035148765.596,13166888238516.703,12757996329594.406,12342289766134.518,11919709701023.943,11490209239303.785,11053754648849.715,10610326640994.115,10159921723803.932,9702553630775.967,9238254827755.508,8767078100925.136,8289098228747.018,7804413740770.824,7313148766242.304,6815454975456.999,6311513616801.238,5801537652400.289,5285773995248.245,4764505850617.83,4238055164432.3867,3706785181115.6763,3171103113204.002,2631462924692.0303,2088368229666.5046,1542375307234.0632,994096233036.9868,444202126730.41113,-106573486384.25058,-657431202878.5938,-1207502163088.0713,-1755844375010.2554,-2301438950896.6924,-2843186271066.6567,-3379902094301.1836,-3910313640240.6934,-4433055676816.603,-4946666655283.068,-5449584947358.684,-5940145253945.164,-6416575273605.828,-6876992742400.154,-7319402985933.398,-7741697161023.017,-8141651409950.903,-8516927206986.374,-8865073247274.145,-9183529315290.68,-9469632677356.195,-9720627674033.814,-9933679347807.57,-10105892133300.105,-10234334864929.6,-10316073622132.684,-10348214233675.807,-10327956592955.812,-10252663278814.49,-10119945299405.002,-9927768025190.744,-9674580462577.057,-9359470805432.613,-8982350486151.105,-8544167444942.851,-8047146658130.097,-7495051616478.596,-6893453833580.694,-6249987976003.849,-5574557353001.761,-4879438220356.602,-4179212507484.097,-3490439747005.134,-2830965552307.7627,-2218765549521.955,-1670255888032.9106,-1198089097809.7576,-808638122724.2693,-499727245939.7016,-259841967013.0912,-71259195936.96187,78886350997.41515,177197016829.67172,171973833936.58978,56859501189.83448,417330893.26551497,0.0
7045.0,25999396003473.18,26302223133087.473,26600817994912.805,26895177550344.844,27185299025620.73,27471179915992.887,27752817989916.69,28030211293249.836,28303358153462.316,28572257183854.902,28836907287784.227,29097307662892.727,29353457805341.32,29605357514042.66,29853006894893.254,30096406365001.46,30335556656909.66,30570458822808.12,30801114238737.57,31027524608778.656,31249691969224.938,31467618692737.297,31681307492476.062,31890761426209.035,32095983900391.21,32296978674213.977,32493749863620.08,32686301945280.844,32874639760533.047,33058768519270.65,33238693803789.03,33414421572576.848,33585958164052.43,33753310300240.203,33916485090383.336,34075490034488.418,34230333026797.363,34381022359182.867,34527566724461.742,34669975219622.844,34808257348963.266,34942423027128.934,35072482582053.773,35198446757793.02,35320326717244.22,35438134044751.66,35551880748587.45,35661579263304.266,35767242451953.64,35868883608163.445,35966516458068.734,36060155162089.555,36149814316548.88,36235508955124.59,36317254550128.234,36395067013603.8,36468962698239.46,36538958398084.94,36605071349067.32,36667319229297.22,36725720159158.3,36780292701171.69,36831055859627.66,36878029079976.05,36921232247967.3,36960685688535.555,36996410164415.266,37028426874481.86,37056757451808.6,37081423961429.44,37102448897798.86,37119855181939.78,37133666158268.87,37143905591090.586,37150597660748.89,37153766959427.52,37153438486587.85,37149637644034.27,37142390230596.45,37131722436417.56,37117660836837.92,37100232385862.84,37079464409203.42,37055384596879.28,37028020995371.484,36997401999314.266,36963556342713.8,36926513089682.23,36886301624674.86,36842951642218.8,36796493136120.44,36746956388139.766,36694371956119.24,36638770661554.54,36580183576594.78,36518642010459.695,36454177495260.9,36386821771214.766,36316606771234.01,36243564604885.42,36167727541700.5,36089127993826.94,36007798498007.44,35923771696873.695,35837080319542.45,35747757161501.195,35655835063771.09,35561346891334.22,35464325510813.49,35364803767392.4,35262814460963.125,35158390321490.95,35051563983583.438,34942367960253.22,34830834615863.332,34716996138244.215,34600884509972.344,34482531478800.64,34361968527230.832,34239226841219.305,34114337278007.38,33987330333069.023,33858236106168.16,33727084266519.26,33593904017045.875,33458724057731.78,33321572548061.023,33182477068544.12,33041464581328.133,32898561389889.984,32753793097814.02,32607184566654.906,32458759872889.867,32308542263964.707,32156554113440.516,32002816875249.137,31847351037068.066,31690176072826.906,31531310394360.223,31370771302223.99,31208574935694.855,31044736221975.305,30879268824629.43,30712185091278.59,30543496000588.23,30373211108582.055,30201338494322.535,30027884705001.785,29852854700490.645,29676251797398.555,29498077612702.56,29318332007007.992,29137013027510.18,28954116850732.016,28769637725118.66,28583567913578.195,28395897636063.527,28206615012299.324,28015706004765.64,27823154362058.934,27628941562760.266,27433046759950.85,27235446726524.832,27036115801461.094,26835025837227.207,26632146148501.098,26427443462409.332,26220881870494.734,26012422782640.516,25802024883194.11,25589644089549.598,25375233513464.9,25158743425408.76,24940121222250.09,24719311398623.72,24496255522326.46,24270892214120.023,24043157132339.82,23812982962733.332,23580299413976.344,23345033219342.12,23107108145025.76,22866445005654.51,22622961687544.914,22376573180298.2,22127191617357.64,21874726326185.066,21619083888747.64,21360168213042.566,21097880616423.1,20832119921528.3,20562782565657.27,20289762724468.934,20012952450930.18,19732241830476.383,19447519153392.527,19158671105466.48,18865582978011.336,18568138898399.066,18266222082294.133,17959715108822.766,17648500219960.824,17332459645471.191,17011475954769.25,16685432437144.027,16354213511810.283,16017705169315.344,15675795445872.672,15328374932241.842,14975337318822.268,14616579978674.307,14252004590228.256,13881517801486.676,13505031937569.943,13122465753498.375,12733745234146.535,12338804443345.754,11937586424150.434,11530044152321.105,11116141545112.691,10695854527489.777,10269172157921.668,9836097815937.387,9396650453645.69,8950865913444.678,8498798314161.308,8040521507869.901,7576130609640.019,7105743602457.178,6629503019539.297,6147577706239.519,5660164663672.77,5167490976130.638,4669815824245.273,4167432585726.2705,3660671025311.836,3149899575339.0903,2635527708032.819,2118008400221.4414,1597840690692.8184,1075572329775.1104,551802519937.9164,27184745219.014404,-497570313957.6837,-1021691785552.5051,-1544345537172.6423,-2064631043123.674,-2581578199516.3774,-3094144103378.242,-3601209816284.331,-4101577138675.191,-4593965428029.637,-5077008502724.208,-5549251684133.308,-6009149042789.784,-6455060930836.367,-6885251903288.024,-7297889155700.616,-7691041636797.387,-8062680032775.675,-8410677866990.382,-8732814016373.848,-9026777016490.713,-9290171613023.062,-9520528121456.875,-9715315281615.227,-9871957442129.139,-9987857084014.498,-10060423892958.756,-10087111814924.227,-10065465773171.264,-9993179973781.816,-9868169957477.594,-9688660728163.299,-9453293340115.05,-9161252160438.504,-8812414501798.568,-8407523246470.292,-7948381192440.062,-7438062807593.934,-6881134475384.84,-6283867723091.81,-5654420971745.845,-5002953901339.736,-4341624991048.235,-3684408589498.473,-3046656103863.99,-2444322259948.793,-1892791253029.9739,-1405283499154.938,-990923874421.8356,-652742873405.9395,-386226084339.0952,-179628517874.56223,-18199181816.050884,104887709860.09074,171941873337.87897,142388678318.5072,38306112910.361626,175617254.32968742,0.0
7042.5,26746679668345.316,27021577779100.36,27292410895928.383,27559177467457.09,27821876206613.605,28080506094436.816,28335066383892.875,28585556603692.28,28831976562105.68,29074326350777.816,29312606348536.53,29546817225195.18,29776959945346.51,30003035772145.4,30225046271078.598,30442993313718.47,30656879081459.027,30866706069231.36,31072477089195.664,31274195274407.6,31471864082455.86,31665487299068.54,31855069041684.56,32040613762988.145,32222126254402.25,32399611649538.46,32573075427599.668,32742523416731.977,32907961797322.992,33069397105242.027,33226836235019.22,33380286442959.434,33529755350186.797,33675250945616.773,33816781588850.37,33954356012987.336,34087983327353.367,34217673020137.336,34343434960933.492,34465279403184.363,34583216986519.316,34697258738984.414,34807416079157.28,34913700818143.64,35016125161448.58,35114701710718.34,35209443465346.45,35300363823938.89,35387476585632.4,35470795951260.266,35550336524359.266,35626113312011.875,35698141725517.42,35766437580885.81,35831017099147.17,35891896906471.125,35949094034088.29,36002625918007.86,36052510398523.664,36098765719501.59,36141410527441.41,36180463870305.13,36215945196104.55,36247874351240.43,36276271578584.836,36301157515299.67,36322553190382.17,36340480021930.14,36354959814117.69,36366014753873.914,36373667407254.734,36377940715500.33,36378857990768.29,36376442911534.41,36370719517650.98,36361712205054.375,36349445720111.586,36333945153597.125,36315235934290.05,36293343822181.71,36268294901284.34,36240115572030.6,36208832543254.08,36174472823740.7,36137063713340.59,36096632793630.57,36053207918116.52,36006817201965.516,35957489011256.9,35905251951742.13,35850134857102.6,35792166776694.58,35731376962771.266,35667794857170.43,35601450077457.51,35532372402513.3,35460591757555.42,35386138198582.86,35309041896233.27,35229333119041.75,35147042216091.31,35062199599044.004,34974835723542.48,34884981069971.8,34792666123571.22,34697921353886.008,34600777193549.39,34501264016385.188,34399412114821.44,34295251676606.086,34188812760815.64,34080125273148.348,33969218940493.547,33856123284769.242,33740867596020.652,33623480904772.13,33503991953626.58,33382429168105.906,33258820626726.746,33133194030307.402,33005576670500.98,32875995397551.703,32744476587271.574,32611046107235.594,32475729282194.633,32338550858705.832,32199534968981.848,32058705093961.18,31916084025602.875,31771693828410.633,31625555800192.465,31477690432063.31,31328117367700.59,31176855361863.168,31023922238186.938,30869334846272.02,30713109018078.406,30555259523649.71,30395800026186.438,30234743036493.555,30072099866828.973,29907880584183.71,29742093963026.3,29574747437548.695,29405847053453.465,29235397419326.383,29063401657642.742,28889861355459.52,28714776514850.66,28538145503147.09,28359965003049.13,28180229962683.23,27998933545682.3,27816067081373.918,27631620015167.63,27445579859240.477,27257932143625.523,27068660367817.895,26877745953019.824,26685168195155.57,26490904218796.44,26294928932145.773,26097214983244.184,25897732717566.445,25696450137192.82,25493332861750.008,25288344091329.55,25081444571605.242,24872592561385.01,24661743802848.33,24448851494734.918,24233866268768.066,24016736169612.336,23797406638683.86,23575820502150.465,23351917963478.47,23125636600903.664,22896911370225.598,22665674613347.094,22431856073003.547,22195382914151.98,21956179752514.086,21714168690794.51,21469269363122.297,21221398988291.992,20970472432409.54,20716402281578.684,20459098925293.754,20198470651237.45,19934423752214.137,19666862645983.17,19395690008790.94,19120806923435.504,18842113042733.324,18559506769294.207,18272885452547.72,17982145604001.457,17687183131750.266,17387893595293.219,17084172481754.273,16775915504641.188,16463018926316.166,16145379905390.951,15822896870297.322,15495469920322.98,15163001255440.682,14825395636296.357,14482560875758.7,14134408363469.215,13780853624867.256,13421816916198.248,13057223857047.092,12687006101970.35,12311102052830.477,11929457613464.564,11542026988346.162,11148773526923.148,10749670615336.557,10344702617244.537,9933865865491.332,9517169706373.934,9094637598267.172,8666308266371.422,8232236915345.258,7792496501576.242,7347179066826.46,6896397134963.077,6440285173446.351,5979001121195.911,5512727984386.889,5041675501638.809,4566081879944.26,4086215602539.3413,3602377309733.383,3114901753485.0864,2624159826224.672,2130560664063.6843,1634553824091.3433,1136631534907.9678,637331018870.0354,137236883688.60803,-363016420001.87006,-862742079744.9454,-1361198347219.5896,-1857585917132.4155,-2351045269444.201,-2840653988172.7163,-3325424073494.208,-3804299268126.4727,-4276152424192.5527,-4739782943148.123,-5193914329171.266,-5637191905979.734,-6068180758751.725,-6485363977157.679,-6887141293047.147,-7271828227776.064,-7637655890356.714,-7982771599571.994,-8305240542114.666,-8603048726078.949,-8874107546337.703,-9116260347250.695,-9327291450659.018,-9504938215128.121,-9646906807604.98,-9750892502210.848,-9814605472856.865,-9835803214856.04,-9812330910601.863,-9742171235506.682,-9623505264850.9,-9454786260761.424,-9234828145807.053,-8962910337877.1,-8638900232419.216,-8263393836900.495,-7837873706769.512,-7364881170239.985,-6848196582906.336,-6293016720239.189,-5706112122748.358,-5095939114343.443,-4472671493312.501,-3848106325357.813,-3235388652461.818,-2648494661259.785,-2101417600803.796,-1607024272299.776,-1175605216443.895,-813248081663.9353,-520351144926.7237,-290910198621.4137,-113712811533.78737,22815422271.281796,120590580932.58536,160556467572.29,114942367630.66257,25159058920.07577,72091071.43536347,0.0
7040.0,27348577852912.78,27597330997311.1,27842185470397.125,28083141097954.652,28320197967612.727,28553356432279.98,28782617113571.934,29007980905229.285,29229448976525.414,29447022775660.945,29660704033143.117,29870494765148.25,30076397276864.375,30278414165812.46,30476548325143.305,30670802946907.94,30861181525298.887,31047687859859.508,31230326058659.383,31409100541432.0,31584016042672.773,31755077614694.32,31922290630635.098,32085660787419.99,32245194108667.914,32400896947544.465,32552775989555.71,32700838255279.637,32845091103032.105,32985542231463.36,33122199682081.523,33255071841699.36,33384167444800.297,33509495575819.703,33631065671337.637,33748887522178.445,33862971275413.152,33973327436260.56,34079966869882.008,34182900803065.594,34282140825795.043,34377698892699.008,34469587324374.39,34557818808580.758,34642406401299.01,34723363527650.25,34800703982668.805,34874441931924.3,34944591911987.586,35011168830733.98,35074187967479.08,35133664972940.7,35189615869021.055,35242057048403.37,35291005273956.21,35336477677940.07,35378491761008.78,35417065391000.16,35452216801508.695,35483964590233.85,35512327717096.734,35537325502118.82,35558977623054.92,35577304112774.164,35592325356380.39,35604062088066.016,35612535387691.02,35617766677079.48,35619777716026.375,35618590598006.65,35614227745578.6,35606711905473.6,35596066143364.26,35582313838302.81,35565478676821.29,35545584646685.45,35522656030293.65,35496717397712.71,35467793599341.78,35435909758195.56,35401091261798.55,35363363753681.23,35322753124469.49,35279285502558.48,35232987244361.71,35183884924127.055,35132005323309.938,35077375419495.305,35020022374859.1,34959973524160.105,34897256362253.617,34831898531117.344,34763927806380.95,34693372083350.28,34620259362517.016,34544617734545.457,34466475364727.1,34385860476894.65,34302801336786.875,34217326234855.453,34129463468506.03,34039241323764.613,33946688056361.88,33851831872226.984,33754700907383.57,33655323207240.367,33553726705269.293,33449939201064.05,33343988337772.676,33235901578897.684,33125706184458.008,33013429186507.176,32899097364002.36,32782737217020.293,32664374940315.133,32544036396215.168,32421747086855.383,32297532125743.17,32171416208655.71,32043423583868.105,31913578021711.734,31781902783463.86,31648420589569.953,31513153587200.92,31376123317149.336,31237350680068.777,31096855902062.684,30954658499629.38,30810777243972.02,30665230124683.305,30518034312816.58,30369206123356.25,30218760977102.645,30066713361987.977,29913076793842.234,29757863776630.098,29601085762181.977,29442753109444.61,29282875043280.055,29121459612843.53,28958513649574.14,28794042724835.68,28628051107247.65,28460541719750.45,28291516096452.316,28120974339309.28,27948915074694.156,27775335409914.734,27600230889745.758,27423595453044.766,27245421389527.19,27065699296781.07,26884418037608.5,26701564697786.59,26517124544347.7,26331080984485.633,26143415525201.793,25954107733813.414,25763135199453.71,25570473495703.047,25376096144499.332,25179974581484.91,24982078122958.36,24782373934609.316,24580827002226.508,24377400104580.598,24172053788695.715,23964746347736.945,23755433801754.418,23544069881539.004,23330606015859.395,23114991322366.39,22897172602465.926,22677094340480.043,22454698707432.008,22229925569811.2,22002712503691.61,21772994814598.47,21540705563538.11,21305775599627.395,21068133599781.586,20827706115942.707,20584417630353.562,20338190619407.875,20088945626631.848,19836601345378.453,19581074711842.613,19322281009032.496,19060133982360.605,18794545967546.133,18525428031550.375,18252690127295.453,17976241262947.49,17695989686575.9,17411843087030.865,17123708811912.89,16831494103539.014,16535106353842.494,16234453379173.576,15929443716000.855,15619986938543.977,15305993999399.197,14987377594250.475,14664052551788.156,14335936249987.553,14002949059928.188,13665014818362.23,13322061330267.688,12974020902647.51,12620830910860.09,12262434398789.54,11898780714184.713,11529826180516.094,11155534806715.531,10775879036179.389,10390840536427.143,10000411030816.61,9604593173722.43,9203401470586.361,8796863244245.078,8385019648933.555,7967926733348.79,7545656554138.057,7118298341148.159,6685959715734.29,6248767963379.106,5806871361810.726,5360440565731.495,4909670049173.646,4454779606378.926,3996015911955.106,3533654140883.002,3067999648731.1445,2599389712169.7705,2128195329553.4258,1654823080949.3596,1179717046512.6416,703360781530.886,226279345760.5204,-250958616173.48242,-727738747572.2622,-1203398811158.4834,-1677226486289.167,-2148457140734.309,-2616271588085.7417,-3079793844545.255,-3538088902092.823,-3990160538974.109,-4434949193217.802,-4871329930675.59,-5298110546084.638,-5714029844146.403,-6117756157910.5205,-6507886174230.942,-6882944151178.848,-7241381630603.855,-7581577771179.234,-7901840454019.281,-8200408345207.136,-8475454138348.512,-8725089246717.222,-8947370269939.56,-9140307625776.996,-9301876814670.164,-9430032874346.986,-9522728684540.615,-9577937897384.78,-9593683395510.18,-9568072312980.512,-9499338785956.625,-9385895716759.08,-9226396915130.42,-9019810990928.398,-8765508264616.749,-8463361666627.497,-8113862018767.841,-7718247103953.874,-7278642374009.39,-6798208826316.3,-6281290286696.6455,-5733547868519.19,-5162063612718.228,-4575388312453.947,-3983500715313.483,-3397637726553.7637,-2829949941917.8135,-2292937275326.0874,-1798631002867.0771,-1357519109979.053,-977272584432.692,-661437175694.2131,-408431291311.9,-211466099883.18033,-60384413482.87669,53303188350.43132,127880131568.6758,145304541996.62875,90647604323.36345,16124385347.380993,29047950.384187236,0.0
7037.5,27817845556855.703,28042158705416.85,28262737997440.645,28479584524333.81,28692699635093.973,28902084939354.46,29107742310412.203,29309673888237.656,29507882082464.016,29702369575354.242,29893139324742.824,30080194566951.227,30263538819673.383,30443175884830.297,30619109851389.844,30791345098150.555,30959886296486.008,31124738413047.266,31285906712421.164,31443396759741.043,31597214423247.133,31747365876794.41,31893857602303.703,32036696392154.043,32175889351512.203,32311443900597.227,32443367776875.28,32571669037182.89,32696356059773.64,32817437546286.1,32934922523628.367,33048820345775.72,33159140695478.047,33265893585872.492,33369089361997.75,33468738702205.58,33564852619465.92,33657442462560.887,33746519917163.227,33832097006795.387,33914186093664.15,33992799879366.523,34067951405461.617,34139654053904.953,34207921547338.684,34272767949234.32,34334207663881.688,34392255436219.555,34446926351503.016,34498235834800.97,34546199650320.07,34590833900548.22,34632155025212.266,34670179800045.07,34704925335354.805,34736409074391.555,34764648791505.07,34789662590087.15,34811468900293.16,34830086476535.887,34845534394745.832,34857832049391.074,34866999150250.645,34873055718934.68,34876022085144.477,34875918882665.97,34872767045089.95,34866587801251.363,34857402670382.04,34845233456968.406,34830102245308.035,34812031393757.67,34791043528665.004,34767161537977.953,34740408564522.72,34710807998944.67,34678383472303.355,34643158848315.312,34605158215236.086,34564405877374.875,34520926346233.453,34474744331262.234,34425884730225.87,34374372619170.523,34320233241985.445,34263491999550.977,34204174438465.777,34142306239345.434,34077913204684.844,34011021246277.113,33941656372181.555,33869844673232.977,33795612309085.57,33718985493783.668,33639990480852.477,33558653547901.832,33475000980735.863,33389059056962.07,33300854029092.934,33210412107134.14,33117759440652.438,33022922100317.93,32925926058914.414,32826797171812.41,32725561156899.977,32622243573965.445,32516869803528.793,32409465025115.91,32300054194972.906,32188662023216.484,32075312950417.492,31960031123614.875,31842840371758.105,31723764180576.676,31602825666875.457,31480047552255.582,31355452136261.582,31229061268955.625,31100896322920.52,30970978164694.676,30839327125642.05,30705962972261.906,30570904875944.05,30434171382175.58,30295780379207.637,30155749066190.305,30014093920786.78,29870830666277.684,29725974238169.145,29579538750319.117,29431537460598.402,29281982736104.37,29130886017947.547,28978257785633.05,28824107521060.812,28668443672171.355,28511273616265.77,28352603623030.934,28192438817304.69,28030783141617.242,27867639318549.016,27703008812948.21,27536891794054.383,27369287097578.46,27200192187793.04,27029603119690.977,26857514501274.633,26683919456042.74,26508809585746.156,26332174933489.34,26154003947259.695,25974283443971.824,25792998574121.016,25610132787144.86,25425667797600.047,25239583552267.44,25051858198305.785,24862468052582.816,24671387572320.094,24478589327195.957,24284043973061.324,24087720227430.875,23889584846923.04,23689602606832.12,23487736283026.61,23283946636379.523,23078192399947.832,22870430269130.74,22660614895049.586,22448698881405.414,22234632785084.215,22018365120794.867,21799842370039.68,21579008994733.21,21355807455802.027,21130178237114.152,20902059875105.727,20671388994489.56,20438100350450.094,20202126877748.15,19963399747179.125,19721848429849.066,19477400769754.098,19229983065170.754,18979520159386.875,18725935541325.58,18469151456638.527,18209089029867.95,17945668398301.56,17678808858168.773,17408429023851.7,17134447000809.477,16856780572939.875,16575347405127.572,16290065261754.219,16000852241970.955,15707627032559.316,15410309179232.162,15108819377251.28,14803079782262.621,14493014342275.027,14178549151731.377,13859612828644.648,13536136915793.023,13208056306989.701,12875309699463.268,12537840073403.045,12195595199741.65,11848528177262.713,11496598000135.99,11139770156994.143,10778017262675.44,10411319723764.463,10039666439067.219,9663055536159.145,9281495145142.73,8895004210745.85,8503613343881.972,8107365713778.42,7706317981758.547,7300541277736.077,6890122220445.538,6475163982389.034,6055787400426.132,5632132132867.608,5204357863854.274,4772645555705.555,4337198749806.18,3898244916460.0967,3456036853972.281,3010854137019.6865,2563004614130.6294,2112825953805.2034,1660687238463.9507,1206990604999.9663,752172930215.7224,296707558835.03906,-158893928927.11334,-614079914101.1233,-1068256904884.7738,-1520787677845.141,-1970989401951.3945,-2418131754734.218,-2861435041960.8774,-3300068334723.35,-3733147640847.222,-4159734131140.7095,-4578832445338.66,-4989389107801.728,-5390291089282.648,-5780364558580.968,-6158373876927.841,-6523020898776.258,-6872944655679.563,-7206721515546.219,-7522865928264.405,-7819831891072.82,-8096015293786.1045,-8349757335812.366,-8579349244660.006,-8783038570198.741,-8959037381207.041,-9105532751515.53,-9220699992952.252,-9302719171504.844,-9349795531105.291,-9360184544499.678,-9332222409219.57,-9264362902370.701,-9155221590366.89,-9003628442625.453,-8808689897300.752,-8569861337173.642,-8287030705391.617,-7960613556501.832,-7591659109396.19,-7181965733149.67,-6734202619680.056,-6252032029464.815,-5740223293818.505,-5204745618573.788,-4652821670122.186,-4092918167645.9087,-3534643871972.4805,-2988520679506.6187,-2465592122859.3145,-1976838794202.5894,-1532386951345.7432,-1140531664491.891,-806658520353.3732,-532250429884.24677,-314324040221.5876,-145864883100.11642,-18079819986.628677,74745821421.24196,128548525287.2495,128044258897.85089,69948701023.40526,10092320757.059906,11575520.07058908,0.0
7035.0,28166403634596.062,28367903423683.812,28565832141079.35,28760192031642.72,28950985591898.03,29138215572681.848,29321884981766.54,29501997086456.727,29678555416156.273,29851563764904.402,30021026193877.848,30186947033857.668,30349330887657.44,30508182632511.38,30663507422419.227,30815310690445.68,30963598150971.617,31108375801894.82,31249649926776.93,31387427096934.42,31521714173470.14,31652518309243.27,31779846950773.8,31903707840079.312,32024109016440.35,32141058818091.477,32254565883834.797,32364639154572.086,32471287874753.055,32574521593735.297,32674350167053.11,32770783757590.875,32863832836657.953,32953508184960.89,33039820893469.25,33122782364171.04,33202404310713.668,33278698758926.75,33351678047222.03,33421354826866.508,33487742062124.47,33550853030263.977,33610701321423.094,33667300838331.984,33720665795885.23,33770810720560.926,33817750449680.41,33861500130504.945,33902075219163.89,33939491479409.1,33973764981191.203,34004912099051.812,34032949510327.17,34057894193157.21,34079763424295.32,34098574776712.984,34114346116993.688,34127095602511.035,34136841678384.89,34143603074209.97,34147398800551.324,34148248145200.66,34146170669187.617,34141186202540.15,34133314839787.9,34122576935202.5,34108993097768.87,34092584185880.88,34073371301755.887,34051375785561.19,34026619209246.418,33999123370075.746,33968910283853.043,33936002177834.18,33900421483319.555,33862190827920.68,33821333027494.594,33777871077739.0,33731828145442.594,33683227559383.1,33632092800867.71,33578447493908.465,33522315395026.83,33463720382681.023,33402686446309.523,33339237674984.668,33273398245670.133,33205192411076.117,33134644487105.992,33061778839888.844,32986619872391.434,32909192010604.312,32829519689296.168,32747627337330.77,32663539362541.598,32577280136158.277,32488873976780.266,32398345133892.78,32305717770920.465,32211015947813.934,32114263603165.71,32015484535851.105,31914702386190.74,31811940616631.363,31707222491941.812,31600571058921.887,31492009125621.71,31381559240069.668,31269243668508.027,31155084373134.83,31039102989352.152,30921320802520.676,30801758724221.438,30680437268026.27,30557376524778.78,30432596137388.79,30306115275143.746,30177952607541.65,30048126277650.105,29916653874998.418,29783552408009.117,29648838275977.375,29512527240607.58,29374634397117.086,29235174144919.12,29094160157897.645,28951605354288.207,28807521866181.18,28661921008664.023,28514813248622.09,28366208173218.812,28216114458077.23,28064539835188.43,27911491060572.906,27756973881724.082,27600993004865.12,27443552062053.16,27284653578166.742,27124298937816.17,26962488352218.812,26799220826084.137,26634494124557.62,26468304740274.996,26300647860582.734,26131517334984.13,25960905642874.504,25788803861633.547,25615201635147.05,25440087142835.203,25263447069269.484,25085266574466.117,24905529264948.336,24724217165677.223,24541310692955.42,24356788628415.695,24170628094212.52,23982804529542.13,23793291668623.926,23602061520284.18,23409084349290.68,23214328659596.35,23017761179658.0,22819346850006.52,22619048813254.2,22416828406735.21,22212645157986.3,22006456783285.34,21798219189477.492,21587886479330.71,21375410960674.734,21160743159590.758,20943831837932.848,20724624015475.89,20503064996999.33,20279098404631.273,20052666215792.938,19823708807099.066,19592165004587.13,19357972140664.37,19121066118179.56,18881381482044.34,18638851498846.605,18393408244918.145,18144982703336.93,17893504870364.332,17638903871837.215,17381108090055.143,17120045301722.78,16855642827528.607,16587827693961.36,16316526807986.762,16041667145227.594,15763175952311.2,15480980964069.281,15195010636295.201,14905194394784.611,14611462901405.064,14313748337959.873,14011984708630.957,13706108161802.98,13396057332090.104,13081773703402.393,12763201993905.734,12440290563743.428,12112991846401.533,11781262804612.066,11445065411698.943,11104367159280.271,10759141592247.592,10409368871947.854,10055036368495.371,9696139283141.643,9332681301627.176,8964675279432.75,8592143959837.219,8215120725674.6045,7833650385663.471,7447789996156.956,7057609719130.939,6663193717189.864,6264641086323.472,5862066827092.583,5455602854855.501,5045399049568.152,4631624345597.044,4214467861873.9697,3794140072589.7563,3370874018470.187,2944926558494.096,2516579661697.661,2086141738454.2534,1653949010317.0815,1220366917156.101,785791559898.56,350651176683.79736,-84592350347.9336,-519441961112.9997,-953363860798.3228,-1385785945525.641,-1816096216927.9517,-2243641193485.5176,-2667724328115.7017,-3087604443465.9116,-3502494198685.2637,-3911558604215.3716,-4313913604431.2114,-4708624751879.824,-5094706001527.665,-5471118658981.366,-5836770523262.26,-6190515272594.777,-6531152151053.319,-6857426025082.3125,-7168027892191.697,-7461595939914.969,-7736717271840.912,-7991930439686.432,-8225728946519.623,-8436565916959.216,-8622860166085.281,-8783003940487.887,-8915372652863.822,-9018336986161.271,-9090277804433.176,-9129604374668.492,-9134776475372.824,-9104331040598.604,-9036914057423.516,-8931318492488.98,-8786529056869.679,-8601774610214.272,-8376588929041.301,-8110880384585.465,-7805010744524.338,-7459882767382.793,-7077035419317.437,-6658744315659.502,-6208123268580.678,-5729220503389.129,-5227100110518.864,-4707895617328.313,-4178818318844.0586,-3648098564361.7896,-3124834305064.2905,-2618719181599.143,-2139624366521.8245,-1697017372331.0747,-1299221384983.5325,-952556034032.8175,-660462005006.8099,-422806064803.2235,-235697532115.5338,-92314707309.17894,14643279140.456223,88569735725.74773,124239973802.3003,110223808503.09201,52878920488.25742,6173750987.481495,4600179.45885245,0.0
7032.5,28405375596790.24,28585611264287.074,28762436129289.117,28935853478115.97,29105866841292.203,29272479995798.24,29435696967288.17,29595522032272.734,29751959720265.465,29905014815889.562,30054692360943.367,30200997656422.414,30343936264495.195,30483514010430.668,30619736984475.03,30752611543675.04,30882144313645.22,31008342190276.97,31131212341386.055,31250762208296.38,31366999507356.633,31479932231387.82,31589568651057.79,31695917316180.336,31798987056935.734,31898786985009.62,31995326494646.715,32088615263616.805,32178663254088.844,32265480713410.6,32349078174790.03,32429466457874.758,32506656669226.3,32580660202685.586,32651488739625.734,32719154249088.43,32783668987800.15,32845045500064.61,32903296617526.812,32958435458805.367,33010475428988.508,33059430218990.4,33105313804762.09,33148140446354.938,33187924686829.918,33224681351010.418,33258425544072.57,33289172649969.367,33316938329684.203,33341738519308.156,33363589427937.64,33382507535386.594,33398509589709.133,33411612604527.43,33421833856159.83,33429190880544.79,33433701469954.797,33435383669496.016,33434255773388.133,33430336321019.023,33423644092769.707,33414198105603.695,33402017608415.883,33387122077135.516,33369531209577.777,33349264920038.938,33326343333629.316,33300786780338.816,33272615788829.707,33241851079950.938,33208513559968.633,33172624313507.426,33134204596196.75,33093275827017.438,33049859580341.914,33003977577663.867,32955651679010.758,32904903874034.84,32851756272776.445,32796231096094.543,32738350665759.41,32678137394201.88,32615613773914.125,32550802366496.77,32483725791347.496,32414406713985.734,32342867834009.164,32269131872676.63,32193221560113.33,32115159622133.57,32034968766676.47,31952671669850.84,31868290961584.74,31781849210876.152,31693368910640.766,31602872462153.63,31510382159081.395,31415920171101.83,31319508527108.31,31221169097996.344,31120923579030.35,31018793471788.465,30914800065684.23,30808964419063.633,30701307339877.0,30591849365925.418,30480610744681.527,30367611412685.61,30252870974517.93,30136408681348.586,30018243409068.074,29898393635999.992,29776877420200.66,29653712376348.953,29528915652231.67,29402503904829.777,29274493276012.34,29144899367845.395,29013737217523.76,28881021271935.69,28746765361869.918,28610982675877.12,28473685733798.23,28334886359973.082,28194595656145.066,28052823974077.93,27909580887902.785,27764875166214.97,27618714743941.82,27471106694004.375,27322057198797.562,27171571521515.785,27019653977352.55,26866307904604.816,26711535635715.56,26555338468289.836,26397716636122.797,26238669280279.85,26078194420273.258,25916288925381.438,25752948486160.41,25588167586201.18,25421939474188.523,25254256136322.547,25085108269166.09,24914485252986.41,24742375125663.695,24568764557243.05,24393638825211.53,24216981790586.68,24038775874908.6,23859002038232.18,23677639758222.996,23494667010465.176,23310060250096.69,23123794394893.816,22935842809933.18,22746177293967.26,22554768067656.883,22361583763811.23,22166591419795.54,21969756472273.63,21771042754462.5,21570412496084.844,21367826326215.086,21163243279224.914,20956620804044.023,20747914776963.285,20537079518218.24,20324067812602.56,20108830934373.285,19891318676721.5,19671479386095.78,19449260001677.676,19224606100323.36,18997461947298.543,18767770553148.434,18535473737059.156,18300512197082.188,18062825587608.273,17822352604493.496,17579031078255.656,17332798075775.504,17083590010953.709,16831342764791.344,16575991815377.805,16317472378287.799,16055719557905.281,15790668510209.84,15522254617577.447,15250413676164.78,14975082096463.076,14696197117623.615,14413697036173.748,14127521449757.814,13837611516553.094,13543910231025.568,13246362716704.729,12944916536670.438,12639522022456.87,12330132622091.361,12016705267995.71,11699200765487.697,11377584202628.23,11051825382166.45,10721899276339.889,10387786505289.969,10049473839853.883,9706954729492.926,9360229856113.232,9009307714528.086,8654205220301.298,8294948345697.551,7931572784448.268,7564124646019.534,7192661180042.084,6817251531530.342,6437977527478.797,6054934495377.508,5668232114133.709,5277995297821.992,4884365112610.037,4487499727118.172,4087575396367.805,3684787479352.6797,3279351490126.0723,2871504182132.124,2461504665317.219,2049635555332.552,1636204153875.7048,1221543658912.352,806014403157.8738,390005118777.8359,-26065774229.582733,-441748859086.2241,-856562396521.0997,-1269990986892.9124,-1681484225691.5151,-2090455359070.949,-2496279947373.0654,-2898294546139.2397,-3295795415922.276,-3688037274349.5933,-4074232106414.4526,-4453548051952.816,-4825108392784.1,-5187990666154.709,-5541225936038.589,-5883798259659.391,-6214644393464.625,-6532653790893.833,-6836668953860.609,-7125486211167.192,-7397857010382.617,-7652489825370.007,-7888052800014.686,-8103177270179.123,-8296462330915.681,-8466480644922.467,-8611785721518.858,-8730920933341.265,-8822430580643.295,-8884873360354.521,-8916838648262.805,-8916966056457.094,-8883968782035.674,-8816661313010.05,-8713992097052.269,-8575081798903.991,-8399267759386.172,-8186155204031.569,-7935675606384.073,-7648152355248.951,-7324373461667.566,-6965670413930.143,-6574001380470.519,-6152035696110.499,-5703234871773.801,-5231923181483.27,-4743338185063.762,-4243648407539.647,-3739922034223.496,-3240027353670.919,-2752443610562.781,-2285961242033.4688,-1849255139233.947,-1450326351508.255,-1095830129265.7339,-790345807493.4037,-535701816888.18915,-330551780500.95667,-170504971000.56726,-49222039874.13168,39121183980.42255,96124420643.93973,116411480808.66225,92905872260.70425,39200758237.04867,3693860807.610836,1837615.3130837753,0.0
7030.0,28545123936157.375,28705568439020.465,28862759445161.562,29016701171331.58,29167398069646.293,29314854829442.176,29459076379092.77,29600067887783.266,29737834767241.016,29872382673420.258,30003717508138.36,30131845420661.79,30256772809238.98,30378506322578.26,30497052861268.133,30612419579137.266,30724613884552.195,30833643441649.703,30939516171501.457,31042240253208.273,31141824124920.906,31238276484785.387,31331606291809.133,31421822766645.484,31508935392293.695,31592953914711.336,31673888343335.785,31751748951512.24,31826546276824.496,31898291121325.78,31966994551666.16,32032667899112.98,32095322759461.4,32154970992831.184,32211624723346.8,32265296338696.273,32315998489566.496,32363744088950.484,32408546311322.887,32450418591680.574,32489374624443.703,32525428362214.453,32558594014388.188,32588886045614.426,32616319174102.52,32640908369768.984,32662668852221.242,32681616088574.883,32697765791099.25,32711133914687.508,32721736654147.086,32729590441305.96,32734711941930.26,32737118052449.297,32736825896483.055,32733852821168.168,32728216393277.336,32719934395128.258,32709024820277.133,32695505868992.176,32679395943502.676,32660713643019.117,32639477758519.297,32615707267296.184,32589421327262.668,32560639271008.66,32529380599605.68,32495664976154.586,32459512219071.332,32420942295106.668,32379975312094.43,32336631511424.69,32290931260236.184,32242895043324.293,32192543454759.617,32139897189212.56,32084977032979.84,32027803854708.21,31968398595811.336,31906782260575.07,31842975905947.684,31777000631010.14,31708877566123.12,31638627861746.164,31566272676925.83,31491833167448.574,31415330473655.227,31336785707913.348,31256219941744.453,31173654192602.625,31089109410302.117,31002606463090.645,30914166123366.293,30823809053035.42,30731555788509.516,30637426725339.5,30541442102485.39,30443621986220.32,30343986253668.082,30242554575973.285,30139346401103.945,30034380936286.41,29927677130073.51,29819253654046.25,29709128884150.543,29597320881671.25,29483847373844.81,29368725734114.277,29251972962029.547,29133605662796.75,29013640026481.77,28892091806872.594,28768976300006.984,28644308322371.797,28518102188781.582,28390371689944.82,28261130069726.82,28130390002119.766,27998163567930.51,27864462231198.855,27729296815359.125,27592677479159.633,27454613692355.85,27315114211193.777,27174187053702.4,27031839474814.516,26888077941337.42,26742908106796.27,26596334786174.785,26448361930579.465,26298992601855.754,26148228947186.184,25996072173703.06,25842522523149.742,25687579246627.855,25531240579469.285,25373503716275.09,25214364786165.406,25053818828288.223,24891859767636.96,24728480391230.504,24563672324712.348,24397426009429.133,24229730680052.484,24060574342811.7,23889943754408.902,23717824401692.766,23544200482170.777,23369054885445.12,23192369175661.504,23014123575066.285,22834296948771.137,22652866790831.434,22469809211749.176,22285098927518.03,22098709250334.098,21910612081102.38,21720777903876.09,21529175782373.047,21335773358720.17,21140536854586.098,20943431074868.457,20744419414111.715,20543463865839.727,20340525034996.07,20135562153694.676,19928533100492.465,19719394423406.3,19508101366905.734,19294607903124.895,19078866767546.38,18860829499422.117,18640446487207.35,18417667019295.4,18192439340353.367,17964710713570.973,17734427489147.44,17501535179353.928,17265978540522.697,17027701662326.607,16786648064726.736,16542760802979.229,16295982581105.959,16046255874248.07,15793523060334.62,15537726561512.94,15278808995801.057,15016713339436.12,14751383100406.918,14482762503671.34,14210796688573.613,13935431918988.596,13656615806733.07,13374297548796.074,13088428178952.006,12798960834330.83,12505851037530.312,12209056994864.342,11908539911350.164,11604264323044.26,11296198447343.732,10984314551874.209,10668589342589.553,10349004371710.057,10025546466126.504,9698208176895.383,9366988250446.975,9031892122121.197,8692932432637.776,8350129568094.983,8003512224075.9375,7653117994422.915,7298993985216.802,6941197454471.405,6579796478019.599,6214870642029.635,5846511762544.687,5474824632386.061,5099927795699.138,4721954350350.022,4341052778298.485,3957387803977.6787,3571141280600.5107,3182513104185.8687,2791722154949.6924,2399007265536.0005,2004628215365.3848,1608866750149.5146,1212027625355.5747,814439672095.7859,416456883560.74695,18459519698.576508,-379144772641.08484,-775919827442.9219,-1171399819142.7036,-1565088118891.8538,-1956456153130.955,-2344942271177.2466,-2729950629752.2803,-3110850103803.7563,-3486973234646.5166,-3857615228405.6157,-4222033020036.5747,-4579444420886.847,-4929027370914.142,-5269919320374.631,-5601216770131.557,-5921975004823.462,-6231208059099.714,-6527888964129.645,-6810950329791.238,-7079285327543.155,-7331749150201.119,-7567161037923.698,-7784306974932.567,-7981943179136.706,-8158800527190.456,-8313590080875.857,-8445009907298.855,-8551753415384.09,-8632519464545.466,-8686024537956.314,-8711017311912.247,-8706295993165.526,-8670728835766.659,-8603278284636.546,-8503029219913.502,-8369221786908.797,-8201289281076.423,-7998901501629.987,-7762013872193.605,-7490922426898.959,-7186324443212.364,-6849384028243.1875,-6481801285507.491,-6085882750627.241,-5664609533086.558,-5221697991901.576,-4761645787102.624,-4289753821412.5444,-3812112048263.883,-3335534658934.8374,-2867428291269.6914,-2415576469668.6753,-1987825761408.3145,-1591665901055.6367,-1233709732234.8875,-919102103543.5602,-650923032362.3717,-429702517585.3236,-253233323592.09973,-116946252524.90233,-15161114317.414509,56591530223.46232,98661358259.92429,106309757009.24841,76811654180.2683,28521268386.570816,2163309160.477807,742141.6513615778,0.0
7027.5,28595285932324.508,28737337238706.53,28876288982115.547,29012146200427.29,29144914156818.633,29274598341235.914,29401204471818.016,29524738496271.406,29645206593195.258,29762615173354.83,29876970880900.555,29988280594530.812,30096551428596.055,30201790734142.08,30304006099889.977,30403205353150.53,30499396560670.223,30592588029407.06,30682788307232.883,30770006183560.336,30854250689891.047,30935531100283.457,31013856931736.305,31089237944485.992,31161684142214.64,31231205772165.8,31297813325165.51,31361517535544.906,31422329380962.297,31480260082120.797,31535321102379.336,31587524147253.02,31636881163800.273,31683404339893.523,31727106103369.72,31767999121057.85,31806096297679.97,31841410774622.3,31873955928572.938,31903745370022.723,31930792941625.973,31955112716417.375,31976718995881.05,31995626307869.152,32011849404365.29,32025403259089.78,32036303064942.625,32044564231280.78,32050202381025.684,32053233347597.24,32053673171670.49,32051538097751.316,32046844570566.75,32039609231266.58,32029848913431.832,32017580638886.613,32002821613308.97,31985589221636.984,31965901023266.285,31943774747034.56,31919228285989.46,31892279691935.906,31862947169758.37,31831249071514.74,31797203890297.438,31760830253857.867,31722146917990.477,31681172759672.016,31637926769952.895,31592428046596.035,31544695786459.75,31494749277620.88,31442607891234.336,31388291073125.574,31331818335112.098,31273209246050.66,31212483422606.62,31149660519742.145,31084760220919.73,31017802228018.02,30948806250956.77,30877791997027.867,30804779159929.7,30729787408501.97,30652836375158.285,30573945644014.367,30493134738709.18,30410423109917.28,30325830122549.957,30239375042643.83,30151077023935.297,30060955094119.156,29969028140790.918,29875314897071.51,29779833926913.98,29682603610092.133,29583642126870.766,29482967442358.055,29380597290541.156,29276549158005.273,29170840267338.484,29063487560223.758,28954507680220.477,28843916955238.45,28731731379707.277,28617966596445.348,28502637878232.152,28385760109089.34,28267347765275.684,28147414896001.918,28025975103872.77,27903041525063.062,27778626809236.434,27652743099215.832,27525402010415.34,27396614610044.19,27266391396094.812,27134742276127.375,27001676545864.4,26867202867610.727,26731329248513.93,26594063018683.11,26455410809183.973,26315378529929.93,26173971347490.71,26031193662840.51,25887049089070.484,25741540429090.883,25594669653350.605,25446437877603.504,25296845340752.574,25145891382805.438,24993574422976.344,24839891937972.336,24684840440503.363,24528415458058.836,24370611511995.492,24211422096983.81,24050839660863.97,23888855584964.137,23725460164937.832,23560642592180.02,23394390935884.86,23226692125812.01,23057531935831.773,22886894968323.01,22714764639502.945,22541123165770.55,22365951551151.4,22189229575934.92,22010935786601.5,21831047487139.977,21649540731863.555,21466390319835.52,21281569791023.477,21095051424306.023,20906806237461.91,20716803989278.508,20525013183923.023,20331401077726.31,20135933688537.137,19938575807811.613,19739291015610.113,19538041698682.41,19334789071829.504,19129493202739.562,18922113040503.25,18712606448023.918,18500930238546.07,18287040216536.137,18070891223158.027,17852437186597.34,17631631177496.934,17408425469777.596,17182771607128.094,16954620475459.375,16723922381628.805,16490627138751.086,16254684158424.164,16016042550209.045,15774651228714.42,15530459028647.7,15283414828206.186,15033467681192.59,14780566958251.309,14524662497632.105,14265704765899.674,14003645029017.623,13738435534246.62,13470029703306.11,13198382337258.934,12923449833588.02,12645190415942.402,12363564377038.607,12078534335210.842,11790065505110.201,11498125983058.758,11202687047569.908,10903723475549.676,10601213874696.223,10295141032616.809,9985492283180.299,9672259890622.285,9355441451915.633,9035040317913.992,8711066033767.756,8383534799101.643,8052469948429.987,7717902452269.796,7379871439392.393,7038424740630.901,6693619454633.851,6345522535923.191,5994211405577.62,5639774584818.888,5282312351729.593,4921937421272.622,4558775648717.4375,4192966756502.107,3824665084473.379,3454040363347.4106,3081278511119.5513,2706582452020.4556,2330172957465.2544,1952289508269.7683,1573191177208.8657,1193157530763.5493,812489548639.9629,431510559340.3296,50567189715.058014,-329969673978.0126,-709703916449.5906,-1088213218672.1849,-1465048082199.0334,-1839730857341.905,-2211754780882.0396,-2580583029964.3213,-2945647799957.7734,-3306349415382.4297,-3662055484533.564,-4012100110215.2544,-4355783171068.743,-4692369690394.17,-5021089312176.448,-5341135907301.169,-5651667336762.451,-5951805403110.915,-6240636026567.54,-6517209688256.712,-6780542190022.0,-7029615788431.87,-7263380770027.294,-7480757545792.154,-7680639355437.785,-7861895686587.767,-8023376530531.105,-8163917615061.216,-8282346776178.062,-8377491654157.534,-8448188925618.493,-8493295311461.161,-8511700630324.054,-8502343197461.438,-8464227897984.823,-8396447288633.459,-8298206099787.907,-8168849513787.993,-8007895579020.236,-7815072071108.643,-7590358018703.734,-7334029953299.211,-7046712696646.521,-6729434136637.042,-6383682928612.943,-6011467355570.977,-5615372648494.012,-5198612873561.585,-4765072019468.754,-4319327183369.6504,-3866644837531.2993,-3412939240041.4346,-2964680462066.7383,-2528738784449.222,-2112153192138.7952,-1721815532738.3628,-1364070148056.5051,-1044243329749.7523,-766139911290.4084,-531577702910.0854,-340075349664.57043,-188863047344.5148,-73434273665.64508,11149370129.930576,68195360175.89555,97316184705.09369,94963159953.43906,62375882923.02486,20379930192.10761,1241157228.2082736,303658.76528560417,0.0
7025.0,28564808888312.496,28689791435612.0,28811824613127.793,28930914172986.37,29047066081490.594,29160286520212.15,29270581887032.64,29377958797132.547,29482424083924.43,29583984799930.164,29682648217598.215,29778421830060.562,29871313351825.562,29961330719405.77,30048482091877.523,30132775851370.707,30214220603485.633,30292825177635.52,30368598627311.203,30441550230266.527,30511689488621.055,30579026128878.6,30643570101857.68,30705331582532.656,30764320969781.766,30820548886040.227,30874026176855.062,30924763910339.258,30972773376522.215,31018066086593.906,31060653772039.75,31100548383663.03,31137762090492.387,31172307278571.195,31204196549625.703,31233442719608.97,31260058817117.59,31284058081678.234,31305453961900.305,31324260113492.35,31340490397138.297,31354158876230.93,31365279814458.64,31373867673243.17,31379937109023.777,31383502970386.055,31384580295030.35,31383184306578.066,31379330411211.387,31373034194143.25,31364311415914.75,31353178008515.83,31339650071326.14,31323743866873.03,31305475816402.336,31284862495259.67,31261920628077.805,31236667083767.484,31209118870307.695,31179293129332.39,31147207130510.094,31112878265713.117,31076324042972.977,31037562080218.75,30996610098795.1,30953485916756.586,30908207441935.26,30860792664778.273,30811259650952.258,30759626533711.617,30705911506027.715,30650132812475.637,30592308740876.242,30532457613690.31,30470597779162.004,30406747602209.438,30340925455059.31,30273149707623.535,30203438717615.48,30131810820403.418,30058284318599.406,29982877471381.47,29905608483547.35,29826495494298.305,29745556565751.17,29662809671177.906,29578272682971.035,29491963360334.4,29403899336698.43,29314098106859.434,29222577013842.89,29129353235490.438,29034443770771.32,28937865425818.43,28839634799690.188,28739768269859.32,28638281977430.14,28535191812086.047,28430513396770.0,28324262072100.176,28216452880523.95,28107100550214.35,27996219478712.027,27883823716318.16,27769926949242.586,27654542482513.49,27537683222653.99,27419361660132.973,27299589851597.52,27178379401894.418,27055741445890.586,26931686630100.727,26806225094133.605,26679366451967.418,26551119773066.484,26421493563352.09,26290495746041.668,26158133642370.895,26024413952214.586,25889342734624.113,25752925388298.62,25615166632010.434,25476070485005.035,25335640247397.54,25193878480589.906,25050786987733.277,24906366794262.527,24760618128531.242,24613540402577.074,24465132193049.53,24315391222333.78,24164314339906.492,24011897503961.418,23858135763344.77,23703023239843.05,23546553110867.824,23388717592585.074,23229507923538.81,23068914348821.97,22906926104850.027,22743531404796.24,22578717424750.098,22412470290664.246,22244775066158.645,22075615741253.875,21904975222109.688,21732835321848.78,21559176752549.586,21383979118496.473,21207220910779.793,21028879503343.348,20848931150581.008,20667350986589.85,20484113026191.715,20299190167840.938,20112554198541.566,19924175800902.547,19734024562466.188,19542068987450.855,19348276511055.098,19152613516477.746,18955045354814.33,18755536367997.945,18554049914959.75,18350548401191.09,18144993311898.043,17937345248945.707,17727563971798.457,17515608442670.324,17301436876107.826,17085006793236.258,16866275080909.406,16645198056010.857,16421731535164.713,16195830910122.031,15967451229098.967,15736547284351.38,15503073706280.25,15266985064371.523,15028235975283.268,14786781218402.27,14542575859201.516,14295575380739.184,14045735823648.42,13793013934976.53,13537367326240.262,13278754641072.488,13017135732843.479,12752471852647.615,12484725848053.47,12213862373021.783,11939848109402.277,11662652000425.32,11382245496609.05,11098602814507.139,10811701208724.43,10521521257630.246,10228047163199.885,9931267065414.201,9631173371645.63,9327763101455.47,9021038247222.57,8711006151016.54,8397679898119.708,8081078727591.334,7761228460253.551,7438161944462.719,7111919520010.071,6782549500473.305,6450108674314.059,6114662824985.637,5776287270280.194,5435067421104.028,5091099359823.096,4744490438268.128,4395359895428.0483,4043839494791.449,3690074181217.2676,3334222757126.708,2976458577705.7324,2616970264692.085,2255962438187.8525,1893656465787.638,1530291228139.9487,1166123899862.2905,801430744504.8741,436507922000.20557,71672306739.78244,-292737685919.4043,-656361267305.7179,-1018814440274.2878,-1379689164787.4053,-1738552528372.9502,-2094945926282.1362,-2448384256952.588,-2798355139289.322,-3144318159321.5513,-3485704155001.056,-3821914549303.68,-4152320743408.9263,-4476263583599.266,-4793052917680.695,-5101967259224.9795,-5402253580828.1455,-5693127260928.162,-5973772212600.483,-6243341227233.554,-6500956571168.893,-6745710879375.449,-6976668397130.476,-7192866628624.22,-7393318460529.373,-7577014839018.866,-7742928090620.896,-7890015990800.382,-8017226699365.822,-8123504698787.724,-8207797890280.023,-8269066022922.745,-8306290652906.969,-8318486852621.485,-8304716911875.81,-8264106294658.046,-8195862132357.356,-8099294545294.362,-7973841084404.571,-7819094568088.717,-7634834547579.474,-7421062557100.234,-7178041178924.06,-6906336760923.633,-6606865344218.914,-6280940966227.43,-5930324972102.387,-5557274266831.49,-5164585546340.663,-4755631444836.086,-4334383235923.6284,-3905413275556.939,-3473868889613.3467,-3045408100600.7305,-2626086809520.7725,-2222187339587.9717,-1839980377824.16,-1485417345500.6917,-1163759363058.924,-879163690817.7042,-634270227696.9344,-429860237516.3988,-264696188420.0604,-135689838973.52296,-38566117826.80342,30863511003.607277,74976170635.6968,93095767580.69852,83186420374.60298,49805551854.88573,14310367148.807415,698268601.0613445,125623.6874095891,0.0
7022.5,28461984749784.32,28571151058750.508,28677514122613.58,28781080303967.31,28881856167560.96,28979848481030.04,29075064215571.242,29167510546561.113,29257194854115.15,29344124723586.49,29428307946001.355,29509752518429.52,29588466644287.773,29664458733574.04,29737737403030.5,29808311476232.57,29876189983602.58,29941382162345.3,30003897456303.03,30063745515728.156,30120936196970.832,30175479562079.156,30227385878309.586,30276665617545.234,30323329455619.35,30367388271541.844,30408853146625.79,30447735363511.867,30484046405087.84,30517797953300.63,30549001887858.12,30577670284818.348,30603815415062.902,30627449742652.598,30648585923061.613,30667236801288.297,30683415409839.375,30697134966584.844,30708408872480.492,30717250709155.867,30723674236363.94,30727693389290.508,30729322275719.336,30728575173051.535,30725466525174.86,30720010939181.07,30712223181927.723,30702118176441.9,30689710998162.883,30675016871020.316,30658051163345.867,30638829383614.5,30617367176013.05,30593680315833.008,30567784704684.47,30539696365528.582,30509431437525.383,30477006170694.457,30442436920385.316,30405740141554.82,30366932382848.863,30326030280485.617,30283050551937.5,30238009989409.33,30190925453110.242,30141813864316.2,30090692198221.367,30037577476575.26,29982486760103.87,29925437140711.85,29866445733464.055,29805529668344.156,29742706081787.797,29677992107989.473,29611404869979.887,29542961470473.035,29472678982481.133,29400574439695.652,29326664826633.496,29250967068546.652,29173498021094.68,29094274459778.766,29013313069136.965,28930630431699.56,28846243016704.81,28760167168574.336,28672419095148.562,28583014855682.24,28491970348600.914,28399301299018.55,28305023246017.93,28209151529694.707,28111701277966.97,28012687393152.047,27912124538313.023,27810027123377.332,27706409291030.508,27601284902388.457,27494667522451.902,27386570405347.348,27277006479358.92,27165988331756.426,27053528193425.12,26939637923303.414,26824328992634.74,26707612469041.51,26589499000428.566,26469998798724.41,26349121623470.07,26226876765264.58,26103273029078.51,25978318717446.074,25852021613548.75,25724388964202.934,25595427462765.742,25465143231973.75,25333541806730.66,25200628116860.605,25066406469845.13,24930880533563.03,24794053319053.152,24655927163321.895,24516503712218.25,24375783903400.367,24233767949419.78,24090455320949.996,23945844730188.438,23799934114462.21,23652720620069.688,23504200586391.875,23354369530309.64,23203222130964.195,23050752214901.184,22896952741640.227,22741815789714.21,22585332543225.117,22427493278965.703,22268287354158.37,22107703194866.156,21945728285132.83,21782349156912.26,21617551380850.473,21451319557986.613,21283637312442.758,21114487285175.684,20943851128867.18,20771709504033.746,20598042076439.87,20422827515903.28,20246043496584.707,20067666698859.406,19887672812871.445,19706036543877.094,19522731619488.117,19337730798930.81,19151005884442.0,18962527734928.06,18772266282018.95,18580190548654.812,18386268670348.22,18190467919271.49,17992754731324.605,17793094736345.098,17591452791628.68,17387793018934.79,17182078845159.262,16974273046862.102,16764337798846.344,16552234726990.29,16337924965543.459,16121369219103.283,15902527829497.611,15681360847805.168,15457828111754.086,15231889328745.88,15003504164760.326,14772632339403.783,14539233727371.713,14303268466603.195,14064697073413.031,13823480564894.268,13579580588890.975,13332959561848.654,13083580814855.646,12831408748196.232,12576408994741.576,12318548592511.074,12057796166741.514,11794122121806.92,11527498843335.75,11257900910876.22,10985305321463.63,10709691724445.53,10431042667922.371,10149343857161.59,9864584425342.727,9576757216989.303,9285859084440.51,8991891197711.447,8694859368084.383,8394774385766.976,8091652371942.875,7785515145529.836,7476390604946.234,7164313125170.844,6849323970362.535,6531471722283.874,6210812724748.148,5887411544280.191,5561341447148.465,5232684892888.052,4901534044391.72,4567991294597.415,4232169809745.555,3894194089116.971,3554200541091.9683,3212338075290.4814,2868768710463.1904,2523668197700.373,2177226658409.3608,1829649236379.1475,1481156763101.471,1131986435347.3389,782392503805.0946,432646971366.2083,83040299394.80724,-266117879968.18683,-614498047740.7572,-961750080920.8243,-1307502537263.2046,-1651361945567.247,-1992912105586.5884,-2331713402307.5474,-2667302140072.8877,-2999189902863.4985,-3326862948010.989,-3649781641716.714,-3967379946019.4434,-4279064968310.1963,-4584216586167.395,-4882187162211.12,-5172301365891.699,-5453856121675.918,-5726120706027.047,-5988337018945.928,-6239720059715.018,-6479458640936.954,-6706716380061.895,-6920633013441.742,-7120326084626.93,-7304893066231.559,-7473413983335.652,-7624954616165.226,-7758570370778.609,-7873310918752.662,-7968225720429.134,-8042370561108.808,-8094815245532.203,-8124652612780.678,-8131009050887.37,-8113056707191.901,-8070027605641.838,-8001229894133.754,-7906066451183.312,-7784056078363.238,-7634857488491.553,-7458296263411.497,-7254394891426.694,-7023405892862.021,-6765847890083.536,-6482544260175.546,-6174663706252.01,-5843761676974.852,-5491821032627.001,-5121289681711.498,-4735112083355.072,-4336750531540.108,-3930191037676.3833,-3519927481630.625,-3110916646656.9727,-2708496022247.0186,-2318256206793.6465,-1945860880694.198,-1596810338973.2268,-1276150335335.337,-988137490964.1643,-735886760557.8014,-521046160305.752,-343569034604.0426,-201682212754.96402,-92171299756.47021,-11098937449.238453,45020709581.817474,77877783957.71663,86870974452.89125,71595319228.21916,39136857996.98422,9879535926.871769,385660747.0031638,52270.47821813494,0.0
7020.0,28294484057360.914,28389016491251.375,28480887449011.387,28570103803607.67,28656672617409.73,28740601142576.117,28821896821381.836,28900567286485.906,28976620361136.516,29050064059312.46,29120906585798.44,29189156336192.6,29254821896844.414,29317912044720.4,29378435747196.285,29436402161773.137,29491820635715.477,29544700705609.305,29595052096837.97,29642884722973.54,29688208685081.594,29731034270937.344,29771371954150.61,29809232393197.54,29844626430356.805,29877565090547.91,29908059580069.35,29936121285234.188,29961761770900.81,29984992778896.277,30005826226330.133,30024274203796.25,30040348973459.566,30054062967026.656,30065428783596.242,30074459187387.99,30081167105346.926,30085565624620.902,30087667989908.742,30087487600676.18,30085038008237.62,30080332912700.883,30073386159772.176,30064211737419.438,30052823772390.625,30039236526585.387,30023464393276.723,30005521893180.62,29985423670371.266,29963184488038.71,29938819224087.227,29912342866571.453,29883770508968.027,29853117345280.246,29820398664973.43,29785629847738.523,29748826358081.547,29710003739736.926,29669177609901.84,29626363653290.152,29581577616002.914,29534835299213.844,29486152552667.793,29435545267989.594,29383029371801.965,29328620818650.277,29272335583732.355,29214189655431.81,29154199027652.84,29092379691955.51,29028747629489.414,28963318802724.914,28896109146980.258,28827134561743.83,28756410901790.11,28683953968088.746,28609779498505.92,28533903158297.27,28456340530392.125,28377107105468.473,28296218271818.85,28213689305006.957,28129535357315.367,28043771446984.84,27956412447245.582,27867473075141.86,27776967880150.46,27684911232595.03,27591317311857.25,27496200094387.297,27399573341515.414,27301450587067.285,27201845124785.89,27100769995563.164,26998237974484.676,26894261557691.484,26788852949063.215,26682024046727.13,26573786429398.312,26464151342556.293,26353129684464.41,26240731992038.168,26126968426569.88,26011848759316.832,25895382356961.312,25777578166951.355,25658444702731.203,25537990028871.88,25416221746112.414,25293146976322.977,25168772347402.664,25043103978124.117,24916147462939.54,24787907856762.355,24658389659740.336,24527596802036.348,24395532628634.92,24262199884192.64,24127600697952.29,23991736568741.625,23854608350078.695,23716216235407.055,23576559743485.465,23435637703957.93,23293448243131.74,23149988769992.098,23005255962483.95,22859245754093.17,22711953320760.703,22563373068165.48,22413498619413.39,22262322803171.715,22109837642290.586,21956034342954.734,21800903284411.484,21644434009322.94,21486615214792.766,21327434744120.516,21166879579338.83,21004935834592.16,20841588750417.402,20676822688990.906,20510621130408.402,20342966670068.387,20173841017231.844,20003224994835.383,19831098540638.156,19657440709786.027,19482229678881.16,19305442751648.26,19127056366293.363,18947046104654.645,18765386703249.566,18582052066326.895,18397015281036.277,18210248634833.9,18021723635245.918,17831411032118.15,17639280842484.215,17445302378190.045,17249444276418.426,17051674533261.99,16851960540499.188,16650269125733.342,16446566596060.492,16240818785438.268,16032991105932.963,15823048603029.33,15610956015192.658,15396677837879.65,15180178392200.43,14961421898440.395,14740372554657.152,14516994620573.514,14291252506994.334,14063110870980.773,13832534717021.941,13599489504449.453,13363941261347.086,13125856705212.518,12885203370634.406,12641949744252.984,12396065407277.275,12147521185837.184,11896289309452.74,11642343577906.559,11385659536809.76,11126214662153.703,10863988554143.164,10598963140607.6,10331122890288.83,10060455036303.533,9786949810078.264,9510600686053.484,9231404637450.39,8949362403390.625,8664478767654.107,8376762849353.932,8086228405799.311,7792894147808.056,7496784067719.094,7197927780341.572,6896360877062.336,6592125293314.756,6285269689591.991,5975849846163.531,5663929071627.35,5349578625399.076,5032878154205.192,4713916142608.054,4392790377546.1196,4069608426823.0693,3744488131423.4346,3417558111468.6323,3088958285556.353,2758840403145.915,2427368589561.4175,2094719903082.919,1761084903480.459,1426668231216.1726,1091689196392.962,756382376362.6521,420998220718.6625,85803662186.59036,-248917268315.02216,-582862824443.9407,-915712927343.4829,-1247128551353.5232,-1576751115585.0127,-1904201884875.1804,-2229081384158.556,-2550968830880.0425,-2869421590749.7505,-3183974662907.83,-3494140201445.2393,-3799407081228.662,-4099240517123.4053,-4393081747017.4424,-4680347790547.32,-4960431297139.33,-5232700498937.903,-5496499286433.89,-5751147427166.119,-5995940950797.509,-6230152727209.644,-6453033268073.286,-6663811786697.926,-6861697555904.384,-7045881609271.145,-7215538837447.123,-7369830538370.428,-7507907488248.189,-7628913609087.044,-7731990318446.721,-7816281657911.286,-7880940308472.008,-7925134613445.339,-7948056742447.267,-7948932142880.962,-7927030437712.8125,-7881677939043.801,-7812271954750.577,-7718297068345.57,-7599343567559.701,-7455128181453.904,-7285517254467.83,-7090552432701.908,-6870478855276.848,-6625775722375.277,-6357188940156.88,-6065765307908.285,-5752887399880.941,-5420307888225.439,-5070181540725.947,-4705092498968.875,-4328073700447.983,-3942614470982.5957,-3552651429538.3066,-3162537007461.2847,-2776979241793.308,-2400946294959.112,-2039529723532.9692,-1697762332323.369,-1380390097426.806,-1091603814324.6111,-834745541706.496,-612018152191.0167,-424243496310.0365,-270734829692.31802,-149368538588.1811,-56948669509.15751,10069893438.817017,54554666859.149475,77742444839.97974,79375176616.74525,60628299816.14444,30286544623.14559,6709051401.8327,209407302.51444167,21725.894844335202,0.0
7017.5,28069389182236.277,28150401839043.508,28228890186345.324,28304861511609.93,28378323278385.63,28449283126362.61,28517748871373.574,28583728505332.156,28647230196106.58,28708262287327.547,28766833298127.836,28822951922812.516,28876627030457.28,28927867664433.312,28976683041857.0,29023082552962.23,29067075760393.39,29108672398417.383,29147882372052.508,29184715756112.062,29219182794160.953,29251293897383.258,29281059643358.316,29308490774743.918,29333598197863.83,29356392981198.145,29376886353774.164,29395089703455.402,29411014575127.086,29424672668775.59,29436075837459.95,29445236085173.203,29452165564591.145,29456876574706.832,29459381558348.168,29459693099576.754,29457823920965.48,29453786880753.043,29447594969872.855,29439261308854.426,29428799144594.88,29416221846998.574,29401542905482.37,29384775925344.867,29365934623996.926,29345032827051.902,29322084464272.83,29297103565374.99,29270104255681.812,29241100751631.38,29210107356132.36,29177138453766.82,29142208505838.117,29105332045262.016,29066523671298.836,29025798044125.273,28983169879243.516,28938653941726.363,28892265040296.332,28844018021237.19,28793927762136.43,28742009165456.86,28688277151936.258,28632746653813.246,28575432607878.4,28516349948349.23,28455513599567.89,28392938468520.56,28328639437177.516,28262631354653.19,28194929029185.21,28125547219932.1,28054500628588.773,27981803890819.945,27907471567510.664,27831518135834.406,27753957980138.25,27674805382645.99,27594074513978.996,27511779423495.78,27427934029450.855,27342552108973.85,27255647287870.24,27167233030244.754,27077322627949.35,26985929189857.562,26893065630967.22,26798744661333.977,26702978774838.39,26605780237789.41,26507161077367.496,26407133069910.965,26305707729049.734,26202896293690.203,26098709715856.41,25993158648392.28,25886253432530.305,25778004085332.684,25668420287011.234,25557511368132.69,25445286296716.67,25331753665234.336,25216921677515.65,25100798135574.59,24983390426361.09,24864705508450.652,24744749898681.47,24623529658751.133,24501050381784.633,24377317178886.39,24252334665690.414,24126106948922.383,23998637612989.168,23869929706612.06,23739985729520.344,23608807619223.51,23476396737880.934,23342753859289.273,23207879156008.25,23071772186647.71,22934431883338.844,22795856539414.594,22656043797325.25,22514990636816.33,22372693363397.824,22229147597134.863,22084348261791.53,21938289574361.406,21790965035019.64,21642367417533.52,21492488760170.066,21341320357140.996,21188852750627.75,21035075723430.844,20879978292290.17,20723548701925.16,20565774419845.81,20406642131988.066,20246137739229.43,20084246354843.574,19920952302954.758,19756239118056.21,19590089545659.246,19422485544142.848,19253408287876.47,19082838171691.97,18910754816784.17,18737137078122.547,18561963053459.863,18385210094028.0,18206854817013.98,18026873119913.527,17845240196863.504,17661930557057.99,17476918045357.777,17290175865206.605,17101676603971.99,16911392260833.168,16719294277343.072,16525353570795.623,16329540570534.88,16131825257347.04,15932177206081.14,15730565631649.486,15526959438563.613,15321327274167.049,15113637585730.492,14903858681581.111,14691958796442.08,14477906161164.014,14261669077034.86,14043215994860.28,13822515599011.176,13599536896640.389,13374249312275.32,13146622787998.094,12916627889429.611,12684235917738.094,12449419027897.342,12212150353424.016,11972404137826.506,11730155873002.51,11485382444824.443,11238062286155.617,10988175537541.979,10735704215826.135,10480632390932.008,10222946371069.02,9962634896605.098,9699689342856.959,9434103932044.963,9165875954657.8,8895006000468.566,8621498199440.282,8345360472753.155,8066604794179.293,7785247462023.11,7501309381835.585,7214816360100.113,6925799409074.319,6634295062957.778,6340345705538.164,6043999909449.57,5745312787153.92,5444346353732.183,5141169901543.601,4835860386779.388,4528502827901.909,4219190715920.103,3908026436407.1494,3595121703115.633,3280598002989.324,2964587052307.138,2647231263623.6694,2328684223091.2734,2009111177659.212,1688689531544.961,1367609351260.4067,1046073878348.7278,724300048845.7327,402519018319.03064,80976691157.9118,-240065747416.477,-560331298380.698,-879526616997.6392,-1197341484276.054,-1513448284444.585,-1827501491458.33,-2139137167980.684,-2447972480764.7993,-2753605236904.1226,-3055613446041.6074,-3353554914329.807,-3646966876733.383,-3935365675173.2354,-4218246491043.8613,-4495083141809.243,-4765327952717.852,-5028411716195.891,-5283743753205.59,-5530712092819.322,-5768683788493.881,-5997005392065.24,-6215003609363.885,-6421986164614.612,-6617242904479.0,-6800047176772.255,-6969657523587.299,-7125319733838.75,-7266269306142.742,-7391734379516.246,-7500939196636.215,-7593108172351.084,-7667470648756.317,-7723266427356.245,-7759752178491.331,-7776208838070.595,-7771950111336.667,-7746332212347.465,-7698764975281.769,-7628724478443.032,-7535767322407.364,-7419546698062.904,-7279830365573.651,-7116520637994.373,-6929676418787.959,-6719537275107.285,-6486549431341.338,-6231393431651.738,-5955013036287.095,-5658644673610.431,-5343846456980.729,-5012525382919.569,-4666960847689.924,-4309822053652.034,-3944176236714.285,-3573483963470.457,-3201577082173.1665,-2832614368440.635,-2471009644116.042,-2121327397649.839,-1788142013289.7234,-1475859030227.0298,-1188500884440.475,-929465851395.0557,-701277860974.6073,-505356703134.65326,-341852480677.82544,-209603234135.40744,-106285695852.37439,-28824682042.008003,25918930995.982445,60299992800.972374,75310107216.25711,71207986894.43239,50572140881.33211,23095446326.361828,4483436861.194202,111983452.95564571,8959.617307811079,0.0
7015.0,27793226796029.72,27861767520970.867,27927916294075.055,27991680726129.344,28053068590265.58,28112087821720.055,28168746517530.355,28223052936168.25,28275015497106.766,28324642780319.914,28371943525713.15,28416926632483.297,28459601158405.797,28499976319047.82,28538061486905.438,28573866190463.15,28607400113173.83,28638673092357.477,28667695118016.97,28694476331568.89,28719027024487.703,28741357636861.59,28761478755857.61,28779401114095.03,28795135587924.367,28808693195610.57,28820085095418.516,28829322583598.727,28836417092271.473,28841380187207.64,28844223565504.168,28844959053152.094,28843598602495.83,28840154289581.125,28834638311390.33,28827062982962.83,28817440734398.77,28805784107744.46,28792105753757.117,28776418428547.68,28758734990099.32,28739068394660.35,28717431693009.074,28693838026589.633,28668300623516.152,28640832794444.344,28611447928308.086,28580159487919.85,28546981005433.07,28511926077664.72,28475008361276.797,28436241567815.1,28395639458603.49,28353215839492.547,28308984555461.19,28262959485069.49,28215154534761.938,28165583633019.555,28114260724359.766,28061199763182.848,28006414707464.24,27949919512291.066,27891728123243.008,27831854469615.445,27770312457485.52,27707115962619.273,27642278823220.29,27575814832518.86,27507737731201.598,27438061199681.312,27366798850207.06,27293964218814.375,27219570757116.07,27143631823933.816,27066160676771.094,26987170463128.0,26906674211659.062,26824684823174.88,26741215061488.65,26656277544109.35,26569884732782.72,26482048923882.277,26392782238651.965,26302096613303.16,26210003788968.086,26116515301512.72,26021642471212.016,25925396392290.984,25827787922334.93,25728827671573.02,25628525992039.31,25526892966615.598,25423938397961.64,25319671797337.156,25214102373322.008,25107239020440.234,24999090307694.656,24889664467018.723,24778969381653.355,24667012574456.363,24553801196152.75,24439342013535.305,24323641397624.188,24206705311796.246,24088539299894.043,23969148474326.355,23848537504171.688,23726710603297.44,23603671518508.18,23479423517736.664,23353969378292.863,23227311375186.176,23099451269537.355,22970390297097.816,22840129156893.875,22708668000015.707,22576006418570.867,22442143434823.77,22307077490543.09,22170806436580.977,22033327522708.2,21894637387731.37,21754732049919.094,21613606897765.63,21471256681121.72,21327675502723.836,21182856810154.555,21036793388268.438,20889477352118.96,20740900140424.535,20591052509612.516,20439924528482.367,20287505573531.266,20133784324986.617,19978748763592.848,19822386168201.266,19664683114214.465,19505625472938.418,19345198411898.332,19183386396176.625,19020173190833.168,18855541864471.887,18689474794018.887,18521953670781.6,18352959507859.824,18182472648983.508,18010472778854.81,17836938935074.777,17661849521738.605,17485182324786.48,17306914529200.496,17127022738141.33,16945482994122.326,16762270802321.793,16577361156138.389,16390728565097.928,16202347085224.1,16012190351989.152,15820231615965.037,15626443781298.893,15430799447141.682,15233270952162.053,15033830422282.482,14832449821778.23,14629101007884.438,14423755789060.814,14216385987067.168,14006963503007.994,13795460387507.887,13581848915184.072,13366101663586.346,13148191596778.57,12928092153740.26,12705777341770.01,12481221835076.57,12254401078746.877,12025291398283.5,11793870114907.01,11560115666821.982,11324007736647.555,11085527385215.762,10844657191943.084,10601381401981.568,10355686080357.576,10107559273306.36,9856991177010.791,9603974313952.234,9348503717080.0,9090577122004.324,8830195167414.64,8567361603921.854,8302083511518.546,8034371525845.575,7764240073447.048,7491707616187.558,7216796904996.766,6939535243095.279,6659954758843.969,6378092688344.683,6093991667904.212,5807700036455.688,5519272148010.885,5228768694194.084,4936257036882.575,4641811550949.517,4345513977073.202,4047453784540.004,3747728543928.326,3446444309515.513,3143716011199.5845,2839667855671.0825,2534433736507.924,2228157652796.0347,1920994135800.0273,1613108683121.1294,1304678199681.5762,995891444765.3544,686949484222.8098,378066146809.51935,69468483475.92339,-238602771748.1529,-545892740823.628,-852131942494.3696,-1157035836813.1956,-1460304375689.2732,-1761621562054.3955,-2060655020595.1873,-2357055583392.5337,-2650456894253.959,-2940475036027.396,-3226708185751.107,-3508736303136.3394,-3786120858603.3887,-4058404607911.6797,-4325111421351.5874,-4585746176514.877,-4839794724847.94,-5086723943535.206,-5325981885780.054,-5556998044269.303,-5779183744549.8125,-5991932687240.605,-6194621660478.492,-6386611446785.272,-6567247951680.518,-6735863584883.564,-6891778928886.003,-7034304734064.749,-7162744284376.217,-7276396183045.271,-7374557613547.785,-7456528137572.395,-7521614098495.717,-7569133706135.155,-7598422886014.688,-7608841983873.004,-7599783423330.15,-7570680421037.129,-7521016868594.261,-7450338493126.449,-7358265407408.092,-7244506154198.459,-7108873335829.607,-6951300896321.202,-6771863085875.985,-6570795082181.994,-6348515164210.279,-6105648225857.574,-5843050271621.446,-5561833346591.038,-5263390110285.235,-4949416960911.012,-4621934248384.406,-4283301680593.8667,-3936226535792.819,-3583761765862.2505,-3229290551665.8013,-2876493422563.987,-2529293785769.1133,-2191777785487.4534,-1868085043583.723,-1562268303408.1113,-1278122644972.3723,-1018989134342.5482,-787543860259.9536,-585591509389.4226,-413892812468.43616,-272066505019.00693,-158616527474.95956,-71138528548.6409,-6744313975.279303,37315755530.06903,62997381610.09274,71219475739.07028,62843368464.119446,41589178293.123215,17363358345.694138,2949617032.272256,59110044.937500924,3644.919264541387,0.0
7012.5,27471999527287.97,27529052032104.58,27583839966372.1,27636371178098.055,27686653663638.688,27734695567180.2,27780505180156.33,27824090940601.516,27865461432437.17,27904625384690.58,27941591670644.008,27976369306913.1,28008967452452.54,28039395407487.875,28067662612371.453,28093778646361.324,28117753226321.047,28139596205339.297,28159317571267.246,28176927445172.33,28192436079706.63,28205853857388.574,28217191288795.656,28226459010667.363,28233667783916.02,28238828491544.168,28241952136466.906,28243049839237.465,28242132835674.32,28239212474388.33,28234300214208.17,28227407621502.516,28218546367397.383,28207728224886.844,28194965065835.766,28180268857872.855,28163651661172.355,28145125625123.164,28124702984883.35,28102396057819.043,28078217239825.742,28052179001531.258,28024293884377.758,27994574496582.715,27963033508976.35,27929683650715.1,27894537704868.758,27857608503881.188,27818908924902.34,27778451884991.004,27736250336186.79,27692317260450.54,27646665664471.83,27599308574342.703,27550259030096.664,27499530080112.223,27447134775379.645,27393086163630.992,27337397283332.098,27280081157536.016,27221150787597.85,27160619146749.875,27098499173537.324,27034803765113.977,26969545770397.848,26902737983086.805,26834393134534.066,26764523886484.094,26693142823668.78,26620262446264.926,26545895162213.008,26470053279398.395,26392748997695.758,26313994400877.707,26233801448388.79,26152181966986.312,26069147642249.61,25984710009959.242,25898880447348.383,25811670164228.223,25723090193989.992,25633151384486.04,25541864388792.83,25449239655859.023,25355287421041.547,25260017696534.008,25163440261690.363,25065564653248.805,24966400155459.867,24865955790123.734,24764240306541.76,24661262171387.617,24557029558504.203,24451550338631.97,24344832069075.83,24236881983317.258,24127706980579.26,24017313615351.76,23905708086886.332,23792896228668.504,23678883497877.242,23563674964841.79,23447275302505.574,23329688775908.953,23210919231701.902,23090970087699.047,22969844322489.93,22847544465118.08,22724072584843.17,22599430281001.055,22473618672977.934,22346638390314.656,22218489562959.043,22089171811684.25,21958684238692.44,21827025418423.863,21694193388592.355,21560185641469.777,21424999115441.793,21288630186860.21,21151074662216.434,21012327770663.266,20872384156912.66,20731237874538.363,20588882379714.438,20445310525420.836,20300514556149.934,20154486103148.426,20007216180230.86,19858695180203.2,19708912871935.434,19557858398124.8,19405520273792.95,19251886385561.4,19096943991752.75,18940679723366.125,18783079585977.773,18624128962619.805,18463812617692.227,18302114701965.766,18139018758734.92,17974507731183.684,17808563971028.125,17641169248503.273,17472304763763.744,17301951159770.39,17130088536738.43,16956696468224.479,16781754018933.67,16605239764330.22,16427131812138.525,16247407825824.291,16066045050148.844,15883020338892.568,15698310184847.04,15511890752178.412,15323737911268.113,15133827276140.16,14942134244588.225,14748634041118.217,14553301762826.713,14356112428337.977,14157041029926.617,13956062588955.947,13753152214765.707,13548285167146.47,13341436922540.969,13132583244116.62,12921700255855.996,12708764520816.078,12493753123709.393,12276643757963.828,12057414817420.281,11836045492830.203,11612515873317.611,11386807052972.348,11158901242743.51,10928781887803.648,10696433790556.021,10461843239458.193,10224998143836.113,9985888174863.303,9744504912879.629,9500842001223.537,9254895306750.908,9006663087211.492,8756146165652.157,8503348112012.587,8248275432075.859,7990937763931.294,7731348082101.468,7469522909479.189,7205482537211.774,6939251252662.001,6670857575564.362,6400334502483.978,6127719759672.254,5853056064398.649,5576391394821.305,5297779268440.107,5017279029155.433,4734956142931.691,4450882502039.071,4165136737817.353,3877804541873.3745,3588978995587.3687,3298760907763.208,3007259160212.8584,2714591061015.3594,2420882705135.7114,2126269342026.9216,1830895749770.4897,1534916615234.088,1238496919640.3962,941812328846.4387,645049587527.5786,348406916342.3495,52094411023.39386,-243665557806.97156,-538637945462.00635,-832574636205.293,-1125214050208.885,-1416280756438.7236,-1705485093708.778,-1992522802434.4392,-2277074669940.1484,-2558806192540.301,-2837367258022.0903,-3112391852618.6396,-3383497797078.843,-3650286517021.689,-3912342853419.018,-4169234919787.4746,-4420514013501.446,-4665714589573.67,-4904354306303.266,-5135934153376.457,-5359938674339.104,-5575836296861.226,-5783079785900.426,-5981106836765.504,-6169340827206.722,-6347191750037.913,-6514057350455.179,-6669324495179.818,-6812370803846.031,-6942566576697.246,-7059277056665.83,-7161865068299.648,-7249694080761.592,-7322131747245.502,-7378553978577.185,-7418349614421.465,-7440925761265.16,-7445713871994.682,-7432176647151.388,-7399815842426.327,-7348181070096.41,-7276879683158.489,-7185587828892.073,-7074062752169.707,-6942156416351.716,-6789830488898.666,-6617172707219.24,-6424414594423.514,-6211950430566.058,-5980357297925.602,-5730415903501.531,-5463131732353.446,-5179755895689.27,-4881804802285.058,-4571077497086.406,-4249669176181.1895,-3919979007971.629,-3584709980707.452,-3246858084737.2363,-2909687771676.9453,-2576690386562.324,-2251522251491.9116,-1937919439983.308,-1639587215325.8748,-1360063851880.4365,-1102561382925.7966,-869789984631.9253,-663778403814.7935,-485710066579.5259,-335802859017.9808,-213268837406.0533,-116395504771.1467,-42786854463.68059,10221764648.760302,45027645469.126656,63298109158.55213,66011026121.04167,54641056662.17889,33744050531.426327,12875350690.902954,1911191372.5048761,30882883.31288957,1456.3204682276448,0.0
7010.0,27111216759255.38,27157702834403.17,27202046614530.836,27244256104177.734,27284339442119.1,27322304900594.047,27358160884470.008,27391915930342.25,27423578705567.227,27453158007228.57,27480662761033.66,27506102020140.344,27529484963911.43,27550820896596.367,27570119245938.227,27587389561704.58,27602641514141.04,27615884892346.09,27627129602565.473,27636385666404.965,27643663218959.953,27648972506860.824,27652323886231.797,27653727820562.992,27653194878493.297,27650735731503.234,27646361151516.098,27640082008406.25,27631909267412.83,27621853986457.805,27609927313367.008,27596140482992.355,27580504814234.57,27563031706964.56,27543732638842.438,27522619162032.793,27499702899814.8,27474995543086.4,27448508846760.64,27420254626053.695,27390244752662.773,27358491150833.414,27325005793314.305,27289800697199.473,27252887919655.953,27214279553536.586,27173987722876.625,27132024578273.5,27088402292148.734,27043133053891.22,26996229064881.273,26947702533394.652,26897565669385.88,26845830679150.363,26792509759865.07,26737615094006.65,26681158843647.668,26623153144629.566,26563610100613.22,26502541777006.176,26439960194767.01,26375877324086.9,26310305077948.234,26243255305561.008,26174739785677.215,26104770219783.664,26033358225173.977,25960515327900.65,25886252955607.79,25810582430245.883,25733514960669.574,25655061635119.9,25575233413592.39,25494041120092.863,25411495434782.63,25327606886015.0,25242385842265.64,25155842503959.01,25067986895193.312,24978828855367.113,24888378030710.44,24796643865723.816,24703635594528.605,24609362232132.58,24513832565614.656,24417055145233.293,24319038275462.91,24219790005963.453,24119318122488.336,24017630137736.16,23914733282152.22,23810634494686.06,23705340413511.62,23598857366717.125,23491191362971.805,23382348082177.812,23272332866114.95,23161150709087.42,23048806248581.53,22935303755944.207,22820647127092.094,22704839873262.668,22587885111817.79,22469785557112.25,22350543511439.285,22230160856066.37,22108639042374.93,21985979083118.273,21862181543813.086,21737246534279.875,21611173700349.492,21483962215752.496,21355610774210.027,21226117581745.02,21095480349233.594,20963696285217.582,20830762088999.98,20696673944046.023,20561427511713.617,20425017925338.375,20287439784698.62,20148687150887.984,20008753541623.836,19867631927020.71,19725314725860.12,19581793802388.43,19437060463676.555,19291105457576.35,19143918971310.062,18995490630730.785,18845809500293.484,18694864083777.527,18542642325803.71,18389131614190.09,18234318783193.06,18078190117681.785,17920731358295.965,17761927707638.95,17601763837560.203,17440223897583.227,17277291524536.924,17112949853451.037,16947181529778.027,16779968723006.465,16611293141733.13,16441136050263.225,16269478286811.281,16096300283376.963,15921582087373.11,15745303385085.783,15567443527048.748,15387981555417.559,15206896233431.033,15024166077050.836,14839769388872.54,14653684294404.55,14465888780813.855,14276360738240.656,14085078003786.893,13892018408285.996,13697159825964.951,13500480227111.756,13301957733864.697,13101570679242.584,12899297669537.516,12695117650195.086,12489009975308.668,12280954480857.89,12070931561823.037,11858922253309.97,11644908315822.078,11428872324817.773,11210797764694.21,10990669127338.889,10768472015393.104,10544193250371.611,10317820985784.281,10089344825405.713,9858755946839.445,9626047230523.107,9391213394320.156,9154251133843.174,8915159268652.256,8673938894469.59,8430593541549.511,8185129339339.29,7937555187562.774,7687882933853.757,7436127558060.8,7182307363338.89,6926444174135.59,6668563541171.5625,6408694953505.092,6146872057759.921,5883132884583.18,5617520082386.641,5350081158409.07,5080868727120.247,4809940765968.291,4537360878450.104,4263198564461.8105,3987529497858.8496,3710435811127.086,3432006387033.158,3152337157086.8755,2871531406608.5913,2589700086150.414,2306962128971.2114,2023444774211.453,1739283895354.0696,1454624333490.531,1169620234838.3096,884435391873.5334,599243587351.927,314228940390.1417,29586253667.461548,-254478639317.35498,-537748528138.131,-819994481841.104,-1100975509384.355,-1380438225840.8625,-1658116526304.3958,-1933731269677.3525,-2206989974787.7764,-2477586531582.795,-2745200930480.8145,-3009499013340.38,-3270132249923.4614,-3526737544201.6807,-3778937075381.0312,-4026338179111.122,-4268533275007.255,-4505099847355.092,-4735600486699.473,-4959583000950.245,-5176580605681.982,-5386112204472.852,-5587682771435.533,-5780783849555.183,-5964894180082.036,-6139480480046.406,-6303998386990.695,-6457893592262.301,-6600603186703.103,-6731557245319.364,-6850180680534.553,-6955895396924.917,-7048122783913.492,-7126286586743.303,-7189816200137.26,-7238150433333.458,-7270741799580.261,-7287061387567.085,-7286604376479.057,-7268896260151.533,-7233499848824.106,-7180023118794.4795,-7108127980238.48,-7017540030790.525,-6908059356128.726,-6779572427449.638,-6632065127674.751,-6465636911420.791,-6280516065648.82,-6077075985441.521,-5855852308991.149,-5617560663594.62,-5363114655888.867,-5093643590298.022,-4810509215684.05,-4515320578648.151,-4209945802311.3594,-3896519315237.2285,-3577442736381.7925,-3255377298074.3057,-2933225393158.8677,-2614098616107.523,-2301269606449.632,-1998105200384.0989,-1707978989403.5671,-1434162541538.7966,-1179696453942.8137,-947245271279.2802,-738944282376.915,-556251348516.225,-399823037617.40204,-269440805298.1101,-164018294628.09668,-81721949650.94943,-20228032784.594387,22891324472.665348,49730423541.15816,61768408290.68068,60131959469.591286,46860180507.4809,27028476520.045864,9420321817.131163,1220152321.569925,16024273.28158012,569.6868574363715,0.0
7007.5,26715924526409.797,26752706331930.387,26787462919465.625,26820202375062.75,26850932904911.062,26879662834342.746,26906400606770.44,26931154782561.07,26953934037844.08,26974747163253.207,26993603062600.438,27010510751480.78,27025479355806.977,27038518110272.473,27049636356741.703,27058843542566.477,27066149218826.836,27071563038495.71,27075094754525.695,27076754217856.953,27076551375344.832,27074496267606.3,27070599026783.54,27064869874223.94,27057319118074.945,27047957150792.902,27036794446564.293,27023841558638.844,27009109116572.61,26992607823380.53,26974348452597.035,26954341845243.758,26932598906703.027,26909130603496.527,26883947959967.703,26857062054867.152,26828484017839.797,26798225025813.336,26766296299286.58,26732709098516.945,26697474719606.617,26660604490486.03,26622109766794.22,26582001927655.434,26540292371350.99,26496992510886.055,26452113769450.637,26405667575774.24,26357665359373.902,26308118545694.957,26257038551144.242,26204436778015.82,26150324609308.336,26094713403434.484,26037614488822.293,25979039158408.055,25918998664021.336,25857504210662.094,25794566950669.996,25730197977786.793,25664408321111.566,25597208938950.055,25528610712558.355,25458624439781.766,25387260828590.117,25314530490509.984,25240443933955.582,25165011557459.152,25088243642802.59,25010150348051.85,24930741700495.68,24850027589490.836,24768017759215.7,24684721801334.71,24600149147575.703,24514309062223.168,24427210634529.95,24338862771050.59,24249274187899.363,24158453402936.66,24066408727887.17,23973148260394.047,23878679876013.016,23783011220150.96,23686149699953.64,23588102476147.703,23488876454841.89,23388478279293.543,23286914321645.844,23184190674642.363,23080313143325.33,22975287236724.54,22869118159544.43,22761810803856.734,22653369740807.14,22543799212344.08,22433103122979.07,22321285031587.574,22208348143260.684,22094295301217.637,21979128978790.207,21862851271490.58,21745463889174.086,21626968148310.164,21507364964373.695,21386654844371.465,21264837879517.2,21141913738070.832,21017881658357.55,20892740441982.81,20766488447260.934,20639123582874.887,20510643301786.086,20381044595413.91,20250323988105.117,20118477531914.75,19985500801720.46,19851388890693.773,19716136406152.184,19579737465817.41,19442185694506.094,19303474221280.176,19163595677085.656,19022542192909.07,18880305398482.93,18736876421571.91,18592245887873.477,18446403921567.504,18299340146551.145,18151043688396.453,18001503177069.844,17850706750453.793,17698642058712.992,17545296269548.652,17390656074386.16,17234707695543.258,17077436894427.51,16918828980813.514,16758868823252.328,16597540860667.406,16434829115193.174,16270717206314.365,16105188366366.42,15938225457459.129,15769810989887.707,15599927142097.877,15428555782273.688,15255678491618.568,15081276589403.1,14905331159854.45,14727823080965.455,14548733055303.08,14368041642898.623,14185729296304.404,14001776397903.719,13816163299563.83,13628870364723.297,13439878013008.09,13249166767472.922,13056717304566.271,12862510506920.555,12666527519070.502,12468749806205.322,12269159216062.32,12067738044071.48,11864469101863.059,11659335789251.258,11452322169809.666,11243413050155.059,11032594063058.316,10819851754501.697,10605173674803.72,10388548473933.15,10169966001134.566,9949417408988.363,9726895262028.246,9502393650038.969,9275908306156.742,9047436729893.723,8816978315206.898,8584534483729.776,8350108823283.224,8113707231779.075,7875338066626.599,7635012299748.536,7392743678308.179,7148548891244.093,6902447741702.736,6654463325452.412,6404622215353.773,6152954651953.276,5899494740256.152,5644280652723.441,5387354838525.878,5128764239072.405,4868560509816.285,4606800248323.587,4343545228570.0757,4078862641410.8804,3812825341143.489,3545512098059.061,3277007856847.258,3007404000688.6714,2736798620833.119,2465296791423.353,2193010849280.644,1920060678321.3223,1646573998220.6067,1372686656882.355,1098542926209.1522,824295800596.1373,550107297493.6501,276148759297.0182,2601155725.2989044,-270344614255.58856,-542487422028.1252,-813615611631.1006,-1083506706119.7808,-1351927119480.0881,-1618631875778.1987,-1883364337427.169,-2145855944674.8853,-2405825968665.363,-2662981280701.6064,-2917016140645.8174,-3167612007735.787,-3414437377478.478,-3657147648708.5884,-3895385025375.3794,-4128778458152.4946,-4356943631557.0596,-4579483002926.409,-4795985900337.067,-5006028687373.991,-5209175003574.144,-5404976090390.417,-5592971213658.739,-5772688194815.776,-5943644064518.913,-6105345853876.973,-6257291540222.458,-6398971166256.687,-6529868153489.102,-6649460833181.892,-6757224220506.947,-6852632060325.362,-6935159175906.774,-7004284154998.793,-7059492410908.568,-7100279659619.341,-7126155857360.564,-7136649646372.515,-7131313359701.689,-7109728638520.083,-7071512717393.102,-7016325433745.668,-6943877016992.334,-6853936709755.472,-6746342267462.223,-6621010372334.122,-6477947982048.845,-6317264610546.062,-6139185506613.599,-5944065652706.484,-5732404449232.123,-5504860875259.869,-5262268822033.283,-5005652177493.585,-4736239095291.881,-4455474708356.855,-4165031344558.937,-3866815072807.0845,-3562967158991.129,-3255858756223.6875,-2948076916043.0713,-2642399822696.375,-2341759074038.312,-2049186932967.3584,-1767746848745.8743,-1500446317544.0964,-1250132454894.9487,-1019372635385.3516,-810325345186.087,-624610057398.8737,-463189408443.5819,-326281893908.7424,-213327907233.73688,-123034554562.66713,-53522112738.58534,-2581448202.86864,31982629578.201782,52015992184.430244,58894089307.258965,53942850681.005066,39674023505.512856,21383091648.572624,6802971802.670437,767891314.2488201,8289446.208357103,217.7275141718396,0.0
7005.0,26290734470743.902,26318616891499.883,26344585915081.98,26368649639873.31,26390816270450.188,26411094116382.156,26429491590970.38,26446017209923.16,26460679589967.613,26473487447396.535,26484449596549.1,26493574948224.516,26500872508027.57,26506351374644.855,26510020738050.793,26511889877642.11,26511968160300.055,26510265038379.035,26506790047620.86,26501552804993.2,26494563006451.652,26485830424624.29,26475364906417.332,26463176370541.527,26449274804957.85,26433670264241.727,26416372866864.832,26397392792393.492,26376740278602.914,26354425618506.164,26330459157297.29,26304851289207.54,26277612454273.883,26248753135019.406,26218283853044.22,26186215165526.812,26152557661634.65,26117321958843.71,26080518699166.26,26042158545286.086,26002252176601.094,25960810285172.406,25917843571579.625,25873362740682.05,25827378497285.203,25779901541712.72,25730942565283.1,25680512245691.29,25628621242295.04,25575280191305.832,25520499700884.527,25464290346141.906,25406662664044.08,25347627148223.14,25287194243693.484,25225374341473.99,25162177773116.863,25097614805143.375,25031695633387.72,24964430377249.137,24895829073853.844,24825901672127.42,24754658026778.863,24682107892197.586,24608260916264.76,24533126634080.56,24456714461608.77,24379033689240.715,24300093475280.47,24219902839353.332,24138470655739.773,24055805646637.445,23971916375353.77,23886811239431.734,23800498463712.137,23712986093335.06,23624281986684.32,23534393808278.152,23443329021610.07,23351094881943.81,23257698429066.707,23163146480005.938,23067445621712.32,22970602203716.85,22872622330764.965,22773511855434.535,22673276370742.977,22571921202750.0,22469451403162.387,22365871741947.594,22261186699963.414,22155400461611.117,22048516907520.223,21940539607272.9,21831471812176.883,21721316448096.008,21610076108347.86,21497753046678.36,21384349170324.29,21269866033174.04,21154304829038.39,21037666385043.4,20919951155157.414,20801159213865.96,20681290250007.445,20560343560784.445,20438318045965.215,20315212202290.86,20191024118104.74,20065751468220.258,19939391509045.562,19811941073982.63,19683396569120.297,19553753969241.207,19423008814163.043,19291156205435.9,19158190803418.137,19024106824754.16,18888898040278.35,18752557773370.46,18615078898788.785,18476453842008.37,18336674579092.816,18195732637128.832,18053619095254.656,17910324586313.656,17765839299166.6,17620152981696.402,17473254944541.336,17325134065593.17,17175778795298.805,17025177162804.807,16873316782985.893,16720184864400.002,16565768218213.834,16410053268144.453,16253026061464.277,16094672281117.72,15934977259000.45,15773925990453.025,15611503150022.666,15447693108548.941,15282479951630.416,15115847499531.713,14947779328591.695,14778258794195.623,14607269055376.314,14434793101110.477,14260813778379.164,14085313822062.553,13908275886741.672,13729682580481.365,13549516500670.877,13367760272000.252,13184396586652.84,12999408246796.207,12812778209455.117,12624489633852.863,12434525931308.67,12242870817780.328,12049508369143.963,11854423079303.36,11657599921223.66,11459024410985.434,11258682674956.477,11056561520180.418,10852648508081.684,10646932031588.08,10439401395772.695,10230046902117.885,10018859936504.023,9805833061026.875,9590960109746.535,9374236288471.557,9155658278680.736,8935224345684.709,8712934451128.11,8488790369931.623,8262795811771.447,8034956547191.347,7805280538439.512,7573778075119.34,7340461914739.356,7105347428242.759,6868452750592.419,6629798936480.7295,6389410121227.756,6147313686922.917,5903540433857.8125,5658124757287.81,5411104829549.961,5162522787553.114,4912424925643.0,4660861893831.057,4407888901359.816,4153565925560.131,3897957925936.4546,3641135063394.932,3383172924505.856,3124152750665.8867,2864161671997.5015,2603292945791.4014,2341646199263.5903,2079327676360.5012,1816450488304.213,1553134867523.6526,1289508424566.9924,1025706407534.8845,761871963512.4459,498156401410.39343,234719455550.51175,-28270450751.50351,-290635942444.29846,-552190431779.3882,-812737860180.5895,-1072072444118.1218,-1329978426297.8538,-1586229833627.078,-1840590243585.4875,-2092812560815.9854,-2342638805955.2144,-2589799918952.3545,-2834015579378.004,-3074994046506.1113,-3312432022264.417,-3546014540495.9106,-3775414886359.1147,-4000294550123.5054,-4220303220092.3125,-4435078819913.683,-4644247596128.707,-4847424262457.403,-5044212208047.732,-5234203777716.759,-5416980633103.644,-5592114204641.02,-5759166245342.92,-5917689498612.538,-6067228493602.0625,-6207320483117.909,-6337496540666.249,-6457282834984.039,-6566202102303.452,-6663775338656.015,-6749523736733.594,-6822970894177.098,-6883645322643.709,-6931083289576.674,-6964832027223.854,-6984453346050.899,-6989527692177.223,-6979658690690.9375,-6954478218493.506,-6913652051441.643,-6856886130677.329,-6783933491753.629,-6694601896947.342,-6588762205330.833,-6466357505918.916,-6327413025478.66,-6172046803130.825,-6000481097172.477,-5813054453831.661,-5610234320886.53,-5392630028963.531,-5161005887438.878,-4916294047760.641,-4659606672482.926,-4392246811792.76,-4115717230471.1265,-3831726248786.5205,-3542189465724.0513,-3249226031924.1655,-2955147949181.666,-2662440718852.0625,-2373733580260.0093,-2091757623804.5193,-1819290300004.3032,-1559085360499.6267,-1313788160289.735,-1085837630303.4705,-877358196449.9882,-690047541406.4926,-525069363597.30615,-382964013720.4139,-263593635533.2466,-166141277835.72556,-89183629421.46762,-30851421553.762726,10925177429.689957,38124753649.81716,52398984042.78231,55085607511.137436,47725626382.6682,33184991339.25015,16715826505.0317,4850526642.772673,476643569.6111841,4293207.617106551,81.1904692873198,0.0
7002.5,25839851822756.727,25859584873766.81,25877511067631.19,25893638451869.652,25907975166507.113,25920529442699.758,25931309601301.137,25940324051367.742,25947581288602.32,25953089893734.875,25956858530839.85,25958895945588.773,25959210963437.49,25957812487746.926,25954709497836.68,25949911046970.492,25943426260272.46,25935264332573.637,25925434526187.73,25913946168615.258,25900808650175.15,25886031421563.473,25869623991337.75,25851595923326.773,25831956833964.656,25810716389548.91,25787884303421.15,25763470333070.492,25737484277158.336,25709935972464.348,25680835290752.8,25650192135558.742,25618016438893.4,25584318157868.57,25549107271238.992,25512393775862.863,25474187683079.656,25434499015004.996,25393337800742.42,25350714072511.594,25306637861692.637,25261119194786.8,25214168089292.89,25165794549499.582,25116008562193.832,25064820092284.85,25012239078344.39,24958275428063.004,24902939013622.945,24846239666987.555,24788187175107.97,24728791275047.258,24668061649022.86,24606007919367.445,24542639643409.62,24477966308274.555,24411997325605.977,24344742026210.133,24276209654623.25,24206409363603.074,24135350208546.59,24063041141834.598,23989491007105.3,23914708533458.15,23838702329590.008,23761480877865.535,23683052528323.793,23603425492623.31,23522607837928.164,23440607480737.438,23357432180660.79,23273089534143.047,23187586968140.863,23100931733754.793,23013130899819.957,22924191346459.094,22834119758601.918,22742922619474.625,22650606204063.984,22557176572560.3,22462639563784.285,22367000788602.61,22270265623337.36,22172439203175.12,22073526415581.14,21973531893725.02,21872460009924.03,21770314869110.715,21667100302332.113,21562819860287.453,21457476806912.39,21351074113017.59,21243614449990.168,21135100183566.656,21025533367686.85,20914915738437.938,20803248708099.03,20690533359296.5,20576770439281.195,20461960354338.64,20346103164344.33,20229198577476.434,20111245945098.83,19992244256827.867,19872192135796.945,19751087834133.484,19628929228663.508,19505713816859.625,19381438713048.984,19256100644898.133,19129695950192.92,19002220573931.598,18873670065750.82,18744039577704.18,18613323862414.445,18481517271620.78,18348613755143.777,18214606860291.367,18079489731729.832,17943255111845.31,17805895341621.47,17667402362060.76,17527767716177.07,17386982551588.918,17245037623743.473,17101923299802.256,16957629563221.285,16812146019058.885,16665461900045.916,16517566073454.303,16368447048800.979,16218092986425.576,16066491706981.684,15913630701882.46,15759497144743.137,15604077903864.17,15447359555800.047,15289328400060.508,15129970474992.031,14969271574889.49,14807217268388.562,14643792918191.84,14478983702182.639,14312774635982.176,14145150597007.514,13976096350088.904,13805596574707.35,13633635893914.168,13460198904996.436,13285270211953.447,13108834459851.334,12930876371124.062,12751380783891.232,12570332692363.86,12387717289411.766,12203520011367.027,12017726585139.49,11830323077722.078,11641295948164.832,11450632102097.45,11258318948882.287,11064344461479.82,10868697239110.484,10671366572797.182,10472342513873.71,10271615945545.373,10069178657587.812,9865023424271.373,9659144085597.707,9451535631935.941,9242194292144.97,9031117625268.438,8818304615887.92,8603755773219.057,8387473234033.875,8169460869491.081,7949724395954.096,7728271489873.927,7505111906811.694,7280257604671.815,7053722871213.435,6825524455903.237,6595681706167.84,6364216708098.563,6131154431655.003,5896522880406.985,5660353245846.597,5422680066293.368,5183541390406.294,4942978945305.112,4701038309292.331,4457769089153.953,4213225102002.4854,3967464561610.61,3720550269165.8438,3472549808357.989,3223535744690.0,2973585828879.8784,2722783204196.1084,2471216617541.134,2218980634067.3564,1966175855076.327,1712909138915.4097,1459293824545.8545,1205449957411.8704,951504517192.0808,697591646960.882,443852883228.96454,190437386267.41815,-62497829950.85562,-314787668937.3102,-566258724832.082,-816729058432.1187,-1066007977133.3195,-1313895819932.3533,-1560183748760.855,-1804653547565.489,-2047077430702.5237,-2287217862386.834,-2524827389125.09,-2759648487272.223,-2991413428082.084,-3219844162879.72,-3444652231266.2036,-3665538695581.053,-3882194105194.785,-4094298494588.551,-4301521419603.595,-4503522036714.021,-4699949230697.415,-4890441796653.659,-5074628682958.947,-5252129302444.735,-5422553919866.857,-5585504124584.413,-5740573398308.258,-5887347788811.451,-6025406701625.677,-6154323822984.146,-6273668188618.987,-6383005414481.954,-6481899107035.506,-6569912472452.781,-6646610145867.247,-6711560263711.427,-6764336804161.477,-6804522222729.393,-6831710412072.3545,-6845510017057.544,-6845548137942.217,-6831474456087.548,-6802965817763.495,-6759731312117.581,-6701517879008.0205,-6628116480802.486,-6539368868989.083,-6435174970997.623,-6315500914321.239,-6180387693044.487,-6029960465239.694,-5864438447216.449,-5684145340933.599,-5489520192449.437,-5281128530370.41,-5059673572031.625,-4826007209780.615,-4581140398607.735,-4326252458317.171,-4062698678211.0483,-3792015471115.367,-3515922170088.2593,-3236318402307.545,-2955275822211.8174,-2675022858187.9126,-2397921050495.7515,-2126431569464.8647,-1863070650890.0132,-1610353031164.2988,-1370723080664.4392,-1146474300115.4258,-939659238831.7665,-751993774271.9175,-584762069650.8411,-438731317007.6795,-314088327810.9929,-210412622323.74048,-126701898025.0785,-61463870875.840004,-12880528657.983704,20967797183.82893,41866488599.83991,51322857185.08854,50683643657.65245,41692445627.26511,27439026801.239098,12916688296.365847,3415525756.105629,291990986.2329456,2235326.884973392,29.51586924051613,0.0
7000.0,25367102376542.105,25379383644366.785,25389959320893.863,25398837345612.273,25406025737193.72,25411532591971.688,25415366082362.387,25417534455227.773,25418046030178.984,25416909197820.05,25414132417930.65,25409724217587.496,25403693189223.477,25396047988623.605,25386797332857.543,25375949998147.47,25363514817670.824,25349500679297.414,25333916523259.8,25316771339756.773,25298074166488.812,25277834086125.54,25256060223703.805,25232761743956.53,25207947848571.31,25181627773378.59,25153810785468.57,25124506180236.652,25093723278356.97,25061471422683.344,25027759975077.715,24992598313165.22,24955995827015.996,24917961915753.43,24878505984088.29,24837637438778.86,24795365685016.938,24751700122739.47,24706650142865.74,24660225123460.348,24612434425821.684,24563287390496.49,24512793333220.043,24460961540782.82,24407801266823.39,24353321727548.37,24297532097379.33,24240441504527.688,24182059026497.7,24122393685518.35,24061454443904.977,23999250199351.24,23935789780152.3,23871081940360.285,23805135354873.22,23737958614458.117,23669560220710.01,23599948580947.926,23529132003049.496,23457118690225.453,23383916735736.227,23309534117551.742,23233978692957.17,23157258193105.926,23079380217522.566,23000352228557.92,22920181545798.605,22838875340433.984,22756440629582.96,22672884270583.89,22588212955250.438,22502433204096.875,22415551360536.145,22327573585054.582,22238505849366.668,22148353930554.367,22057123405195.117,21964819643482.75,21871447803346.37,21777012824571.81,21681519422931.055,21584972084324.867,21487375058944.49,21388732355458.01,21289047735228.113,21188324706567.03,21086566519036.336,20983776157797.613,20879956338022.625,20775109499369.566,20669237800534.31,20562343113884.605,20454427020186.297,20345490803430.516,20235535445771.527,20124561622585.195,20012569697658.36,19899559718519.94,19785531411925.133,19670484179504.3,19554417093588.69,19437328893225.855,19319217980397.727,19200082416455.25,19079919918783.7,18958727857713.484,18836503253692.035,18713242774732.395,18588942734155.62,18463599088643.555,18337207436620.625,18209763016982.656,18081260708192.152,17951695027760.227,17821060132135.617,17689349817022.32,17556557518148.383,17422676312508.564,17287698920105.041,17151617706210.848,17014424684181.54,16876111518841.902,16736669530475.035,16596089699442.035,16454362671462.129,16311478763583.146,16167427970874.076,16022199973872.053,15875784146817.254,15728169566710.463,15579345023228.846,15429299029537.01,15278019834031.244,15125495433056.295,14971713584634.834,14816661823251.65,14660327475735.242,14502697678280.764,14343759394660.217,14183499435666.248,14021904479837.56,13858961095515.541,13694655764282.426,13528974905833.273,13361904904334.793,13193432136325.791,13023543000215.201,12852223947434.965,12679461515306.312,12505242361679.25,12329553301406.68,12152381344715.197,11973713737536.486,11793538003863.945,11611841990200.451,11428613912164.604,11243842403323.088,11057516566318.525,10869626026362.713,10680160987165.84,10489112289373.414,10296471471582.908,10102230834012.695,9906383504896.453,9708923509676.145,9509845843067.209,9309146544068.924,9106822773993.385,8902872897585.412,8697296567305.657,8490094810847.754,8281270121959.497,8070826554636.825,7858769820756.9375,7645107391215.728,7429848600631.652,7213004755675.664,6994589247083.528,6774617665403.284,6553107920526.614,6330080365047.696,6105557921488.705,5879566213424.654,5652133700534.005,5423291817594.43,5193075117434.806,4961521417846.129,4728671952443.742,4494571525463.268,4259268670460.126,4022815812870.168,3785269436374.3784,3546690252995.1445,3307143376834.5503,3066698501346.2764,2825430080012.4263,2583417510273.8438,2340745320538.2627,2097503360063.5642,1853786991483.7427,1609697285713.5474,1365341218931.8662,1120831871305.6504,876288627073.7596,631837375563.5092,387610712662.3702,143748142210.82367,-99603723278.14362,-342290963235.0844,-584152151721.0452,-825018163002.2899,-1064711980918.1715,-1303048513045.5767,-1539834410770.821,-1774867896498.3218,-2007938599355.4285,-2238827400896.5034,-2467306292466.967,-2693138246062.324,-2916077100708.8447,-3135867466603.9434,-3352244649487.468,-3564934597971.9062,-3773653876843.0146,-3978109669654.5396,-4177999814285.349,-4373012875506.785,-4562828259026.38,-4747116371934.841,-4925538834990.772,-5097748752735.181,-5263391048041.666,-5422102868381.269,-5573514071819.458,-5717247801570.48,-5852921158817.139,-5980145984465.287,-6098529761546.67,-6207676651113.568,-6307188675685.944,-6396667065615.005,-6475713785114.046,-6543933256168.868,-6600934300065.153,-6646332317836.886,-6679751732520.579,-6700828717652.451,-6709214237912.948,-6704577429128.83,-6686609345884.919,-6655027105643.18,-6609578458342.8125,-6550046809742.22,-6476256724982.153,-6388079935649.782,-6285441868572.042,-6168328707130.631,-6036794985424.328,-5890971701333.974,-5731074915559.323,-5557414778939.571,-5370404898647.98,-5170571913854.676,-4958565101802.336,-4735165774573.287,-4501296153934.1,-4258027325679.4736,-4006585775686.7573,-3748357898367.252,-3484891746983.6084,-3217895169482.5776,-2949229351596.358,-2680896684134.28,-2415021802705.174,-2153824641989.0305,-1899584438053.1433,-1654593845209.7322,-1421102761367.8064,-1201252136755.4358,-996999034674.0914,-810035568558.6372,-641706077445.7262,-492928985092.08527,-364132078063.66205,-255212127786.13397,-165531290348.76437,-93962531303.93124,-38992754577.81077,1117284143.3433828,28136560189.959454,43684141273.36852,49165671747.015144,45965159126.13173,35995045537.70333,22438903550.1581,9869087664.036749,2375853843.2797265,176667665.3038916,1174166.9827644862,10.455851972118644,0.0
6997.5,24875958433094.605,24881435539578.047,24885303082057.78,24887568840856.047,24888240662615.28,24887326458655.883,24884834203279.047,24880771932014.242,24875147739810.176,24867969779169.414,24859246258225.117,24848985438760.117,24837195634167.133,24823885207349.953,24809062568564.82,24792736173201.516,24774914519503.64,24755606146227.6,24734819630239.742,24712563584051.305,24688846653290.492,24663677514111.68,24637064870540.8,24609017451757.098,24579544009310.418,24548653314274.15,24516354154333.293,24482655330807.19,24447565655607.45,24411093948129.895,24373249032081.234,24334039732239.848,24293474871150.66,24251563265754.46,24208313723951.176,24163735041097.426,24117835996438.51,24070625349474.805,24022111836262.996,23972304165652.055,23921211015454.832,23868841028555.11,23815202808950.695,23760304917733.31,23704155869005.56,23646764125735.684,23588138095550.758,23528286126469.29,23467216502573.844,23404937439624.758,23341457080615.836,23276783491273.426,23210924655499.594,23143888470760.996,23075682743424.914,23006315184043.477,22935793402588.184,22864124903636.004,22791317081509.023,22717377215369.51,22642312464272.51,22566129862177.83,22488836312924.13,22410438585167.105,22330943307284.582,22250356962250.984,22168685882484.367,22085936244668.426,22002114064553.26,21917225191737.74,21831275304437.062,21744269904239.277,21656214310854.453,21567113656860.535,21476972882450.203,21385796730182.87,21293589739746.85,21200356242736.125,21106100357447.03,21010825983699.895,20914536797691.516,20817236246883.83,20718927544935.047,20619613666679.53,20519297343162.797,20417981056738.684,20315667036235.645,20212357252199.785,20108053412222.027,20002756956357.97,19896469052648.375,19789190592749.168,19680922187680.273,19571664163702.195,19461416558330.902,19350179116500.44,19237951286884.625,19124732218388.273,19010520756819.85,18895315441757.29,18779114503619.168,18661915860954.59,18543717117964.414,18424515562268.35,18304308162931.72,18183091568767.105,18060862106926.234,17937615781797.883,17813348274228.906,17688054941084.824,17561730815168.555,17434370605515.104,17305968698081.652,17176519156852.719,17046015725380.86,16914451828783.875,16781820576220.895,16648114763869.385,16513326878426.977,16377449101162.076,16240473312538.26,16102391097438.344,15963193751014.89,15822872285194.412,15681417435864.139,15538819670770.123,15395069198157.492,15250155976183.646,15104069723136.725,14956799928492.451,14808335864843.404,14658666600735.98,14507781014451.045,14355667808765.578,14202315526733.482,14047712568524.883,13891847209364.342,13734707618609.37,13576281880011.773,13416558013205.623,13255523996466.354,13093167790787.076,12929477365318.758,12764440724222.664,12598045934983.809,12430281158235.68,12261134679147.771,12090594940427.77,11918650576992.035,11745290452358.357,11570503696816.662,11394279747433.324,11216608389946.635,11037479802610.846,10856884602047.84,10674813891165.602,10491259309203.346,10306213083964.293,10119668086296.834,9931617886885.398,9742056815413.258,9550980022158.568,9358383542085.906,9164264361494.975,8968620487288.057,8771451018917.35,8572756223072.622,8372537611169.061,8170798019693.79,7967541693468.805,7762774371886.002,7556503378168.665,7348737711711.605,7139488143549.475,6928767315000.616,6716589839530.177,6502972407873.102,6287933896453.416,6071495479132.144,5853680742311.112,5634515803414.415,5414029432763.486,5192253178854.964,4969221497043.22,4744971881621.372,4519545001285.712,4292984837958.7344,4065338828935.3145,3836658012304.848,3606997175589.4116,3376415007523.823,3144974252888.6323,2912741870289.665,2679789192760.2217,2446192091041.439,2212031139375.085,1977391783618.8472,1742364511468.5508,1507045024543.2815,1271534412058.2449,1035939325776.8893,800372155896.2777,564951207479.8658,329800877007.4032,95051828563.54848,-139158830865.9618,-372687377579.54126,-605383299478.48,-837089127240.7158,-1067640269146.5295,-1296864850436.9548,-1524583558175.98,-1750609492688.2158,-1974748026753.0005,-2196796673856.4453,-2416544966934.877,-2633774349188.3584,-2848258078702.1963,-3059761148789.2954,-3268040226158.7275,-3472843609226.7876,-3673911209119.289,-3870974556168.5044,-4063756834988.5767,-4251972951520.748,-4435329635777.56,-4613525584386.081,-4786251647436.723,-4953191064590.059,-5114019755882.293,-5268406673203.987,-5416014219010.256,-5556498739456.903,-5689511099850.066,-5814697351048.977,-5931699496276.638,-6040156368672.39,-6139704630865.249,-6229979908857.29,-6310618073579.537,-6381256684613.976,-6441536611756.042,-6491103851308.065,-6529611555227.132,-6556722292472.01,-6572110563065.325,-6575465586458.942,-6566494386693.063,-6544925197486.908,-6510511210675.013,-6463034691164.728,-6402311480652.276,-6328195910467.534,-6240586140835.466,-6139429939194.268,-6024730903569.679,-5896555127858.863,-5755038293616.239,-5600393156846.004,-5432917377574.347,-5253001613681.0,-5061137767618.026,-4857927234189.48,-4644088948489.903,-4420466974504.297,-4188037306142.257,-3947913473503.411,-3701350458659.593,-3449746329144.3145,-3194640897410.639,-2937710616994.841,-2680758840573.4385,-2425700505373.9814,-2174540296618.5032,-1929343395139.471,-1692198073034.9424,-1465169699799.728,-1250246204429.6855,-1049275751651.6395,-863898372386.7356,-695474562528.7483,-545015417552.2643,-413120627783.07306,-299932440484.1935,-205115154753.65878,-127870251413.5758,-66995881530.3087,-20994592561.288605,11777390678.211166,32945039288.080475,43988470125.35069,46245700887.14464,41149815199.97058,30734142140.8879,18156019246.24806,7458045683.276621,1633006993.398842,105672563.42984301,623670.7631531646,3.6083369620797647,0.0
6995.0,24369563690926.234,24368836766084.64,24366591128383.742,24362834353821.1,24357574072393.96,24350817966361.703,24342573768456.258,24332849260040.477,24321652269213.53,24308990668863.31,24294872374664.754,24279305343024.457,24262297568970.316,24243857083986.266,24223991953791.793,24202710276065.39,24180020178111.984,24155929814473.938,24130447364485.18,24103581029768.332,24075339031674.33,24045729608664.734,24014761013636.08,23982441511186.285,23948779374822.95,23913782884113.51,23877460321777.004,23839819970717.51,23800870110999.266,23760619016763.297,23719074953086.055,23676246172779.56,23632140913133.773,23586767392601.1,23540133807423.195,23492248328200.67,23443119096405.664,23392754220838.023,23341161774025.348,23288349788567.273,23234326253424.98,23179099110156.023,23122676249095.63,23065065505484.914,23006274655547.027,22946311412511.965,22885183422591.047,22822898260902.32,22759463427347.598,22694886342442.78,22629174343102.324,22562334678379.67,22494374505164.67,22425300883839.867,22355120773897.18,22283841029516.82,22211468395110.137,22138009500828.555,22063470858040.617,21987858854779.31,21911179751162.016,21833439674785.543,21754644616098.797,21674800423755.867,21593912799952.22,21511987295747.15,21429029306375.59,21345044066552.453,21260036645773.125,21174011943613.664,21086974685034.31,20998929415690.58,20909880497255.83,20819832102759.637,20728788211946.76,20636752606660.87,20543728866258.613,20449720363058.598,20354730257831.023,20258761495333.273,20161816799897.29,20063898671075.21,19965009379348.87,19865150961910.273,19764325218519.6,19662533707448.156,19559777741513.01,19456058384211.785,19351376445965.023,19245732480474.64,19139126781207.082,19031559378009.984,18923030033871.883,18813538241834.36,18703083222066.76,18591663919113.86,18479278999327.242,18365926848491.473,18251605569656.836,18136312981190.453,18020046615058.25,17902803715350.88,17784581237066.5,17665375845164.863,17545183913906.322,17424001526491.19,17301824475014.48,17178648260751.816,17054468094793.34,16929278899042.008,16803075307594.428,16675851668521.977,16547602046071.04,16418320223301.965,16287999705186.484,16156633722184.352,16024215234320.684,15890736935785.89,15756191260080.879,15620570385731.219,15483866242594.182,15346070518783.725,15207174668239.223,15067169918964.047,14926047281961.83,14783797560897.906,14640411362515.16,14495879107834.033,14350191044166.99,14203337257979.21,14055307688627.53,13906092143010.924,13755680311166.645,13604061782846.84,13451226065111.596,13297162600975.088,13141860789142.623,12985310004877.014,12827499622033.758,12668419036305.621,12508057689717.504,12346405096414.193,12183450869783.695,12019184750960.324,11853596638752.098,11686676621038.117,11518415007682.398,11348802365011.182,11177829551901.691,11005487757530.918,10831768540833.82,10656663871720.62,10480166174103.855,10302268370785.975,10122963930258.89,9942246915467.318,9760112034587.734,9576554693875.271,9391571052630.969,9205158080341.225,9017313616042.02,8828036429959.576,8637326287478.873,8445184015491.058,8251611571169.693,8056612113225.462,7860190075687.177,7662351244256.144,7463102835279.175,7262453577383.974,7060413795818.098,6856995499531.062,6652212471035.991,6446080359084.462,6238616774184.922,6029841386991.227,5819776029583.847,5608444799661.602,5395874167656.973,5182093086782.176,4967133106007.386,4751028485965.391,4533816317770.0625,4315536644727.404,4096232586909.6816,3875950468552.8525,3654739948227.5654,3432654151721.95,3209749807562.2686,2986087385083.509,2761731234947.165,2536749731987.363,2311215420248.3564,2085205160057.6099,1858800276957.254,1632086712294.0625,1405155175243.0767,1178101296012.8572,951025779950.7894,724034562234.4252,497238962800.1651,270755841121.61774,44707750408.80461,-180776909246.6653,-405563739304.8796,-629512193368.0876,-852475430566.5479,-1074300172442.6221,-1294826564106.87,-1513888040517.2317,-1731311198817.191,-1946915677761.2668,-2160514045357.4507,-2371911695967.2603,-2580906758225.178,-2787290015272.3174,-2990844838944.355,-3191347139713.3975,-3388565334357.353,-3582260333521.982,-3772185551549.3633,-3958086941175.818,-4139703055952.8696,-4316765143518.858,-4488997273148.879,-4656116501338.571,-4817833079535.126,-4973850708519.989,-5123866844373.569,-5267573061416.296,-5404655478024.749,-5534795251768.802,-5657669150908.245,-5772950209927.304,-5880308477473.882,-5979411865808.734,-6069927111657.298,-6151520859192.515,-6223860876756.618,-6286617419848.505,-6339464753850.403,-6382082850931.488,-6414159276525.853,-6435391281714.116,-6445488118705.99,-6444173597380.001,-6431188901427.9375,-6406295682997.414,-6369279454731.269,-6319953297642.656,-6258161902187.964,-6183785958015.229,-6096746904940.013,-5997012053449.684,-5884600077117.452,-5759586871310.984,-5622111762025.782,-5472384035002.908,-5310689737869.376,-5137398686160.775,-4952971576986.605,-4757967080990.819,-4553048743376.365,-4338991477440.603,-4116687378861.3477,-3887150525820.6313,-3651520359507.5835,-3411063163076.733,-3167171077548.7993,-2921358015040.497,-2675251760131.358,-2430581499255.2524,-2189159999700.925,-1952859692566.206,-1723582021218.6897,-1503219626771.4543,-1293611287132.7197,-1096490040466.4943,-913425638947.0096,-745763415984.3524,-594562809273.257,-460540123102.1261,-344021530832.16986,-244913603812.04788,-162699441057.34387,-96468167165.28282,-44983234325.37041,-6789245046.571106,19653880791.54623,35838358743.498535,43130965746.61124,42826957939.92144,36406602367.75833,25968531540.495323,14540480414.329441,5575727222.79991,1109371128.216336,62558647.73030866,335213.42833864945,1.212965078213054,0.0
6992.5,23850757068197.93,23844381219640.156,23836572420086.344,23827338001925.46,23816685339839.35,23804621848994.4,23791154983184.582,23776292232926.184,23760041123503.18,23742409212963.547,23723404090065.52,23703033372174.17,23681304703107.562,23658225750932.324,23633804205708.523,23608047777183.57,23580964192434.73,23552561193460.47,23522846534720.22,23491827980622.484,23459513302961.188,23425910278300.375,23391026685306.98,23354870302031.812,23317448903138.824,23278770257082.52,23238842123234.066,23197672248955.547,23155268366623.33,23111638190600.133,23066789414156.457,23020729706341.418,22973466708803.59,22925008032562.07,22875361254728.336,22824533915179.24,22772533513181.938,22719367503971.184,22665043295279.668,22609568243822.168,22552949651734.402,22495194762967.188,22436310759637.07,22376304758334.277,22315183806389.07,22252954878097.715,22189624870909.047,22125200601573.273,22059688802254.008,21993096116605.223,21925429095814.59,21856694194614.867,21786897767264.87,21716046063502.215,21644145224469.305,21571201278614.918,21497220137573.38,21422207592023.504,21346169307529.855,21269110820368.434,21191037533339.773,21111954711572.01,21031867478316.45,20950780810739.207,20868699535711.57,20785628325602.383,20701571694076.2,20616533991900.164,20530519402764.023,20443531939116.49,20355575438022.562,20266653557045.48,20176769770158.164,20085927363688.49,19994129432303.137,19901378875035.004,19807678391359.5,19713030477324.86,19617437421742.258,19520901302441.25,19423423982597.02,19325007107135.297,19225652099221.65,19125360156841.965,19024132249480.875,18921969114905.94,18818871256064.49,18714838938101.58,18609872185506.79,18503970779398.566,18397134254954.715,18289361898998.14,18180652747747.395,18071005584741.44,17960418938949.152,17848891083073.574,17736420032062.094,17623003541833.48,17508639108233.578,17393323966231.492,17277055089368.662,17159829189473.871,17041642716657.105,16922491859596.258,16802372546130.676,16681280444176.256,16559210962977.25,16436159254710.217,16312120216456.57,16187088492559.885,16061058477385.74,15934024318501.174,15805979920292.615,15676918948040.795,15546834832472.133,15415720774806.684,15283569752323.342,15150374524463.387,15016127639494.479,14880821441757.436,14744448079519.25,14606999513455.877,14468467525789.727,14328843730106.703,14188119581879.139,14046286389720.861,13903335327402.096,13759257446652.01,13614043690778.02,13467684909131.107,13320171872447.693,13171495289098.955,13021645822279.533,12870614108168.018,12718390775092.598,12564966463735.951,12410331848414.143,12254477659464.932,12097394706781.97,11939073904531.754,11779506297090.867,11618683086242.184,11456595659668.848,11293235620785.766,11128594819949.004,10962665387083.91,10795439765773.379,10626910748848.535,10457071515523.875,10285915670120.129,10113437282417.982,9939630929686.268,9764491740428.605,9588015439892.35,9410198397384.293,9231037675437.123,9050531080870.896,8868677217793.42,8685475542583.503,8500926420899.954,8315031186759.702,8127792203726.736,7939212928253.482,7749297975214.954,7558053185674.749,7365485696921.225,7171604014809.679,6976418088445.676,6779939387241.729,6582180980378.146,6383157618695.412,6182885819043.6,5981383951110.468,5778672326746.726,5574773291803.074,5369711320489.354,5163513112261.553,4956207691236.943,4747826508132.665,4538403544716.211,4327975420749.9756,4116581503404.5117,3904264019107.1685,3691068167784.0176,3477042239443.5127,3262237733039.742,3046709477542.326,2830515755127.064,2613718426388.9526,2396383057463.771,2178579048929.441,1960379766340.997,1741862672234.195,1523109459412.9507,1304206185313.663,1085243407215.5703,866316318040.5492,647524882457.4193,428973972975.31213,210773505677.12158,-6961424791.915787,-224110411405.13455,-440547602572.36145,-656141572109.0293,-870755191921.8655,-1084245508031.5524,-1296463620613.7976,-1507254568805.674,-1716457221096.3818,-1923904172199.5144,-2129421647390.0066,-2332829415381.705,-2533940710923.6133,-2732562168404.0854,-2928493767873.312,-3121528795027.0156,-3311453816838.921,-3498048674687.229,-3681086496992.524,-3860333733572.801,-4035550214125.95,-4206489233473.9697,-4372897666446.839,-4534516115549.5625,-4691079094845.098,-4842315253800.457,-4987947645185.002,-5127694041480.958,-5261267304668.095,-5388375814679.582,-5508723962295.181,-5622012712743.408,-5727940246826.834,-5826202686964.658,-5916494916164.365,-5998511498588.218,-6071947711068.258,-6136500695641.205,-6191870743915.461,-6237762724837.612,-6273887668181.434,-6299964516821.611,-6315722061552.504,-6320901072838.923,-6315256644400.227,-6298560763879.026,-6270605125966.603,-6231204203164.237,-6180198588751.887,-6117458625382.635,-6042888330868.176,-5956429629974.047,-5858066897173.849,-5747831810042.137,-5625808505970.78,-5492139025791.369,-5347029016239.693,-5190753648511.798,-5023663691889.54,-4846191658972.355,-4658857911842.11,-4462276585935.624,-4257161150012.55,-4044329376067.017,-3824707442313.3784,-3599332835920.3447,-3369355661100.823,-3136037894593.193,-2900750067939.1606,-2664964799490.3994,-2430246556243.2188,-2198237006677.4102,-1970635344310.5518,-1749173034854.334,-1535582588538.9014,-1331560207393.2153,-1138722530826.7073,-958558226477.8291,-792375865792.9453,-641250390393.9662,-505971496084.8036,-386998374651.92865,-284426332421.41425,-197971623699.08978,-126981028478.19817,-70471696987.03972,-27203741621.5839,4218154439.960756,25228506529.168938,37200400707.153656,41409631405.81329,39124665225.2061,31860506916.738155,21723607210.92862,11529416619.244293,4124791986.562818,745086329.2232778,36707449.991014406,182133.58211042764,0.3971623656722367,0.0
6990.0,23322095445732.22,23310583212689.85,23297718810207.55,23283509293508.137,23267961749074.336,23251083292793.14,23232881068055.613,23213362243812.016,23192534012581.715,23170403588418.023,23146978204827.38,23122265112643.17,23096271577853.7,23069004879384.344,23040472306833.78,23010681158164.19,22979638737345.406,22947352351953.047,22913829310720.58,22879076921045.305,22843102486448.54,22805913303989.875,22767516661635.81,22727919835582.75,22687130087534.855,22645154661936.742,22602000783161.332,22557675652653.426,22512186446028.95,22465540310130.746,22417744360040.965,22368805676050.805,22318731300587.984,22267528235102.695,22215203436912.656,22161763816007.7,22107216231815.13,22051567489926.207,21994824338784.957,21936993466340.027,21878081496660.617,21818094986517.76,21757040421931.72,21694924214687.02,21631752698816.16,21567532127053.6,21502268667261.11,21435968398826.266,21368637309035.57,21300281289423.914,21230906132101.97,21160517526063.633,21089121053475.24,21016722185948.676,20943326280800.59,20868938577299.77,20793564192905.19,20717208119497.19,20639875219604.25,20561570222628.09,20482297721070.0,20402062166761.184,20320867867100.414,20238718981301.78,20155619516656.344,20071573324810.938,19986584098067.652,19900655365707.957,19813790490345.297,19725992664310.26,19637264906072.594,19547610056704.426,19457030776389.297,19365529540981.992,19273108638623.746,19179770166418.316,19085516027174.02,18990347926217.637,18894267368285.53,18797275654498.156,18699373879424.297,18600562928241.266,18500843473997.695,18400215974986.137,18298680672232.19,18196237587108.016,18092886519077.543,17988627043581.6,17883458510071.023,17777380040196.33,17670390526162.824,17562488629260.102,17453672778575.63,17343941169901.812,17233291764847.04,17121722290160.768,17009230237283.67,16895812862133.766,16781467185140.227,16666189991536.67,16549977831926.049,16432827023130.037,16314733649335.758,16195693563553.535,16075702389399.277,15954755523216.23,15832848136550.469,15709975178995.684,15586131381422.832,15461311259610.77,15335509118294.797,15208719055649.91,15080934968226.723,14952150556358.277,14822359330056.143,14691554615415.383,14559729561548.125,14426877148065.951,14292990193132.125,14158061362105.256,14022083176796.262,13885048025361.365,13746948172854.602,13607775772463.215,13467522877451.008,13326181453834.137,13183743393815.414,13040200530003.336,12895544650442.764,12749767514484.61,12602860869523.14,12454816468629.17,12305626089108.916,12155281552018.441,12003774742664.096,11851097632120.543,11697242299797.871,11542200957090.246,11385965972139.156,11228529895744.543,11069885488457.967,10910025748892.205,10748943943282.299,10586633636333.463,10423088723391.73,10258303463973.332,10092272516689.604,9924990975604.129,9756454408059.102,9586658894008.191,9415601066893.395,9243278156103.117,9069688031049.055,8894829246898.95,8718701092002.687,8541303637048.356,8362637785984.774,8182705328746.643,8001508995817.745,7819052514666.559,7635340668088.681,7450379354488.43,7264175650131.486,7076737873398.966,6888075651071.537,6698199986670.975,6507123330883.975,6314859654091.546,6121424521024.364,5926835167562.223,5731110579692.27,5534271574638.092,5336340884167.554,5137343240083.655,4937305461898.311,4736256546684.252,4534227761094.923,4331252735536.8813,4127367560472.865,3922610884827.087,3717024016457.087,3510651024648.46,3303538844580.3184,3095737383699.853,2887299629934.552,2678281761659.2363,2468743259323.563,2258747018632.4297,2048359465158.047,1837650670246.8262,1626694468068.2783,1415568573634.9016,1204354701602.9465,993138685642.7751,782010598145.0654,571064870004.1936,360400410193.5302,150120724818.3531,-59665964699.4036,-268846604684.69666,-477303193938.19824,-684912670587.8958,-891546801564.8015,-1097072075251.5212,-1301349597904.4124,-1504234994506.0898,-1705578314766.4443,-1905223945056.6877,-2103010527133.4788,-2298770884588.8545,-2492331958047.4688,-2683514750225.9497,-2872134282070.5386,-3057999561300.048,-3240913564801.0117,-3420673236453.157,-3597069502105.482,-3769887303578.4404,-3938905653735.9243,-4103897714854.2905,-4264630902714.4653,-4420867019059.577,-4572362415295.1875,-4718868190563.505,-4860130427598.786,-4995890470069.264,-5125885245433.004,-5249847637682.709,-5367506914728.162,-5478589215566.776,-5582818102822.085,-5679915186688.683,-5769600826808.89,-5851594919121.251,-5925617775261.336,-5991391102658.949,-6048639094057.654,-6097089635776.037,-6136475644625.992,-6166536543989.795,-6187019890116.553,-6197683160210.621,-6198295714319.264,-6188640943350.334,-6168518615717.065,-6137747435059.41,-6096167821159.903,-6043644925468.434,-5980071891468.923,-5905373368330.471,-5819509283730.092,-5722478878224.814,-5614324998865.903,-5495138643625.401,-5365063740343.363,-5224302133957.51,-5073118743360.127,-4911846833916.133,-4740893333024.241,-4560744093654.046,-4371968984114.785,-4175226651044.974,-3971268766528.417,-3760943529344.8506,-3545198145006.143,-3325079960286.5664,-3101735877032.566,-2876409619730.6333,-2650436385526.8506,-2425234369696.6675,-2202292641573.0522,-1983154855677.2253,-1769398332963.0203,-1562608153144.99,-1364346078956.5906,-1176114406367.9028,-999315220510.4324,-835206051100.5063,-684853570826.0354,-549087756708.24866,-428459802175.5496,-323207948696.445,-233236159744.52386,-158110955651.21674,-97081408688.93611,-49125740031.21003,-13024444075.961329,12546487837.236925,28918634786.401196,37360247527.59458,39074375670.77115,35310648428.81879,27599043367.49909,17999086044.063896,9053575663.827488,3020049595.096241,494890366.8227091,21385782.554225855,99794.08292198872,0.1266693600875573,0.0
6987.5,22785875325412.906,22769699106226.71,22752246647556.613,22733524699440.805,22713540032867.4,22692299437894.152,22669809721727.56,22646077706761.34,22621110228573.832,22594914133884.734,22567496278470.59,22538863525039.543,22509022741064.95,22477980796577.973,22445744561919.465,22412320905450.723,22377716691223.633,22341938776610.254,22304994009891.797,22266889227807.45,22227631253063.086,22187226891800.31,22145682931025.832,22103006136001.926,22059203247597.85,22014280979603.1,21968246016002.57,21921105008214.383,21872864572290.816,21823531286082.67,21773111686368.336,21721612265947.39,21669039470700.156,21615399696613.63,21560699286774.688,21504944528331.383,21448141649423.473,21390296816082.957,21331416129105.7,21271505620895.434,21210571252281.105,21148618909309.02,21085654400010.844,21021683451149.14,20956711704941.68,20890744715766.215,20823787946847.156,20755846766926.08,20686926446917.652,20617032156552.867,20546168961011.633,20474341817546.734,20401555572101.22,20327814955921.48,20253124582168.473,20177488942529.34,20100912403832.117,20023399204666.13,19944953452010.777,19865579117875.742,19785280035955.426,19704059898301.004,19621922252013.035,19538870495958.24,19454907877513.95,19370037489343.75,19284262266208.234,19197584981814.76,19110008245710.43,19021534500222.33,18932166017449.664,18841904896312.21,18750753059659.94,18658712251448.8,18565784033987.543,18471969785261.04,18377270696335.67,18281687768852.332,18185221812612.867,18087873443266.285,17989643080100.8,17890530943948.445,17790537055208.754,17689661231998.875,17587903088436.887,17485262033066.223,17381737267428.547,17277327784793.385,17172032369052.541,17065849593787.943,16958777821521.621,16850815203156.902,16741959677620.525,16632208971714.662,16521560600189.717,16410011866047.475,16297559861085.648,16184201466694.662,16069933354918.05,15954751989788.074,15838653628948.527,15721634325577.355,15603689930621.508,15484816095357.523,15365008274291.035,15244261728409.47,15122571528802.03,14999932560661.79,14876339527685.285,14751786956884.73,14626269203829.54,14499780458333.13,14372314750602.188,14243865957865.908,14114427811502.86,13983993904683.975,13852557700550.54,13720112540946.455,13586651655724.535,13452168172647.268,13316655127902.9,13180105477257.912,13042512107868.207,12903867850770.738,12764165494079.105,12623397796905.908,12481557504036.184,12338637361376.137,12194630132202.055,12049528614235.02,11903325657567.098,11756014183465.602,11607587204082.31,11458037843094.973,11307359357308.979,11155545159247.488,11002588840758.85,10848484197670.232,10693225255517.309,10536806296379.732,10379221886852.69,10220466907185.205,10060536581615.998,9899426509938.107,9737132700323.514,9573651603439.326,9408980147887.184,9243115776997.598,9076056487010.816,8907800866675.97,8738348138300.099,8567698200278.253,8395851671136.004,8222809935114.801,8048575189330.718,7873150492536.303,7696539815514.452,7518748093132.87,7339781278086.505,7159646396354.218,6978351604395.198,6795906248108.857,6612320923580.774,6427607539635.384,6241779382214.3545,6054851180597.638,5866839175481.52,5677761188926.062,5487636696180.886,5296486899395.916,5104334803219.591,4911205292284.263,4717125210573.678,4522123442663.767,4326230996822.838,4129481089952.304,3931909234343.4346,3733553326219.4663,3534453736026.098,3334653400425.8945,3134197915944.6514,2933135634209.2827,2731517758707.7476,2529398442991.6353,2326834890231.6377,2123887454024.1873,1920619740335.666,1717098710456.5898,1513394784824.0708,1309581947554.6948,1105737851513.2441,901943923724.137,698285470912.4084,494851784939.6406,291736247876.7708,89036436430.42357,-113145774587.92523,-314704110090.4297,-515527794211.3755,-715501451883.406,-914505012936.2274,-1112413619204.0784,-1309097535172.3333,-1504422062741.6855,-1698247460740.824,-1890428869874.7441,-2080816243857.6387,-2269254287545.841,-2455582402958.5596,-2639634644152.869,-2821239682004.5137,-3000220780038.73,-3176395782555.494,-3349577116402.8438,-3519571807869.8755,-3686181516299.4126,-3849202586159.3154,-4008426119462.181,-4163638070586.351,-4314619365728.2095,-4461146049406.693,-4602989460648.14,-4739916441702.642,-4871689582384.177,-4998067503386.144,-5118805182203.136,-5233654325589.019,-5342363792802.083,-5444680074230.218,-5540347830353.365,-5629110496386.221,-5710710958351.517,-5784892306760.921,-5851398674525.244,-5909976166174.175,-5960373885934.39,-6002345072685.55,-6035648350279.253,-6060049102153.056,-6075320979586.547,-6081247553307.828,-6077624118443.699,-6064259662981.656,-6040979009939.622,-6007625143269.027,-5964061727090.032,-5910175827100.345,-5845880841820.873,-5771119649636.566,-5685867975227.949,-5590137975817.155,-5483982043489.636,-5367496814491.723,-5240827369602.758,-5104171601167.682,-4957784711848.563,-4801983797284.389,-4637152449292.435,-4463745297655.973,-4282292386598.416,-4093403256476.8174,-3897770571881.13,-3696173104218.345,-3489477840285.605,-3278640948977.046,-3064707297361.763,-2848808166890.6567,-2632156783385.351,-2416041244912.363,-2201814415337.2285,-1990880355752.165,-1784676900530.134,-1584654060996.7407,-1392248071046.3582,-1208851090204.3083,-1035776865529.4065,-874223037275.411,-725231261988.353,-589646917973.7878,-468080831552.4231,-360876170480.25037,-268084304748.15018,-189453887784.33478,-124437435575.31297,-72218944173.4219,-31764125913.413425,-1891075773.1048517,18647009866.874744,31084327466.343292,36597992193.50754,36332090815.714195,31518612952.012093,23678497344.78714,14775811322.057451,7042333855.557962,2188865705.191434,325187137.6136883,12397013.38023353,54956.90066355308,0.039352700336207525,0.0
6985.0,22244153403509.207,22223747846250.277,22202137273941.703,22179328108735.883,22155326784187.15,22130139743367.984,22103773436948.684,22076234321240.508,22047528856202.273,22017663503410.58,21986644723993.57,21954478976528.38,21921172714902.684,21886732386139.883,21851164428188.79,21814475267677.406,21776671317631.688,21737758975158.83,21697744619096.008,21656634607624.555,21614435275850.023,21571152933348.6,21526793861680.145,21481364311868.69,21434870501850.273,21387318613889.527,21338714791964.75,21289065139122.777,21238375714803.926,21186652532137.9,21133901555211.492,21080128696308.74,21025339813124.617,20969540705952.96,20912737114849.87,20854934716773.457,20796139122701.03,20736355874725.008,20675590443128.656,20613848223442.984,20551134533486.094,20487454610386.574,20422813607592.137,20357216591865.28,20290668540267.57,20223174337134.15,20154738771040.285,20085366531762.023,20015062207232.49,19943830280496.305,19871675126663.89,19798601009868.2,19724612080225.75,19649712370804.812,19573905794603.047,19497196141537.047,19419587075446.77,19341082131117.516,19261684711322.434,19181398083888.49,19100225378789.203,19018169585267.453,18935233548991.457,18851419969247.85,18766731396175.316,18681170228042.58,18594738708574.71,18507438924331.887,18419272802144.793,18330242106611.043,18240348437657.164,18149593228170.836,18057977741708.332,17965503070282.055,17872170132233.52,17777979670197.008,17682932249159.688,17587028254623.732,17490267890876.566,17392651179375.252,17294177957251.492,17194847875943.766,17094660399963.336,16993614805801.25,16891710180983.383,16788945423281.26,16685319240086.057,16580830147953.842,16475476472330.44,16369256347464.021,16262167716514.459,16154208331868.137,16045375755667.83,15935667360566.762,15825080330717.16,15713611663002.908,15601258168527.215,15488016474365.615,15373883025595.754,15258854087614.94,15142925748757.424,15026093923223.438,14908354354332.059,14789702618111.2,14670134127237.135,14549644135337.555,14428227741671.602,14305879896201.281,14182595405068.762,14058368936494.254,13933195027110.37,13807068088748.03,13679982415690.525,13551932192412.191,13422911501818.379,13292914334004.426,13161934595551.19,13029966119375.514,12897002675153.979,12763037980339.355,12628065711788.885,12492079518024.537,12355073032145.488,12217039885413.416,12077973721532.203,11937868211643.117,11796717070057.889,11654514070751.912,11511253064640.494,11366927997661.229,11221532929686.305,11075062054288.549,10927509719385.691,10778870448787.47,10629138964670.56,10478310211006.812,10326379377970.314,10173341927349.215,10019193618988.414,9863930538289.654,9707549124795.227,9550046201882.4,9391419007594.998,9231665226639.328,9070783023571.127,8908771077200.477,8745628616241.664,8581355456234.396,8415952037763.049,8249419466000.036,8081759551599.34,7912974852965.566,7743068719923.482,7572045338812.538,7399909779029.945,7226668041045.3955,7052327105909.21,6876894986275.057,6700380778957.184,6522794719040.279,6344148235559.624,6164454008766.569,5983726028993.311,5801979657128.641,5619231686714.246,5435500407668.962,5250805671645.349,5065168959020.799,4878613447521.4,4691164082474.57,4502847648681.391,4313692843897.0513,4123730353902.3223,3932992929144.954,3741515462924.524,3549335071088.9116,3356491173204.456,3163025575155.412,2968982553121.6885,2774408938875.684,2579354206331.5845,2383870559271.121,2188013020160.7217,1991839519964.4045,1795410988846.0078,1598791447642.0889,1402048099974.2036,1205251424855.1514,1008475269628.9515,811796943067.7719,615297308431.8894,419060876279.57654,223175896793.42047,27734451367.58258,-167167456823.46375,-361429813579.8639,-554948506088.0553,-747615237352.3972,-939317443042.4564,-1129938211187.0903,-1319356205184.2932,-1507445590637.3264,-1694075966571.9885,-1879112301638.446,-2062414875953.0964,-2243839229292.647,-2423236116413.7417,-2600451470337.9697,-2775326374513.5586,-2947697044843.041,-3117394822650.074,-3284246179749.7817,-3448072736885.1562,-3608691296899.0356,-3765913894125.754,-3919547861611.616,-4069395917907.381,-4215256275321.456,-4356922771678.8516,-4494185027800.088,-4626828633095.771,-4754635361868.358,-4877383423122.494,-4994847746910.441,-5106800310480.289,-5213010507751.77,-5313245565918.465,-5407271013266.05,-5494851202603.56,-5575749895028.417,-5649730909084.571,-5716558840725.442,-5775999859856.495,-5827822589603.211,-5871799074823.426,-5907705846753.012,-5935325091031.367,-5954445926687.811,-5964865803967.628,-5966392029119.7295,-5958843424433.812,-5942052131877.448,-5915865568606.564,-5880148542366.295,-5834785534310.657,-5779683155987.655,-5714772786086.264,-5640013390933.588,-5555394530559.178,-5460939549282.657,-5356708946086.28,-5242803915336.345,-5119370042525.85,-4986601132409.562,-4844743137955.442,-4694098147687.702,-4535028375982.121,-4367960085430.0254,-4193387352271.1245,-4011875564913.144,-3824064521599.6045,-3630670966389.199,-3432490373011.5254,-3230397754408.6943,-3025347242818.9927,-2818370152625.1504,-2610571208119.2725,-2403122593988.5586,-2197255471981.7422,-1994248608473.8093,-1795413781585.083,-1602077691757.5903,-1415560196332.463,-1237148837881.3604,-1068069849302.6626,-909456106388.7213,-762312867763.7256,-627482593145.8918,-505610652652.81104,-397114303060.8762,-302157855325.0156,-220637396751.46918,-152178614102.40924,-96150975026.42804,-51700464787.098206,-17800854845.663685,6680342070.575879,22910845015.428707,32034663625.444954,35150023757.53174,33351459276.875248,27849243512.26887,20129749354.57485,12021569562.520514,5427308096.068632,1570706312.030299,211472562.18202513,7168040.668855854,30308.519647537592,0.011909615105892883,0.0
6982.5,21698766063338.25,21674530410120.344,21649156421886.234,21622650175267.965,21595017749542.4,21566265224763.73,21536398679863.25,21505424190717.27,21473347828182.65,21440175656100.78,21405913729269.523,21370568091383.883,21334144772945.355,21296649789140.324,21258089137687.81,21218468796656.88,21177794722254.02,21136072846581.086,21093309075363.97,21049509285652.668,21004679323493.066,20958825001571.3,20911952096830.684,20864066348062.547,20815173453470.984,20765279068212.63,20714388801911.992,20662508216153.18,20609642821948.875,20555798077187.33,20500979384058.496,20445192086459.97,20388441467384.082,20330732746287.004,20272071076441.05,20212461542271.38,20151909156678.344,20090418858346.746,20027995509043.508,19964643890904.867,19900368703714.97,19835174562177.22,19769065993179.98,19702047433058.47,19634123224854.465,19565297615575.914,19495574753457.92,19424958685227.8,19353453353375.574,19281062593432.594,19207790131260.258,19133639580351.49,19058614439146.94,18982718088368.934,18905953788375.6,18828324676537.79,18749833764641.867,18670483936321.133,18590277944519.125,18509218408987.652,18427307813823.176,18344548505044.83,18260942688217.445,18176492426123.39,18091199636487.055,18005066089755.633,17918093406940.566,17830283057523.51,17741636357431.395,17652154467084.957,17561838389525.328,17470688968623.438,17378706887377.309,17285892666302.227,17192246661918.977,17097769065345.703,17002459900998.979,16906319025409.883,16809346126160.941,16711540720950.186,16612902156788.766,16513429609338.432,16413122082395.95,16311978407531.092,16209997243885.66,16107177078140.707,16003516224659.791,15899012825815.893,15793664852510.256,15687470104891.39,15580426213282.756,15472530639327.984,15363780677362.865,15254173456023.05,15143705940097.438,15032374932636.953,14920177077328.783,14807108861146.625,14693166617287.64,14578346528407.057,14462644630161.662,14346056815074.059,14228578836729.2,14110206314315.824,13990934737524.963,13870759471818.71,13749675764082.174,13627678748672.322,13504763453877.545,13380924808801.844,13256157650688.734,13130456732699.215,13003816732159.254,12876232259292.422,12747697866453.49,12618208057879.227,12487757299973.23,12356340032141.633,12223950678196.908,12090583658347.791,11956233401793.092,11820894359937.812,11684561020250.521,11547227920780.7,11408889665355.953,11269540939478.312,11129176526940.027,10987791327179.19,10845380373395.688,10701938851448.69,10557462119556.688,10411945728821.719,10265385444599.604,10117777268737.88,9969117462703.957,9819402571625.598,9668629449266.46,9516795283959.111,9363897625518.523,9209934413158.674,9054904004435.215,8898805205237.041,8741637300849.489,8583400088111.985,8424093908692.658,8263719683502.149,8102278948268.996,7939773890298.206,7776207386434.342,7611583042250.358,7445905232482.302,7279179142729.947,7111410812442.259,6942607179206.135,6772776124355.674,6601926519918.627,6430068276914.898,6257212395021.457,6083371013616.178,5908557464211.456,5732786324287.405,5556073472531.873,5378436145492.83,5199892995646.65,5020464150882.796,4840171275403.647,4659037632034.314,4477088145935.225,4294349469706.052,4110850049866.45,3926620194694.7485,3741692143401.719,3556100136611.839,3369880488119.3433,3183071657881.158,2995714326202.915,2807851469067.8447,2619528434551.7847,2430793020260.0596,2241695551714.2085,2052288961608.1084,1862628869843.639,1672773664246.6292,1482784581852.7354,1292725790641.883,1102664471587.296,912670900872.0559,722818532111.7263,533184078406.3267,343847594028.0102,154892555533.38727,-33594057930.274994,-221521685376.3906,-408796106061.68713,-595319363198.2881,-780989689619.341,-965701435750.5206,-1149345000270.1292,-1331806763873.2744,-1512969026591.2234,-1692709949154.8665,-1870903498932.8845,-2047419401019.7178,-2222123095096.2085,-2394875698738.4126,-2565533977905.5244,-2733950325398.9097,-2899972748149.564,-3063444864261.8315,-3224205910817.6533,-3382090763527.7383,-3536929969404.9766,-3688549793730.963,-3836772282689.854,-3981415343154.822,-4122292841232.1587,-4259214721296.799,-4391987147391.4707,-4520412669010.276,-4644290413447.045,-4763416307059.368,-4877583327981.918,-4986581793017.462,-5090199681641.347,-5188223000275.77,-5280436190223.211,-5366622582894.6875,-5446564906226.774,-5520045846451.56,-5586848669663.888,-5646757907919.23,-5699560114889.965,-5745044696404.968,-5783004821491.977,-5813238419827.982,-5835549271772.789,-5849748197403.804,-5855654351174.288,-5853096628966.363,-5841915194384.834,-5821963131113.835,-5793108228006.119,-5755234903258.529,-5708246273502.95,-5652066372857.967,-5586642525879.572,-5511947876845.928,-5427984075823.167,-5334784119385.721,-5232415340586.003,-5120982538650.707,-5000631233770.277,-4871551026074.815,-4733979030267.309,-4588203348215.518,-4434566530883.019,-4273468968107.5913,-4105372129729.8804,-3930801564296.372,-3750349541936.8716,-3564677206087.0737,-3374516074694.6455,-3180668705846.194,-2984008316135.514,-2785477113734.6885,-2586083083750.191,-2386894943453.879,-2189034972617.3062,-1993669423675.5034,-1801996233135.1794,-1615229796020.9255,-1434582636834.9343,-1261243921982.814,-1096354918739.0304,-940981722860.7593,-796085857089.7036,-662493687825.8085,-540866011415.4254,-431669606889.5939,-335153002759.6207,-251329100266.35825,-179967538196.48532,-120599633585.33675,-72538191005.69351,-34913181789.60738,-6721945175.334205,13111138738.977724,25675703234.039875,32033407109.344017,33213870492.21016,30267506257.95133,24375063463.81964,16963581223.732124,9695916679.042175,4144783627.965398,1116138347.9675536,136169412.69109327,4145458.7673581564,16681.054070226895,0.0035112643702266133,0.0
6980.0,21151347796330.684,21123648172779.062,21094872523733.082,21065026567461.387,21034116016930.914,21002146577973.33,20969123947423.61,20935053811230.59,20899941842540.0,20863793699750.35,20826615024541.53,20788411439876.953,20749188547979.414,20708951928280.785,20667707135346.47,20625459696774.594,20582215111070.75,20537978845498.49,20492756333906.57,20446552974532.945,20399374127786.574,20351225114007.65,20302111211206.617,20252037652783.1,20201009625225.33,20149032265790.863,20096110660169.52,20042249840129.457,19987454781147.215,19931730400022.875,19875081552481.242,19817513030760.35,19759029561188.062,19699635801748.52,19639336339639.082,19578135688819.562,19516038287554.89,19453048495952.625,19389170593496.996,19324408776580.656,19258767156036.312,19192249754669.383,19124860504793.734,19056603245772.285,18987481721564.32,18917499578281.523,18846660361754.75,18774967515113.707,18702424376381.78,18629034176088.12,18554800034899.617,18479724961275.137,18403811849144.41,18327063475614.445,18249482498706.234,18171071455124.273,18091832758062.246,18011768695047.65,17930881425828.582,17849172980305.98,17766645256514.69,17683300018656.844,17599138895190.97,17514163376981.018,17428374815508.574,17341774421152.686,17254363261541.16,17166142259977.705,17077112193949.166,16987273693717.523,16896627241001.107,16805173167750.088,16712911655020.957,16619842731955.287,16525966274867.889,16431282006449.951,16335789495092.615,16239488154336.912,16142377242455.822,16044455862174.654,15945722960536.154,15846177328916.592,15745817603199.756,15644642264115.535,15542649637750.191,15439837896235.805,15336205058625.967,15231748991965.785,15126467412563.965,15020357887475.01,14913417836200.055,14805644532614.742,14697035107133.209,14587586549116.828,14477295709537.482,14366159303904.512,14254173915465.338,14141335998689.707,14027641883047.957,13913087777093.791,13797669772862.344,13681383850594.81,13564225883800.787,13446191644670.244,13327276809846.709,13207476966574.195,13086787619230.254,12965204196257.818,12842722057509.156,12719336502014.947,12595042776192.629,12469836082507.42,12343711588600.652,12216664436899.82,12088689754725.19,11959782664907.977,11829938296935.81,11699151798640.854,11567418348446.69,11434733168190.445,11301091536536.34,11166488802997.754,11030920402584.914,10894381871095.215,10756868861064.338,10618377158395.426,10478902699684.732,10338441590262.014,10196990122963.95,10054544797659.54,9911102341546.154,9766659730235.207,9621214209646.861,9474763318732.666,9327304913045.734,9178837189177.725,9029358710082.191,8878868431303.543,8727365728131.194,8574850423698.249,8421322818043.735,8266783718157.748,8111234469028.195,7954676985707.849,7797113786420.059,7638548026720.983,7478983534736.153,7318424847488.163,7156877248332.239,6994346805515.364,6830840411874.4,6666365825687.34,6500931712691.462,6334547689280.517,6167224366892.751,5998973397599.779,5829807520905.076,5659740611759.741,5488787729801.242,5316965169819.086,5144290513449.819,4970782682101.328,4796461991104.267,4621350205086.166,4445470594560.768,4268847993722.806,4091508859434.6987,3913481331388.873,3734795293425.421,3555482435981.1973,3375576319641.8394,3195112439764.1797,3014128292131.304,2832663439597.202,2650759579672.591,2468460612997.203,2285812712637.2256,2102864394139.6958,1919666586267.982,1736272702334.3281,1552738712036.7817,1369123213698.1528,1185487506794.8716,1001895664652.3496,818414607172.0872,635114173442.7894,452067194074.6064,269349563080.62592,87040309114.47156,-94778334144.43318,-276020858684.196,-456598414178.3173,-636418741595.1522,-815386108688.5293,-993401247683.5377,-1170361295497.8098,-1346159736866.8428,-1520686350772.3826,-1693827160605.6606,-1865464388532.8652,-2035476414567.9434,-2203737740899.128,-2370118962059.7744,-2534486741581.616,-2696703795819.9062,-2856628885695.1924,-3014116817155.9336,-3169018451230.2954,-3321180724604.4,-3470446681738.5327,-3616655519612.599,-3759642646278.102,-3899239754485.891,-4035274911758.2026,-4167572668379.6714,-4295954184895.892,-4420237380830.1455,-4540237106459.469,-4655765339630.453,-4766631409743.997,-4872642251196.354,-4973602688731.902,-5069315757341.012,-5159583059524.45,-5244205162943.606,-5322982041683.226,-5395713564569.457,-5462200034210.18,-5522242780655.177,-5575644813808.709,-5622211538963.799,-5661751540063.015,-5694077435519.216,-5719006811647.084,-5736363238953.717,-5745977376706.16,-5747688171322.963,-5741344154212.457,-5726804844684.646,-5703942263475.705,-5672642562217.727,-5632807773832.03,-5584357688283.351,-5527231857361.898,-5461391731107.331,-5386822927091.785,-5303537631966.712,-5211577132365.717,-5111014469348.698,-5001957206960.382,-4884550301038.632,-4758979049007.698,-4625472094884.377,-4484304455955.116,-4335800528393.3267,-4180337018325.471,-4018345732387.756,-3850316147540.0576,-3676797663776.5703,-3498401425435.9087,-3315801577238.399,-3129735800316.306,-2941004951947.393,-2750471611371.361,-2559057314291.6074,-2367738242289.612,-2177539122882.117,-1989525094544.5334,-1804791302750.327,-1624450022856.0598,-1449615159269.275,-1281384054243.9524,-1120816660678.0215,-968912297977.7661,-826584423634.1775,-694634117995.8602,-573723293114.3448,-464348987657.6457,-366820475795.3368,-281241258519.4654,-207498257581.24924,-145260601167.23956,-93990145091.91353,-52965139612.93916,-21317016938.424664,1922086865.8830938,17766901568.29983,27231894987.094696,31304109849.919464,30952662047.29564,27185899474.872196,21144993492.438778,14175399955.568121,7754055327.226124,3137177688.6702056,785534978.690538,86868777.04970163,2404888.93505562,9134.442027731202,0.0010085422450284165,0.0
6977.5,20603348564951.344,20572520207219.56,20540673947458.63,20507815137228.062,20473949115659.973,20439081207676.305,20403216722182.402,20366360950237.125,20328519163199.78,20289696610854.566,20249898519512.344,20209130090091.008,20167396496174.04,20124702882048.21,20081054360721.164,20036456011918.707,19990912880063.113,19944429972232.703,19897012256103.375,19848664657872.863,19799392060168.35,19749199299938.324,19698091166329.32,19646072398548.555,19593147683713.16,19539321654687.086,19484598887906.625,19428983901195.465,19372481151570.434,19315095033038.984,19256829874389.668,19197689936976.65,19137679412499.637,19076802420780.555,19015063007538.203,18952465142162.426,18889012715489.324,18824709537578.797,18759559335496.367,18693565751100.598,18626732338838.16,18559062563548.074,18490559798277.094,18421227322108.203,18351068318004.164,18280085870668.22,18208282964424.023,18135662481117.15,18062227198040.508,17987979785885.74,17912922806723.465,17837058712014.793,17760389840656.645,17682918417063.56,17604646549289.258,17525576227190.28,17445709320635.123,17365047577761.893,17283592623287.607,17201345956872.547,17118308951543.166,17034482852176.94,16949868774052.836,16864467701471.377,16778280486447.844,16691307847482.98,16603550368415.047,16515008497357.652,16425682545727.717,16335572687368.016,16244678957769.121,16153001253395.309,16060539331119.578,15967292807772.885,15873261159812.51,15778443723115.355,15682839692901.455,15586448123793.51,15489267930018.232,15391297885755.588,15292536625642.13,15192982645434.807,15092634302841.67,14991489818526.479,14889547277293.725,14786804629461.674,14683259692430.127,14578910152450.895,14473753566608.416,14367787365018.414,14261008853252.664,14153415214998.29,14045003514960.021,13935770702013.904,13825713612621.908,13714828974516.05,13603113410661.79,13490563443509.973,13377175499547.602,13262945914157.023,13147870936794.092,13031946736495.89,12915169407728.533,12797534976586.4,12679039407353.67,12559678609440.05,12439448444702.1,12318344735162.393,12196363271138.637,12073499819795.064,11949750134129.26,11825109962406.877,11699575058057.77,11573141190046.945,11445804153733.908,11317559782234.328,11188403958298.373,11058332626719.87,10927341807290.82,10795427608316.453,10662586240705.396,10528814032650.447,10394107444915.299,10258463086742.652,10121877732399.826,9984348338377.352,9845872061256.873,9706446276264.547,9566068596526.045,9424736893039.771,9282449315384.666,9139204313179.035,8995000658307.15,8849837467930.027,8703714228296.893,8556630819373.989,8408587540307.008,8259585135733.372,8109624822960.647,7958708320026.938,7806837874658.946,7654016294143.135,7500246976125.125,7345533940351.968,7189881861371.57,7033296102203.044,6875782748991.196,6717348646657.647,6558001435560.58,6397749589173.953,6236602452796.648,6074570283300.588,5911664289926.127,5747896676131.637,5583280682503.117,5417830630728.309,5251561968637.871,5084491316315.157,4916636513274.073,4748016666702.115,4578652200764.58,4408564906962.795,4237777995537.121,4066316147902.9956,3894205570105.0664,3721474047271.855,3548150999049.5923,3374267535990.7896,3199856516868.901,3024952606886.723,2849592336741.197,2673814162503.199,2497658526265.2954,2321167917505.2144,2144386935106.7341,1967362349973.703,1790143168165.6768,1612780694476.7236,1435328596371.0564,1257842968180.7627,1080382395461.8477,903008019395.2902,725783601109.3293,548775585788.16254,372053166420.31177,195688347026.9344,19756005196.887436,-155666046259.78674,-330496998743.7072,-504652988604.69727,-678047039426.1418,-850589006114.3584,-1022185521073.1334,-1192739942766.3691,-1362152306996.205,-1530319281250.1804,-1697134122499.408,-1862486638859.681,-2026263155560.5867,-2188346485702.3074,-2348615906317.6245,-2506947140297.292,-2663212344780.2476,-2817280106657.0825,-2969015445885.4175,-3118279827369.752,-3264931182216.419,-3408823939236.5933,-3549809067636.8,-3687734131908.313,-3822443360003.4087,-3953777725968.7295,-4081575048294.0146,-4205670105328.474,-4325894769217.7593,-4442078159921.544,-4554046820986.13,-4661624918867.868,-4764634467732.295,-4862895581790.548,-4956226757379.033,-5044445187140.442,-5127367108824.096,-5204808191390.518,-5276583961279.107,-5342510271877.601,-5402403819416.786,-5456082708702.058,-5503367072283.01,-5544079746850.559,-5578047010834.67,-5605099387350.635,-5625072516802.182,-5637808103589.184,-5643154941477.684,-5640970022260.373,-5631119732353.9375,-5613481141930.632,-5587943391046.526,-5554409176986.42,-5512796346668.089,-5463039597406.151,-5405092288589.678,-5338928365835.215,-5264544397886.04,-5181961724880.268,-5091228714536.672,-4992423120228.993,-4885654531750.674,-4771066905712.809,-4648841157863.157,-4519197794046.881,-4382399549931.236,-4238754001864.5933,-4088616102220.689,-3932390582190.3755,-3770534153154.985,-3603557424480.585,-3432026440856.927,-3256563726313.09,-3077848705059.6606,-2896617351808.6416,-2713660906927.2812,-2529823475727.241,-2345998317802.9995,-2163122623515.8552,-1982170572929.7183,-1804144480823.6277,-1630063853580.9543,-1460952224184.912,-1297821695184.3958,-1141655211598.486,-993386711450.2015,-853879465288.8368,-723903120119.7115,-604110206646.5986,-495013145185.7614,-396963080330.22565,-310132161015.7842,-234501118742.7813,-169854119314.82462,-115782783915.16986,-71700875549.28653,-36870279633.308525,-10437408315.839262,8523115244.919449,20963703185.669968,27827723378.929245,30034726893.110027,28499253765.483486,24186986302.60929,18188558236.038956,11749345572.235895,6149839269.5581875,2353750288.397167,547669381.6224836,54943745.069439866,1403430.3472760047,4964.389630003817,0.00028223464059361957,0.0
6975.0,20056050125011.3,20022399537667.508,19987785178609.14,19952212028528.637,19915685049388.63,19878209182705.055,19839789347810.562,19800430440099.03,19760137329251.38,19718914857443.258,19676767837534.96,19633701051244.32,19589719247303.023,19544827139596.715,19499029405289.973,19452330682936.29,19404735570574.13,19356248623809.54,19306874353886.17,19256617225743.527,19205481656064.008,19153472011310.008,19100592605751.664,19046847699486.242,18992241496450.242,18936778142425.086,18880461723037.723,18823296261756.887,18765285717886.45,18706433984556.98,18646744886716.766,18586222179123.58,18524869544338.504,18462690590723.39,18399688850443.17,18335867777474.754,18271230745623.88,18205781046551.78,18139521887813.08,18072456390906.94,18004587589343.08,17935918426724.637,17866451754849.75,17796190331833.984,17725136820255.523,17653293785325.5,17580663693085.31,17507248908633.82,17433051694386.176,17358074208367.107,17282318502541.156,17205786521182.395,17128480099286.395,17050400961027.184,16971550718262.215,16891930869088.064,16811542796450.19,16730387766809.762,16648466928870.854,16565781312371.314,16482331826940.953,16398119261030.37,16313144280914.172,16227407429772.568,16140909126854.912,16053649666729.441,15965629218623.219,15876847825856.594,15787305405376.508,15697001747393.219,15605936515124.855,15514109244654.883,15421519344907.057,15328166097743.127,15234048658188.229,15139166054789.506,15043517190113.148,14947100841385.797,14849915661285.627,14751960178889.342,14653232800781.025,14553731812329.018,14453455379137.303,14352401548677.793,14250568252110.34,14147953306297.424,14044554416020.219,13940369176403.762,13835395075558.2,13729629497443.94,13623069724968.414,13515712943322.285,13407556243563.568,13298596626457.521,13188831006581.293,13078256216701.734,12966869012435.45,12854666077200.068,12741644027466.238,12627799418319.676,12513128749343.04,12397628470827.637,12281294990324.928,12164124679548.342,12046113881635.656,11927258918783.074,11807556100261.516,11687001730826.557,11565592119533.27,11443323588967.383,11320192484904.77,11196195186410.877,11071328116392.436,10945587752613.79,10818970639190.066,10691473398570.15,10563092744022.191,10433825492634.627,10303668578845.846,10172619068515.98,10040674173554.092,9907831267114.363,9774087899375.23,9639441813914.8,9503890964696.992,9367433533682.023,9230067949075.322,9091792904229.162,8952607377210.89,8812510651052.025,8671502334692.319,8529582384632.691,8386751127311.326,8243009282216.605,8098357985750.656,7952798815857.339,7806333817427.994,7658965528498.087,7510697007247.8125,7361531859819.359,7211474268962.903,7060529023523.431,6908701548779.703,6755997937646.369,6602424982749.547,6447990209385.508,6292701909371.731,6136569175798.372,5979601938687.663,5821811001567.725,5663208078966.286,5503805834828.687,5343617921863.366,5182659021816.625,5020944886677.269,4858492380809.956,4695319524014.494,4531445535506.647,4366890878814.0283,4201677307578.2188,4035827912252.823,3869367167683.7485,3702320981556.1836,3534716743689.5566,3366583376158.713,3197951384216.7686,3028852907990.832,2859321774918.977,2689393552892.03,2519105604060.2,2348497139259.175,2177609273006.2349,2006485079010.9788,1835169646139.9587,1663710134768.413,1492155833445.686,1320558215794.094,1148970997553.421,977450193675.4473,806054175364.1299,634843726948.0295,463882102461.7506,293235081802.6038,122971026317.44264,-46839066337.42854,-216121508233.44598,-384799868287.9109,-552794920662.1053,-720024594653.9698,-886403926317.5929,-1051845012059.6239,-1216256964482.6416,-1379545870766.7559,-1541614753903.0273,-1702363537117.0754,-1861689011846.88,-2019484809667.018,-2175641378581.5603,-2330045964139.9727,-2482582595864.9956,-2633132079518.4087,-2781571995770.3125,-2927776705880.2666,-3071617365044.0273,-3212961944108.581,-3351675260410.664,-3487619018549.649,-3620651861966.016,-3750629436260.4243,-3877404465256.987,-4000826840887.5337,-4120743728051.5464,-4236999685689.6045,-4349436805396.615,-4457894868995.007,-4562211526587.995,-4662222496718.344,-4757761790369.909,-4848661960666.709,-4934754380248.04,-5015869548427.596,-5091837430379.771,-5162487830736.62,-5227650804123.848,-5287157105312.981,-5340838681817.826,-5388529211915.668,-5430064691224.713,-5465284071116.882,-5494029952385.955,-5516149337720.895,-5531494446648.504,-5539923596701.696,-5541302154632.481,-5535503561512.746,-5522410435540.343,-5501915756279.238,-5473924133894.614,-5438353166677.797,-5395134889769.087,-5344217317451.84,-5285566080677.958,-5219166160555.354,-5145023717340.699,-5063168012985.704,-4973653423427.053,-4876561534525.521,-4772003312776.881,-4660121338559.259,-4541092085661.77,-4415128226068.516,-4282480933355.5464,-4143442151504.1055,-3998346788353.122,-3847574784234.5703,-3691552996506.063,-3530756829704.7686,-3365711528938.588,-3196993041029.74,-3025228334065.662,-2851095051772.8135,-2675320365081.841,-2498678870208.407,-2321989371644.949,-2146110381114.4,-1971934161669.3196,-1800379152092.2664,-1632380623433.45,-1468879450277.067,-1310808927956.9875,-1159079637516.2546,-1014562456767.3251,-878069941893.8624,-750336461924.3712,-631997658083.8586,-523570017722.25525,-425431588806.44196,-337805098374.30255,-260744948463.67627,-194129703174.72986,-137661690347.37015,-90875139932.6968,-53153766364.65776,-23757755849.903133,-1858626087.140143,13421677923.720093,22973703891.38358,27674325260.39538,28381805519.382248,25960041880.812504,21329553306.6669,15519701868.42026,9661778079.14332,4838002748.963035,1750753798.0697374,378324697.18903625,34484795.3353733,825867.7647877387,2672.6450174640645,7.695402784734515e-05,0.0
6972.5,19510581328655.926,19474388367683.8,19437281971503.477,19399266749650.188,19360347287445.3,19320528144358.33,19279813852353.7,19238208914222.844,19195717801901.797,19152344954775.47,19108094777968.42,19062971640623.37,19016979874167.797,18970123770569.152,18922407580579.8,18873835511971.953,18824411727763.742,18774140344436.9,18723025430147.145,18671071002928.06,18618281028889.137,18564659420409.49,18510210034327.39,18454936670127.58,18398843068126.6,18341932907657.816,18284209805256.887,18225677312849.277,18166338915940.586,18106198031811.29,18045258007717.316,17983522119097.344,17920993567788.836,17857675480253.96,17793570905816.938,17728682814914.594,17663014097361.477,17596567560631.613,17529345928158.264,17461351837653.74,17392587839451.271,17323056394870.455,17252759874608.691,17181700557160.617,17109880627267.395,17037302174398.533,16963967191267.92,16889877572387.22,16815035112658.168,16739441506007.059,16663098344063.371,16586007114885.736,16508169201737.617,16429585881915.559,16350258325633.312,16270187594964.08,16189374642844.895,16107820312145.475,16025525334805.389,15942490331042.574,15858715808636.904,15774202162292.209,15688949673080.365,15602958507971.549,15516228719454.045,15428760245248.008,15340552908117.066,15251606415781.94,15161920360940.543,15071494221398.943,14980327360317.576,14888419026577.676,14795768355272.443,14702374368328.133,14608235975259.928,14513351974067.729,14417721052277.473,14321341788133.172,14224212651945.34,14126332007601.496,14027698114244.715,13928309128126.2,13828163104637.965,13727258000532.05,13625591676332.604,13523161898947.713,13419966344487.293,13316002601294.457,13211268173197.135,13105760482987.305,12999476876135.195,12892414624746.068,12784570931767.373,12675942935453.973,12566527714099.795,12456322291043.885,12345323639959.5,12233528690434.543,12120934333852.406,12007537429581.943,11893334811485.586,11778323294755.166,11662499683084.488,11545860776188.639,11428403377679.361,11310124303306.916,11191020389578.072,11071088502760.744,10950325548285.697,10828728480555.615,10706294313172.697,10583020129595.145,10458903094233.953,10333940464000.99,10208129600319.574,10081467981609.01,9953953216254.658,9825583056075.104,9696355410298.041,9566268360056.898,9435320173419.873,9303509320963.432,9170834491902.338,9037294610787.988,8902888854787.535,8767616671555.398,8631477797709.522,8494472277924.338,8356600484652.316,8217863138486.0625,8078261329172.768,7937796537292.593,7796470656612.607,7654286017127.509,7511245408798.279,7367352105999.658,7222609892687.019,7077023088292.799,6930596574362.486,6783335821939.632,6635246919708.761,6486336602904.888,6336612282997.454,6186082078156.044,6034754844504.584,5882640208169.768,5729748598129.028,5576091279862.107,5421680389809.45,5266528970639.686,5110651007327.266,4954061464040.015,4796776321835.181,4638812617160.942,4480188481158.982,4320923179762.095,4161037154578.5264,4000552064553.608,3839490828396.562,3677877667758.1846,3515738151143.144,3353099238537.5947,3189989326730.2837,3026438295302.425,2862477553258.28,2698140086265.303,2533460504468.688,2368475090841.722,2203221850028.867,2037740557634.344,1872072809903.9026,1706262073742.842,1540353737007.5503,1374395159002.2188,1208435721106.139,1042526877450.4688,876722205555.959,711077456835.9913,545650606860.8017,380501905270.2552,215693925213.23065,51291612181.76982,-112637667902.58258,-276024081504.05676,-438795281355.5262,-600876361588.2002,-762189814300.8551,-922655487776.8254,-1082190546572.2527,-1240709433716.9014,-1398123835286.6055,-1554342647626.1606,-1709271947522.749,-1862814965651.8618,-2014872063642.3528,-2165340715132.5205,-2314115491217.0054,-2461088050713.514,-2606147135710.2197,-2749178572888.2256,-2890065281149.751,-3028687286121.2573,-3164921742142.1216,-3298642962393.446,-3429722457868.914,-3558028985939.734,-3683428609319.4595,-3805784766291.8584,-3924958353125.5303,-4040807819664.308,-4153189279151.047,-4261956633415.796,-4366961714636.813,-4468054444965.103,-4565083015389.791,-4657894085313.3,-4746333004401.211,-4830244058372.856,-4909470740503.814,-4983856050721.438,-5053242824288.158,-5117474092184.561,-5176393475424.113,-5229845615653.558,-5277676644515.08,-5319734694368.586,-5355870453090.698,-5385937765781.079,-5409794286311.742,-5427302181748.322,-5438328892748.72,-5442747953099.055,-5440439871572.003,-5431293079280.822,-5415204945643.659,-5392082865954.981,-5361845423371.232,-5324423627838.43,-5279762234102.05,-5227821140420.738,-5168576868928.943,-5102024127728.831,-5028177453703.072,-4947072933687.248,-4858769999977.41,-4763353294123.406,-4660934590514.668,-4551654768339.13,-4435685817020.893,-4313232856146.011,-4184536146096.503,-4049873060057.907,-3909559981680.318,-3763954085402.62,-3613454948260.652,-3458505932889.7754,-3299595271443.561,-3137256769389.072,-2972070036799.1445,-2804660143149.8276,-2635696580201.598,-2465891406937.4253,-2295996441617.853,-2126799359938.3953,-1959118556500.7317,-1793796631160.0596,-1631692374492.9114,-1473671150232.1145,-1320593609965.2795,-1173302729843.7883,-1032609233674.8273,-899275564425.9915,-773998688885.0212,-657392168443.0037,-549968100586.6012,-452119724666.4857,-364105680247.2563,-286037087628.34344,-217868758833.9485,-159395902051.92847,-110257597249.89243,-69948024208.59052,-37835831946.43959,-13191061989.4132,4782390583.605931,16912666332.206013,24030186222.100914,26950025723.904716,26474298302.851685,23418487545.36533,18654292233.43843,13140187914.282331,7884162684.816785,3775724584.412578,1291187342.8607774,259001809.25865433,21501284.45591972,490897.7528759247,1423.2675674312657,2.044440357093029e-05,0.0
6970.0,18967932432714.555,18929452308779.016,18890105496208.906,18849896236633.6,18808828742790.582,18766907196978.4,18724135749498.164,18680518517084.812,18636059581328.01,18590762987084.12,18544632740879.17,18497672809303.938,18449887117401.715,18401279547049.535,18351853935333.438,18301614072918.965,18250563702417.29,18198706516748.207,18146046157500.594,18092586213291.547,18038330218124.902,17983281649750.47,17927443928024.64,17870820413273.906,17813414404661.984,17755229138562.074,17696267786935.227,17636533455716.25,17576029183208.32,17514757938487.752,17452722619820.23,17389926053090.1,17326370990243.934,17262060107750.342,17196996005077.172,17131181203187.994,17064618143059.668,16997309184222.365,16929256603324.428,16860462592723.277,16790929259104.945,16720658622133.766,16649652613134.432,16577913073808.646,16505441754988.385,16432240315428.09,16358310320638.074,16283653241761.67,16208270454498.365,16132163238075.6,16055332774271.773,15977780146493.207,15899506338907.736,15820512235637.799,15740798620016.035,15660366173906.117,15579215477092.367,15497347006740.822,15414761136935.348,15331458138292.002,15247438177655.172,15162701317878.984,15077247517697.445,14991076631687.416,14904188410327.916,14816582500159.719,14728258444049.502,14639215681562.344,14549453549447.076,14458971282238.666,14367768012982.268,14275842774083.166,14183194498287.77,14089822019800.041,13995724075538.46,13900899306538.518,13805346259505.898,13709063388525.672,13612049056932.791,13514301539349.48,13415819023895.174,13316599614574.844,13216641333851.438,13115942125408.73,13014499857110.566,12912312324162.955,12809377252485.344,12705692302297.71,12601255071930.324,12496063101862.818,12390113878999.771,12283404841189.812,12175933381995.777,12067696855722.916,11958692582713.295,11848917854913.625,11738369941724.643,11627046096139.951,11514943561182.576,11402059576647.379,11288391386157.771,11173936244545.502,11058691425561.885,10942654229929.63,10825821993743.885,10708192097232.033,10589761973880.986,10470529119941.652,10350491104319.98,10229645578863.86,10107990289056.125,9985523085122.756,9862241933566.69,9738144929137.025,9613230307243.553,9487496456826.78,9360941933693.81,9233565474330.047,9105366010197.072,8976342682527.129,8846494857624.367,8715822142683.182,8584324402134.123,8452001774527.353,8318854689964.345,8184883888087.443,8050090436637.828,7914475750591.658,7778041611884.321,7640790189732.444,7502724061563.331,7363846234560.895,7224160167837.574,7083669795240.655,6942379548801.82,6800294382837.967,6657419798711.26,6513761870255.611,6369327269876.776,6224123295332.399,6078157897197.855,5931439707023.322,5783978066186.617,5635783055445.759,5486865525194.405,5337237126422.368,5186910342382.787,5035898520966.123,4884215907780.472,4731877679936.208,4578899980532.071,4425299953838.11,4271095781169.7666,4116306717445.61,3960953128419.6836,3805056528577.8506,3648639619684.9717,3491726329968.5645,3334341853921.864,3176512692706.74,3018266695135.0728,2859633099203.8516,2700642574156.645,2541327263041.2383,2381720825729.54,2221858482362.804,2061777057181.1172,1901515022692.438,1741112544131.88,1580611524157.8267,1420055647726.07,1259490427078.5518,1098963246777.3489,938523408708.7778,778222176976.2963,618112822593.9833,458250667885.2909,298693130484.0211,139499766826.4345,-19267684985.55362,-177545263079.3267,-335266740603.9727,-492363585570.05566,-648764921898.1696,-804397491849.6104,-959185620025.9707,-1113051179137.7551,-1265913557757.6301,-1417689630289.1047,-1568293729399.2026,-1717637621180.9473,-1865630483331.58,-2012178886652.7632,-2157186780201.186,-2300555480441.752,-2442183664780.581,-2581967369882.253,-2719799995204.235,-2855572312212.45,-2989172479774.5366,-3120486066262.4062,-3249396078932.9683,-3375783001195.727,-3499524838418.23,-3620497172965.4023,-3738573229216.7437,-3853623949356.3936,-3965518080785.053,-4074122276060.0625,-4179301206330.929,-4280917689301.4795,-4378832832818.0884,-4472906195254.54,-4562995963939.606,-4648959152952.178,-4730651821691.362,-4807929315715.167,-4880646531430.622,-4948658206310.85,-5011819236409.622,-5069985023041.174,-5123011850591.595,-5170757297527.108,-5213080682762.69,-5249843549650.452,-5280910189938.969,-5306148210139.774,-5325429142813.517,-5338629105351.045,-5345629508871.236,-5346317819881.107,-5340588377340.211,-5328343267731.581,-5309493260658.528,-5283958807348.767,-5251671104243.647,-5212573223565.965,-5166621312378.236,-5113785861145.772,-5054053042182.17,-4987426117553.848,-4913926915025.332,-4833597369404.637,-4746501125160.704,-4652725194390.545,-4552381662065.877,-4445609427938.001,-4332575971470.663,-4213479122648.938,-4088548817419.839,-3958048811803.7153,-3822278323324.2725,-3681573562301.1016,-3536309108709.299,-3386899082740.3193,-3233798048936.7075,-3077501584912.8574,-2918546436373.784,-2757510170654.7114,-2595010231690.0723,-2431702290690.306,-2268277779543.9683,-2105460488965.7627,-1944002111819.08,-1784676615267.159,-1628273335157.5322,-1475588704319.9717,-1327416555522.214,-1184536982130.33,-1047703797552.5908,-917630710602.5293,-794976429737.0178,-680329025371.8728,-574190015028.987,-476958787084.367,-388918137625.9396,-310221848330.872,-240885361317.9169,-180780680926.39487,-129636613375.78479,-87045293168.79044,-52475579471.56625,-25293270403.38797,-4787119101.880043,9801680640.222109,19250467949.76434,24332077381.804886,25804262210.484234,24417039115.43337,20938360233.86187,16186958890.062397,11042573030.37191,6385391190.7706995,2923639777.835639,944293693.9457464,175770788.32464033,13335328.173688935,294949.15807002096,748.9504542483974,5.2924268378304686e-06,0.0
