"","390","387","384","381","378","375","372","369","366","363","360","357","354","351","348","345","342","339","336","333","330","327","324","321","318","315","312","309","306","303","300","297","294","291","288","285","282","279","276","273","270","267","264","261","258","255","252","249","246","243","240","237","234","231","228","225","222","219","216","213","210","207","204","201","198","195","192","189","186","183","180","177","174","171","168","165","162","159","156","153","150","147","144","141","138","135","132","129","126","123","120","117","114","111","108","105","102","99","96","93","90","87","84","81","78","75","72","69","66","63","60","57","54","51","48","45","42","39","36","33","30","27","24","21","18","15","12","9","6","3","0"
"6500",-458767457657.231,-457318838637.966,-455854058411.81,-454372609074.87,-452873970733.383,-451357611278.919,-449822986160.135,-448269538151.061,-446696697115.972,-445103879770.854,-443490489441.531,-441855915818.509,-440199534708.644,-438520707783.723,-436818782326.126,-435093090971.718,-433342951450.198,-431567666323.133,-429766522719.982,-427938792072.442,-426083729847.522,-424200575279.798,-422288551103.386,-420346863284.237,-418374700753.465,-416371235142.493,-414335620520.935,-412266993138.238,-410164471170.255,-408027154472.065,-405854124338.53,-403644443274.256,-401397154774.849,-399111283121.559,-396785833191.694,-394419790287.43,-392012119985.979,-389561768014.414,-387067660152.814,-384528702169.826,-381943779795.201,-379311758734.341,-376631484730.501,-373901783680.856,-371121461813.343,-368289305931.943,-365404083738.86,-362464544242.979,-359469418264.953,-356417419050.382,-353307243003.714,-350137570556.82,-346907067187.644,-343614384605.884,-340258162124.411,-336837028237.022,-333349602425.194,-329794497218.807,-326170320538.283,-322475678348.315,-318709177656.369,-314869429892.404,-310955054709.816,-306964684251.543,-302896967929.505,-298750577770.219,-294524214384.483,-290216613624.54,-285826553998.104,-281352864915.149,-276794435850.356,-272150226511.732,-267419278114.053,-262600725864.572,-257693812777.758,-252697904945.802,-247612508402.09,-242437287725.822,-237172086547.346,-231816950125.345,-226372150178.695,-220838212167.163,-215215945225.856,-209506474967.8,-203711279376.652,-197832228016.209,-191871624783.969,-185832254430.821,-179717433055.929,-173531062762.314,-167277690621.103,-160962572036.395,-154591738522.656,-148172069795.234,-141711369922.901,-135218447087.867,-128703196228.932,-122176683489.233,-115651230928.841,-109140499366.129,-102659566445.921,-96224996054.8878,-89854893965.3425,-83568943028.6639,-77388409293.078,-71336108017.7328,-65436315631.229,-59714610195.7157,-54197618900.0045,-48912646643.0272,-43887155222.7091,-39148058737.2459,-34720798907.832,-30628166570.8786,-26888846608.4288,-23515689419.476,-20513761810.6743,-17878315408.7229,-15592942090.1614,-13628363901.0999,-11942497967.1885,-10482542775.6554,-9189633071.69573,-8005795383.52491,-6881426194.75279,-5780493492.47325,-4683534949.62728,-3591763819.97505,-2472750272.66002,-920669443.078832,0
"6495",-470650847012.812,-469306323509.788,-467948219445.579,-466576034397.449,-465189254900.105,-463787354169.984,-462369791823.766,-460936013590.961,-459485451020.458,-458017521180.878,-456531626354.616,-455027153725.438,-453503475059.522,-451959946379.812,-450395907633.615,-448810682353.313,-447203577310.155,-445573882161.039,-443920869088.28,-442243792432.334,-440541888317.522,-438814374270.79,-437060448833.633,-435279291167.314,-433470060651.584,-431631896477.182,-429763917232.451,-427865220484.49,-425934882355.367,-423971957094.023,-421975476644.608,-419944450212.136,-417877863826.511,-415774679906.123,-413633836822.439,-411454248467.227,-409234803824.276,-406974366547.796,-404671774549.948,-402325839600.337,-399935346940.67,-397499054918.213,-395015694642.181,-392483969667.723,-389902555712.752,-387270100413.559,-384585223125.886,-381846514778.932,-379052537790.731,-376201826054.303,-373292885005.15,-370324191781.891,-367294195493.233,-364201317606.013,-361043952470.729,-357820468002.9,-354529206540.644,-351168485901.21,-347736600661.752,-344231823692.441,-340652407973.2,-336996588728.752,-333262585920.568,-329448607138.491,-325552850939.547,-321573510686.589,-317508778945.198,-313356852503.526,-309115938086.795,-304784258845.829,-300360061707.488,-295841625684.219,-291227271250.203,-286515370902.875,-281704361040.974,-276792755303.836,-271779159531.438,-266662288520.823,-261440984772.031,-256114239435.521,-250681215693.367,-245141274828.132,-239494005256.192,-233739254826.143,-227877166707.526,-221908219219.846,-215833269976.082,-209653604737.544,-203370991396.545,-196987739518.052,-190506765878.518,-183931666435.966,-177266795145.361,-170517349991.02,-163689466535.028,-156790319166.424,-149828230065.953,-142812785656.845,-135754959969.013,-128667243870.69,-121563778476.968,-114460490176.381,-107375223556.894,-100327866975.778,-93340463495.5472,-86437297266.7841,-79644942016.787,-72992253913.8815,-66510285521.0638,-60232090647.5396,-54192381557.9372,-48426990336.6217,-42972075843.7693,-37863008207.8053,-33132857490.4708,-28810418369.1515,-24917729586.3141,-21467113691.695,-18457895619.1964,-15873188901.0733,-13677483934.3408,-11816189519.1256,-10218556171.791,-8805022989.9493,-7498165891.21951,-6233052504.10938,-4962591272.37371,-3668354562.99416,-2372699673.03279,-614414278.527904,0
"6490",-481261525021.438,-480010515704.441,-478748868525.601,-477476102530.587,-476191722907.981,-474895220668.496,-473586072316.417,-472263739512.995,-470927668731.546,-469577290903.935,-468212021058.201,-466831257946.985,-465434383666.481,-464020763265.582,-462589744344.904,-461140656645.363,-459672811625.967,-458185502030.497,-456678001442.734,-455149563829.909,-453599423074.026,-452026792490.755,-450430864335.57,-448810809296.834,-447165775975.555,-445494890351.555,-443797255235.826,-442071949708.892,-440318028545.039,-438534521622.314,-436720433318.301,-434874741891.714,-432996398849.97,-431084328303.003,-429137426303.706,-427154560175.53,-425134567827.941,-423076257060.623,-420978404857.547,-418839756672.251,-416659025706.002,-414434892180.795,-412166002609.554,-409850969066.288,-407488368459.448,-405076741812.272,-402614593554.497,-400100390830.515,-397532562829.811,-394909500146.397,-392229554174.932,-389491036552.289,-386692218654.611,-383831331161.207,-380906563698.262,-377916064576.993,-374857940642.889,-371730257254.795,-368531038415.057,-365258267074.671,-361909885640.399,-358483796714.23,-354977864099.383,-351389914111.288,-347717737236.734,-343959090189.714,-340111698418.429,-336173259124.549,-332141444863.285,-328013907801.1,-323788284717.186,-319462202845.188,-315033286663.249,-310499165753.374,-305857483865.553,-301105909338.185,-296242147044.328,-291263952053.256,-286169145219.105,-280955630933.075,-275621417303.065,-270164639054.917,-264583583482.847,-258876719813.356,-253042732386.951,-247080558105.648,-240989428641.075,-234768917948.153,-228418995681.964,-221940087169.938,-215333140646.311,-208599702509.008,-201742001407.623,-194763042010.639,-187666709324.48,-180457884437.849,-173142572530.468,-165728043899.762,-158222988600.339,-150637685029.768,-142984182389.753,-135276496350.392,-127530816373.456,-119765721910.532,-112002402952.001,-104264877987.886,-96580199119.965,-88978629532.781,-81493772399.8682,-74162622085.3805,-67025497627.8783,-60125804355.0545,-53509551583.0056,-47224532671.3787,-41319049401.0333,-35840039505.3454,-30830453257.0685,-26325740974.3937,-22349392964.0493,-18907674698.8266,-15984104093.247,-13534899309.2013,-11487539043.6033,-9745266484.96513,-8199475689.32178,-6747188902.74673,-5303335987.9278,-3809736714.3262,-2324809425.55998,-987826926.530211,0
"6485",-490537442716.58,-489364597269.896,-488184369056.376,-486996309086.617,-485799953963.746,-484594825523.714,-483380430466.167,-482156259975.515,-480921789331.827,-479676477511.159,-478419766774.881,-477151082247.591,-475869831483.123,-474575404018.202,-473267170913.215,-471944484279.592,-470606676793.234,-469253061193.426,-467882929766.635,-466495553814.577,-465090183105.912,-463666045310.91,-462222345418.4,-460758265134.3,-459272962261.02,-457765570056.989,-456235196575.573,-454680923982.623,-453101807851.895,-451496876437.589,-449865129923.246,-448205539646.282,-446517047297.427,-444798564094.412,-443048969929.24,-441267112488.482,-439451806346.096,-437601832028.331,-435715935050.445,-433792824925.04,-431831174142.04,-429829617120.468,-427786749132.463,-425701125200.213,-423571258966.787,-421395621542.248,-419172640326.814,-416900697813.345,-414578130371.98,-412203227020.421,-409774228184.066,-407289324451.079,-404746655328.429,-402144308006.056,-399480316137.569,-396752658647.34,-393959258575.456,-391097981973.884,-388166636869.287,-385162972310.316,-382084677519.914,-378929381176.227,-375694650849.195,-372377992623.797,-368976850945.4,-365488608727.653,-361910587769.072,-358240049530.887,-354474196335.984,-350610173057.022,-346645069371.087,-342575922668.795,-338399721717.668,-334113411193.089,-329713897205.423,-325198053969.151,-320562731779.474,-315804766483.948,-310920990661.84,-305908246752.248,-300763402404.164,-295483368357.956,-290065119208.781,-284505717448.732,-278802341236.685,-272952316403.457,-266953153265.691,-260802588895.387,-254498635573.875,-248039636249.589,-241424327918.564,-234651913954.976,-227722146535.596,-220635420425.272,-213392879517.829,-205996537653.657,-198449415354.966,-190755694221.861,-182920890801.774,-174952051759.251,-166857972100.733,-158649438004.199,-150339495401.83,-141943744773.594,-133480661501.932,-124971939430.55,-116442852708.096,-107922627221.503,-99444807432.8292,-91047596533.0389,-82774136566.1754,-74672679289.5819,-66796576398.1728,-59203987444.3307,-51957163470.728,-45121113199.4022,-38761399076.1105,-32940753355.1149,-27714178621.0598,-23122266858.6098,-19182760748.8233,-15881095003.3723,-13162039523.5404,-10926640013.8181,-9040357458.67375,-7355779008.09808,-5739767143.53058,-4081347278.39651,-2376413347.09452,-1493750169.98686,0
"6480",-498451321010.005,-497336263141.101,-496217324584.957,-495094101102.446,-493966173786.619,-492833108670.344,-491694456323.183,-490549751437.069,-489398512400.341,-488240240859.634,-487074421269.132,-485900520426.645,-484717986995.922,-483526251014.608,-482324723387.214,-481112795362.406,-479889837993.912,-478655201584.293,-477408215110.785,-476148185632.358,-474874397677.135,-473586112609.219,-472282567973.951,-470962976820.591,-469626527001.314,-468272380445.411,-466899672407.503,-465507510688.538,-464094974828.265,-462661115267.87,-461204952481.353,-459725476074.222,-458221643848.011,-456692380829.083,-455136578260.147,-453553092552.896,-451940744200.118,-450298316645.65,-448624555110.51,-446918165373.576,-445177812505.179,-443402119552.045,-441589666172.071,-439738987217.512,-437848571265.288,-435916859093.271,-433942242101.616,-431923060678.437,-429857602509.464,-427744100831.642,-425580732631.114,-423365616786.546,-421096812159.364,-418772315633.237,-416390060105.996,-413947912438.182,-411443671363.623,-408875065368.796,-406239750549.335,-403535308453.888,-400759243927.657,-397908982970.421,-394981870626.662,-391975168928.677,-388886054917.316,-385711618769.25,-382448862064.653,-379094696234.798,-375645941235.578,-372099324500.41,-368451480234.48,-364698949122.078,-360838178529.989,-356865523302.728,-352777247260.156,-348569525524.923,-344238447826.582,-339780022951.486,-335190184533.169,-330464798407.324,-325599671789.249,-320590564570.52,-315433203076.307,-310123296676.163,-304656557700.215,-299028725180.672,-293235593016.692,-287273043250.382,-281137085244.649,-274823901671.509,-268329902354.214,-261651787160.067,-254786619315.089,-247731910708.468,-240485720975.551,-233046772393.578,-225414582894.212,-217589619788.509,-209573477108.224,-201369079781.946,-192980918168.708,-184415316737.911,-175680740869.814,-166788145789.789,-157751371442.4,-148587586508.784,-139317783548.88,-129967325075.163,-120566536738.892,-111151337992.259,-101763891478.499,-92453238367.3133,-83275865509.73,-74296118214.3051,-65586324923.815,-57226431049.2426,-49302842131.4981,-41906047369.076,-35126440526.6115,-29047614920.3897,-23736395232.4287,-19229244614.2439,-15515963900.3437,-12524537613.1772,-10115949106.7834,-8102052853.08104,-6290524531.48214,-4515771583.80542,-2621194434.07537,-1331676928.20346,0
"6475",-505017337199.268,-503934518638.662,-502851486275.726,-501767893419.032,-500683378765.672,-499597565982.554,-498510063275.874,-497420462948.311,-496328340943.415,-495233256376.687,-494134751052.759,-493032348968.087,-491925555798.514,-490813858371.019,-489696724118.935,-488573600519.861,-487443914515.445,-486307071912.188,-485162456762.304,-484009430723.695,-482847332397.952,-481675476645.297,-480493153875.264,-479299629311.861,-478094142231.886,-476875905174.967,-475644103123.822,-474397892653.143,-473136401045.413,-471858725371.867,-470563931536.689,-469251053282.474,-467919091154.803,-466567011423.747,-465193744959.929,-463798186062.702,-462379191237.846,-460935577922.112,-459466123151.753,-457969562172.146,-456444586985.415,-454889844832.915,-453303936609.31,-451685415204.873,-450032783772.596,-448344493916.595,-446618943798.281,-444854476156.749,-443049376239.848,-441201869642.443,-439310120048.519,-437372226873.876,-435386222806.442,-433350071241.494,-431261663609.473,-429118816594.593,-426919269243.034,-424660679960.312,-422340623398.305,-419956587233.605,-417505968840.162,-414986071860.882,-412394102684.696,-409727166837.979,-406982265301.862,-404156290770.149,-401246023866.336,-398248129342.536,-395159152288.294,-391975514383.191,-388693510234.172,-385309303846.588,-381818925287.475,-378218267610.569,-374503084125.438,-370668986108.008,-366711441067.222,-362625771702.808,-358407155712.774,-354050626636.793,-349551075953.778,-344903256689.448,-340101788833.502,-335141166917.256,-330015770162.472,-324719875682.25,-319247675296.985,-313593296624.608,-307750829217.114,-301714356647.62,-295477995607.156,-289035943252.018,-282382534255.061,-275512309262.997,-268420096751.85,-261101110610.624,-253551066175.137,-245766317886.592,-237744022268.843,-229482330509.221,-220980615592.503,-212239739673.179,-203262368166.573,-194053337869.467,-184620087238.384,-174973157675.26,-165126775156.148,-155099521558.737,-144915104225.814,-134603230043.371,-124200585647.839,-113751916756.692,-103311184554.435,-92942751590.9799,-82722507477.5242,-72738776044.0798,-63092735988.1559,-53897916241.407,-45278071848.2571,-37362391505.9909,-30276567080.831,-24127949582.1514,-18983376193.8974,-14840581388.4622,-11600735046.155,-9062423663.45134,-6967874210.88716,-5090004088.93088,-3155462132.16166,-685550943.460024,0
"6470",-510297741993.298,-509216438308.77,-508138652932.599,-507064109182.008,-505992516163.311,-504923568333.38,-503856945048.434,-502792310099.702,-501729311235.389,-500667579668.434,-499606729569.442,-498546357544.169,-497486042094.897,-496425343064.979,-495363801065.788,-494300936885.276,-493236250877.247,-492169222330.447,-491099308816.459,-490025945515.349,-488948544517.945,-487866494103.51,-486779157991.546,-485685874566.315,-484585956072.615,-483478687781.211,-482363327122.23,-481239102784.71,-480105213780.353,-478960828469.403,-477805083546.454,-476637082983.788,-475455896929.73,-474260560559.317,-473050072874.389,-471823395450.042,-470579451124.158,-469317122626.534,-468035251143.903,-466732634816.914,-465408027164.882,-464060135433.903,-462687618863.629,-461289086867.77,-459863097123.092,-458408153561.421,-456922704258.891,-455405139216.364,-453853788024.731,-452266917408.478,-450642728640.714,-448979354822.553,-447274858019.604,-445527226248.094,-443734370303.039,-441894120420.817,-440004222768.438,-438062335751.938,-436066026136.455,-434012764970.857,-431899923310.253,-429724767730.318,-427484455628.215,-425176030305.995,-422796415833.721,-420342411691.337,-417810687190.458,-415197775679.904,-412500068542.078,-409713808991.191,-406835085689.115,-403859826200.301,-400783790314.081,-397602563270.759,-394311548937.657,-390905962992.803,-387380826187.688,-383730957776.817,-379950969221.112,-376035258295.208,-371978003755.891,-367773160761.284,-363414457268.787,-358895391685.417,-354209232098.493,-349349017479.22,-344307561328.769,-339077458328.278,-333651094663.942,-328020662829.432,-322178181864.77,-316115524178.612,-309824450325.939,-303296653382.963,-296523814884.588,-289497674677.729,-282210117508.782,-274653279720.527,-266819680099.743,-258702379711.757,-250295176503.953,-241592841580.815,-232591405373.175,-223288503466.791,-213683793637.724,-203779457668.366,-193580803767.047,-183096987816.784,-172341874080.764,-161335058088.976,-150103075653.553,-138680821278.229,-127113194793.025,-115456983575.313,-103782963400.053,-92178153566.9756,-80748073689.4666,-69618690153.8862,-58937460580.9528,-48872411466.6373,-39607429465.3807,-31330870748.9045,-24213428677.276,-18371077777.8028,-13813233112.4024,-10392488833.5963,-7808232141.18595,-5738384717.93178,-3922663135.08146,-904135255.223432,0
"6465",-514409105725.897,-513293587156.083,-512185267218.176,-511083950927.966,-509989429862.581,-508901481709.138,-507819869800.035,-506744342634.378,-505674633385.032,-504610459390.723,-503551521632.622,-502497504194.757,-501448073707.6,-500402878774.116,-499361549377.5,-498323696269.802,-497288910340.562,-496256761964.535,-495226800327.502,-494198552729.101,-493171523861.551,-492145195063.018,-491119023544.329,-490092441587.605,-489064855715.31,-488035645828.07,-487004164309.512,-485969735096.236,-484931652710.889,-483889181256.146,-482841553367.265,-481787969120.652,-480727594895.74,-479659562187.22,-478582966364.488,-477496865374.884,-476400278387.075,-475292184370.653,-474171520607.687,-473037181131.712,-471888015089.23,-470722825018.5,-469540365039.953,-468339338952.212,-467118398227.203,-465876139897.455,-464611104328.137,-463321772865.903,-462006565356.094,-460663837519.242,-459291878177.296,-457888906319.332,-456453067995.93,-454982433030.745,-453474991537.146,-451928650227.166,-450341228499.336,-448710454291.346,-447033959682.858,-445309276233.221,-443533830038.3,-441704936490.162,-439819794723.039,-437875481728.685,-435868946124.223,-433797001555.631,-431656319720.422,-429443422993.686,-427154676642.726,-424786280616.968,-422334260901.868,-419794460428.205,-417162529531.654,-414433915961.961,-411603854446.657,-408667355821.242,-405619195746.454,-402453903043.92,-399165747694.622,-395748728560.645,-392196560910.263,-388502663850.251,-384660147798.319,-380661802163.776,-376500083447.413,-372167104023.604,-367654621930.937,-362954032074.732,-358056359338.597,-352952254216.596,-347631991717.252,-342085474461.37,-336302241104.617,-330271481471.95,-323982060105.328,-317422550312.298,-310581281278.029,-303446401388.047,-296005961629.04,-288248023822.591,-280160799540.219,-271732826895.425,-262953194066.836,-253811820445.087,-244299808796.512,-234409884893.498,-224136944780.971,-213478734343.451,-202436691214.083,-191016985399.275,-179231802263.591,-167100919509.564,-154653637843.893,-141931131600.942,-128989287340.373,-115902088342.987,-102765566715.925,-89702253907.6673,-76865858876.7268,-64445485032.7152,-52667873328.3851,-41794629838.9283,-32108814153.1891,-23881690944.5891,-17308084212.0983,-12406909900.0474,-8927804459.20679,-6419358151.28015,-4627435328.1655,-2760481447.62987,0
"6460",-517527815874.874,-516337727334.83,-515158332340.788,-513989527995.841,-512831199133.293,-511683217860.486,-510545443088.647,-509417720048.251,-508299879789.389,-507191738666.591,-506093097807.513,-505003742564.894,-503923441951.105,-502851948054.613,-501788995437.619,-500734300514.08,-499687560907.274,-498648454786.025,-497616640178.612,-496591754263.357,-495573412634.77,-494561208544.1,-493554712112.998,-492553469518.953,-491557002151.024,-490564805734.288,-489576349421.326,-488591074848.876,-487608395157.703,-486627693973.536,-485648324346.754,-484669607648.32,-483690832419.271,-482711253170.803,-481730089131.81,-480746522940.409,-479759699275.74,-478768723425.999,-477772659788.319,-476770530295.754,-475761312766.218,-474743939167.799,-473717293794.397,-472680211345.13,-471631474900.399,-470569813786.923,-469493901323.402,-468402352437.791,-467293721146.418,-466166497884.408,-465019106675.99,-463849902132.388,-462657166264.014,-461439105092.63,-460193845048.086,-458919429133.033,-457613812837.809,-456274859786.392,-454900337092.953,-453487910407.131,-452035138624.669,-450539468238.549,-448998227304.183,-447408618990.661,-445767714688.448,-444072446642.356,-442319600077.07,-440505804781.065,-438627526113.361,-436681055396.428,-434662499657.526,-432567770680.169,-430392573327.092,-428132393096.338,-425782482872.991,-423337848840.745,-420793235520.2,-418143109904.785,-415381644670.711,-412502700444.863,-409499807124.478,-406366144255.297,-403094520491.527,-399677352182.087,-396106641154.468,-392373951801.435,-388470387618.46,-384386567393.319,-380112601316.531,-375638067365.536,-370951988421.172,-366042810707.518,-360898384312.523,-355505946755.936,-349852110834.096,-343922858302.63,-337703541376.428,-331178894554.78,-324333059948.592,-317149630134.294,-309611713634.964,-301702029496.051,-293403039161.808,-284697126072.272,-275566836221.469,-265995196514.288,-255966132347.58,-245465011694.644,-234479350439.066,-222999723220.724,-211020936164.541,-198543533208.802,-185575727055.799,-172135869695.988,-158255606228.641,-143983888101.564,-129392052824.246,-114580191907.669,-99684989507.3117,-84889030732.2764,-70431045712.5756,-56615233017.9978,-43814828563.5287,-32459033694.0174,-22982037184.2125,-15701826117.914,-10611937307.0578,-7212080396.83289,-4952235808.66897,-4678781531.91233,0
"6455",-519894369040.75,-518585352247.898,-517290190241.367,-516008880672.178,-514741410505.604,-513487755569.593,-512247880088.657,-511021736202.716,-509809263470.388,-508610388356.179,-507425023700.999,-506253068175.419,-505094405715.003,-503948904937.085,-502816418538.242,-501696782671.745,-500589816304.169,-499495320550.327,-498413077985.619,-497342851934.839,-496284385736.416,-495237401980.981,-494201601723.099,-493176663664.893,-492162243310.215,-491157972087.906,-490163456442.564,-489178276891.16,-488201987043.63,-487234112585.518,-486274150220.488,-485321566570.425,-484375797030.586,-483436244577.085,-482502278523.755,-481573233225.14,-480648406722.127,-479727059326.384,-478808412139.44,-477891645501.848,-476975897367.49,-476060261597.586,-475143786168.502,-474225471286.892,-473304267405.109,-472379073129.169,-471448733010.82,-470512035214.514,-469567709049.179,-468614422353.786,-467650778724.674,-466675314571.466,-465686495987.231,-464682715417.193,-463662288108.883,-462623448325.065,-461564345299.095,-460483038910.534,-459377495056.916,-458245580695.411,-457085058525.879,-455893581284.372,-454668685613.525,-453407785473.494,-452108165054.137,-450766971146.005,-449381204924.367,-447947713097.02,-446463178362.986,-444924109125.375,-443326828397.787,-441667461839.587,-439941924851.301,-438145908657.297,-436274865298.869,-434323991456.972,-432288211020.199,-430162156310.362,-427940147875.377,-425616172757.26,-423183861142.233,-420636461300.602,-417966812726.52,-415167317392.796,-412229909044.013,-409146020463.558,-405906548667.786,-402501818005.053,-398921541170.723,-395154778194.113,-391189893512.903,-387014511329.329,-382615469545.982,-377978772714.786,-373089544610.326,-367931981270.919,-362489305654.295,-356743725451.581,-350676396122.293,-344267391892.729,-337495688350.967,-330339161440.829,-322774609193.617,-314777804558.582,-306323590358.487,-297386030916.114,-287938639553.192,-277954707335.147,-267407766637.068,-256272234038.677,-244524291679.575,-232143085851.466,-219112348127.948,-205422580335.061,-191073993761.94,-176080460065.79,-160474822301.136,-144316034786.735,-127698748474.614,-110766105340.473,-93726538562.6585,-76874950080.8108,-60616815366.9048,-45488238890.8226,-32150827107.7149,-21309920078.882,-13460585916.3677,-8396069256.37686,-4995855774.57656,-3985534863.56297,0
"6450",-521815925089.767,-520340511605.841,-518881620970.967,-517439357203.839,-516013815643.357,-514605082512.929,-513213234469.749,-511838338138.57,-510480449629.42,-509139614038.741,-507815864933.353,-506509223816.667,-505219699576.498,-503947287913.847,-502691970751.933,-501453715624.773,-500232475044.534,-499028185846.853,-497840768513.274,-496670126469.904,-495516145361.328,-494378692298.772,-493257615081.438,-492152741389.855,-491063877950.027,-489990809667.06,-488933298726.867,-487891083664.438,-486863878397.053,-485851371220.689,-484853223767.741,-483869069924.001,-482898514702.698,-481941133073.204,-480996468741.783,-480064032881.563,-479143302808.645,-478233720600.956,-477334691656.183,-476445583184.74,-475565722633.357,-474694396034.45,-473830846275.941,-472974271285.701,-472123822124.182,-471278600978.168,-470437659047.87,-469599994318.778,-468764549208.826,-467930208080.441,-467095794605.996,-466260068973.964,-465421724921.802,-464579386580.116,-463731605111.076,-462876855122.287,-462013530835.388,-461139941986.502,-460254309433.352,-459354760441.24,-458439323617.288,-457505923459.253,-456552374481.825,-455576374879.622,-454575499682.084,-453547193351.045,-452488761766.996,-451397363544.872,-450270000614.557,-449103507995.239,-447894542686.177,-446639571589.401,-445334858372.269,-443976449169.711,-442560157017.338,-441081544897.406,-439535907269.866,-437918249950.535,-436223268187.62,-434445322776.734,-432578414042.979,-430616153506.972,-428551733039.85,-426377891300.687,-424086877238.557,-421670410431.235,-419119638023.684,-416425088022.965,-413576618702.88,-410563363873.111,-407373673775.68,-403995051388.789,-400414083948.191,-396616369543.811,-392586438721.078,-388307671121.205,-383762207344.628,-378930856433.654,-373792999666.801,-368326491769.438,-362507561215.815,-356310712084.888,-349708631016.835,-342672104309.361,-335169952245.278,-327168990566.159,-318634032893.351,-309527953254.802,-299811835274.702,-289445244829.616,-278386677221.137,-266594249828.434,-254026739240.451,-240645101720.668,-226414673208.541,-211308328835.419,-195311006350.855,-178426185555.522,-160685201687.439,-142160703000.842,-122986187769.696,-103384336886.509,-83707375385.2159,-64491189038.67,-46515583872.8366,-30829710409.4313,-18609126490.9442,-10532481112.6939,-5429732232.24184,-807809273.980964,0
"6445",-523666527439.627,-521975323499.128,-520302651653.005,-518648724694.087,-517013749151.898,-515397924886.116,-513801444664.728,-512224493726.359,-510667249326.217,-509129880265.091,-507612546400.81,-506115398141.557,-504638575920.377,-503182209650.248,-501746418158.983,-500331308603.272,-498936975861.089,-497563501901.674,-496210955132.278,-494879389720.783,-493568844893.302,-492279344205.789,-491010894788.663,-489763486563.37,-488537091429.768,-487331662423.136,-486147132839.547,-484983415328.272,-483840400949.759,-482717958197.687,-481615931983.442,-480534142581.264,-479472384532.183,-478430425504.707,-477408005110.074,-476404833669.673,-475420590932.075,-474454924736.854,-473507449622.136,-472577745372.545,-471665355503.871,-470769785680.449,-469890502060.846,-469026929566.971,-468178450071.27,-467344400496.073,-466524070818.542,-465716701973.961,-464921483649.317,-464137551958.24,-463363986987.359,-462599810203.028,-461843981706.129,-461095397321.235,-460352885504.888,-459615204055.963,-458881036609.138,-458148988890.309,-457417584710.349,-456685261670.858,-455950366552.544,-455211150353.486,-454465762940.744,-453712247274.619,-452948533160.221,-452172430475.823,-451381621821.801,-450573654527.602,-449745931947.221,-448895703965.929,-448020056632.476,-447115900821.616,-446179959821.479,-445208755728.959,-444198594523.835,-443145549678.706,-442045444146.856,-440893830553.871,-439685969400.955,-438416805068.51,-437080939387.346,-435672602521.948,-434185620885.26,-432613381777.447,-430948794411.95,-429184246960.682,-427311559216.471,-425321930434.743,-423205881878.051,-420953193546.56,-418552834535.315,-415992886415.791,-413260458995.701,-410341597769.177,-407221182331.645,-403882815003.912,-400308698893.946,-396479504631.2,-392374225049.582,-387970017189.981,-383242031168.215,-378163225748.539,-372704170932.49,-366832838599.208,-360514383333.424,-353710917219.761,-346381284810.139,-338480848036.219,-329961296050.185,-320770502575.833,-310852464425.255,-300147370996.905,-288591878248.523,-276119695576.678,-262662646168.22,-248152440461.575,-232523524994.946,-215717564577.553,-197690438135.641,-178423177120.659,-157939231067.796,-136332115416.104,-113810300782.884,-90770251012.5555,-67911426098.2041,-46395349705.839,-27971941635.663,-14691317983.4161,-7017963480.53035,572645221.388174,0
"6440",-525884352137.645,-523927523654.964,-521990412925.64,-520073339721.212,-518176620340.736,-516300567248.564,-514445488696.854,-512611688332.223,-510799464785.994,-509009111247.405,-507240915019.164,-505495157054.712,-503772111476.5,-502072045074.605,-500395216784.946,-498741877146.349,-497112267735.689,-495506620580.299,-493925157546.784,-492368089705.396,-490835616669.024,-489327925905.878,-487845192024.855,-486387576032.566,-484955224560.94,-483548269064.268,-482166824984.522,-480810990883.679,-479480847541.769,-478176457019.257,-476897861682.314,-475645083189.432,-474418121437.773,-473216953467.497,-472041532322.25,-470891785863.822,-469767615538.871,-468668895095.44,-467595469246.815,-466547152280.073,-465523726606.445,-464524941250.35,-463550510273.692,-462600111131.651,-461673382955.848,-460769924760.341,-459889293565.412,-459031002433.575,-458194518411.61,-457379260371.714,-456584596744.057,-455809843132.132,-455054259801.23,-454317049029.184,-453597352307.213,-452894247377.133,-452206745089.484,-451533786065.16,-450874237140.877,-450226887576.299,-449590444997.764,-448963531050.308,-448344676726.019,-447732317332.592,-447124787061.294,-446520313108.235,-445917009296.926,-445312869143.37,-444705758297.421,-444093406285.67,-443473397471.606,-442843161138.178,-442199960585.898,-441540881126.321,-440862816835.774,-440162455917.526,-439436264501.999,-438680468693.809,-437891034651.339,-437063646458.7,-436193681521.288,-435276183184.133,-434305830236.702,-433276902928.188,-432183245073.227,-431018221778.875,-429774672268.851,-428444857219.985,-427020399957.489,-425492220779.307,-423850463594.326,-422084413963.373,-420182407524.508,-418131727663.634,-415918491156.506,-413527520357.505,-410942200342.986,-408144319232.367,-405113889709.229,-401828949550.837,-398265338754.419,-394396450635.125,-390192954085.924,-385622484070.625,-380649297427.015,-375233891281.388,-369332581964.713,-362897043499.433,-355873806839.975,-348203724626.262,-339821412050.967,-330654683773.753,-320624021522.38,-309642130031.957,-297613674953.188,-284435352989.055,-269996535070.333,-254180872190.745,-236869508136.462,-217947002145.636,-197311939927.992,-174895971265.207,-150698674925.185,-124853290176.617,-97753376047.6857,-70294187122.018,-44289436975.5428,-22943911730.4771,-10137201521.4733,-3443719074.86509,0
"6435",-528965342657.358,-526694391116.877,-524443364513.018,-522212682854.331,-520002765775.139,-517814032234.05,-515646900197.691,-513501786309.083,-511379105540.023,-509279270826.825,-507202692688.761,-505149778828.499,-503120933713.821,-501116558139.865,-499137048771.13,-497182797662.426,-495254191757.939,-493351612367.551,-491475434619.516,-489626026888.557,-487803750198.437,-486008957597.989,-484241993509.586,-482503193048.974,-480792881315.353,-479111372650.568,-477458969866.202,-475835963437.348,-474242630661.754,-472679234783.033,-471146024076.521,-469643230896.357,-468171070682.277,-466729740924.538,-465319420085.346,-463940266475.049,-462592417081.305,-461275986349.305,-459991064911.053,-458737718261.569,-457515985379.76,-456325877291.526,-455167375572.537,-454040430787.877,-452944960865.555,-451880849400.604,-450847943886.201,-449846053867.897,-448874949016.632,-447934357115.759,-447023961956.769,-446143401137.778,-445292263758.12,-444470088001.554,-443676358599.629,-442910504165.629,-442171894388.204,-441459837072.311,-440773575013.323,-440112282688.172,-439475062745.04,-438860942270.438,-438268868809.435,-437697706111.182,-437146229567.826,-436613121310.164,-436096964917.977,-435596239696.779,-435109314465.613,-434634440792.399,-434169745604.029,-433713223087.836,-433262725788.946,-432815954794.314,-432370448878.527,-431923572468.764,-431472502266.038,-431014212337.038,-430545457464.881,-430062754517.788,-429562361561.389,-429040254402.807,-428492100212.088,-427913227818.432,-427298594224.175,-426642746817.797,-425939780697.243,-425183290435.455,-424366315529.64,-423481278672.826,-422519915868.497,-421473197274.121,-420331237503.951,-419083193942.042,-417717151408.2,-416219991277.187,-414577242868.057,-412772914588.074,-410789301924.568,-408606768917.25,-406203499200.383,-403555212064.939,-400634838241.846,-397412149236.275,-393853333042.475,-389920507942.178,-385571164860.234,-380757527477.428,-375425818100.331,-369515416378.239,-362957897712.972,-355675939256.296,-347582084755.807,-338577366837.067,-328549799218.289,-317372776053.325,-304903458056.779,-290981297578.566,-275426981370.453,-258042303317.129,-238611949858.987,-216909232424.899,-192710380993.305,-165828743106.807,-136198167932.339,-104081284482.635,-70584797019.9034,-38819637778.4629,-15714110596.5664,-9559345837.19832,0
"6430",-533452632891.613,-530822429481.094,-528211245670.835,-525619589393.217,-523047971510.445,-520496905590.327,-517966907668.458,-515458495996.169,-512972190773.597,-510508513867.195,-508067988510.966,-505651138990.693,-503258490310.392,-500890567840.186,-498547896944.759,-496231002591.543,-493940408937.714,-491676638895.073,-489440213671.836,-487231652290.323,-485051471079.489,-482900183141.227,-480778297789.298,-478686319959.734,-476624749591.497,-474594080976.153,-472594802075.262,-470627393804.152,-468692329280.704,-466790073037.72,-464921080197.415,-463085795606.517,-461284652930.424,-459518073704.813,-457786466343.062,-456090225097.765,-454429728974.625,-452805340596.899,-451217405018.558,-449666248484.245,-448152177134.066,-446675475651.16,-445236405849.954,-443835205202.891,-442472085303.335,-441147230262.276,-439860795036.273,-438612903683.99,-437403647548.451,-436233083361.971,-435101231270.435,-434008072773.348,-432953548575.655,-431937556346.979,-430959948383.342,-430020529165.864,-429119052810.173,-428255220399.379,-427428677192.408,-426639009698.231,-425885742605.001,-425168335551.347,-424486179724.921,-423838594270.797,-423224822489.319,-422644027799.51,-422095289439.986,-421577597874.475,-421089849863.326,-420630843155.698,-420199270749.338,-419793714655.713,-419412639097.662,-419054383054.405,-418717152054.414,-418399009100.06,-418097864588.759,-417811465073.161,-417537380677.329,-417272990956.373,-417015468953.078,-416761763166.031,-416508577098.912,-416252346009.15,-415989210415.029,-415714985852.5,-415425128295.083,-415114694560.706,-414778296926.437,-414410051053.372,-414003516186.979,-413551626439.487,-413046611776.472,-412479907114.484,-411842047684.029,-411122548514.388,-410309765543.385,-409390735433.298,-408350990667.034,-407174345885.302,-405842650678.906,-404335503136.317,-402629917322.44,-400699936476.154,-398516181995.641,-396045326151.032,-393249473827.99,-390085435353.785,-386503868469.661,-382448262671.022,-377853733341.866,-372645586319.595,-366737605809.252,-360030010178.964,-352407011644.321,-343733908054.597,-333853629043.056,-322582655639.844,-309706231932.845,-294972787710.138,-278087494582.472,-258704931841.013,-236421224287.278,-210768029186.879,-181219669142.446,-147260347681.862,-108688713631.84,-66756229462.3759,-27748546766.5925,-10150782379.1342,0
"6425",-539921275582.086,-536892291772.462,-533880209212.296,-530885605451.359,-527909064341.693,-524951175905.814,-522012536193.283,-519093747124.983,-516195416324.483,-513318156935.772,-510462587426.66,-507629331377.067,-504819017251.432,-502032278154.375,-499269751568.775,-496532079075.309,-493819906052.53,-491133881356.464,-488474656978.674,-485842887681.717,-483239230610.835,-480664344880.695,-478118891135.938,-475603531084.253,-473118927000.609,-470665741201.282,-468244635486.198,-465856270548.111,-463501305347.049,-461180396448.419,-458894197323.125,-456643357607.958,-454428522324.523,-452250331054.873,-450109417071.995,-448006406423.23,-445941916964.706,-443916557344.764,-441930925934.367,-439985609702.442,-438081183034.047,-436218206489.279,-434397225500.765,-432618769007.613,-430883348023.648,-429191454137.784,-427543557944.338,-425940107401.138,-424381526113.231,-422868211540.017,-421400533123.617,-419978830336.256,-418603410644.436,-417274547387.577,-415992477568.765,-414757399555.093,-413569470684.932,-412428804779.198,-411335469553.407,-410289483926.816,-409290815224.44,-408339376266.956,-407435022342.591,-406577548053.88,-405766684030.688,-405002093498.992,-404283368692.615,-403610027092.185,-402981507472.105,-402397165731.981,-401856270483.724,-401357998359.216,-400901428995.785,-400485539647.579,-400109199359.946,-399771162630.86,-399470062467.869,-399204402730.605,-398972549627.077,-398772722206.243,-398602981659.071,-398461219204.741,-398345142296.96,-398252258836.583,-398179859019.77,-398124994384.432,-398084453540.245,-398054733977.274,-398032009243.141,-398012090656.28,-397990382580.15,-397961830116.69,-397920857882.523,-397861298302.787,-397776307588.322,-397658267243.328,-397498668571.497,-397287977194.231,-397015474046.059,-396669068644.479,-396235079611.128,-395697976404.415,-395040074951.892,-394241178266.089,-393278151086.602,-392124414976.945,-390749346935.732,-389117560219.739,-387188040410.115,-384913102379.529,-382237124221.705,-379095001735.488,-375410250905.569,-371092665000.175,-366035406184.929,-360111377309.21,-353168675226.8,-345024867678.772,-335459749589.123,-324206091517.966,-310937616434.016,-295252844585.213,-276652115219.633,-254502276768.676,-227978753663.091,-195973331916.187,-157001609165.684,-109470355013.052,-54228353322.6952,-6895805195.72143,0
"6420",-548957997271.336,-545498635274.646,-542052790242.679,-538621084910.92,-535204151587.673,-531802632126.636,-528417177890.618,-525048449705.831,-521697117806.124,-518363861766.515,-515049370425.33,-511754341794.217,-508479482955.246,-505225509944.297,-501993147619.846,-498783129516.243,-495596197680.512,-492433102491.641,-489294602461.294,-486181464014.796,-483094461251.198,-480034375681.155,-477001995941.288,-473998117483.645,-471023542238.78,-468079078250.92,-465165539283.618,-462283744394.197,-459434517475.233,-456618686761.231,-453837084298.595,-451090545376.889,-448379907919.33,-445706011830.358,-443069698298.089,-440471809049.334,-437913185554.845,-435394668182.368,-432917095295.006,-430481302292.381,-428088120591.991,-425738376548.176,-423432890306.023,-421172474587.586,-418957933407.734,-416790060717.019,-414669638968.932,-412597437609.005,-410574211483.269,-408600699163.675,-406677621188.204,-404805678213.54,-402985549078.328,-401217888775.252,-399503326330.375,-397842462588.423,-396235867902.968,-394684079730.715,-393187600129.418,-391746893159.212,-390362382187.423,-389034447097.178,-387763421400.305,-386549589255.152,-385393182389.947,-384294376932.164,-383253290144.017,-382269977063.547,-381344427049.805,-380476560229.17,-379666223837.849,-378913188452.859,-378217144100.223,-377577696224.346,-376994361496.584,-376466563433.288,-375993627784.028,-375574777638.692,-375209128187.284,-374895681048.041,-374633318057.116,-374420794385.981,-374256730819.804,-374139604990.471,-374067741310.315,-374039299295.707,-374052259901.692,-374104409408.024,-374193320301.022,-374316328481.927,-374470505998.016,-374652628333.747,-374859135111.434,-375086082829.024,-375329087999.833,-375583258747.502,-375843112538.512,-376102477290.874,-376354372563.603,-376590866883.894,-376802906476.149,-376980109676.607,-377110520090.819,-377180309998.334,-377173423518.359,-377071146467.598,-376851586452.711,-376489042247.161,-375953235492.864,-375208369669.513,-374211970300.987,-372913445439.052,-371252285112.275,-369155790680.762,-366536187280.319,-363286921341.351,-359277875982.511,-354349143458.452,-348302864838.764,-340892458582.298,-331808246345.173,-320657853075.158,-306938228988.331,-289992000084.071,-268929253293.788,-242464433431.837,-208544950990.184,-163571873647.608,-101650938404.747,-20429210942.6461,0
"6415",-561136015143.374,-557224901907.955,-553322664803.814,-549429941433.603,-545547381945.2,-541675649115.546,-537815418429.2,-533967378151.122,-530132229393.192,-526310686173.869,-522503475470.428,-518711337263.105,-514935024570.481,-511175303475.351,-507432953140.303,-503708765812.147,-500003546814.293,-496318114526.115,-492653300348.26,-489009948652.804,-485388916717.074,-481791074639.881,-478217305238.84,-474668503927.335,-471145578569.642,-467649449312.595,-464181048392.094,-460741319912.66,-457331219598.13,-453951714511.477,-450603782741.63,-447288413055.05,-444006604509.715,-440759366029.025,-437547715933.036,-434372681424.305,-431235298025.492,-428136608965.774,-425077664512.98,-422059521248.245,-419083241279.892,-416149891393.119,-413260542132.006,-410416266810.227,-407618140446.852,-404867238623.509,-402164636259.172,-399511406298.855,-396908618312.466,-394357337000.178,-391858620600.733,-389413519199.245,-387023072931.249,-384688310079.984,-382410245064.183,-380189876314.031,-378028184033.369,-375926127846.758,-373884644330.607,-371904644428.275,-369987010749.844,-368132594758.139,-366342213843.567,-364616648291.429,-362956638146.51,-361362879981.029,-359836023573.301,-358376668505.835,-356985360692.914,-355662588848.966,-354408780910.245,-353224300423.229,-352109442913.86,-351064432251.871,-350089417024.04,-349184466928.919,-348349569203.161,-347584625085.739,-346889446320.633,-346263751690.525,-345707163563.084,-345219204416.784,-344799293294.14,-344446742105.609,-344160751676.11,-343940407386.685,-343784674214.58,-343692390913.987,-343662263004.604,-343692854143.185,-343782575341.382,-343929671357.46,-344132203425.714,-344388027290.292,-344694765273.466,-345049770824.776,-345450083657.716,-345892373173.364,-346372867381.204,-346887263937.618,-347430619207.212,-347997210377.719,-348580364579.034,-349172247605.674,-349763603126.602,-350343431053.456,-350898590834.846,-351413311570.461,-351868585586.973,-352241414894.961,-352503869889.623,-352621905516.008,-352553860084.556,-352248533409.705,-351642700312.4,-350657857784.06,-349195922703.021,-347133483930.633,-344314059232.853,-340537605770.244,-335546274004.76,-329005046036.932,-320475278575.537,-309377394562.311,-294932211685.495,-276043186583.691,-250975217899.73,-216305453609.162,-163694965640.839,-74306828966.4096,0
"6410",-576985397931.099,-572613462658.403,-568244592431.686,-563879404192.16,-559518529888.834,-555162616673.96,-550812327097.34,-546468339299.184,-542131347201.135,-537802060695.092,-533481205829.369,-529169524991.738,-524867777088.822,-520576737721.262,-516297199354.05,-512029971481.336,-507775880784.971,-503535771285.978,-499310504488.079,-495100959512.316,-490908033221.741,-486732640335.05,-482575713527.952,-478438203520.966,-474321079152.215,-470225327433.72,-466151953589.517,-462101981073.862,-458076451567.594,-454076424950.631,-450102979248.417,-446157210549.963,-442240232894.993,-438353178127.515,-434497195712.977,-430673452515.962,-426883132535.222,-423127436592.619,-419407581972.355,-415724802006.686,-412080345604.077,-408475476715.555,-404911473734.837,-401389628827.55,-397911247184.712,-394477646195.406,-391090154533.439,-387750111152.564,-384458864184.745,-381217769735.788,-378028190572.593,-374891494696.223,-371809053795.002,-368782241571.881,-365812431940.457,-362900997084.238,-360049305373.996,-357258719138.519,-354530592284.52,-351866267762.181,-349267074873.574,-346734326422.241,-344269315703.367,-341873313335.39,-339547563935.564,-337293282643.86,-335111651501.802,-333003815695.3,-330970879673.363,-329013903157.65,-327133897061.322,-325331819339.331,-323608570796.403,-321964990883.21,-320401853515.709,-318919862957.194,-317519649807.082,-316201767144.717,-314966686880.247,-313814796367.538,-312746395335.828,-311761693196.731,-310860806780.66,-310043758550.966,-309310475333.879,-308660787586.609,-308094429202.979,-307611037823.911,-307210155576.691,-306891230109.331,-306653615711.463,-306496574216.91,-306419275261.012,-306420795312.382,-306500114707.772,-306656111682.643,-306887552100.089,-307193073226.535,-307571159471.725,-308020107487.574,-308537977386.755,-309122526072.904,-309771117737.811,-310480605432.579,-311247176196.478,-312066150437.285,-312931723963.642,-313836638066.641,-314771759018.623,-315725542816.898,-316683353200.566,-317626589755.275,-318531566513.02,-319368057113.758,-320097386141.945,-320669891391.01,-321021499339.523,-321069033339.772,-320703695461.131,-319781915575.527,-318112451822.526,-315438327224.778,-311412136423.76,-305564012500.34,-297263841465.49,-285680934389.771,-269717222730.458,-247641061210.314,-214663213483.864,-152789067901.784,0
"6405",-596960053916.239,-592132163237.735,-587300532919.07,-582465719669.986,-577628296946.126,-572788855249.053,-567948002429.526,-563106363993.914,-558264583413.608,-553423322437.245,-548583261405.545,-543745099568.529,-538909555404.828,-534077366942.772,-529249292082.899,-524426108921.455,-519608616074.431,-514797633001.602,-509994000329.96,-505198580175.89,-500412256465.33,-495635935251.091,-490870545026.395,-486117037033.632,-481376385567.173,-476649588268.996,-471937666415.757,-467241665195.762,-462562653974.19,-457901726544.744,-453260001365.716,-448638621778.298,-444038756204.768,-439461598323.944,-434908367221.123,-430380307509.431,-425878689419.317,-421404808852.59,-416959987397.183,-412545572298.474,-408162936382.724,-403813477927.84,-399498620476.336,-395219812585.014,-390978527505.529,-386776262789.594,-382614539812.247,-378494903206.149,-374418920199.563,-370388179850.193,-366404292166.757,-362468887109.733,-358583613462.424,-354750137563.117,-350970141888.874,-347245323481.241,-343577392204.017,-339968068823.127,-336419082898.691,-332932170479.514,-329509071590.53,-326151527504.197,-322861277787.552,-319640057117.543,-316489591858.495,-313411596397.123,-310407769232.448,-307479788820.343,-304629309175.324,-301857955235.645,-299167318001.802,-296558949463.337,-294034357334.326,-291594999624.312,-289242279078.66,-286977537530.469,-284802050215.334,-282717020110.313,-280723572369.512,-278822748940.56,-277015503458.877,-275302696529.657,-273685091520.735,-272163351002.292,-270738033981.187,-269409594087.527,-268178378877.82,-267044630421.122,-266008487329.983,-265069988384.293,-264229077870.193,-263485612714.149,-262839371429.469,-262290064803.096,-261837348127.66,-261480834619.086,-261220109443.862,-261054743500.698,-260984305745.305,-261008372398.49,-261126530818.347,-261338375125.091,-261643489816.142,-262041416566.952,-262531598138.384,-263113291747.446,-263785442323.339,-264546503641.477,-265394192209.381,-266325154654.305,-267334523713.306,-268415329888.5,-269557723962.437,-270747947458.504,-271966959733.413,-273188584913.031,-274376967964.183,-275483008021.106,-276439238390.373,-277152300870.24,-277491659022.591,-277272473024.31,-276229739505.663,-273980646565.291,-269975535391.043,-263454396127.129,-253481046164.261,-239245006931.738,-220418515873.435,-188793979933.26,0
"6400",-621403202105.035,-616139081721.032,-610863701393.046,-605577515691.152,-600280996739.769,-594974634607.875,-589658937706.717,-584334433195.121,-579001667392.503,-573661206199.676,-568313635527.507,-562959561733.487,-557599612066.233,-552234435117.92,-546864701284.616,-541491103234.448,-536114356383.492,-530735199379.243,-525354394591.449,-519972728610.059,-514591012749.954,-509210083562.075,-503830803350.46,-498454060694.634,-493080770976.698,-487711876912.332,-482348349084.834,-476991186481.182,-471641417028.937,-466300098132.687,-460968317208.517,-455647192214.841,-450337872177.69,-445041537708.344,-439759401510.961,-434492708877.553,-429242738167.416,-424010801267.784,-418798244032.13,-413606446692.21,-408436824239.513,-403290826771.39,-398169939796.678,-393075684495.129,-388009617924.488,-382973333168.459,-377968459418.27,-372996661979.886,-368059642198.313,-363159137289.716,-358296920071.389,-353474798578.86,-348694615558.645,-343958247824.386,-339267605463.287,-334624630878.97,-330031297656.045,-325489609230.893,-321001597352.409,-316569320315.705,-312194860951.142,-307880324350.496,-303627835311.622,-299439535482.739,-295317580187.37,-291264134911.221,-287281371432.762,-283371463580.238,-279536582599.208,-275778892116.697,-272100542690.662,-268503665936.951,-264990368230.26,-261562723981.076,-258222768497.293,-254972490447.28,-251813823950.967,-248748640337.013,-245778739617.758,-242905841749.36,-240131577762.779,-237457480871.92,-234884977688.647,-232415379700.389,-230049875194.616,-227789521845.357,-225635240209.617,-223587808415.24,-221647858355.359,-219815873736.305,-218092190353.404,-216476998989.328,-214970351338.362,-213572169351.603,-212282258365.76,-211100324312.772,-210025995197.974,-209058846866.881,-208198432838.217,-207444317642.988,-206796112651.952,-206253512768.12,-205816331573.416,-205484531510.543,-205258244407.453,-205137776059.457,-205123586608.352,-205216236015.032,-205416280893.657,-205724105179.025,-206139662231.293,-206662099513.55,-207289227955.001,-208016784795.958,-208837417895.441,-209739285214.595,-210704104298.256,-211704381858.237,-212699362340.041,-213628878207.322,-214403613382.894,-214889024963.687,-214877821532.307,-214041778745.247,-211847493512.11,-207416286086.687,-199332501968.047,-185590214619.641,-164645641012.561,-134064929186.973,0
"6395",-650514137259.595,-644848268269.888,-639163289581.403,-633459511659.794,-627737262217.973,-621996886675.764,-616238748630.719,-610463230340.43,-604670733216.68,-598861678331.796,-593036506937.533,-587195680996.87,-581339683729.036,-575469020168.12,-569584217735.611,-563685826827.163,-557774421413.911,-551850599658.62,-545914984546.924,-539968224533.884,-534010994206.066,-528043994959.291,-522067955692.151,-516083633515.341,-510091814476.778,-504093314302.415,-498088979152.535,-492079686393.27,-486066345382.899,-480049898272.417,-474031320819.688,-468011623216.326,-461991850926.293,-455973085534.974,-449956445607.28,-443943087553.058,-437934206497.834,-431931037156.589,-425934854707.92,-419946975665.593,-413968758744.043,-408001605713.955,-402046962243.535,-396106318720.564,-390181211049.703,-384273221418.89,-378383979027.952,-372515160771.78,-366668491869.607,-360845746430.989,-355048747948.136,-349279369703.19,-343539535077.898,-337831217751.921,-332156441774.738,-326517281494.689,-320915861327.249,-315354355343.092,-309834986654.817,-304360026579.552,-298931793552.849,-293552651767.457,-288225009508.687,-282951317156.218,-277734064820.303,-272575779578.524,-267479022277.523,-262446383862.557,-257480481196.395,-252583952328.026,-247759451171.044,-243009641551.477,-238337190585.493,-233744761348.834,-229235004802.479,-224810550942.874,-220473999150.61,-216227907718.87,-212074782552.73,-208017065042.869,-204057119132.936,-200197217619.187,-196439527744.587,-192786096178.021,-189238833502.961,-185799498379.64,-182469681590.767,-179250790233.502,-176144032379.881,-173150402593.845,-170270668764.832,-167505360793.987,-164854761747.158,-162318902165.167,-159897558291.005,-157590255027.943,-155396274471.436,-153314670846.936,-151344292616.399,-149483812363.803,-147731764802.878,-146086592828.76,-144546700909.959,-143110514227.44,-141776540740.945,-140543431712.634,-139410034043.653,-138375424962.993,-137438916012.348,-136600008728.362,-135858278715.178,-135213157602.437,-134663573159.434,-134207395602.074,-133840620981.47,-133556196676.096,-133342351660.443,-133180219228.437,-133040397717.127,-132877809840.857,-132623623057.069,-132171689674.011,-131354040723.103,-129893271532.522,-127304148503.203,-122680903162.682,-114227001627.194,-98245683301.5096,-67560028641.7748,-17624363850.6988,0
"6390",-684320225659.914,-678300374900.41,-672253730101.667,-666180418523.276,-660080583089.282,-653954382891.639,-647801993707.622,-641623608531.733,-635419438122.653,-629189711565.817,-622934676852.207,-616654601473.979,-610349773037.57,-604020499894.931,-597667111793.567,-591289960546.075,-584889420719.889,-578465890347.94,-572019791660.97,-565551571842.227,-559061703805.276,-552550686995.663,-546019048217.155,-539467342483.269,-532896153894.776,-526306096543.856,-519697815445.511,-513071987496.835,-506429322464.64,-499770564001.908,-493096490693.408,-486407917130.756,-479705695017.06,-472990714301.129,-466263904341.115,-459526235097.216,-452778718352.893,-446022408963.783,-439258406133.233,-432487854713.046,-425711946527.686,-418931921719.778,-412149070114.294,-405364732598.3,-398580302512.588,-391797227050.851,-385017008661.388,-378241206445.519,-371471437546.013,-364709378517.866,-357956766672.701,-351215401386.858,-344487145361.939,-337773925825.121,-331077735654.977,-324400634416.768,-317744749289.276,-311112275863.155,-304505478788.456,-297926692246.531,-291378320218.78,-284862836521.774,-278382784575.132,-271940776865.092,-265539494063.081,-259181683754.674,-252870158730.21,-246607794783.959,-240397527964.216,-234242351211.959,-228145310320.928,-222109499147.141,-216138053991.093,-210234147071.327,-204400979003.873,-198641770198.415,-192959751079.268,-187358151037.579,-181840186021.147,-176409044670.121,-171067872911.467,-165819756932.882,-160667704468.821,-155614624348.249,-150663304276.851,-145816386856.865,-141076343886.81,-136445449032.708,-131925749023.412,-127519033596.95,-123226804513.92,-119050244059.061,-114990183574.026,-111047072703.085,-107220950187.696,-103511417212.662,-99917614480.0604,-96438204358.1413,-93071359606.1871,-89814760291.7358,-86665600562.9052,-83620606873.3994,-80676069023.2477,-77827884897.2991,-75071618955.0692,-72402573220.407,-69815867575.3635,-67306523380.9158,-64869540590.9207,-62499953320.9211,-60192841973.6385,-57943271174.7508,-55746111575.9298,-53595689626.3939,-51485192146.3799,-49405731007.1453,-47344945459.8935,-45284981142.9878,-43199624660.6444,-41050263523.9024,-38780111046.8666,-36305585869.4162,-33502302741.2403,-30179190423.1298,-26023064035.509,-20463472986.6089,-12310987057.6102,1267783896.66294,27575620234.2069,78760634470.8341,0
"6385",-722659319063.896,-716343356561.767,-709993675823.569,-703610188306.651,-697192818144.197,-690741502663.237,-684256192918.495,-677736854242.709,-671183466814.117,-664596026241.838,-657974544169.907,-651319048900.784,-644629586039.159,-637906219156.968,-631149030480.539,-624358121600.85,-617533614207.925,-610675650850.425,-603784395721.566,-596860035472.507,-589902780054.424,-582912863590.506,-575890545279.174,-568836110329.844,-561749870932.602,-554632167263.198,-547483368524.767,-540303874027.758,-533094114309.508,-525854552294.961,-518585684500.002,-511288042278.857,-503962193117.034,-496608741971.167,-489228332657.153,-481821649287.829,-474389417761.381,-466932407301.547,-459451432050.524,-451947352715.3,-444421078267.951,-436873567700.132,-429305831831.745,-421718935173.359,-414113997841.59,-406492197526.149,-398854771506.705,-391203018717.104,-383538301853.746,-375862049524.087,-368175758430.324,-360480995582.201,-352779400531.731,-345072687621.185,-337362648234.23,-329651153038.279,-321940154204.227,-314231687587.495,-306527874851.844,-298830925514.678,-291143138889.423,-283466905897.13,-275804710715.607,-268159132230.061,-260532845244.505,-252928621407.868,-245349329802.925,-237797937139.717,-230277507488.023,-222791201475.709,-215342274871.267,-207934076459.652,-200570045110.554,-193253705927.53,-185988665355.008,-178778605108.099,-171627274777.558,-164538482949.248,-157516086664.318,-150563979033.367,-143686074805.495,-136886293681.96,-130168541154.867,-123536686644.888,-116994538709.571,-110545817096.84,-104194121428.617,-97942896319.2737,-91795392765.4184,-85754625690.5061,-79823327593.3403,-74003898337.9166,-68298351237.6019,-62708255734.2331,-57234677157.2393,-51878114274.0282,-46638435614.4469,-41514815871.2982,-36505674044.8296,-31608615406.2515,-26820379790.8035,-22136799171.0653,-17552767867.1246,-13062229061.4911,-8658181413.81809,-4332709385.70536,-77040212.0717751,4118370944.47312,8263728552.94813,12369761728.8642,16447577142.751,20508518265.2532,24564060084.8411,28625781925.9857,32705476766.5744,36815471688.7345,40969246431.5846,45182436033.7296,49474269509.5919,53869387620.3172,58399709110.3399,63105380971.9581,68032434831.6442,73221700177.6557,78676993623.1735,84286745795.7401,89641788396.4046,93603811872.7219,93172767553.8774,83053876779.9,0
"6380",-765179036909.226,-758629727089.203,-752041207326.836,-745413151646.879,-738745242263.48,-732037170080.12,-725288635206.469,-718499347492.846,-711669027083.028,-704797404986.186,-697884223668.792,-690929237667.378,-683932214223.099,-676892933939.098,-669811191461.742,-662686796186.864,-655519572992.204,-648309362997.336,-641056024352.415,-633759433057.19,-626419483811.776,-619036090900.799,-611609189112.581,-604138734695.156,-596624706350.978,-589067106272.275,-581465961219.139,-573821323642.465,-566133272854.047,-558401916246.134,-550627390562.943,-542809863226.635,-534949533720.42,-527046635031.491,-519101435156.606,-511114238673.178,-503085388378.821,-495015267002.319,-486904298989.055,-478752952363.916,-470561740674.712,-462331225019.09,-454062016157.885,-445754776717.734,-437410223485.65,-429029129798.053,-420612328026.534,-412160712162.301,-403675240500.885,-395156938428.231,-386606901308.714,-378026297474.99,-369416371318.746,-360778446480.533,-352113929135.701,-343424311372.227,-334711174654.668,-325976193366.766,-317221138423.2,-308447880938.626,-299658395939.494,-290854766100.986,-282039185487.926,-273213963274.378,-264381527412.032,-255544428212.139,-246705341799.677,-237867073391.518,-229032560342.518,-220204874894.514,-211387226553.113,-202582964005.774,-193795576481.77,-185028694440.211,-176286089456.088,-167571673156.214,-158889495036.855,-150243738972.619,-141638718201.728,-133078868546.121,-124568739595.968,-116112983557.188,-107716341427.878,-99383626135.4534,-91119702231.6351,-82929461708.1324,-74817795463.4126,-66789559922.2795,-58849538287.6994,-51002395891.8133,-43252629114.78,-35604507361.6044,-28062007635.456,-20628741329.9098,-13307872992.6835,-6102031002.62394,986789634.971732,7957331814.66334,14809187152.5293,21542911478.1069,28160142618.2579,34663717166.1816,41057781808.7135,47347893465.4152,53541100980.9914,59645999439.5195,65672746401.9,71633027623.8458,77539958272.3455,83407904580.5314,89252210589.5803,95088815468.0431,100933749101.879,106802496994.085,112709228633.333,118665882431.878,124681085664.196,130758838784.176,136896765556.556,143083427676.379,149293511512.824,155478117799.396,161543705634.407,167304355711.725,172369693574.079,175872143719.257,175773416883.325,166993513436.273,136000545225.506,45862402906.239,0
"6375",-811360425413.276,-804637976262.441,-797872967098.318,-791064829173.345,-784212995912.865,-777316903359.169,-770375990633.08,-763389700413.776,-756357479437.573,-749278779016.436,-742153055577.051,-734979771221.316,-727758394309.21,-720488400065.04,-713169271208.117,-705800498609.041,-698381581972.792,-690912030549.96,-683391363877.505,-675819112550.564,-668194819026.898,-660518038465.712,-652788339602.684,-645005305663.166,-637168535315.657,-629277643667.802,-621332263307.294,-613332045390.25,-605276660779.753,-597165801237.488,-588999180671.519,-580776536443.489,-572497630738.712,-564162252002.824,-555770216448.891,-547321369639.064,-538815588145.138,-530252781292.554,-521632892992.664,-512955903668.27,-504221832277.716,-495430738443.031,-486582724687.843,-477677938791.021,-468716576262.196,-459698882945.508,-450625157758.099,-441495755570.026,-432311090232.363,-423071637760.35,-413777939678.453,-404430606534.184,-395030321587.385,-385577844681.51,-376074016303.136,-366519761835.474,-356916096011.142,-347264127568.66,-337565064116.227,-327820217205.152,-318031007613.833,-308198970841.448,-298325762808.313,-288413165757.284,-278463094347.48,-268477601927.837,-258458886973.627,-248409299663.798,-238331348570.826,-228227707427.463,-218101221926.203,-207954916497.244,-197792000998.983,-187615877241.374,-177430145246.533,-167238609132.483,-157045282484.471,-146854393053.584,-136670386593.929,-126497929617.052,-116341910805.028,-106207440781.472,-96099849891.9641,-86024683591.946,-75987694980.6673,-65994833954.248,-56052232379.712,-46166184615.5354,-36343122624.2226,-26589584840.7194,-16912177880.3788,-7317530096.42849,2187764063.82599,11597209993.138,20904490241.0878,30103554256.8256,39188721477.469,48154798453.9739,56997210336.1226,65712146477.125,74296719104.7007,82749132862.6369,91068861460.011,99256825559.3609,107315563251.958,115249380845.08,123064467033.77,130768947632.269,138372850654.459,145887942381.084,153327383804.348,160705143057.876,168035082426.858,175329616991.864,182597813211.744,189842754056.415,197057930341.866,204222299588.299,211293429405.496,218197698510.269,224815626315.961,230958523378.395,236328609696.457,240445613306.993,242501058141.41,241046936858.463,233287608287.227,213425243768.817,169184932553.901,80253958326.8256,0
"6370",-860573993104.665,-853726340491.893,-846835600161.551,-839900977608.374,-832921673028.356,-825896881660.074,-818825794144.038,-811707596900.749,-804541472528.165,-797326600219.295,-790062156200.722,-782747314192.884,-775381245892.981,-767963121481.464,-760492110153.11,-752967380673.74,-745388101963.748,-737753443709.655,-730062577005.019,-722314675022.11,-714508913715.882,-706644472561.875,-698720535329.818,-690736290894.837,-682690934088.311,-674583666590.596,-666413697868.008,-658180246156.624,-649882539495.693,-641519816813.647,-633091329069.95,-624596340456.262,-616034129660.686,-607403991199.147,-598705236818.259,-589937196974.384,-581099222393.938,-572190685720.367,-563210983253.638,-554159536788.514,-545035795558.317,-535839238291.388,-526569375387.95,-517225751225.602,-507807946602.236,-498315581325.777,-488748316960.697,-479105859741.962,-469387963667.66,-459594433782.285,-449725129663.306,-439779969124.393,-429758932149.365,-419662065071.652,-409489485014.794,-399241384610.173,-388918037008.904,-378519801205.392,-368047127690.725,-357500564454.52,-346880763354.311,-336188486871.85,-325424615275.788,-314590154210.196,-303686242727.986,-292714161787.698,-281675343231.034,-270571379257.015,-259404032406.504,-248175246067.984,-236887155511.76,-225542099454.944,-214142632153.502,-202691536009.996,-191191834676.141,-179646806617.551,-168059999093.649,-156435242488.1,-144776664903.811,-133088706910.739,-121376136303.78,-109644062690.932,-97897951687.8355,-86143638442.5619,-74387340153.0806,-62635667167.9177,-50895632177.0848,-39174656904.2065,-27480575601.214,-15821634523.5208,-4206486426.62481,7355821023.97301,18855864195.6894,30283871212.222,41629760040.7751,52883188662.7268,64033619142.9471,75070397437.7121,85982850691.6866,96760403509.9375,107392714167.007,117869830815.83,128182366327.125,138321688211.936,148280116871.032,158051120794.535,167629490799.431,177011466276.105,186194773841.875,195178521618.528,203962869045.654,212548360701.551,220934770321.018,229119244324.357,237093457265.713,244839386258.812,252323163613.516,259486251518.587,266232852511.858,272411934611.741,277791340564.499,282019861265.365,284570380863.527,284652552445.511,281076493006.019,272042422550.037,254849872912.185,225736018175.927,181574057785.417,134166324156.592,0
"6365",-912175496392.844,-905226623670.126,-898237515446.135,-891207197144.005,-884134680225.021,-877018962367.037,-869859027661.175,-862653846827.513,-855402377450.491,-848103564234.811,-840756339282.618,-833359622392.806,-825912321383.321,-818413332437.368,-810861540474.505,-803255819547.627,-795595033266.922,-787878035251.938,-780103669612.98,-772270771463.114,-764378167462.178,-756424676394.254,-748409109780.199,-740330272526.933,-732186963615.321,-723977976828.616,-715702101523.625,-707358123446.887,-698944825598.405,-690460989145.631,-681905394390.697,-673276821794.093,-664574053058.325,-655795872275.369,-646941067142.103,-638008430248.259,-628996760441.877,-619904864277.658,-610731557554.159,-601475666946.248,-592136031739.901,-582711505676.973,-573200958918.371,-563603280134.719,-553917378734.482,-544142187240.393,-534276663825.967,-524319795024.949,-514270598627.65,-504128126779.344,-493891469297.19,-483559757223.555,-473132166635.119,-462607922728.763,-451986304206.968,-441266647987.316,-430448354262.669,-419530891940.717,-408513804493.852,-397396716252.705,-386179339179.267,-374861480158.157,-363443048847.499,-351924066133.821,-340304673238.53,-328585141526.786,-316765883072.953,-304847462040.279,-292830606935.973,-280716223806.37,-268505410440.336,-256199471652.441,-243799935720.447,-231308572054.448,-218727410177.054,-206058760095.413,-193305234146.084,-180469770392.588,-167555657652.369,-154566562224.303,-141506556379.197,-128380148662.971,-115192316044.448,-101948537915.732,-88654831921.3814,-75317791551.5576,-61944625381.7866,-48543197775.9144,-35122070786.6352,-21690546887.0476,-8258712044.30911,5162521499.87404,18561373549.5044,31925156382.0151,45240238515.0806,58492013290.4415,71664874010.8403,84742197618.7868,97706339123.5511,110538639118.633,123219446713.459,135728159920.797,148043284833.325,160142513552.005,172002818453.25,183600556511.263,194911571329.793,205911271300.462,216574648510.848,226876182743.599,236789545450.614,246286976233.475,255338143991.262,263908219509.19,271954766374.869,279422890022.777,286237853618.411,292294052430.732,297438806928.59,301448853679.761,303996645785.02,304602626568.524,302568768388.418,296889240426.36,286141722137.146,268398178793.383,241325516275.106,203073833739.343,155463074139.029,104272548408.186,0
"6360",-965646365388.08,-958583439415.684,-951486818141.38,-944355426782.054,-937188167303.498,-929983918360.603,-922741535255.031,-915459849911.206,-908137670871.543,-900773783311.817,-893366949077.625,-885915906742.916,-878419371691.585,-870876036223.191,-863284569683.844,-855643618623.399,-847951806980.091,-840207736293.818,-832409985949.314,-824557113450.519,-816647654727.5,-808680124477.363,-800653016540.646,-792564804314.788,-784413941206.363,-776198861123.843,-767917979012.815,-759569691435.68,-751152377198.01,-742664398023.941,-734104099283.115,-725469810771.936,-716759847552.145,-707972510849.95,-699106089019.283,-690158858573.085,-681129085286.882,-672015025379.355,-662814926775.077,-653527030455.107,-644149571901.741,-634680782644.35,-625118891914.001,-615462128415.344,-605708722225.166,-595856906828.034,-585904921300.525,-575851012656.833,-565693438369.87,-555430469083.515,-545060391533.349,-534581511695.037,-523992158181.605,-513290685913.077,-502475480084.456,-491544960460.744,-480497586030.742,-469331860054.668,-458046335544.315,-446639621218.448,-435110387980.62,-423457375971.38,-411679402252.246,-399775369184.652,-387744273573.537,-375585216652.328,-363297414993.851,-350880212440.245,-338333093154.315,-325655695905.068,-312847829711.415,-299909490980.367,-286840882289.575,-273642432978.746,-260314821730.558,-246859001339.114,-233276225882.877,-219568080539.337,-205736514300.552,-191783875871.86,-177712953060.641,-163527015987.495,-149229864478.548,-134825880023.954,-120320082713.628,-105718193585.497,-91026702843.0352,-76252944415.5659,-61405177344.6676,-46492674480.1171,-31525818955.6383,-16516208884.119,-1476770658.96123,13578118832.733,28632500894.3307,43668694565.0887,58667147190.1071,73606276424.5019,88462304372.1255,103209084882.226,117817925355.72,132257404694.227,146493189168.334,160487847834.735,174200668450.21,187587473230.23,200600430690.146,213187854290.955,225293969345.551,236858614632.408,247816821485.129,258098176523.488,267625818551.077,276314836819.292,284069714905.05,290780286019.944,296315412113.552,300513250101.888,303166511331.497,304000573586.823,302641773104.935,298573002214.182,291074687337.827,279153432639.983,261473801650.355,236346855173.205,201930733166.756,156980156876.779,101980313049.695,34273683725.4127,0
"6355",-1020778448300.66,-1013539197121.72,-1006276384436.08,-998988952196.862,-991675810176.602,-984335835584.23,-976967872696.01,-969570732501.563,-962143192366.151,-954683995710.407,-947191851708.742,-939665435007.727,-932103385465.737,-924504307915.236,-916866771949.075,-909189311732.242,-901470425840.546,-893708577127.735,-885902192622.617,-878049663457.775,-870149344831.542,-862199556004.913,-854198580335.159,-846144665347.942,-838036022849.807,-829870829082.972,-821647224924.432,-813363316131.468,-805017173635.74,-796606833888.24,-788130299257.531,-779585538483.782,-770970487191.298,-762283048462.418,-753521093475.823,-744682462212.56,-735764964233.342,-726766379530.961,-717684459462.042,-708516927762.729,-699261481653.359,-689915793037.726,-680477509803.087,-670944257227.81,-661313639504.271,-651583241385.569,-641750629965.591,-631813356603.12,-621768959002.005,-611614963460.874,-601348887307.562,-590968241535.311,-580470533659.96,-569853270819.766,-559113963142.199,-548250127405.179,-537259291023.638,-526138996396.224,-514886805651.314,-503500305836.443,-491977114600.78,-480314886426.46,-468511319471.581,-456564163095.453,-444471226145.474,-432230386094.833,-419839599131.299,-407296911309.74,-394600470894.966,-381748542037.126,-368739519939.528,-355571947698.509,-342244535017.348,-328756179021.28,-315105987429.037,-301293304368.24,-287317739158.039,-273179198423.042,-258877921948.494,-244414522738.468,-229790031797.273,-215005948220.173,-200064295253.646,-184967683068.778,-169719379084.83,-154323386784.428,-138784534078.131,-123108572404.843,-107302287896.325,-91373626088.6906,-75331831831.021,-59187606219.5395,-42953282572.8834,-26643023655.9554,-10273042550.8659,6138150244.52789,22569470748.0555,38996953584.7154,55393409293.1881,71728043901.1971,87966037920.3982,104068082130.885,119989867887.493,135681530192.204,151087042418.744,166143562274.268,180780729174.349,194919913372.404,208473416354.199,221343619217.787,233422069435.808,244588484049.285,254709625132.002,263637965544.587,271210001257.771,277243969472.348,281536585250.54,283858199668.16,283945507444.501,281490632460.928,276125257886.588,267398903262.341,254752577863.544,237495054639.916,214802187806.235,185780929384.497,149649597019.262,105979521153.083,54547562191.9388,-638637354.669018,0
"6350",-1077893982618.82,-1070356505579.92,-1062808534222.69,-1055249179039.59,-1047677511251.69,-1040092562025.07,-1032493321692.89,-1024878738984.3,-1017247720261.87,-1009599128768.82,-1001931783887.73,-994244460412.355,-986535887834.203,-978804749645.766,-971049682662.129,-963269276362.961,-955462072256.867,-947626563270.16,-939761193162.197,-931864355969.488,-923934395480.855,-915969604745.995,-907968225619.858,-899928448345.333,-891848411176.789,-883726200047.108,-875559848280.89,-867347336356.592,-859086591720.445,-850775488655.044,-842411848205.605,-833993438166.943,-825517973134.336,-816983114621.519,-808386471249.166,-799725599007.349,-790998001595.581,-782201130844.218,-773332387221.201,-764389120428.297,-755368630091.285,-746268166548.807,-737084931744.986,-727816080231.287,-718458720283.635,-709009915141.336,-699466684375.062,-689826005391.932,-680084815086.682,-670240011648.974,-660288456538.235,-650226976638.834,-640052366610.198,-629761391448.457,-619350789278.54,-608817274398.36,-598157540599.822,-587368264794.984,-576446110979.862,-565387734573.071,-554189787171.979,-542848921775.297,-531361798528.156,-519725091053.926,-507935493446.386,-495989728006.499,-483884553820.32,-471616776288.397,-459183257733.012,-446580929227.69,-433806803814.171,-420857991295.671,-407731714822.366,-394425329515.931,-380936343415.43,-367262441067.452,-353401510129.99,-339351671413.039,-325111312840.499,-310679127888.791,-296054159139.357,-281235847676.535,-266224089171.319,-251019297617.59,-235622477833.314,-220035308008.127,-204260233774.297,-188300575504.347,-172160650800.243,-155845914441.035,-139363118403.55,-122720494969.86,-105927966391.394,-88997385097.9063,-71942809024.1748,-54780817280.558,-37530872114.1164,-20215733888.6944,-2861936640.94324,14499667380.9077,31833284959.7528,49097470955.0369,66244318612.1284,83218540359.7676,99956428603.0132,116384687095.577,132419125715.083,147963215360.888,162906505893.767,177122919376.862,190468944428.051,202781776617.448,213877476284.82,223549251201.437,231566020318.521,237671481118.808,241583994421.736,242997730386.758,241585714054.417,237005723045.265,228910548559.844,216965229607.377,200876208136.53,180442407568.805,155648102780.893,126829917705.017,94935466887.1802,61759260925.4402,30129915780.2427,8178525151.71896,0
"6345",-1138078901030.23,-1130056875412.49,-1122038987564.79,-1114024693026.31,-1106013404735.5,-1098004491807.31,-1089997278300.93,-1081991041979.38,-1073985013062.53,-1065978372975.09,-1057970253091.23,-1049959733477.7,-1041945841637.42,-1033927551255.55,-1025903780950.31,-1017873393030.86,-1009835192264.67,-1001787924657.1,-993730276245.82,-985660871913.039,-977578274218.58,-969480982256.927,-961367430541.615,-953235987920.405,-945084956524.868,-936912570758.106,-928716996324.519,-920496329305.634,-912248595286.148,-903971748534.491,-895663671242.317,-887322172827.455,-878944989304.999,-870529782731.301,-862074140725.75,-853575576075.345,-845031526427.167,-836439354073.941,-827796345838.036,-819099713059.311,-810346591692.369,-801534042518.887,-792659051480.86,-783718530140.735,-774709316274.641,-765628174605.119,-756471797680.089,-747236806905.082,-737919753736.246,-728517121042.118,-719025324642.806,-709440715036.017,-699759579320.29,-689978143326.979,-680092573973.916,-670098981855.368,-659993424084.926,-649771907410.421,-639430391622.804,-628964793284.416,-618370989806.126,-607644823907.63,-596782108500.885,-585778632043.325,-574630164415.294,-563332463385.292,-551881281737.29,-540272375146.787,-528501510906.756,-516564477621.415,-504457096005.287,-492175230947.594,-479714805028.312,-467071813702.572,-454242342405.349,-441222585869.234,-428008869995.461,-414597676673.405,-400985672007.677,-387169738486.385,-373147011710.832,-358914922408.15,-344471244566.782,-329814150673.426,-314942275192.93,-299854787624.17,-284551476690.711,-269032847491.433,-253300233751.319,-237355927685.211,-221203330428.591,-204847126512.026,-188293486474.294,-171550302440.255,-154627462351.54,-137537169551.224,-120294315608.157,-102916915642.24,-85426616994.1353,-67849293879.2537,-50215742668.4278,-32562494612.2961,-14932765096.0286,2622439269.65928,20043032497.2476,37258355582.9387,54185453117.8745,70727098449.056,86769552208.1421,102180051875.015,116804052780.558,130462278895.98,142947702825.969,154022670425.088,163416534021.419,170824385761.289,175907828629.978,178299245975.117,177611815539.419,173458674441.841,165486302484.656,153429415476.618,137197247067.308,117003205438.223,93549774825.2894,68276943437.041,43681149300.4804,23731995450.6699,14303852268.6094,19233658235.6831,0
"6340",-1203391098839.35,-1194637923707.89,-1185902932102.53,-1177186105417,-1168487384995.43,-1159806670510.83,-1151143818312.31,-1142498639741.65,-1133870899420.52,-1125260313509.37,-1116666547939.38,-1108089216618.97,-1099527879616.59,-1090982041321.54,-1082451148585,-1073934588843.46,-1065431688227.06,-1056941709655.45,-1048463850924.17,-1039997242784.79,-1031540947021.94,-1023093954531.22,-1014655183401.73,-1006223477007.46,-997797602111.988,-989376246991.369,-980958019580.093,-972541445645.581,-964124966996.799,-955706939732.941,-947285632538.4,-938859225030.569,-930425806167.273,-921983372720.951,-913529827826.976,-905062979613.768,-896580539922.652,-888080123125.609,-879559245049.384,-871015322014.567,-862445669998.533,-853847503931.279,-845217937133.399,-836553980905.587,-827852544279.197,-819110433937.527,-810324354317.61,-801490907902.385,-792606595713.256,-783667818013.133,-774670875230.195,-765611969112.759,-756487204125.845,-747292589100.31,-738024039145.75,-728677377838.889,-719248339699.779,-709732572969.009,-700125642700.181,-690423034183.365,-680620156717.025,-670712347748.19,-660694877403.532,-650562953437.524,-640311726628.301,-629936296657.169,-619431718514.32,-608793009481.215,-598015156749.716,-587093125749.55,-576021869269.415,-564796337473.468,-553411488934.362,-541862302827.051,-530143792454.789,-518251020310.822,-506179114917.05,-493923289725.278,-481478864418.854,-468841289013.675,-456006171229.47,-442969307686.735,-429726719584.106,-416274693627.979,-402609829124.412,-388729092306.691,-374629879165.741,-360310088280.949,-345768205423.727,-331003402034.794,-316015650070.467,-300805856187.574,-285376018808.725,-269729412300.979,-253870803337.609,-237806705525.723,-221545679608.721,-205098688034.486,-188479514465.374,-171705260945.77,-154796937987.852,-137780165829.601,-120686008583.339,-103551966908.005,-86423159103.8425,-69353724904.3722,-52408490251.332,-35664934118.2501,-19215498502.17,-3170277530.4615,12339892854.6126,27159953527.6949,41106814646.3058,53965386642.4586,65484781413.5998,75375288996.3415,83307174298.7176,88913032004.4159,91796514908.2349,91551889770.5029,87801283966.5508,80259783797.6553,68842306278.8159,53828077941.2347,36091304237.8962,17374208822.7609,508259397.850438,-10556329531.7534,-11111381631.8611,-172448059.976269,0
"6335",-1276986843969.91,-1267212350469.73,-1257466617622.8,-1247750306594.63,-1238064048760.59,-1228408443843.59,-1218784057994.57,-1209191421815.45,-1199631028324.41,-1190103330863.67,-1180608740950,-1171147626068.23,-1161720307408.46,-1152327057547.74,-1142968098077.24,-1133643597176.14,-1124353667133.75,-1115098361821.73,-1105877674118.33,-1096691533287.32,-1087539802313.96,-1078422275201.54,-1069338674231.59,-1060288647191.85,-1051271764576.2,-1042287516761.3,-1033335311165.16,-1024414469393.27,-1015524224378.52,-1006663717521.57,-997831995839.057,-989028009127.256,-980250607149.754,-971498536858.071,-962770439654.827,-954064848709.661,-945380186338.755,-936714761459.409,-928066767131.756,-919434278200.333,-910815249048.83,-902207511481.928,-893608772748.743,-885016613722.934,-876428487255.056,-867841716713.236,-859253494728.701,-850660882163.071,-842060807314.674,-833450065381.443,-824825318198.127,-816183094265.719,-807519789091.078,-798831665854.685,-790114856424.41,-781365362733.01,-772579058536.852,-763751691573.098,-754878886132.251,-745956146062.683,-736978858223.417,-727942296401.234,-718841625708.016,-709671907474.284,-700428104655.192,-691105087765.878,-681697641364.182,-672200471100.472,-662608211356.789,-652915433500.996,-643116654786.274,-633206347932.388,-623178951433.1,-613028880644.067,-602750539718.191,-592338334470.939,-581786686277.362,-571090047125.868,-560242915982.109,-549239856650.345,-538075517360.36,-526744652356.491,-515242145822.914,-503563038547.462,-491702557806.775,-479656151050.609,-467419524075.299,-454988684508.847,-442359991586.953,-429530213385.475,-416496592896.7,-403256924602.625,-389809643518.604,-376153929068.785,-362289826628.177,-348218390147.461,-333941849994.614,-319463811038.986,-304789487115.104,-289925979393.357,-274882607923.886,-259671307793.471,-244307104040.244,-228808682812.672,-213199080337.456,-197506516146.297,-181765402697.412,-166017569846.204,-150313749092.594,-134715368120.401,-119296708824.761,-104147478106.031,-89375823735.1556,-75111786629.4037,-61511097915.2887,-48759075375.1237,-37074104493.6709,-26709737128.9047,-17953709084.0063,-11121034524.4275,-6536613081.45345,-4500301887.25984,-5224060257.11786,-8727029104.59519,-14673511427.1687,-22156214008.3279,-29521937190.1924,-34659898029.7805,-36565110891.5205,-34511292829.2634,0
"6330",-1363091659865.63,-1351994279895.35,-1340929389909.75,-1329898418501.14,-1318902783291.7,-1307943889122.48,-1297023126161.6,-1286141867929.95,-1275301469242.31,-1264503264062.35,-1253748563269.88,-1243038652338.67,-1232374788923.63,-1221758200356.07,-1211190081045.94,-1200671589790.21,-1190203846986.86,-1179787931753.9,-1169424878953.45,-1159115676121.07,-1148861260300.73,-1138662514786.47,-1128520265771.94,-1118435278909.56,-1108408255781.58,-1098439830285.62,-1088530564938.13,-1078680947099.57,-1068891385125.82,-1059162204451.11,-1049493643608.4,-1039885850194.03,-1030338876784.1,-1020852676811.28,-1011427100411.31,-1002061890249.73,-992756677340.294,-983510976867.531,-974324184027.355,-965195569900.417,-956124277374.382,-947109317132.495,-938149563727.031,-929243751757.624,-920390472175.703,-911588168737.67,-902835134630.716,-894129509296.528,-885469275479.386,-876852256526.401,-868276113968.796,-859738345414.24,-851236282781.217,-842767090907.262,-834327766563.641,-825915137909.536,-817525864419.164,-809156437315.361,-800803180542.963,-792462252314.919,-784129647263.26,-775801199225.964,-767472584699.256,-759139326983.02,-750796801044.697,-742440239124.353,-734064737100.452,-725665261632.33,-717236658091.412,-708773659288.885,-700270895002.922,-691722902303.644,-683124136668.964,-674468983879.352,-665751772674.525,-656966788150.281,-648108285869.318,-639170506656.119,-630147692043.016,-621034100332.656,-611824023241.386,-602511803088.778,-593091850500.737,-583558662597.376,-573906841641.973,-564131114133.58,-554226350332.63,-544187584215.302,-534010033857.142,-523689122247.695,-513220498533.172,-502600059670.458,-491823972449.021,-480888695793.083,-469791003189.233,-458528004989.024,-447097170206.046,-435496347257.903,-423723782892.492,-411778138286.724,-399658501022.89,-387364391354.073,-374895760904.195,-362252981777.295,-349436824082.14,-336448420278.85,-323289215774.081,-309960907196.526,-296465373298.269,-282804609180.125,-268980683523.197,-254995752032.668,-240852180023.829,-226552855022.649,-212101808770.378,-197505319871.389,-182773737219.001,-167924357160.495,-152985820787.854,-138004714204.906,-123055451990.928,-108255280663.173,-93787497992.01,-79937026052.4299,-67138413458.4928,-56009259138.1452,-47255142885.0835,-41233884217.7338,-37502362142.7798,-35162161825.055,0
"6325",-1466732313452.12,-1454047740990.56,-1441389114911.92,-1428758611788.45,-1416158423755.07,-1403590757150.93,-1391057831068.38,-1378561875805.73,-1366105131220.01,-1353689844975.89,-1341318270686.96,-1328992665945.63,-1316715290237.49,-1304488402736.73,-1292314259978.37,-1280195113403.84,-1268133206776.12,-1256130773460.75,-1244190033569.49,-1232313190962.94,-1220502430109.41,-1208759912796.73,-1197087774694.64,-1185488121765.28,-1173963026519.75,-1162514524119.24,-1151144608319.48,-1139855227258.02,-1128648279084.02,-1117525607431.46,-1106488996736.79,-1095540167403.27,-1084680770814.87,-1073912384203.72,-1063236505375.99,-1052654547302.39,-1042167832580.66,-1031777587778.6,-1021484937668.04,-1011290899361.3,-1001196376363.67,-991202152557.009,-981308886131.795,-971517103486.585,-961827193116.372,-952239399513.373,-942753817106.221,-933370384266.022,-924088877410.304,-914908905238.522,-905829903135.52,-896851127782.104,-887971652014.676,-879190359978.645,-870505942623.105,-861916893586.903,-853421505528.791,-845017866956.706,-836703859613.386,-828477156477.302,-820335220439.411,-812275303717.137,-804294448067.437,-796389485860.529,-788557042074.79,-780793537271.32,-773095191603.611,-765458029913.42,-757877887958.24,-750350419808.424,-742871106442.938,-735435265561.537,-728038062617.859,-720674523062.036,-713339545762.81,-706027917557.542,-698734328853.399,-691453390174.342,-684179649515.584,-676907610329.735,-669631749926.089,-662346538015.863,-655046455080.648,-647726010177.69,-640379757722.265,-633002312702.236,-625588363679.961,-618132682818.215,-610630132024.573,-603075664135.679,-595464317849.896,-587791204851.581,-580051487236.44,-572240342923.899,-564352916201.392,-556384249851.376,-548329194419.058,-540182289029.634,-531937606686.261,-523588555085.245,-515127621565.779,-506546047741.252,-497833415493.192,-488977121190.548,-479961709071.38,-470768027565.252,-461372163897.599,-451744102729.336,-441846044306.601,-431630307695.326,-421036737296.824,-409989529981.839,-398393412988.495,-386129141616.96,-373048371821.967,-358968131291.403,-343665421407.615,-326873025315.437,-308278523615.387,-287530064411.855,-264254966323.892,-238101321469.614,-208819261309.691,-176408451655.083,-141370977886.085,-105109536379.266,-70408584286.7994,-41311512787.6527,-19575446593.6588,2707155344.54932,0
"6320",-1593151084968.19,-1578715368813.9,-1564285966151.78,-1549865643331.07,-1535457213465.06,-1521063535957.65,-1506687515946.3,-1492332103656.25,-1478000293660.83,-1463695124042.65,-1449419675449.76,-1435177070041.35,-1420970470316.74,-1406803077821.69,-1392678131725.43,-1378598907262.19,-1364568714030.21,-1350590894141.59,-1336668820215.77,-1322805893209.73,-1309005540077.42,-1295271211251.2,-1281606377937.9,-1268014529222.04,-1254499168968.72,-1241063812518.89,-1227711983169.68,-1214447208432.58,-1201273016062.56,-1188192929851.41,-1175210465178.92,-1162329124315.92,-1149552391473.79,-1136883727595.34,-1124326564883.19,-1111884301061.86,-1099560293371.53,-1087357852291.7,-1075280234994.82,-1063330638530.91,-1051512192746.03,-1039827952938.9,-1028280892262.14,-1016873893876.56,-1005609742869.29,-994491117949.304,-983520582936.268,-972700578062.311,-962033411109.086,-951521248406.451,-941166105722.796,-930969839081.243,-920934135540.337,-911060503982.523,-901350265958.643,-891804546641.809,-882424265949.405,-873210129897.457,-864162622257.293,-855281996590.039,-846568268740.267,-838021209875.566,-829640340164.194,-821424923187.89,-813373961191.334,-805486191273.416,-797760082628.182,-790193834944.774,-782785378075.595,-775532373079.907,-768432214745.703,-761482035685.505,-754678712091.146,-748018871218.028,-741498900649.979,-735114959370.968,-728862990638.608,-722738736615.42,-716737754666.321,-710855435173.073,-705087020647.183,-699427625840.077,-693872258451.229,-688415839918.976,-683053225641.986,-677779223818.418,-672588611900.457,-667476149438.771,-662436585827.983,-657464661151.775,-652555097953.791,-647702581313.397,-642901724064.48,-638147013335.293,-633432733773.951,-628752861812.437,-624100924051.827,-619469811243.2,-614851537287.229,-610236930042.655,-605615237339.709,-600973627207.082,-596296555644.01,-591564967931.552,-586755290023.317,-581838154443.959,-576776789739.209,-571524983223.595,-566024503002.761,-560201836753.687,-553964072013.97,-547193707796.143,-539742155268.991,-531421666775.169,-521995448644.21,-511165803453.66,-498560382414.093,-483717131571.079,-466069492411.122,-444935194819.788,-419515037888.618,-388913016759.916,-352196703807.856,-308527668504.574,-257408279436.201,-199127413733.391,-135606735271.546,-72203247135.4641,-20890738953.3925,5354961126.0568,0
"6315",-1746849564422.11,-1730670448561.08,-1714463493813.89,-1698231749585.54,-1681978342718.94,-1665706478246.28,-1649419440090.78,-1633120591713.98,-1616813376703.23,-1600501319293.78,-1584188024819.44,-1567877180085.61,-1551572553657.93,-1535277996059.48,-1518997439869.07,-1502734899712.85,-1486494472140.78,-1470280335379.38,-1454096748951.48,-1437948053153.46,-1421838668379.83,-1405773094284.56,-1389755908768.22,-1373791766779.39,-1357885398918.35,-1342041609830.64,-1326265276377.56,-1310561345570.27,-1294934832253.75,-1279390816526.33,-1263934440880.33,-1248570907048.84,-1233305472543.44,-1218143446867.41,-1203090187388.85,-1188151094857.88,-1173331608552.25,-1158637201035.6,-1144073372512.98,-1129645644768.42,-1115359554669.81,-1101220647227.19,-1087234468191.12,-1073406556178.94,-1059742434318.15,-1046247601397.34,-1032927522517.31,-1019787619236.81,-1006833259210.07,-994069745315.873,-981502304281.613,-969136074808.882,-956976095211.915,-945027290584.479,-933294459516.206,-921782260385.1,-910495197259.302,-899437605448.21,-888613636750.624,-878027244455.784,-867682168162.071,-857581918487.486,-847729761756.046,-838128704754.686,-828781479666.067,-819690529293.827,-810857992707.976,-802285691449.161,-793975116441.184,-785927415770.954,-778143383503.683,-770623449707.968,-763367671869.817,-756375727875.843,-749646910742.867,-743180125262.786,-736973886716.593,-731026321788.09,-725335171774.417,-719897798144.733,-714711190437.76,-709771976410.456,-705076434250.493,-700620506540.529,-696399815508.052,-692409678905.708,-688645125637.599,-685100909970.349,-681771522835.888,-678651198336.876,-675733913094.762,-673013375521.855,-670483001437.155,-668135871661.89,-665964666300.864,-663961569309.145,-662118135620.233,-660425111518.654,-658872197005.825,-657447736537.14,-656138321570.433,-654928284684.691,-653799060364.273,-652728381576.113,-651689273566.213,-650648796300.714,-649566473940.611,-648392332732.804,-647064446568.968,-645505860841.314,-643620728602.688,-641289446963.264,-638362525167.641,-634652849342.048,-629925936148.204,-623887698924.095,-616169209126.583,-606307972558.019,-593725451193.831,-577701128472.821,-557344653884.448,-531570001557.201,-499079726101.511,-458373475915.48,-407801234471.351,-345684180039.506,-270547219388.052,-181891733407.458,-85393987848.2377,-22021825285.1281,0
"6310",-1930262006999.96,-1912587839866.62,-1894837861483.98,-1877014972246.11,-1859122173599.12,-1841162570126.34,-1823139371639.88,-1805055895275.35,-1786915567586.2,-1768721926633.62,-1750478624067.9,-1732189427196.4,-1713858221033.05,-1695489010323.78,-1677085921541.91,-1658653204846.68,-1640195235998.01,-1621716518219.55,-1603221684001.84,-1584715496836.37,-1566202852870.82,-1547688782475.18,-1529178451707.2,-1510677163665.22,-1492190359715.39,-1473723620579.31,-1455282667267.28,-1436873361841.16,-1418501707990.11,-1400173851400.89,-1381896079903.79,-1363674823373.63,-1345516653364.38,-1327428282454.39,-1309416563278.2,-1291488487219.46,-1273651182738.02,-1255911913303.21,-1238278074903.64,-1220757193102.75,-1203356919607.85,-1186085028319.15,-1168949410824.09,-1151958071300.91,-1135119120794.59,-1118440770827.02,-1101931326302.63,-1085599177669.95,-1069452792299.25,-1053500705035.93,-1037751507889.84,-1022213838820.76,-1006896369581.36,-991807792580.199,-976956806728.983,-962352102241.037,-948002344350.678,-933916155927.217,-920102098961.883,-906568654911.539,-893324203889.638,-880377002702.507,-867735161737.923,-855406620723.019,-843399123380.008,-831720191021.06,-820377095137.894,-809376829057.377,-798726078751.499,-788431192908.527,-778498152391.712,-768932539232.452,-759739505325.896,-750923741018.143,-742489443794.865,-734440287300.304,-726779390932.338,-719509290271.96,-712631908612.51,-706148529852.994,-700059773008.166,-694365568562.323,-689065136850.089,-684156968580.849,-679638807528.431,-675507635277.249,-671759657742.714,-668390292958.242,-665394159333.432,-662765063226.373,-660495984224.886,-658579055982.762,-657005539792.952,-655765787284.612,-654849187689.182,-654244094017.095,-653937721207.212,-653916007843.871,-654163431373.139,-654662764886.262,-655394761475.786,-656337749915.285,-657467122979.126,-658754697119.093,-660167919462.09,-661668895187.006,-663213205248.616,-664748481052.155,-666212698846.295,-667532151906.302,-668619052299.193,-669368704831.936,-669656181245.081,-669332398290.661,-668219460449.736,-666105050335.349,-662735506083.085,-657806956647.918,-650953386536.123,-641729589795.707,-629585374771.327,-613824784272.772,-593540469731.88,-567509954457.633,-534041854783.855,-490772832028.714,-434407986714.506,-359997640406.992,-256381315513.816,-89299665742.9455,0
"6305",-2142137993624.44,-2123509767921.01,-2104747264268.05,-2085852737293.83,-2066828552947.06,-2047677191696.43,-2028401251801.04,-2009003452651.47,-1989486638181.47,-1969853780349.59,-1950107982690.38,-1930252483933.79,-1910290661691.82,-1890226036210.6,-1870062274185.87,-1849803192639.53,-1829452762854.33,-1809015114363.17,-1788494538989.19,-1767895494932.03,-1747222610894.84,-1726480690246.28,-1705674715210.56,-1684809851077.86,-1663891450426.45,-1642925057347.04,-1621916411658.24,-1600871453101.38,-1579796325501.2,-1558697380877.67,-1537581183492.57,-1516454513812.91,-1495324372371.29,-1474197983501.56,-1453082798925.82,-1431986501166.96,-1410917006758.05,-1389882469217.73,-1368891281757.93,-1347952079687.25,-1327073742470.31,-1306265395400.16,-1285536410837.41,-1264896408965.81,-1244355258010.67,-1223923073861.94,-1203610219039.92,-1183427300937.1,-1163385169264.85,-1143494912629.26,-1123767854155.33,-1104215546073.92,-1084849763180.62,-1065682495070.74,-1046725937049.52,-1027992479611.57,-1009494696378.54,-991245330379.572,-973257278554.381,-955543574354.894,-938117368317.917,-920991906478.335,-904180506490.366,-887696531323.313,-871553360398.396,-855764358034.747,-840342839075.854,-825302031572.775,-810655036407.673,-796414783750.933,-782593986257.514,-769205088923.635,-756260215543.686,-743771111729.434,-731749084479.662,-720204938318.04,-709148908050.58,-698590588231,-688538859462.368,-679001811705.738,-669986664809.829,-661499686518.486,-653546108252.269,-646130038993.78,-639254377628.995,-632920724103.466,-627129289735.796,-621878806982.596,-617166438858.647,-612987688070.361,-609336305704.847,-606204199013.508,-603581337418.538,-601455655331.843,-599812949686.885,-598636769224.131,-597908291523.337,-597606182532.258,-597706431907.318,-598182155886.651,-599003357725.176,-600136634054.015,-601544814078.555,-603186517604.592,-605015617931.434,-606980597322.168,-609023786957.275,-611080491221.219,-613078009468.958,-614934589104.077,-616558374317.143,-617846457881.479,-618684201474.699,-618945064255.86,-618491267245.101,-617175710657.314,-614845620582.692,-611348354361.755,-606539473314.769,-600292244303.367,-592505443866.309,-583101339532.553,-571995601212.937,-559002150676.137,-543606324191.738,-524510911784.546,-498908306900.453,-461861732939.906,-407662886603.908,-328650447505.289,0
"6300",-2375813215215.82,-2357083675978.68,-2338156877637.24,-2319033959490.09,-2299716165046.88,-2280204845791.6,-2260501465069.12,-2240607602098.72,-2220524956118.28,-2200255350662.89,-2179800737981.76,-2159163203597.01,-2138344971008.27,-2117348406546.62,-2096176024381.55,-2074830491684.46,-2053314633952.11,-2031631440493.2,-2009784070081.11,-1987775856775.58,-1965610315915.83,-1943291150287.22,-1920822256463.12,-1898207731323.27,-1875451878749.29,-1852559216497.32,-1829534483247.07,-1806382645825.75,-1783108906604.32,-1759718711062.39,-1736217755517.09,-1712611995009.45,-1688907651340.68,-1665111221248.74,-1641229484713.72,-1617269513378.45,-1593238679068.17,-1569144662390.58,-1544995461394.55,-1520799400262.37,-1496565138007,-1472301677141.5,-1448018372283.57,-1423724938653.3,-1399431460416.61,-1375148398821.34,-1350886600066.34,-1326657302836.96,-1302472145432.68,-1278343172404.32,-1254282840609.28,-1230304024583.46,-1206420021117.66,-1182644552915.36,-1158991771195.71,-1135476257093,-1112113021689.04,-1088917504500.15,-1065905570223.89,-1043093503533.64,-1020498001690.76,-998136164725.058,-976025482913.771,-954183821268.713,-932629400719.047,-911380775654.972,-890456807474.636,-869876633753.517,-849659632632.502,-829825381998.28,-810393613007.926,-791384157489.161,-772816888729.487,-754711655151.653,-737088206360.948,-719966111042.222,-703364666182.714,-687302797101.701,-671798947781.201,-656870961014.778,-642535947925.479,-628810146450.619,-615708768451.919,-603245835185.827,-591434000961.582,-580284364924.353,-569806271027.28,-560007096398.266,-550892028462.085,-542463831341.285,-534722602223.186,-527665518535.025,-521286576900.828,-515576324943.87,-510521587024.3,-506105184934.782,-502305654385.266,-499096957755.951,-496448193050.297,-494323298209.672,-492680748946.866,-491473247040.408,-490647394687.9,-490143349224.872,-489894451609.602,-489826822118.907,-489858918597.568,-489901057734.14,-489854910228.727,-489612999256.077,-489058262248.173,-488063783868.755,-486492879462.505,-484199810374.176,-481031552188.236,-476831218260.786,-471443960539.234,-464726407582.64,-456560900957.469,-446875825614.196,-435672891964.965,-423060561988.073,-409287916685.016,-394759514804.07,-379972896213.09,-365209327839.608,-349499269133.586,-327625291572.277,-282861805622.458,-179335221588.284,0
"6295",-2617648758284.04,-2599954367924.8,-2582003260810.2,-2563795122921.64,-2545329719955.63,-2526606900892.7,-2507626601710.02,-2488388849244.19,-2468893765210.7,-2449141570387.38,-2429132588968.88,-2408867253099.85,-2388346107594.9,-2367569814853.43,-2346539159978.08,-2325255056105.54,-2303718549959.25,-2281930827633.34,-2259893220617.88,-2237607212075.62,-2215074443380.84,-2192296720931.09,-2169276023243.01,-2146014508343.57,-2122514521468.37,-2098778603078.72,-2074809497209.53,-2050610160159.85,-2026183769538.24,-2001533733674.82,-1976663701411.81,-1951577572284.19,-1926279507101.49,-1900773938941.56,-1875065584566.05,-1849159456266.93,-1823060874151.89,-1796775478875.49,-1770309244820.99,-1743668493736.22,-1716859908824.45,-1689890549288.44,-1662767865323.09,-1635499713548.17,-1608094372868.67,-1580560560745.56,-1552907449853.99,-1525144685100.05,-1497282400959.82,-1469331239096.38,-1441302366201.25,-1413207491996.45,-1385058887321.31,-1356869402215.36,-1328652483893.46,-1300422194492.98,-1272193228454.04,-1243980929373.2,-1215801306147.97,-1187671048203.67,-1159607539565.82,-1131628871509.82,-1103753853484.68,-1076002021969.58,-1048393646879.61,-1020949735091.28,-993692030607.705,-966643010828.736,-939825878331.646,-913264547503.683,-886983625298.513,-861008385314.373,-835364734312.864,-810079170213.678,-785178730512.949,-760690929981.708,-736643686407.268,-713065233045.265,-689984016355.509,-667428577502.744,-645427416016.699,-624008833928.013,-603200758631.941,-583030542685.555,-563524738722.801,-544708847682.751,-526607038598.768,-509241838300.235,-492633789545.915,-476801076352.028,-461759115613.201,-447520114556.08,-434092594129.142,-421480879133.554,-409684556752.046,-398697906145.609,-388509302964.882,-379100603958.755,-370446518337.603,-362513974125.047,-355261489348.406,-348638559482.157,-342585073943.587,-337030775479.66,-331894776776.139,-327085148334.673,-322498590368.809,-318020198977.406,-313523333095.326,-308869583862.922,-303908842654.165,-298479459187.355,-292408478781.861,-285511950584.733,-277595309729.119,-268453859146.361,-257873413586.683,-245631221675.627,-231497362080.233,-215236968991.086,-196614074551.305,-175399158838.309,-151386246526.411,-124435159510.189,-94576874394.0381,-62260954483.3886,-28856551083.5615,2715902256.9969,29243817104.8672,57726383274.7705,0
"6290",-2845998095964.91,-2830675754809.94,-2815049626016.68,-2799117824442.96,-2782878507532.08,-2766329877954.6,-2749470186371.58,-2732297734326.08,-2714810877269.86,-2697008027733.19,-2678887658645.66,-2660448306816.78,-2641688576585.5,-2622607143648.51,-2603202759077.71,-2583474253537.97,-2563420541717,-2543040626979.86,-2522333606261.42,-2501298675211,-2479935133604.19,-2458242391037.74,-2436219972924.52,-2413867526806.38,-2391184829003.85,-2368171791622.78,-2344828469938.99,-2321155070183.24,-2297151957750.13,-2272819665855.58,-2248158904668.84,-2223170570946.48,-2197855758196.67,-2172215767403.82,-2146252118344.5,-2119966561527.09,-2093361090788.83,-2066437956584.78,-2039199680004.68,-2011649067554.39,-1983789226739.52,-1955623582489.42,-1927155894460.17,-1898390275255.49,-1869331209604.01,-1839983574531.07,-1810352660562.22,-1780444193993.61,-1750264360262.94,-1719819828451.02,-1689117776940.59,-1658165920254.15,-1626972537086.28,-1595546499538.99,-1563897303559.25,-1532035100567.6,-1499970730253.48,-1467715754498.28,-1435282492368.94,-1402684056104.38,-1369934387992.62,-1337048298008.27,-1304041502047.51,-1270930660560.11,-1237733417334.77,-1204468438144.58,-1171155448902.82,-1137815272914.91,-1104469866739.02,-1071142354084.91,-1037857057086.74,-1004639524179.98,-971516553693.773,-938516212137.476,-905667846011.431,-873002085807.709,-840550840683.951,-808347282092.698,-776425814428.702,-744822030517.28,-713572649508.23,-682715434462.966,-652289086629.375,-622333113092.588,-592887664175.341,-563993336645.995,-535690938485.436,-508021210679.54,-481024501259.429,-454740386630.842,-429207235146.658,-404461707921.119,-380538192108.469,-357468162331.661,-335279466720.385,-313995535188.068,-293634509245.771,-274208294932.816,-255721543467.999,-238170568127.283,-221542210768.027,-205812677461.544,-190946369935.473,-176894747949.511,-163595267169.183,-150970447163.599,-138927134074.27,-127356030991.96,-116131574090.602,-105112231019.152,-94141285499.1534,-83048142377.9781,-71650132467.9214,-59754706389.5663,-47161770178.0254,-33665722289.7027,-19056496885.6889,-3118611166.39515,14373103951.2231,33662631977.2495,55028163417.3943,78804010869.642,105405348206.692,135339883962.05,169152783379.503,207129979714.13,248180462228.832,285908936385.234,295087397651.412,196801157380.694,0
"6285",-3031087792504.95,-3019538312918.88,-3007658364496.84,-2995444636171.35,-2982893818330.73,-2970002604092.45,-2956767690639.16,-2943185780621.21,-2929253583630.42,-2914967817749.94,-2900325211185.57,-2885322503984.49,-2869956449847.77,-2854223818043.77,-2838121395429.88,-2821645988591.23,-2804794426105.28,-2787563560942.25,-2769950273012.39,-2751951471871.64,-2733564099598.72,-2714785133857.65,-2695611591160.79,-2676040530349.1,-2656069056307.65,-2635694323935.74,-2614913542393.13,-2593723979645.2,-2572122967332.17,-2550107905989.31,-2527676270647.51,-2504825616845.79,-2481553587090.17,-2457857917795.55,-2433736446750.71,-2409187121149.29,-2384208006232.92,-2358797294596.27,-2332953316207.39,-2306674549200.59,-2279959631503.08,-2252807373361.13,-2225216770835.67,-2197187020342.09,-2168717534313.61,-2139807958072.8,-2110458188000.73,-2080668391098.31,-2050439026039.86,-2019770865823.86,-1988665022131.22,-1957122971506.23,-1925146583480.14,-1892738150761.89,-1859900421624.14,-1826636634616.35,-1792950555739.02,-1758846518214.42,-1724329464989.6,-1689404994105.68,-1654079407064.15,-1618359760314.75,-1582253919981.19,-1545770619928.37,-1508919523258.73,-1471711287304.17,-1434157632153.11,-1396271412718.67,-1358066694312.42,-1319558831637.63,-1280764551054.12,-1241702035893.23,-1202391014512.61,-1162852850675.79,-1123110635716.6,-1083189281802.35,-1043115615437.76,-1002918470150.9,-962628777069.249,-922279651823.722,-881906475906.886,-841546970253.901,-801241258405.95,-761031916151.438,-720964004015.568,-681085078380.278,-641445176361.667,-602096768850.528,-563094675336.245,-524495933292.483,-486359614018.489,-448746575925.383,-411719145367.279,-375340714294.279,-339675243321.573,-304786658368.417,-270738128962.219,-237591216813.355,-205404884592.68,-174234357306.364,-144129832670.767,-115135042955.447,-87285679511.6563,-60607703380.9857,-35115581834.8096,-10810512346.3526,12321276759.8824,34310025185.6018,55203573642.7262,75067917438.9452,93986914744.5096,112060831394.825,129403360039.542,146136728099.542,162384523732.946,178261942188.881,193863302240.354,209246895040.286,224417429129.898,239306298674.541,253749118549.439,267457500337.081,279976538592.886,290609970948.362,298284073072.776,301325512765.126,297215212332.527,282838510485.36,257668181080.117,226704138734.193,0
"6280",-3136146828567.59,-3129659631675.37,-3122841053811.87,-3115686742584.2,-3108192311906.66,-3100353341943.63,-3092165379042.57,-3083623935656.58,-3074724490256.08,-3065462487229.47,-3055833336772.68,-3045832414767.71,-3035455062650.46,-3024696587268.48,-3013552260729.57,-3002017320242.31,-2990086967950.42,-2977756370762.73,-2965020660181.75,-2951874932133.66,-2938314246803.99,-2924333628483.42,-2909928065429.24,-2895092509749.16,-2879821877314.79,-2864111047713.8,-2847954864250.92,-2831348134009.3,-2814285627985.96,-2796762081316.25,-2778772193605.01,-2760310629384,-2741372018717.88,-2721950957983.87,-2702042010853.49,-2681639709507.88,-2660738556122.4,-2639333024660.14,-2617417563018.74,-2594986595579.69,-2572034526215.15,-2548555741813,-2524544616387.74,-2499995515851.63,-2474902803528.76,-2449260846502.75,-2423064022898.38,-2396306730207.12,-2368983394777.71,-2341088482604.13,-2312616511556.52,-2283562065213.58,-2253919808470.06,-2223684505108.17,-2192851037538.91,-2161414428936.78,-2129369868010.72,-2096712736673.97,-2063438640897.31,-2029543445052.29,-1995023310075.02,-1959874735805.67,-1924094607884.5,-1887680249612.06,-1850629479208.01,-1812940672931.02,-1774612834549.88,-1735645671683.17,-1696039679552.17,-1655796232716.19,-1614917685383.29,-1573407480908.92,-1531270271110.48,-1488512046035.75,-1445140274824.96,-1401164058298.32,-1356594293880.69,-1311443853438.69,-1265727774549.77,-1219463465642.41,-1172670925336.73,-1125372976167.24,-1077595512678.28,-1029367763636.18,-980722567791.271,-931696662232.455,-882330981894.058,-832670968179.882,-782766883944.488,-732674131194.138,-682453566816.032,-632171810389.557,-581901536652.222,-531721743463.209,-481717984111.655,-431982550548.165,-382614591588.057,-333720147383.632,-285412078575.889,-237809865666.134,-191039251546.723,-145231698191.985,-100523627831.955,-57055420391.7897,-14970143846.6394,25587995790.4209,64475480365.8482,101551548018.416,136680426256.735,169733585590.746,200591774125.334,229146459305.741,255300119019.201,278964578484.979,300056270393.663,318486895833.439,334147483708.45,346883303847.553,356456525080.392,362492989752.607,364409060106.047,361314127022.273,351883684769.219,334196211037.477,305526141685.973,262104076614.402,198986865246.308,110726910580.363,-4846930414.29208,-123990328398.054,0
"6275",-3119977201902.17,-3119542683552.84,-3118803043907.46,-3117753422273.22,-3116388902951.3,-3114704514373.23,-3112695228173.54,-3110355958193.66,-3107681559411.67,-3104666826792.36,-3101306494051.58,-3097595232328.7,-3093527648760.82,-3089098284951.81,-3084301615329.27,-3079132045382.14,-3073583909771.32,-3067651470305.65,-3061328913775.12,-3054610349633.4,-3047489807521,-3039961234620.97,-3032018492838.37,-3023655355795.16,-3014865505631.84,-3005642529607.73,-2995979916491.46,-2985871052734.06,-2975309218417.12,-2964287582969.21,-2952799200644.46,-2940837005757.96,-2928393807673.92,-2915462285543.74,-2902034982792.59,-2888104301355.26,-2873662495663.78,-2858701666392.33,-2843213753967.38,-2827190531854.93,-2810623599640.05,-2793504375919,-2775824091028.68,-2757573779644.51,-2738744273284.02,-2719326192761.24,-2699309940645.02,-2678685693784.26,-2657443395973.57,-2635572750844.74,-2613063215083.31,-2589903992083.92,-2566084026175.73,-2541591997567.39,-2516416318182.42,-2490545128579.05,-2463966296174.57,-2436667415023.43,-2408635807429.89,-2379858527712.28,-2350322368475.01,-2320013869788.32,-2288919331724.35,-2257024830751.52,-2224316240548.72,-2190779257865.9,-2156399434130.51,-2121162213578.59,-2085052978777.58,-2048057104504.97,-2010160021053.89,-1971347288154.16,-1931604680827.34,-1890918288635.89,-1849274629943.36,-1806660782973.06,-1763064535640.21,-1718474556336.54,-1672880588068.74,-1626273668593.29,-1578646379450.06,-1529993127076.9,-1480310459484.83,-1429597422287.48,-1377855958206.35,-1325091354508.66,-1271312743171.15,-1216533658888.08,-1160772660340.49,-1104054020393.61,-1046408491060.31,-987874149120.703,-928497328167.87,-868333642486.485,-807449107474.23,-745921360167.247,-683840981680.759,-621312920835.942,-558458014679.972,-495414596731.732,-432340177259.018,-369413171316.56,-306834639204.539,-244829989982.474,-183650581267.162,-123575127468.966,-64910803909.3918,-7993906564.6383,46810101751.1055,99107354489.829,148477366984.116,194476054840.48,236640153418.353,274493096901.858,307552195283.633,335336558429.408,357374586717.473,373208911957.354,382395430644.57,384491747138.26,379029755209.637,365469457339.26,343141658816.049,311216487051.602,268800234530.715,215381013664.883,151990530741.571,83504229092.4241,22632990283.9562,-4399841496.08369,0
"6270",-2940932686675.13,-2947076677339.55,-2952965916352.59,-2958595581295.17,-2963960789898.05,-2969056599170.92,-2973878004459.74,-2978419938424.93,-2982677269932.62,-2986644802850.3,-2990317274737.63,-2993689355422.69,-2996755645452.91,-2999510674409.43,-3001948899072.61,-3004064701425.79,-3005852386483.26,-3007306179927.74,-3008420225541.44,-3009188582413.89,-3009605221908.76,-3009664024370.44,-3009358775550.45,-3008683162732.28,-3007630770532.01,-3006195076351.14,-3004369445456.31,-3002147125659.73,-2999521241572.45,-2996484788401.68,-2993030625261.58,-2989151467966.09,-2984839881270.67,-2980088270528.97,-2974888872729.02,-2969233746872.43,-2963114763659.34,-2956523594440.66,-2949451699398.81,-2941890314917.45,-2933830440100.5,-2925262822400.99,-2916177942320.36,-2906565997140.15,-2896416883648.78,-2885720179828.5,-2874465125469.89,-2862640601684.65,-2850235109291.62,-2837236746056.28,-2823633182770.18,-2809411638164.67,-2794558852662.4,-2779061060981.14,-2762903963617.33,-2746072697252.27,-2728551804141.3,-2710325200567.53,-2691376144465.3,-2671687202346.91,-2651240215697.89,-2630016267043.56,-2607995645931.99,-2585157815127.58,-2561481377365.64,-2536944043082.68,-2511522599610.89,-2485192882409.55,-2457929749002.88,-2429707056404.1,-2400497642932.01,-2370273315471.1,-2339004843391.94,-2306661960538.43,-2273213376905.95,-2238626801884.48,-2202868981226.81,-2165905750231.61,-2127702106009.2,-2088222302133.19,-2047429969482.32,-2005288267653.15,-1961760071988.72,-1916808202032.65,-1870395698098.4,-1822486153655.21,-1773044112394.3,-1722035540171.15,-1669428383541.62,-1615193228343.93,-1559304073743.29,-1501739239369.03,-1442482425645.74,-1381523950150.44,-1318862185800.03,-1254505229843.8,-1188472835922.01,-1120798644710.95,-1051532751682.33,-980744652912.323,-908526611164.649,-834997483884.429,-760307051182.271,-684640873809.757,-608225696350.206,-531335386350.673,-454297361759.594,-377499401204.615,-301396646881.195,-226518488375.311,-153474845208.882,-82961131064.1277,-15760865877.4165,47255515286.6114,105137641449.763,156870614393.821,201402250599.239,237686365923.436,264747015315.852,281768913231.89,288218681231.477,283999321089.909,269635509588.133,246480159060.581,216929188669.158,184655324245.646,154963879852.59,135358361107.386,134049629783.377,134980014337.606,0
"6265",-2561995799420.26,-2574671399454.66,-2587159831357.47,-2599456735615.41,-2611557700634.25,-2623458262571.45,-2635153905141.78,-2646640059389.66,-2657912103422.02,-2668965362094.28,-2679795106641.65,-2690396554246.92,-2700764867535.14,-2710895153984.69,-2720782465243.03,-2730421796334.61,-2739808084747.02,-2748936209380.29,-2757800989342.8,-2766397182576.05,-2774719484288.57,-2782762525178.02,-2790520869418.32,-2797989012387.11,-2805161378106.53,-2812032316368.22,-2818596099511.14,-2824846918818.34,-2830778880496.14,-2836386001196.36,-2841662203039.54,-2846601308093.56,-2851197032259.2,-2855442978510.42,-2859332629433.6,-2862859339006.21,-2866016323551.27,-2868796651799.81,-2871193233989.28,-2873198809921.03,-2874805935895.83,-2876006970440.97,-2876794058737.87,-2877159115654.09,-2877093807278.26,-2876589530851.34,-2875637392982.58,-2874228186032.93,-2872352362544.21,-2870000007586.59,-2867160808893.12,-2863824024644.89,-2859978448766.93,-2855612373591.43,-2850713549742.18,-2845269143092.16,-2839265688645.82,-2832689041197.73,-2825524322621.55,-2817755865647.31,-2809367153990.89,-2800340758708.53,-2790658270661.02,-2780300228987.44,-2769246045508.46,-2757473925003.45,-2744960781336.37,-2731682149442.94,-2717612093236.84,-2702723109547.43,-2686986028267.76,-2670369908970.18,-2652841934341.2,-2634367300899.64,-2614909107595.45,-2594428243045.7,-2572883272353.13,-2550230324676.98,-2526422982993.52,-2501412177801.32,-2475146086906.05,-2447570043871.49,-2418626458264.42,-2388254751467.3,-2356391312607.39,-2322969480079.56,-2287919555255.09,-2251168856308.56,-2212641821705.8,-2172260174833.62,-2129943163583.13,-2085607891501.36,-2039169760494.39,-1990543049106.95,-1939641655245.02,-1886380037991.43,-1830674400048.85,-1772444160501.89,-1711613777196.6,-1648114989258.48,-1581889563244.07,-1512892641202.35,-1441096805429.47,-1366496992599.29,-1289116408495.63,-1209013612332.6,-1126290954115.67,-1041104555448.05,-953676016738.289,-864306000909.16,-773389768123.519,-681434590827.201,-589078722284.5,-497111162272.494,-406490767738.328,-318362158991.269,-234064184736.677,-155124185938.509,-83227662621.1135,-20148010231.8309,32384983024.9282,72904464050.1413,100538897367.376,115457431891.457,119332292887.983,115442311263.593,107373638350.023,94286220402.3468,62507054203.4182,-528513345.571507,0
"6260",-1956369288478.59,-1974933518271.26,-1993386317344.47,-2011724004611.33,-2029942858385.49,-2048039117177.03,-2066008980538.65,-2083848609961.15,-2101554129816.72,-2119121628348.28,-2136547158702.48,-2153826740003.49,-2170956358463.94,-2187931968528.98,-2204749494048.19,-2221404829469.87,-2237893841050.5,-2254212368072.02,-2270356224057.56,-2286321197975.89,-2302103055422.55,-2317697539765.08,-2333100373237.32,-2348307257966.5,-2363313876914.53,-2378115894713.1,-2392708958369.44,-2407088697817.53,-2421250726286.44,-2435190640454.53,-2448904020355.29,-2462386428996.55,-2475633411651.56,-2488640494775.83,-2501403184499.32,-2513916964639.02,-2526177294171.23,-2538179604097.75,-2549919293633.84,-2561391725639.6,-2572592221209.18,-2583516053325,-2594158439476.21,-2604514533131.79,-2614579413949.96,-2624348076595.54,-2633815418026.69,-2642976223101.52,-2651825148343.02,-2660356703688.81,-2668565232038.79,-2676444886399.85,-2683989604412.43,-2691193080028,-2698048732090.66,-2704549669558.72,-2710688653084.73,-2716458052653.61,-2721849800959.42,-2726855342181.24,-2731465575797.74,-2735670795058.84,-2739460619710.64,-2742823922547.26,-2745748749339.97,-2748222231670.81,-2750230492173.42,-2751758541660.41,-2752790167591.78,-2753307813315.26,-2753292447485.09,-2752723423042.63,-2751578325119.17,-2749832807199.46,-2747460414864.04,-2744432396409.76,-2740717499631.44,-2736281754034.84,-2731088237742.14,-2725096828348.02,-2718263936989.3,-2710542224905.25,-2701880301794.55,-2692222405321.12,-2681508061192.35,-2669671723337.68,-2656642393863.89,-2642343222672.21,-2626691086910.46,-2609596150828.88,-2590961407146.78,-2570682201765.68,-2548645744647.08,-2524730610990.99,-2498806238615.95,-2470732429794.97,-2440358868935.67,-2407524671657.67,-2372057986345.46,-2333775676580.67,-2292483122561.52,-2247974192472.75,-2200031451801.66,-2148426701177.34,-2092921963271.95,-2033271079095.21,-1969222126904.31,-1900520947284.08,-1826916151445.56,-1748166113869.81,-1664048614488.02,-1574374011069.45,-1479003102283.7,-1377871198470.8,-1271020357751.11,-1158642261421.14,-1041134749493.78,-919175491176.283,-793816343924.76,-666601063961.148,-539705958319.665,-416095325775.616,-299665759919.473,-195312987379.744,-108759800923.922,-45753258146.3998,-9731108421.12698,3487427181.89917,12247816237.0725,30753721179.1703,0
"6255",-1112792757373.11,-1136079752610.59,-1159330258558.93,-1182541275231.63,-1205709767211.21,-1228832665036.39,-1251906866710.72,-1274929239337.29,-1297896620884.94,-1320805822090.69,-1343653628503.65,-1366436802675.18,-1389152086500.32,-1411796203715.08,-1434365862554.34,-1456857758574.59,-1479268577645.62,-1501594999115.01,-1523833699148.65,-1545981354250.3,-1568034644962.45,-1589990259750.27,-1611844899069.43,-1633595279618.05,-1655238138771.76,-1676770239199.81,-1698188373659.04,-1719489369960.8,-1740670096104.44,-1761727465569.22,-1782658442754.17,-1803460048553.42,-1824129366051.67,-1844663546321.83,-1865059814303.42,-1885315474737.1,-1905427918126.32,-1925394626693.17,-1945213180290.49,-1964881262226.96,-1984396664956.11,-2003757295573.99,-2022961181062.63,-2042006473209.47,-2060891453123.65,-2079614535261.53,-2098174270863.04,-2116569350689.88,-2134798606944.32,-2152861014234.11,-2170755689434.97,-2188481890286.38,-2206039012539.48,-2223426585457.85,-2240644265451.52,-2257691827603.58,-2274569154825.08,-2291276224348.64,-2307813091244,-2324179868609.12,-2340376704058.22,-2356403752093.89,-2372261141912.51,-2387948940151.98,-2403467108046.35,-2418815452404.48,-2433993569777.57,-2449000783123.67,-2463836070215.55,-2478497982969.75,-2492984556800.12,-2507293209015.91,-2521420625192.45,-2535362632339.04,-2549114057573.2,-2562668570878.54,-2576018510374.69,-2589154688355.61,-2602066176155.48,-2614740065671.08,-2627161205101.47,-2639311906150.51,-2651171619565.41,-2662716575443.21,-2673919384211.9,-2684748593565.4,-2695168195881.53,-2705137079752.18,-2714608418175.17,-2723528984661.4,-2731838386955.14,-2739468206199.58,-2746341027146.25,-2752369342337.94,-2757454310016.4,-2761484341735.35,-2764333491209.31,-2765859610713.05,-2765902235286.28,-2764280148042.15,-2760788572023.03,-2755195925386.17,-2747240067491.3,-2736623954234.08,-2723010612712.25,-2706017339756.37,-2685209028930.46,-2660090541156.67,-2630098063044.97,-2594589457080.03,-2552833719499.67,-2503999857632.12,-2447145830453.25,-2381208746048.27,-2304998406175.44,-2217197731851.68,-2116375903771.33,-2001023673303.82,-1869625920347.56,-1720795067714.53,-1553501461984.59,-1367454014174.43,-1163705218272.42,-945572986414.767,-719970056780.871,-499171034482.619,-302816367161.285,-158784543015.666,-93729029589.5207,-76363880167.059,0
"6250",-39716213355.0513,-66198512319.0437,-92711819635.698,-119253690343.84,-145821636680.213,-172413129177.923,-199025597909.604,-225656433884.426,-252302990608.423,-278962585818.109,-305632503397.726,-332309995490.989,-358992284818.606,-385676567213.319,-412360014384.683,-439039776926.304,-465712987578.647,-492376764761.078,-519028216387.208,-545664443978.077,-572282547088.143,-598879628059.476,-625452797119.911,-651999177841.341,-678515912974.557,-705000170677.443,-731449151153.441,-757860093717.449,-784230284306.357,-810557063451.435,-836837834729.696,-863070073711.13,-889251337418.352,-915379274314.719,-941451634836.301,-967466282482.17,-993421205476.479,-1019314529014.37,-1045144528102.16,-1070909641000.42,-1096608483276,-1122239862466.83,-1147802793359.71,-1173296513878.09,-1198720501572.54,-1224074490701.83,-1249358489887.24,-1274572800316.65,-1299718034467.68,-1324795135311.82,-1349805395952.26,-1374750479638.41,-1399632440089.08,-1424453742043.8,-1449217281948.01,-1473926408662.52,-1498584944070.58,-1523197203436.96,-1547768015352.42,-1572302741074.02,-1596807293045.65,-1621288152355.37,-1645752384854.6,-1670207655629.89,-1694662241480.21,-1719125041010.54,-1743605581906.83,-1768114024906.35,-1792661163920.96,-1817258421709.17,-1841917840423.34,-1866652066281.94,-1891474327530.97,-1916398404762.99,-1941438592553.86,-1966609651255.39,-1991926747642.69,-2017405382955.79,-2043061306690.57,-2068910414280.22,-2094968626557.14,-2121251748588.96,-2147775305129.37,-2174554349501.59,-2201603242222.16,-2228935395052.61,-2256562975410.37,-2284496565140.96,-2312744766509.55,-2341313746854.37,-2370206711589.01,-2399423293058.67,-2428958840038.16,-2458803589271.97,-2488941696230.39,-2519350096980.69,-2549997166488.28,-2580841130446.71,-2611828177487.32,-2642890205846.04,-2673942122655.79,-2704878594237.95,-2735570121162.41,-2765858281298.1,-2795549946197.97,-2824410229259.86,-2852153866121.33,-2878434656207.4,-2902832506316.24,-2924837509189.68,-2943830358384.41,-2959058241564.02,-2969605164369.27,-2974355435449.28,-2971948795248.55,-2960725415927.19,-2938658787684.07,-2903274456832.67,-2851552964487.95,-2779816763103.47,-2683604742151.95,-2557547409093.18,-2395277874273.08,-2189464556710.54,-1932165129859.77,-1615943259010.84,-1236675186341.92,-800207512295.594,-343428383087.008,-28429080355.1558,0
"6245",1232454740238.65,1204444738806.43,1176346621905.94,1148162394731.43,1119894123905.4,1091543937648.93,1063114025852.15,1034606640035.93,1006024093195.36,977368759514.824,948643073943.836,919849531622.336,890990687143.115,862069153638.477,833087601677.396,804048757958.547,774955403783.773,745810373295.559,716616551461.164,687376871785.028,658094313729.999,628771899826.863,599412692450.442,570019790239.4,540596324135.588,511145453017.521,481670358901.207,452174241680.198,422660313375.288,393131791862.86,363591894049.365,334043828457.901,304490787191.34,274935937234.839,245382411059.046,215833296483.716,186291625759.883,156760363827.2,127242395701.571,97740512946.7164,68257399181.984,38795614577.4042,9357579285.86816,-20054444238.7081,-49438370089.1622,-78792308971.3315,-108114589541.594,-137403781068.53,-166658717471.152,-195878522785.32,-225062638108.69,-254210850072.566,-283323320886.552,-312400619998.509,-341443757408.163,-370454218667.532,-399434001595.056,-428385654722.773,-457312317486.941,-486217762162.003,-515106437525.452,-543983514226.973,-572854931818.724,-601727447384.81,-630608685686.408,-659507190714.497,-688432478514.364,-717395091114.694,-746406651358.708,-775479918395.219,-804628843543.128,-833868626193.426,-863215769357.63,-892688134410.421,-922304994506.351,-952087086075.277,-982056657718.028,-1012237515731.81,-1042655065393.08,-1073336347013.1,-1104310065656.14,-1135606613271.85,-1167258081837.31,-1199298265930.4,-1231762652958.2,-1264688399038.54,-1298114288272.74,-1332080672843.1,-1366629391009.94,-1401803659651.84,-1437647937471.07,-1474207754343.81,-1511529501498.27,-1549660176203.33,-1588647073385.47,-1628537414981.54,-1669377905774.58,-1711214201814.76,-1754090274124.14,-1798047645997.18,-1843124476550.55,-1889354455868.35,-1936765467638.64,-1985377962923.47,-2035202972741.69,-2086239666198.62,-2138472333109.62,-2191866632633.91,-2246364897994.27,-2301880214921.6,-2358288886612.24,-2415420741777.43,-2473046503055.44,-2530861057121.76,-2588460864684.66,-2645312764604.16,-2700709801100.97,-2753706995111.12,-2803025445787.77,-2846905541665.86,-2882877343371.98,-2907395158936,-2915249354705.85,-2898616537366.56,-2845541131174.91,-2737600159296.11,-2546731452261.03,-2232748147194.09,-1746900224231.88,-973302973615.939,0
"6240",2651584815435.18,2623614460586.16,2595508385493.06,2567268124616.4,2538895294409.02,2510391595309.41,2481758813735.43,2452998824073.81,2424113590660.84,2395105169748.86,2365975711452.82,2336727461670.67,2307362763970.65,2277884061437.93,2248293898472.66,2218594922530.27,2188789885794.72,2158881646773.99,2128873171806.64,2098767536467.23,2068567926857.2,2038277640767.15,2007900088694.88,1977438794702.59,1946897397095.39,1916279648901.7,1885589418134.83,1854830687813.36,1824007555716.34,1793124233847.64,1762185047581.72,1731194434461.35,1700156942615.58,1669077228764.17,1637960055772.16,1606810289716.14,1575632896420.86,1544432937422.46,1513215565311.37,1481986018405.5,1450749614700.69,1419511745042.62,1388277865460.92,1357053488602.62,1325844174198.92,1294655518495.26,1263493142571.31,1232362679473.52,1201269760079.33,1170219997608.45,1139218970692.51,1108272204911.7,1077385152702.6,1046563171539.11,1015811500285.12,985135233615.199,954539294397.804,924028403934.29,893607049946.462,863279452206.157,833049525702.073,802920841242.267,772896583395.715,742979505683.236,713171882937.387,683475460763.009,653891402045.294,624420230471.25,595061771053.581,565815087674.051,536678417697.006,507649103743.508,478723522763.454,449897012597.804,421163796286.497,392516904450.8,363948096162.433,335447778806.686,307004927553.76,278607005171.906,250239883048.277,221887764428.109,193533111039.548,165156574438.298,136736933580.769,108251040312.501,79673774634.3716,50978011774.2536,22134603235.1261,-6887625902.96181,-36121861099.7941,-65603261595.6281,-95368900627.012,-125457680770.918,-155910223077.891,-186768729430.605,-218076818683.81,-249879338696.32,-282222158463.874,-315151947331.078,-348715951849.845,-382961785431.67,-417937251705.225,-453690229654.497,-490268657407.556,-527720662207.832,-566094896839.382,-605441157721.229,-645811376953.556,-687261099271.581,-729851573748.674,-773652606144.098,-818746324967.117,-865232001330.218,-913232009296.645,-962898884838.459,-1014423179016.07,-1068041306404.64,-1124041694583.36,-1182765931393.29,-1244598617036.08,-1309933604372.87,-1379090624409.12,-1452120974066.38,-1528339572570.9,-1605103192546.63,-1674258868996.69,-1710321665866.83,-1623155655122.55,-1032699723005.37,0
"6235",4146688620668.35,4120010225228.42,4093154450294.94,4066122114953.6,4038914128821.26,4011531495602.89,3983975316759.86,3956246795291.97,3928347239635.34,3900278067678.5,3872040810898.78,3843637118620.91,3815068762399.97,3786337640530.16,3757445782681.28,3728395354664.09,3699188663325.98,3669828161577.73,3640316453552.18,3610656299895.15,3580850623188.58,3550902513505.71,3520815234097.34,3490592227207.98,3460237120020.02,3429753730723.67,3399146074709.3,3368418370878.71,3337575048070.38,3306620751593.42,3275560349863.6,3244398941133.88,3213141860310.6,3181794685845.41,3150363246691.19,3118853629309.06,3087272184711.59,3055625535525.52,3023920583055.49,2992164514327.63,2960364809089.86,2928529246743.09,2896665913174.38,2864783207460.56,2832889848407.09,2800994880883.65,2769107681914.19,2737237966474.75,2705395792948.48,2673591568182.28,2641836052084.63,2610140361699.06,2578515974682.03,2546974732108.29,2515528840520.74,2484190873135.49,2452973770106.4,2421890837746.86,2390955746599.97,2360182528241.64,2329585570694.9,2299179612327.81,2268979734101.8,2239001350032.83,2209260195724.31,2179772314828.87,2150554043296.29,2121621991267.39,2092993022480.09,2064684231063.47,2036712915611.25,2009096550447.34,1981852754024.94,1954999254439.41,1928553852083.69,1902534379538.29,1876958658865.49,1851844456574.6,1827209436643.27,1803071112123.78,1779446796036.01,1756353552455.09,1733808148945.62,1711827011780.58,1690426185715.82,1669621300474.16,1649427546529.63,1629859663273.67,1610931943190.38,1592658256261.96,1575052099460.37,1558126676839.08,1541895016396.69,1526370130503.79,1511565227216.66,1497493980176.32,1484170864920.2,1471611569203.06,1459833484194.3,1448856282028.06,1438702582946.85,1429398712008.07,1420975540837.46,1413469404085.66,1406923073045.58,1401386760474.71,1396919121473.55,1393588206149.69,1391472312147.63,1390660681018.01,1391253984600.21,1393364559349.52,1397116370893.32,1402644729245.76,1410095823005.23,1419626182635.37,1431402178395.84,1445599519582.44,1462402267373.83,1481999739479.62,1504577129608.27,1530290104477.15,1559201365458.49,1591128283341.44,1625274814607.36,1659290431191.31,1686575084887.44,1687114880660.45,1588560570328.53,1063434966659.45,0
"6230",5633240966024.6,5608639610987.6,5583820960497.56,5558784700559.85,5533530591824.54,5508058473601.11,5482368268051.08,5456459984566.47,5430333724341.69,5403989685147.48,5377428166315.16,5350649573940.38,5323654426315.58,5296443359600.79,5269017133742.95,5241376638654.03,5213522900658.99,5185457089224.66,5157180523981.33,5128694682049.06,5100001205681.4,5071101910239.31,5041998792508.79,5012694039376.13,4983190036874.99,4953489379620.12,4923594880642.83,4893509581643.97,4863236763680.2,4832779958300.17,4802142959147.24,4771329834045.92,4740344937589.3,4709192924245.27,4677878761999.16,4646407746550.87,4614785516084.3,4583018066627.05,4551111768018.02,4519073380500.28,4486910071955.94,4454629435799.41,4422239509544.1,4389748794056.83,4357166273512.53,4324501436060.32,4291764295209.6,4258965411942.51,4226115917555.85,4193227537232.06,4160312614334.64,4127384135418.23,4094455755938.1,4061541826636.81,4028657420578.42,3995818360791.38,3963041248471.54,3930343491684.54,3897743334494.33,3865259886428.91,3832913152177.72,3800724061396.01,3768714498469.67,3736907332069.93,3705326444300.13,3673996759206.7,3642944270392.59,3612196067434.6,3581780360764.52,3551726504629.8,3522065017699.49,3492827600828.79,3464047151437.58,3435757773897.37,3407994785255.72,3380794715559.68,3354195301968.57,3328235475775.71,3302955341386.47,3278396146231.71,3254600240530.66,3231611025761.36,3209472890651.32,3188231133472.72,3167931869418.6,3148621921856.09,3130348696305.58,3113160036086.88,3097104058711.29,3082228972285.18,3068582871428.88,3056213512498.56,3045168068217.3,3035492862148.76,3027233083738.75,3020432484834.38,3015133058557.43,3011374700993.02,3009194855118.79,3008628134406.82,3009705920110.47,3012455920760.88,3016901673976.17,3023061958174.03,3030950063645.87,3040572846682.62,3051929454377.92,3065009557829.39,3079790862880.88,3096235573484.49,3114285353142.81,3133854149067.75,3154817986117.13,3177000459950.52,3200152085947.99,3223920759836.71,3247809123526.06,3271112191202.66,3292824442862.89,3311498427302.52,3325024360140.83,3330277809155.58,3322541658057.63,3294531604382.71,3234706039461.37,3124257010459.39,2931699402532.71,2603603770711.52,2050936413207.72,1087884739699.32,0
"6225",7020327370325.18,6998052398577.99,6975519219698.63,6952725940548.2,6929670697917.13,6906351661432.23,6882767036625.66,6858915068174.59,6834794043320.39,6810402295476.92,6785738208037.83,6760800218393.48,6735586822168.35,6710096577690.92,6684328110708.03,6658280119356.74,6631951379407.43,6605340749792.29,6578447178434.48,6551269708393.71,6523807484345.11,6496059759408.79,6468025902348.83,6439705405160.87,6411097891069.02,6382203122953.31,6353021012230.3,6323551628210.54,6293795207957.57,6263752166674.34,6233423108644.39,6202808838755.98,6171910374638.95,6140728959445.04,6109266075304.12,6077523457489.41,6045503109326.81,6013207317883.85,5980638670475.65,5947800072025.94,5914694763322.32,5881326340205.79,5847698773735.24,5813816431368.14,5779684099198.7,5745307005294.8,5710690844174.26,5675841802460.23,5640766585753.38,5605472446756.81,5569967214685.78,5534259325990.4,5498357856414.04,5462272554403,5426013875874.57,5389593020340.16,5353021968366.79,5316313520345.09,5279481336512.62,5242539978158.95,5205504949911.78,5168392742971.32,5131220879122.17,5094007955306.88,5056773688492.64,5019538960500.36,4982325862392.57,4945157737931.52,4908059225519.33,4871056297916.55,4834176298900.47,4797447975868.81,4760901507212.76,4724568523074.38,4688482117861.27,4652676852612.52,4617188744989.3,4582055244294.63,4547315188504.41,4513008739808.16,4479177294605.91,4445863363278.09,4413110414330.4,4380962676703.54,4349464893120.1,4318662016303.69,4288598838738.62,4259319545327.15,4230867176831.81,4203282990346.39,4176605701203.02,4150870588672.73,4126108445526.25,4102344348956.26,4079596227473.59,4057873195110.03,4037173620488.61,4017482893910.38,3998770850330,3980988799616.24,3964066107315.65,3947906258513.67,3932382323216.32,3917331722350.59,3902550166671.73,3887784603230.49,3872724950857.19,3856994330737.82,3840137391456.44,3821606177498.4,3800742779790.15,3776757715385.83,3748702585046.22,3715435022470.74,3675573247315.68,3627436644635.93,3568967724535.08,3497629652997.92,3410272558123.9,3302961714088.04,3170763256762.48,3007492683372.85,2805459090910.36,2555312237484.69,2246293662937.91,1867698957517.07,1413663818214.1,896674368994.443,383305982167.102,63679716981.1243,0
"6220",8218785715114.58,8198567905862.06,8178050094416.2,8157228532266.53,8136099434522.92,8114658980355.81,8092903313500.06,8070828542826.81,8048430742988.04,8025705955138.83,8002650187742.58,7979259417464.84,7955529590161.88,7931456621970.15,7907036400503.73,7882264786166.79,7857137613588.86,7831650693191.14,7805799812892.54,7779580739964.76,7752989223046.27,7726020994325.72,7698671771905.97,7670937262360.59,7642813163495.43,7614295167328.75,7585378963304.05,7556060241750.77,7526334697608.88,7496198034434.31,7465645968703.23,7434674234434.24,7403278588148.6,7371454814189.63,7339198730423.98,7306506194348.04,7273373109624.57,7239795433075.56,7205769182158.53,7171290442954.77,7136355378699.4,7100960238883.77,7065101368962.35,7028775220696.66,6991978363169.92,6954707494506.57,6916959454330.84,6878731236998.91,6840020005638.28,6800823107027.17,6761138087344.99,6720962708822.22,6680294967314.67,6639133110822.19,6597475658965.6,6555321423427.62,6512669529353.24,6469519437692.38,6425870968451.53,6381724324801.61,6337080117965.53,6291939392779.29,6246303653785.51,6200174891675.13,6153555609841.93,6106448850752.28,6058858221758.86,6010787919898.39,5962242755108.31,5913228171171.48,5863750263549.44,5813815793087.93,5763432194369,5712607577237.36,5661350719736.17,5609671050344.09,5557578617000.08,5505084039927.15,5452198444707.74,5398933371409.82,5345300654797.9,5291312269770.96,5236980135129.93,5182315867569.09,5127330476386.56,5072033987790.37,5016434985813.84,4960540054715.46,4904353105296.33,4847874564793,4791100406870.23,4734020994726.16,4676619706423.12,4618871307277.2,4560740029508.64,4502177314441.72,4443119167461.34,4383483070872.37,4323164395050.16,4262032244229.63,4199924670546.74,4136643189342.33,4071946531397.09,4005543575228.02,3937085416920.99,3866156558999.36,3792265237312.2,3714832961011.65,3633183422524.56,3546531052236.77,3453969661636.81,3354461862682.58,3246830308992.77,3129752342071.55,3001760458234.1,2861252342844.81,2706516408506.67,2535782453873.62,2347313305374.85,2139563867402.62,1911451517053.73,1662809537919.4,1395135354522.74,1112790715424.79,824818658682.169,547346582274.867,305604699891.736,131413447039.143,44652314804.9284,15229335948.8579,0
"6215",9149380686424.36,9130520546265.61,9111320838142.02,9091776024336.46,9071880460565.55,9051628393450.79,9031013957914.43,9010031174497.17,8988673946595.18,8966936057613.18,8944811168030.82,8922292812379.13,8899374396123.82,8876049192451.98,8852310338958.94,8828150834231.39,8803563534323.37,8778541149121.01,8753076238592.36,8727161208918.06,8700788308498.75,8673949623834.95,8646637075275.03,8618842412626.79,8590557210627.96,8561772864271.19,8532480583978.51,8502671390620.68,8472336110376.45,8441465369426.87,8410049588479.75,8378078977119.37,8345543527976.58,8312433010714.51,8278736965825.12,8244444698232.05,8209545270695.42,8174027497014.28,8137879935022.91,8101090879377.28,8063648354128.5,8025540105080.54,7986753591929.89,7947275980185.63,7907094132868.76,7866194601990.83,7824563619812.27,7782187089882.1,7739050577861.59,7695139302135.45,7650438124215.45,7604931538942.53,7558603664494.58,7511438232208.54,7463418576226.63,7414527622977.64,7364747880505.1,7314061427655.36,7262449903138.49,7209894494475.2,7156375926842.28,7101874451827.32,7046369836100.73,6989841350009.21,6932267756088.04,6873627297481.71,6813897686250.24,6753056091523.53,6691079127445.51,6627942840824.23,6563622698370.39,6498093573364.69,6431329731541.59,6363304815910.36,6293991830152.3,6223363120131.13,6151390352928.59,6078044492664.02,6003295772170.31,5927113659372.07,5849466816938.41,5770323053453.62,5689649263954.84,5607411357216.19,5523574166602.22,5438101340657,5350955208827.92,5262096616830.98,5171484725139.6,5079076762913.31,4984827728377.8,4888690025235.79,4790613023157.48,4690542528827.63,4588420152510.96,4484182553794.66,4377760549322.72,4269078065320.33,4158050919069.5,4044585417045.52,3928576764326.26,3809907291817.19,3688444527174.93,3564039165415.42,3436523040746.28,3305707268650.85,3171380825542.72,3033309974360.42,2891239144086.16,2744894149672.51,2593989021309.46,2438238227190.84,2277376750917.32,2111191343450.04,1939567301597.66,1762556253881.57,1580471440280.26,1394017351588.08,1204459309162.38,1013833604594.27,825186454698.684,642803671135.168,472341773118.721,320680477953.994,195178140634.232,101880468338.579,42427052616.7602,10964224642.0209,-3378209049.90575,-4150663691.21302,0
"6210",9750093946463.38,9731596911963.62,9712727978078.05,9693480297968.93,9673846866461.59,9653820515224.07,9633393907757.25,9612559534186.38,9591309705844.7,9569636549639.14,9547532002187.63,9524987803717.02,9501995491710.09,9478546394289.39,9454631623325.15,9430242067253.78,9405368383592.76,9380000991137.12,9354130061821.73,9327745512233.05,9300836994753.1,9273393888317.43,9245405288768.11,9216859998781.89,9187746517352.45,9158053028805.04,9127767391320.41,9096877124944.32,9065369399057.32,9033231019278.98,9000448413779.13,8967007618967.97,8932894264535.56,8898093557810.2,8862590267404.14,8826368706114,8789412713042.36,8751705634905.99,8713230306495.57,8673969030250.8,8633903554914.59,8593015053229.53,8551284098639.77,8508690640961.85,8465213980988.43,8420832743990.04,8375524852081.38,8329267495421.15,8282037102216.91,8233809307510.68,8184558920725.34,8134259891958.21,8082885277015.52,8030407201190.2,7976796821796.79,7922024289490.15,7866058708410.41,7808868095215.33,7750419337083.81,7690678148799.92,7629609029058.67,7567175216170.38,7503338643383.83,7438059894098.12,7371298157291.73,7303011183565.34,7233155242274.53,7161685080320.73,7088553883276.28,7013713239643.77,6937113109194.66,6858701796499.16,6778425930953.43,6696230454833.81,6612058621167.32,6525852003506.25,6437550520040.39,6347092474878.36,6254414619788.7,6159452240220.04,6062139270028.12,5962408440037.06,5860191466366.34,5755419285377.44,5648022343151.79,5537930948622.69,5425075700867.75,5309388002647.61,5190800674074.47,5069248682334.77,4944670005700.62,4817006652668.47,4686205859984.94,4552221496578.16,4415015704018.12,4274560808082.57,4130841540282.64,3983857612755.76,3833626694668.57,3680187843034.84,3523605445401.15,3363973735823.39,3201421948421.84,3036120173802.69,2868285981701.93,2698191866849.09,2526173562189.42,2352639241359.21,2178079596646.09,2003078723854.01,1828325663192.55,1654626322986.2,1482915331080.28,1314267085639.46,1149904859937.92,991206166178.16,839701554024.874,697062375468.755,565070449366.485,445558623369.361,340305860559.772,250864925214.921,178300317715.214,122833514083.837,83461346652.2911,57760801139.1576,42239499670.7592,33245914071.319,26755436443.6712,14008294773.3652,0
"6205",9981772832062.88,9962505865018.16,9942846925510.28,9922788683154.45,9902323634346.11,9881444096827.22,9860142204030.71,9838409899192.34,9816238929218.41,9793620838296.98,9770546961240.01,9747008416542.68,9722996099145.78,9698500672885.91,9673512562617.87,9648021945992.28,9622018744870.91,9595492616361.08,9568432943449.58,9540828825215.38,9512669066599.51,9483942167709.18,9454636312632.05,9424739357735.37,9394238819423.37,9363121861324.98,9331375280882.52,9298985495310.65,9265938526893.28,9232219987584.85,9197815062880.58,9162708494919.03,9126884564778.51,9090327073927.58,9053019324788.04,9014944100367.66,8976083642918.26,8936419631573.36,8895933158918.71,8854604706447.59,8812414118852.22,8769340577101.88,8725362570258.13,8680457865977.82,8634603479655.01,8587775642154.36,8539949766090.49,8491100410610.74,8441201244642.55,8390225008571.95,8338143474326.36,8284927403842.95,8230546505914.85,8174969391419.64,8118163526951.06,8060095186893.33,8000729404001,7940029918574.51,7877959126355.1,7814478025301.58,7749546161458.77,7683121574182.06,7615160741048.54,7545618522861.57,7474448109246.67,7401600965442.62,7327026781016.81,7250673421379.71,7172486883144.43,7092411254577.29,7010388682618.4,6926359348223.48,6840261452095.42,6752031213243.14,6661602883235.22,6568908779515.33,6473879341726.55,6376443215665.36,6276527370266.82,6174057253926.95,6068956997514.77,5961149672635.59,5850557615102.32,5737102825178.2,5620707458001.57,5501294419720.72,5378788087288.16,5253115172621.45,5124205754966.42,4991994508826.42,4856422158775.07,4717437196859.12,4574997903117.34,4429074714951.21,4279652996597.85,4126736265617.95,3970349938858.29,3810545665366.22,3647406317588.3,3481051713931.45,3311645144019.16,3139400760733.66,2964591887541.08,2787560261611.55,2608726187228.35,2428599502138.77,2247791151218.83,2067025002895.51,1887149315603.66,1709146940638.48,1534142905875.39,1363407431063.02,1198351652037.11,1040512367105.68,891520996744.539,753050795867.182,626735491517.529,514052589701.847,416166808833.214,333735457707.341,266690958129.625,214039164537.128,173746002228.961,142819456055.922,117696278753.5,94951595022.5166,72135498623.1689,48430272682.4293,25364660086.5857,6768011972.59016,0
"6200",9831609044270.23,9810458290912,9788910948452.26,9766960181545.28,9744599010903.96,9721820309304.43,9698616797439.54,9674981039614.03,9650905439273.54,9626382234359.32,9601403492479.81,9575961105890.18,9550046786269.92,9523652059288.44,9496768258947.81,9469386521691.26,9441497780265.44,9413092757323.69,9384161958757.04,9354695666738.61,9324683932466.71,9294116568590.76,9262983141303.5,9231272962082.11,9198975079059.72,9166078268008.15,9132571022911.32,9098441546108.28,9063677737983.11,9028267186178.53,8992197154308.38,8955454570143.38,8918026013243.27,8879897702007.47,8841055480114.96,8801484802323.46,8761170719596.47,8720097863526.05,8678250430018.18,8635612162206.83,8592166332562.05,8547895724157.19,8502782611059.9,8456808737811.67,8409955297961.19,8362202911617.41,8313531601989.75,8263920770884.65,8213349173130.53,8161794889906.47,8109235300954.93,8055647055664.15,8001006043013.4,7945287360383.12,7888465281242.6,7830513221741.41,7771403706246.42,7711108331885.18,7649597732179.39,7586841539878.79,7522808349137.88,7457465677215.18,7390779925919.37,7322716343077.85,7253238984364.6,7182310675894.77,7109892978076.15,7035946151303.97,6960429124197.46,6883299465206.06,6804513358563.74,6724025585743.6,6641789513765.88,6557757091943.89,6471878858919.26,6384103962144.4,6294380192322.29,6202654035717.07,6108870747710.85,6012974451509.38,5914908266500.56,5814614471453.67,5712034708523.22,5607110234899.96,5499782229943.48,5389992166746.24,5277682258330.14,5162795990073.47,5045278751517.97,4925078582421.59,4802147049806.6,4676440274806.88,4547920130337.23,4416555632979.6,4282324554982,4145215284859.05,4005228967711.56,3862381958968.12,3716708627683.94,3568264547665.18,3417130116326.88,3263414642088.6,3107260940938.49,2948850481137.53,2788409111348.96,2626213401047.55,2462597611914.07,2297961303648.56,2132777555111.37,1967601748474,1803080814255.76,1639962758326.44,1479106169320.6,1321489202017.43,1168217186499.99,1020527412217.2,879788585335.896,747490633575.244,625217443283.042,514590134306.473,417161176108.379,334230933140.806,266553446500.478,213913764991.4,174631261896.263,145222653718.612,120721024384.899,96103760684.5611,67897153079.2362,30130419143.9536,0
"6195",9314168004232.72,9290184879630.72,9265816322479.45,9241056873600.78,9215900996238.92,9190343075121.39,9164377415515.85,9137998242283.01,9111199698925.55,9083975846633.11,9056320663323.4,9028228042679.25,8999691793181.66,8970705637138.51,8941263209708.95,8911358057922.96,8880983639695.98,8850133322837.93,8818800384056.34,8786978007952.83,8754659286012.25,8721837215583.66,8688504698852.13,8654654541800.33,8620279453158.44,8585372043341.09,8549924823369.69,8513930203778.05,8477380493499.58,8440267898733.39,8402584521786.92,8364322359892.15,8325473303992.22,8286029137494.92,8245981534989.32,8205322060921.05,8164042168221.88,8122133196888.31,8079586372503.78,8036392804698.39,7992543485539.63,7948029287847.06,7902840963423.24,7856969141192.69,7810404325239.78,7763136892736.15,7715157091747.14,7666455038906.13,7617020716944.83,7566843972066.57,7515914511148.98,7464221898760.89,7411755553977.74,7358504746978.09,7304458595402.65,7249606060455.66,7193935942726.53,7137436877707.76,7080097330982.56,7021905593052.76,6962849773774.19,6902917796362.26,6842097390925.63,6780376087479.29,6717741208380.43,6654179860121.06,6589678924398.62,6524225048371.1,6457804633983.71,6390403826230.54,6322008500184.71,6252604246593.09,6182176355785.3,6110709799588.24,6038189210865.03,5964598860207.34,5889922629197.76,5814143979520.84,5737245917030.08,5659210949666.88,5580021037868.98,5499657535787.15,5418101121241.78,5335331711878.01,5251328364406.01,5166069153122.34,5079531023079.58,4991689612283.32,4902519036125.63,4811991625891.58,4720077611582.21,4626744737473.47,4531957796780.28,4435678069543.13,4337862645466.99,4238463611036.96,4137427078020.33,4034692028771.99,3930188953110.95,3823838252715.89,3715548393169.25,3605213792671.41,3492712452516.42,3377903361175.09,3260623746202.77,3140686313017.99,3017876706244.15,2891951570354.65,2762637788382.95,2629633761642.92,2492613985735.76,2351238708362.59,2205171152614.39,2054105677080.32,1897811316240.5,1736196333331.41,1569400524041.22,1397922576047.99,1222788871762.73,1045765873244.12,869607167136.045,698302007969.682,537243690195.271,393146145130.676,273388523584.093,184284242542.208,127783550155.786,97186530772.9503,75739184963.9627,39072339560.2658,0
"6190",8469927102671.12,8442456095031.15,8414624160380.61,8386427780689.62,8357863444860.41,8328927651396.26,8299616911227.97,8269927750705.32,8239856714761.47,8209400370258.67,8178555309524,8147318154083.91,8115685558607.29,8083654215066.47,8051220857126.7,8018382264774.33,7985135269194.91,7951476757912.45,7917403680201.77,7882913052786.09,7848001965832.58,7812667589258.96,7776907179364.68,7740718085800.67,7704097758891.94,7667043757327.92,7629553756235.63,7591625555651.21,7553257089405.71,7514446434441.29,7475191820574.17,7435491640721.16,7395344461606.24,7354749034964.26,7313704309258.38,7272209441927.96,7230263812183.23,7187867034362.66,7145018971868.33,7101719751693.8,7057969779557.92,7013769755656.56,6969120691042.73,6924023924643.23,6878481140917.76,6832494388163.08,6786066097461.23,6739199102266.65,6691896658621.59,6644162465983.25,6596000688638.96,6547415977677.02,6498413493471.27,6448998928625.47,6399178531310.42,6348959128910.59,6298348151879.02,6247353657677.3,6195984354653.03,6144249625677.68,6092159551334.12,6039724932404.02,5986957311359.3,5933868992508.93,5880473060390.68,5826783395925.54,5772814689769.05,5718582452196.85,5664103018748.67,5609393550723.7,5554472029467.26,5499357243210.73,5444068765019.5,5388626920162.32,5333052740934.6,5277367906640.75,5221594666060.14,5165755739277.19,5109874195240.5,5053973300815.09,4998076336393.93,4942206372323.94,4886385999460.61,4830637006074.82,4774979992073.47,4719433910038.6,4664015520910.99,4608738750217.21,4553613928532.97,4498646897363.68,4443837958776.03,4389180643910.63,4334660271928.93,4280252266995.85,4225920196590.16,4171613489814.45,4117264789535.76,4062786887275.09,4008069185013.07,3952973623833.46,3897330016083.82,3840930716191.92,3783524566404.75,3724810058836.13,3664427666115.08,3601951312057.13,3536878984460.65,3468622538971.28,3396496812511.46,3319708266682.45,3237343530606.77,3148358432588.51,3051568440181.92,2945641936424.99,2829098564228.37,2700316178857.35,2557552123743.29,2398988215233.57,2222815042419.76,2027381654740.49,1811453940706.91,1574652148128.11,1318177158043.79,1045980590917.25,766549268276.867,495321438812.425,256979407868.204,84174021539.9259,2287219133.81732,-7419272699.83825,0
"6185",7361495333295.31,7330278426616.72,7298734504600.81,7266862129098.25,7234659947821.51,7202126699924.15,7169261221846.03,7136062453436,7102529444364.11,7068661360835.67,7034457492620.14,6999917260408.14,6965040223510.51,6929826087913.57,6894274714705.57,6858386128889.52,6822160528598.15,6785598294727.34,6748700001004.73,6711466424510.72,6673898556669.55,6635997614728.54,6597765053744.12,6559202579093.48,6520312159531.16,6481096040810.27,6441556759887.99,6401697159735.68,6361520404773.53,6321029996950.16,6280229792487.24,6239124019309.1,6197717295177.03,6156014646547.43,6114021528172.33,6071743843459.79,6029187965611.01,5986360759548.85,5943269604651.52,5899922418302.53,5856327680265.88,5812494457892.23,5768432432158.46,5724151924538.88,5679663924701.5,5634980119017.16,5590112919862.98,5545075495693.87,5499881801847.45,5454546612037.54,5409085550480.31,5363515124583.76,5317852758116.6,5272116824755.43,5226326681889.66,5180502704541.73,5134666319234.67,5088840037610.91,5043047489573.44,4997313455683.78,4951663898509.61,4906125992567.3,4860728152451.57,4815500058683.45,4770472680739.86,4725678296650.21,4681150508458.75,4636924252752.35,4593035805342.68,4549522779066.5,4506424113526.61,4463780055437.87,4421632128063.95,4380023088030.6,4338996867576.49,4298598500051.01,4258874026186.68,4219870378359.15,4181635239696.44,4144216874507.72,4107663926067.39,4072025177306.95,4037349269433.74,4003684372904.87,3971077804535.44,3939575583805.31,3909221920646.16,3880058626133.77,3852124436574.9,3825454240456.93,3800078196612.12,3776020730724.17,3753299395952.93,3731923581942.3,3711893054757.85,3693196308299.04,3675808705326.32,3659690383254,3644783896008,3631011558113.76,3618272450142.4,3606439034786,3595353318823.2,3584822476157.6,3574613818240.5,3564448956704.56,3553996943647.42,3542866090507.17,3530594047220.9,3516635556718.98,3500347069674.51,3480967090979.9,3457590709502.17,3429136211427.84,3394300972679.87,3351502957501.16,3298803142237.54,3233803142133.96,3153511547648.23,3054172748842.54,2931055255977.48,2778207420236.4,2588218610502.93,2352101851329.61,2059609750121.22,1700779396524.55,1270678478992.06,782188968473.049,299622298754.324,15335521123.9888,0
"6180",6067880409139.46,6033130493314.92,5998093148536.61,5962768760432.44,5927157853979.66,5891261100379.44,5855079324211.42,5818613510878.16,5781864814349.89,5744834565219.81,5707524279080.72,5669935665233.97,5632070635741.59,5593931314833.1,5555520048678.25,5516839415537.32,5477892236300.6,5438681585428.79,5399210802306.04,5359483503017.39,5319503592562.21,5279275277515.22,5238803079146.47,5198091847011.22,5157146773020.57,5115973406003.08,5074577666766.98,5032965863672.2,4991144708720.27,4949121334169.48,4906903309681.3,4864498660003.02,4821915883189.74,4779163969367.31,4736252420035.78,4693191267910.28,4649991097294.3,4606663064976.47,4563218921639.48,4519671033765.21,4476032406016.41,4432316704070.15,4388538277872.99,4344712185281.9,4300854216047.98,4256980916093.02,4213109612020.03,4169258435790.32,4125446349488.87,4081693170088.95,4038019594114.06,3994447222081.87,3950998582599.31,3907697155961.64,3864567397089.9,3821634757621.14,3778925706944.1,3736467751949,3694289455234.52,3652420451486.49,3610891461712.85,3569734304986.44,3528981907311.91,3488668307195.45,3448828657455.86,3409499222772.77,3370717372423.14,3332521567610.15,3294951342740.04,3258047279952.55,3221850976160.12,3186405001800.84,3151752850461.32,3117938878479.35,3085008233595,3053006771683.87,3021980960581.36,2991977769994.67,2963044546504.18,2935228872683.47,2908578409422.01,2883140720625.36,2858963079600.89,2836092256623.51,2814574287425.45,2794454222678.9,2775775858953.88,2758581452148.74,2742911415022.16,2728804001215.22,2716294979051.79,2705417299448.94,2696200763456.05,2688671696254.48,2682852635855.38,2678762046167.81,2676414065468.7,2675818302428.77,2676979692494.67,2679898427248.81,2684569967874.5,2690985150360.44,2699130383652.01,2708987931330.17,2720536250874.92,2733750339881.15,2748602002709.05,2765059899893.29,2783089170627.47,2802650317964.62,2823696905663.41,2846171417643,2869998348549,2895073182197.75,2921245297735.78,2948291889608.28,2975878465143.76,3003498979925.85,3030384442546.29,3055361509701.83,3076629682786.08,3091402457612.45,3095315092715.77,3081422325034.84,3038462660692.21,2947809627389.71,2778179007666.44,2477171716757.93,1960048444447.27,1051147343611.04,0
"6175",4677346466791.23,4639778175837.19,4601965657570.26,4563910620631.11,4525614931680.89,4487080621719.33,4448309892604.35,4409305123777.33,4370068879197.86,4330603914491.67,4290913184315.11,4250999849939.56,4210867287058.5,4170519093819.85,4129959099085.83,4089191370921.93,4048220225316.24,4007050235129.77,3965686239277.7,3924133352140.85,3882396973205.6,3840482796930.04,3798396822832.56,3756145365798.38,3713735066597.95,3671172902610.12,3628466198741,3585622638528.12,3542650275417.42,3499557544198.53,3456353272581.83,3413046692897.81,3369647453897.06,3326165632625.95,3282611746349.96,3238996764492.93,3195332120557.05,3151629723983.8,3107901971911.78,3064161760782.49,3020422497739.75,2976698111762.59,2933003064465.64,2889352360493.85,2845761557431.77,2802246775139.46,2758824704419.24,2715512614908.39,2672328362083.76,2629290393254.27,2586417752406.47,2543730083757.63,2501247633858.65,2458991252077.1,2416982389277.79,2375243094504.99,2333796009456.71,2292664360527.74,2251871948183.7,2211443133414.53,2171402821001.81,2131776439321.04,2092589916387.34,2053869651841.53,2015642484564.17,1977935655597.31,1940776766049.24,1904193729657,1868214719684.92,1832868109847.52,1798182408961.88,1764186189060.29,1730908006730.22,1698376317497.34,1666619383131.24,1635665171834.75,1605541251380.35,1576274675383.48,1547891863057.12,1520418472979.45,1493879271629.84,1468297997715.14,1443697223621.08,1420098215690.04,1397520795450.32,1375983204409.97,1355501975583.06,1336091815543.52,1317765501501.24,1300533798668.62,1284405404027.48,1269386923510.82,1255482890565.54,1242695835043.85,1231026412352.33,1220473603734.79,1211034999429.93,1202707177174.47,1195486189054.1,1189368169974.56,1184350080972.39,1180430600167.65,1177611173367.06,1175897235204.24,1175299610382.44,1175836103310.57,1177533283576.32,1180428474802.23,1184571956095.96,1190029389098.65,1196884489764.2,1205241971733.4,1215230794800.57,1227007751096.52,1240761400198.72,1256716297745.72,1275137304766.18,1296333432283.23,1320660005003.17,1348516587120.41,1380335377438.46,1416548943380.5,1457512873972.28,1503326110849.18,1553402529551.88,1605377133107.75,1652001963169.62,1670967451515.44,1584420354016.96,1058818045256.67,0
"6170",3279559093126.95,3240364038274.93,3200971734600.27,3161384670733.88,3121605480329.18,3081636946448.88,3041482006024.81,3001143754387.44,2960625449861.82,2919930518425.36,2879062558422.93,2838025345333.83,2796822836584.41,2755459176399.51,2713938700685.15,2672265941933.68,2630445634142.11,2588482717732.77,2546382344465.01,2504149882324.68,2461790920377.55,2419311273570.98,2376716987466.87,2334014342887.29,2291209860452.45,2248310304988.8,2205322689783.31,2162254280657.53,2119112599833.11,2075905429557.9,2032640815459.25,1989327069588.46,1945972773117.4,1902586778645.29,1859178212070.45,1815756473978.22,1772331240493.02,1728912463538.2,1685510370443.82,1642135462837.86,1598798514752.42,1555510569871.27,1512282937840.99,1469127189562.39,1426055151374.1,1383078898034.76,1340210744404.78,1297463235723.27,1254849136369.81,1212381416995.25,1170073239900.15,1127937942533.46,1085989018979.1,1044240099292.3,1002704926543.02,961397331418.907,920331204236.347,879520464204.77,838979025786.823,798720761995.52,758759464469.188,719108800166.156,679782264524.02,640793130933.171,602154396381.429,563878723136.41,525978376345.067,488465157446,451350333310.095,414644561049.171,378357808461.048,342499270113.098,307077279105.392,272099214599.086,237571405246.091,203499028712.236,169886007547.944,136734901727.456,104046798249.141,71821198263.9856,40055902275.4231,8746894028.33194,-22111776224.844,-52528108332.2113,-82512267930.5906,-112076700396.929,-141236242255.708,-170008229288.679,-198412600704.809,-226471998914.773,-254211864735.534,-281660528249.027,-308849296080.659,-335812536576.037,-362587765267.944,-389215734170.076,-415740529837.699,-442209686821.981,-468674325129.482,-495189322583.365,-521813535551.352,-548610084315.569,-575646722338.115,-602996311715.231,-630737430067.278,-658955136803.835,-687741928934.497,-717198918164.255,-747437261730.413,-778579879131.313,-810763485334.463,-844140967705.081,-878884127327.914,-915186791873.984,-953268277748.077,-993377113841.428,-1035794794500.75,-1080839014017.08,-1128865156876.69,-1180263365124.23,-1235445358545.9,-1294808184574.28,-1358645777883.97,-1426938769387.88,-1498844195583.32,-1571383953160.4,-1635751568025.93,-1665467926997.07,-1571099338487.05,-996788218644.299,0
"6165",1957822068830.74,1918579446112.6,1879192115003.81,1839662932657.85,1799994869241.76,1760191009934.82,1720254556881.02,1680188831087.22,1639997274259.08,1599683450565.26,1559251048320.58,1518703881577.59,1478045891615.45,1437281148314.27,1396413851402.25,1355448331561.87,1314389051380.91,1273240606132.65,1232007724369.01,1190695268308.97,1149308234003.96,1107851751260.33,1066331083298.06,1024751626123.78,983118907594.43,941438586147.111,899716449168.904,857958410979.263,816170510396.019,774358907854.607,732529882048.655,690689826058.44,648845242932.312,607002740684.508,565169026671.334,523350901306.091,481555251071.665,439789040788.195,398059305091.909,356373139079.816,314737688073.821,273160136456.676,231647695531.336,190207590354.538,148847045494.912,107573269665.807,66393439183.0173,25314680198.158,-15655950340.6863,-56511485048.0122,-97245067824.694,-137849976988.946,-178319649853.648,-218647708785.138,-258827988773.623,-298854566539.508,-338721791192.923,-378424316455.626,-417957134445.085,-457315611009.782,-496495522592.563,-535493094585.148,-574305041121.498,-612928606240.675,-651361606331.007,-689602473746.783,-727650301466.398,-765504888636.787,-803166786823.467,-840637346758.425,-877918765350.019,-915014132690.134,-951927478764.594,-988663819543.957,-1025229202103.95,-1061630748398.89,-1097876697288.66,-1133976444401.37,-1169940579401.19,-1205780920225.99,-1241510543863.34,-1277143813249.71,-1312696399905.9,-1348185301966.34,-1383628857320.25,-1419046751660.91,-1454460021334.91,-1489891050994.29,-1525363566177.07,-1560902621067.88,-1596534581807.69,-1632287105810.39,-1668189117575.74,-1704270781420.82,-1740563471327.52,-1777099737640.17,-1813913269533.02,-1851038850849.45,-1888512304886.39,-1926370420678.61,-1964650848948.09,-2003391949609.9,-2042632563863,-2082411671474.44,-2122767876537.47,-2163738640846.27,-2205359150355.51,-2247660653024.79,-2290668039845.34,-2334396346263.78,-2378845715270.01,-2423994165633.51,-2469787217177.5,-2516122988903.93,-2562830723723.65,-2609639672320.21,-2656133666970.06,-2701684159951.68,-2745350348286.34,-2785728139532.55,-2820718173784.41,-2847163492090.43,-2860273999181.07,-2852699149229.48,-2813025612767.24,-2723389521861.52,-2556015381258.94,-2269764469731.16,-1810523551394.81,-1042600264209.38,0
"6160",782238794011.815,744762481839.933,707201489652.482,669558846874.192,631837660757.454,594041116461.684,556172477024.518,518235083217.084,480232353275.242,442167782498.279,404044942706.241,365867481546.707,327639121641.448,289363659563.068,251044964631.391,212686977518.969,174293708654.838,135869236415.259,97417705089.9459,58943322611.99,20450358039.4742,-18056861223.4348,-56573952478.2993,-95096481069.5549,-133619964019.514,-172139873973.687,-210651643468.781,-249150669535.495,-287632318647.98,-326091932031.33,-364524831337.904,-402926324702.61,-441291713186.25,-479616297615.063,-517895385823.137,-556124300302.886,-594298386266.856,-632413020122.032,-670463618355.236,-708445646825.389,-746354630455.067,-784186163310.039,-821935919051.193,-859599661738.418,-897173256960.622,-934652683259.881,-972034043810.945,-1009313578309.67,-1046487675015.5,-1083552882883.54,-1120505923711.69,-1157343704216.23,-1194063327937.27,-1230662106860.74,-1267137572629.05,-1303487487195.28,-1339709852757.81,-1375802920792.29,-1411765199976.36,-1447595462779.04,-1483292750461.56,-1518856376208.9,-1554285926082.29,-1589581257450.91,-1624742494527.6,-1659770020597.06,-1694664466486.23,-1729426694785.34,-1764057779284.27,-1798558979041.43,-1832931706452.86,-1867177488635.07,-1901297921378.17,-1935294614863.55,-1969169130273.55,-2002922906347.01,-2036557174853.49,-2070072863868.59,-2103470487629.76,-2136750021633.73,-2169910761498.39,-2202951163947.46,-2235868668078.2,-2268659494830.24,-2301318422274.87,-2333838533971.22,-2366210937167.85,-2398424447037.25,-2430465232382.24,-2462316417301.9,-2493957632095.38,-2525364505143.34,-2556508085549.08,-2587354183833.76,-2617862614819.22,-2647986322820.92,-2677670364186.35,-2706850715766.18,-2735452869732.71,-2763390164798.64,-2790561790740.23,-2816850386416.08,-2842119130182.62,-2866208194405.38,-2888930400886.11,-2910065869122.9,-2929355391266.69,-2946492192274.42,-2961111635582.67,-2972778306436.8,-2980969737580.06,-2985055823899.17,-2984272690503.89,-2977689418852.49,-2964165587948.27,-2942297056123,-2910346833716.07,-2866157404790.61,-2807040770124.09,-2729643565124.11,-2629788582631.84,-2502304742017.34,-2340883356825.81,-2138057082875.21,-1885523945314.77,-1575293118285.4,-1202613008507.26,-772866017367.031,-322949250107.635,-15876962855.1728,0
"6155",-195449172682.414,-229311916218.857,-263191488539.147,-297084694708.861,-330988288013.961,-364898970783.649,-398813395310.021,-432728164867.904,-466639834838.138,-500544913937.438,-534439865557.79,-568321109218.083,-602185022130.45,-636027940883.453,-669846163243.815,-703635950078.074,-737393527394.88,-771115088508.166,-804796796320.675,-838434785726.585,-872025166131.038,-905564024083.439,-939047426020.185,-972471421111.246,-1005832044203.58,-1039125318852.77,-1072347260432.41,-1105493879308.87,-1138561184066.8,-1171545184768.2,-1204441896225.27,-1237247341264.2,-1269957553953.58,-1302568582767.66,-1335076493650.52,-1367477372942.62,-1399767330126.64,-1431942500343.85,-1463999046626.52,-1495933161785.51,-1527741069884.95,-1559419027228.66,-1590963322774.2,-1622370277881.74,-1653636245294.87,-1684757607239.91,-1715730772518.63,-1746552172456.86,-1777218255557.75,-1807725480693.91,-1838070308656.92,-1868249191865.47,-1898258562015.23,-1928094815433.81,-1957754295882.89,-1987233274527.07,-2016527926764.31,-2045634305587.03,-2074548311114.78,-2103265655909.44,-2131781825651.97,-2160092034725.24,-2188191176211.04,-2216073765769.6,-2243733878828.2,-2271165080459.64,-2298360347282.86,-2325311980664.95,-2352011510446.78,-2378449588352.14,-2404615870172.02,-2430498885740.91,-2456085895638.58,-2481362733458.29,-2506313632377.96,-2530921034652.8,-2555165382512.76,-2579024888793.11,-2602475285446.37,-2625489547873.56,-2648037592766.58,-2670085946862.16,-2691597383663.56,-2712530524776.34,-2732839402016.55,-2752472975867.78,-2771374605168.7,-2789481462084.47,-2806723885428.07,-2823024664224.58,-2838298242019.99,-2852449830793.62,-2865374421401.53,-2876955675220.1,-2887064679036.57,-2895558542212.97,-2902278811706.02,-2907049676648.85,-2909675929908.38,-2909940649386.1,-2907602556961,-2902393008120.64,-2894012560898.67,-2882127069402.05,-2866363246042.56,-2846303639285.16,-2821480982973.65,-2791371893314.63,-2755389927048.48,-2712878079718.66,-2663100912910.58,-2605236680305.13,-2538370116493.38,-2461487026910.14,-2373472579146.3,-2273116415787.05,-2159129656134.58,-2030181948503.47,-1884971615074.68,-1722349529707.6,-1541528943845.83,-1342430465343.32,-1126234759751.39,-896243876623.372,-659176992814.955,-427018723789.451,-219368223247.566,-65016584325.2394,6258254540.38852,7495120846.47021,0
"6150",-944794662217.283,-973384324301.589,-1001917642290.85,-1030391181404.25,-1058801467446.85,-1087144987517.85,-1115418190751.23,-1143617489085.69,-1171739258060.52,-1199779837633.34,-1227735533014.84,-1255602615514.97,-1283377323394.39,-1311055862713.6,-1338634408171.79,-1366109103925.73,-1393476064378.26,-1420731374924.48,-1447871092642.12,-1474891246911.39,-1501787839947.45,-1528556847227.11,-1555194217789.18,-1581695874385.72,-1608057713459.04,-1634275604916.64,-1660345391673.72,-1686262888929.3,-1712023883139.42,-1737624130646.57,-1763059355921.34,-1788325249367.51,-1813417464637.81,-1838331615402.51,-1863063271507.87,-1887607954455.9,-1911961132130.92,-1936118212692.19,-1960074537544.49,-1983825373291.9,-2007365902571.63,-2030691213656.61,-2053796288706.67,-2076675990538.37,-2099325047773.88,-2121738038218.05,-2143909370301.81,-2165833262417.72,-2187503719960.9,-2208914509874.86,-2230059132487.73,-2250930790409.11,-2271522354242.17,-2291826324848.99,-2311834791889.53,-2331539388336.53,-2350931240649.54,-2370000914271.05,-2388738354087.18,-2407132819473.28,-2425172813522.28,-2442846006030,-2460139149786.96,-2477037989700.53,-2493527164244.73,-2509590098707.09,-2525208889672.68,-2540364180155.54,-2555035024755.33,-2569198744183.94,-2582830768471.19,-2595904468121.7,-2608390972454.79,-2620258974317.52,-2631474520314.99,-2642000785653.94,-2651797832642.99,-2660822351837.21,-2669027384754.23,-2676362027025.75,-2682771110780.96,-2688194864989.48,-2692568552422.23,-2695822081822.54,-2697879593822.48,-2698659019097.56,-2698071607238.49,-2696021424847.4,-2692404821459.62,-2687109862083.55,-2680015725481.6,-2670992067845.89,-2659898352331.73,-2646583146111.32,-2630883388343.36,-2612623634921.91,-2591615289331.19,-2567655833747.05,-2540528081161.32,-2509999478390.44,-2475821502201.44,-2437729207560.33,-2395441009657.22,-2348658811851.8,-2297068632603.64,-2240341939220.83,-2178137969350.23,-2110107418348.83,-2035897999457.13,-1955162553383.44,-1867570605877.04,-1772824559250.72,-1670682070327.12,-1560986624128.63,-1443708861459.05,-1319001836574.75,-1187273990953.63,-1049284038304.65,-906261739090.801,-760056814533.991,-613313233643.394,-469654327179.937,-333838964755.545,-211797700832.088,-110356742259.058,-36268758094.3252,6107026906.39602,18968878047.2501,14043702116.7455,4829627678.84843,0
"6145",-1457098581531.1,-1479147613319.85,-1501067366365.63,-1522854144578.13,-1544504214728.4,-1566013806482.97,-1587379112394.71,-1608596287842.44,-1629661450910.67,-1650570682199.94,-1671320024557.32,-1691905482715.7,-1712323022829.35,-1732568571892.15,-1752638017023.76,-1772527204607.4,-1792231939261.94,-1811747982629.11,-1831071051955.17,-1850196818444.84,-1869120905363.11,-1887838885858.88,-1906346280482.2,-1924638554364.52,-1942711114029.36,-1960559303797.78,-1978178401750.97,-1995563615208.77,-2012710075680.73,-2029612833242.35,-2046266850286.48,-2062666994595.88,-2078808031679.62,-2094684616311.62,-2110291283206.19,-2125622436760.57,-2140672339790.35,-2155435101178.98,-2169904662357.56,-2184074782526.35,-2197939022524.07,-2211490727245.76,-2224723006504.59,-2237628714227.26,-2250200425867.04,-2262430413912.58,-2274310621364.99,-2285832633049.59,-2296987644623.24,-2307766429132.16,-2318159300969.83,-2328156077079.25,-2337746035238.56,-2346917869264.94,-2355659640967.1,-2363958728673.67,-2371801772161.94,-2379174613809.93,-2386062235793.86,-2392448693154.54,-2398317042558.03,-2403649266580.57,-2408426193354.35,-2412627411419.59,-2416231179640.82,-2419214332060.64,-2421552177584.17,-2423218394411.97,-2424184919169.1,-2424421830714.94,-2423897228662.44,-2422577106689.06,-2420425220785.38,-2417402952664.08,-2413469168643.58,-2408580074429.71,-2402689066350.17,-2395746579752.4,-2387699935463.7,-2378493185437.46,-2368066958980.21,-2356358311281.33,-2343300576361.78,-2328823227036.51,-2312851745065.78,-2295307505376.51,-2276107679095.31,-2255165161185.25,-2232388529762.35,-2207682045739.67,-2180945703371.85,-2152075344633.49,-2120962853257.87,-2087496447810.76,-2051561097521.75,-2013039089919.52,-1971810785828.53,-1927755605231.44,-1880753297177.18,-1830685558652.2,-1777438081505.34,-1720903123519.68,-1660982719944.94,-1597592675558.16,-1530667504745.01,-1460166517956.47,-1386081286273.38,-1308444749572.09,-1227342263741.75,-1142924900980.96,-1055425311353.97,-965176401814.41,-872632955710.43,-778396046005.135,-683239603996.205,-588137665341.604,-494289444932.911,-403137246020.164,-316368986965.616,-235892538109.772,-163763007549.107,-102037211772.206,-52524425295.029,-16406992727.5729,6260405009.03427,17048942212.8086,19262628567.6086,17003347760.6121,13518145508.7646,11821162028.6194,0
"6140",-1743488698134.94,-1758272567074.24,-1772862148543.69,-1787253615049.1,-1801443102745.9,-1815426710874.2,-1829200501105.17,-1842760496789.74,-1856102682099.54,-1869223001049.57,-1882117356391.1,-1894781608362.61,-1907211573285.69,-1919403021991.99,-1931351678066.22,-1943053215889.47,-1954503258465.67,-1965697375013.55,-1976631078304.64,-1987299821727.27,-1997698996054.9,-2007823925896.15,-2017669865802.39,-2027231996007.47,-2036505417772.92,-2045485148310.29,-2054166115251.15,-2062543150633.49,-2070610984372.18,-2078364237179.2,-2085797412898.42,-2092904890217.6,-2099680913719.59,-2106119584232.55,-2112214848438.46,-2117960487697.21,-2123350106043.05,-2128377117308.87,-2133034731332.86,-2137315939201.86,-2141213497485.02,-2144719911411.32,-2147827416945,-2150527961713.28,-2152813184742.22,-2154674394957.88,-2156102548412.59,-2157088224198.88,-2157621599017.55,-2157692420371.23,-2157289978360.49,-2156403076066.71,-2155019998514.43,-2153128480215.78,-2150715671311.77,-2147768102338.66,-2144271647664.14,-2140211487656.66,-2135572069672.97,-2130337067973.93,-2124489342707.49,-2118010898130.7,-2110882840280.44,-2103085334345.84,-2094597562044.84,-2085397679363.76,-2075462775082.96,-2064768830585.53,-2053290681529.1,-2041001982056.8,-2027875172331.85,-2013881450304.71,-1998990748763.05,-1983171718876.72,-1966391721634.49,-1948616828780.41,-1929811835099.09,-1909940284175.36,-1888964510069.86,-1866845697714.34,-1843543965244.68,-1819018471964.83,-1793227556177.85,-1766128907741.9,-1737679780919.26,-1707837253895.66,-1676558542268.84,-1643801374849.37,-1609524441297.12,-1573687922441.24,-1536254115610.27,-1497188168933.08,-1456458940356.66,-1414039999047.54,-1369910788864.15,-1324057975649.98,-1276477002103.82,-1227173875785.19,-1176167217187.01,-1123490595427.71,-1069195178510.17,-1013352722598.67,-956058919435.791,-897437111549.309,-837642369470.374,-776865901312.88,-715339729371.444,-653341516343.911,-591199349367.152,-529296185480.603,-468073517591.801,-408033623734.063,-349739501368.118,-293811250670.849,-240917250390.285,-191757978419.61,-147039817377.687,-107435784122.661,-73530116638.3219,-45744607465.2486,-24247526582.4468,-8852660367.58743,1071153610.33194,6638593555.62851,9367370594.1514,10902918964.7156,12530168712.9864,14551469099.2271,15235275584.3217,8984599950.12559,0
"6135",-1831065077715.89,-1838473496069.26,-1845638579757.37,-1852556674155.91,-1859224096401.01,-1865637134795.46,-1871792048133.35,-1877685064936.45,-1883312382595.53,-1888670166409.16,-1893754548512.55,-1898561626688.38,-1903087463051.39,-1907328082598.05,-1911279471612.35,-1914937575918.46,-1918298298970.73,-1921357499770.99,-1924110990603.24,-1926554534575.16,-1928683842956.05,-1930494572300.34,-1931982321345.9,-1933142627676.37,-1933970964136.48,-1934462734989.76,-1934613271808.09,-1934417829082.79,-1933871579547.54,-1932969609203.79,-1931706912040.31,-1930078384439.19,-1928078819261.88,-1925702899610.13,-1922945192258.47,-1919800140756.4,-1916262058201.21,-1912325119684.56,-1907983354419.02,-1903230637554.5,-1898060681698.13,-1892467028155.94,-1886443037919.76,-1879981882428.73,-1873076534141.33,-1865719756961.48,-1857904096570.65,-1849621870727.44,-1840865159606.83,-1831625796263.18,-1821895357314.38,-1811665153959.75,-1800926223460.53,-1789669321230.74,-1777884913706.57,-1765563172185.55,-1752693967852.11,-1739266868234.42,-1725271135368.88,-1710695725983.02,-1695529294046.28,-1679760196080.46,-1663376499668.65,-1646365995653.21,-1628716214571.03,-1610414447936.94,-1591447775056.39,-1571803096125.01,-1551467172457.29,-1530426674779.49,-1508668240624.27,-1486178541976.29,-1462944364440.73,-1438952699340.9,-1414190850296.71,-1388646555994.86,-1362308131032.72,-1335164626902.68,-1307206015380.83,-1278423396793.22,-1248809235851.91,-1218357627979.7,-1187064599272.27,-1154928443472.39,-1121950099545.47,-1088133573634.83,-1053486409323.04,-1018020210208.71,-981751218795.815,-944700955544.957,-906896921599.26,-868373368103.83,-829172134098.009,-789343553560.727,-748947430187.439,-708054075691.32,-666745403625.834,-625116065641.855,-583274610380.764,-541344636458.479,-499465899736.418,-457795320759.442,-416507820272.059,-375796888494.32,-335874766799.172,-296972088224.372,-259336785919.173,-223232036963.251,-188932965080.41,-156721783765.342,-126881028658.978,-99684516927.456,-75385701213.7207,-54203185348.4099,-36303379660.1565,-21780650760.8997,-10635932073.636,-2755678018.96347,2105687096.46384,4335096552.63475,4455585875.72989,3099111758.77397,951210901.081863,-1333245155.40572,-3232117649.00766,-4449086658.7411,-4958447123.07764,-4909487408.64881,-3925605684.36119,354747054.529032,0
"6130",-1757806234842.99,-1758324181001.25,-1758572061278.08,-1758546814561.52,-1758245371735.08,-1757664655775.22,-1756801581820.55,-1755653057211.52,-1754215981499.01,-1752487246420.46,-1750463735842.48,-1748142325668.86,-1745519883713.16,-1742593269535.43,-1739359334242.74,-1735814920253.64,-1731956861027.14,-1727781980757.08,-1723287094033.54,-1718469005473.36,-1713324509322.62,-1707850389034.78,-1702043416829,-1695900353234.15,-1689417946625.37,-1682592932760.92,-1675422034329.05,-1667901960515.61,-1660029406605.35,-1651801053631.65,-1643213568091.6,-1634263601745.82,-1624947791525.12,-1615262759568.92,-1605205113423.79,-1594771446433.98,-1583958338359.58,-1572762356262.72,-1561180055706.41,-1549207982316.23,-1536842673760.55,-1524080662211.23,-1510918477353.45,-1497352650020.7,-1483379716539.04,-1468996223873.24,-1454198735677.09,-1438983839360.19,-1423348154294.72,-1407288341297.62,-1390801113536.53,-1373883249021.74,-1356531604861.5,-1338743133473.97,-1320514900966.64,-1301844107912.27,-1282728112770.51,-1263164458225.28,-1243150900730.6,-1222685443581.28,-1201766373850.4,-1180392303561.99,-1158562215495.22,-1136275514046.07,-1113532081602.46,-1090332340920.61,-1066677324022.48,-1042568748166.85,-1018009099479.4,-993001724859.1,-967550932809.382,-941662103871.072,-915341811359.238,-888597953126.471,-861439895088.274,-833878627250.142,-805926932967.289,-777599572142.928,-748913479024.934,-719887975187.431,-690544998176.156,-660909346145.285,-631008938607.608,-600875093145.931,-570542817574.97,-540051116579.442,-509443311261.77,-478767369282.332,-448076242332.37,-417428206503.273,-386887199658.245,-356523148117.85,-326412272776.196,-296637362098.85,-267287996239.629,-238460702670.302,-210259019165.116,-182793434650.031,-156181172266.384,-130545772003.698,-106016422492.948,-82726983202.2085,-60814629704.5151,-40418046526.6853,-21675085366.3589,-4719802774.5498,10321206882.9446,23333256817.2985,34218840987.1976,42903740085.7459,49343892301.4442,53532848540.3854,55509468450.294,55365287754.5204,53250692390.9735,49378677210.8009,44024581440.7962,37519868709.003,30237937634.0655,22570432057.4889,14894067845.1564,7531243026.36845,713162786.238243,-5438411847.81062,-10887653280.0072,-15594646919.5423,-19346057920.7646,-21544104193.0837,-21195166728.416,-17147330882.1334,0
"6125",-1567048041390.09,-1561654616085.82,-1555989761178.98,-1550051434035.81,-1543837615224.91,-1537346309806.05,-1530575548664.35,-1523523389893.36,-1516187920230.9,-1508567256552,-1500659547423.69,-1492462974726.9,-1483975755351.41,-1475196142970.13,-1466122429900.02,-1456752949057.27,-1447086076015.55,-1437120231176.72,-1426853882064.38,-1416285545751.72,-1405413791436.2,-1394237243174.69,-1382754582794.07,-1370964552993.7,-1358865960657.46,-1346457680395.05,-1333738658333.43,-1320707916181.72,-1307364555594.5,-1293707762860.53,-1279736813946.74,-1265451079928.97,-1250850032844.39,-1235933252002.66,-1220700430796.38,-1205151384053.98,-1189286055982.29,-1173104528748.71,-1156607031757.42,-1139793951677.54,-1122665843285.48,-1105223441188.07,-1087467672497.53,-1069399670534.34,-1051020789638.55,-1032332621175.73,-1013337010828.57,-994036077270.752,-974432232325.196,-954528202714.254,-934327053515.051,-913832213438.71,-893047502057.561,-871977159109.725,-850625876015.329,-828998829743.173,-807101719170.588,-784940804082.491,-762522946957.919,-739855657693.482,-716947141412.89,-693806349509.612,-670443034065.552,-646867805781.801,-623092195547.581,-599128719759.84,-574990949487.806,-550693583553.425,-526252525568.843,-501684964935.082,-477009461760.154,-452246035598.834,-427416257848.209,-402543347550.897,-377652270259.306,-352769839496.5,-327924820209.26,-303148033443.204,-278472461274.173,-253933350800.277,-229568315729.59,-205417433784.161,-181523337775.349,-157931297781.889,-134689291373.379,-111848058260.595,-89461135112.7304,-67584865553.2056,-46278379523.8814,-25603535287.7092,-5624816320.38003,13590825775.2526,31974192403.4864,49454134506.4619,65957937155.7398,81411806179.6916,95741472035.7919,108872927194.841,120733314047.058,131251980579.404,140361720558.857,148000213361.243,154111675492.781,158648730741.644,161574498136.653,162864885734.737,162511062867.391,160522062958.013,156927442525.16,151779888854.832,145157628846.715,137166445324.712,127941056613.8,117645564445.093,106472631206.458,94641021043.1953,82391146007.8129,69978319826.9666,57663566922.7069,45702106010.3654,34330105556.9155,23751177187.7048,14125777100.3096,5570115244.17884,-1822795286.40427,-7921667727.17575,-12450812053.4663,-14912647093.4637,-14688562495.93,-10705774190.4939,0
"6120",-1302314461808.3,-1292323227298.15,-1282083579142.18,-1271594801238.62,-1260856236550.59,-1249867289639.53,-1238627429304.89,-1227136191336.21,-1215393181384.56,-1203398077960.49,-1191150635566.36,-1178650687971.23,-1165898151637.47,-1152893029308.22,-1139635413766.25,-1126125491774.69,-1112363548211.4,-1098349970409.14,-1084085252714.78,-1069570001281.3,-1054804939107.52,-1039790911341.19,-1024528890862.28,-1009019984163.87,-993265437549.676,-977266643667.735,-961025148401.339,-944542658139.14,-927821047447.692,-910862367170.818,-893668852981.442,-876242934412.694,-858587244396.388,-840704629338.14,-822598159759.624,-804271141539.601,-785727127786.516,-766969931376.454,-748003638191.238,-728832621092.285,-709461554666.537,-689895430781.262,-670139574984.89,-650199663791.028,-630081742882.54,-609792246271.951,-589338016453.355,-568726325579.417,-547964897694.914,-527061932055.4,-506026127555.966,-484866708290.519,-463593450256.449,-442216709212.811,-420747449692.027,-399197275155.531,-377578459272.348,-355903978286.317,-334187544422.043,-312443640261.631,-290687554003.302,-268935415488.93,-247204232859.902,-225511929669.047,-203877382240.371,-182320457027.333,-160862047673.909,-139524111430.246,-118329704515.485,-97303015953.9253,-76469399336.2043,-55855401874.1121,-35488790025.2231,-15398570861.0843,4384991760.27357,23830367280.8273,42904755986.8948,61574095357.2132,79803076719.0846,97555173886.0743,114792685629.495,131476794022.263,147567640884.767,163024424754.086,177805520984.341,191868627759.757,205170940952.806,217669360874.899,229320734029.804,240082132969.901,249911177247.086,258766398213.125,266607650022.056,273396568577.629,279097079303.851,283675953444.296,287103411061.649,289353766961.282,290406113359.127,290245030233.186,288861310954.989,286252687068.387,282424532137.851,277390520734.194,271173215363.623,263804552240.072,255326197353.496,245789748810.57,235256771881.768,223798671951.219,211496440198.959,198440349572.085,184729735200.054,170473061190.761,155788545135.406,140805660857.229,125667827371.774,110536447047.633,95596070884.0259,81059700452.7475,67171936134.3421,54205799112.3621,42446913413.5103,32157748045.3946,23519139903.517,16567764356.4882,11208971876.6597,7489935237.46141,6243515735.33965,7992517837.05314,0
"6115",-1003114894124.05,-989988337678.717,-976656041238.774,-963118719371.755,-949377177542.156,-935432315486.547,-921285130719.211,-906936722174.444,-892388293991.979,-877641159452.267,-862696745068.638,-847556594843.716,-832222374697.724,-816695877076.658,-800979025748.634,-785073880796.975,-768982643818.987,-752707663339.607,-736251440449.459,-719616634677.077,-702806070105.374,-685822741742.627,-668669822158.498,-651350668395.752,-633868829168.5,-616228052357.88,-598432292816.07,-580485720489.568,-562392728872.484,-544157943800.384,-525786232594.969,-507282713569.332,-488652765903.047,-469902039895.52,-451036467605.189,-432062273880.952,-412985987790.911,-393814454451.84,-374554847260.932,-355214680529.057,-335801822512.251,-316324508835.025,-296791356295.701,-277211377039.926,-257593993083.994,-237949051164.412,-218286837884.291,-198618095120.485,-178954035647.94,-159306358929.312,-139687267008.5,-120109480436.198,-100586254143.852,-81131393169.3402,-61759268123.1969,-42484830268.1707,-23323626067.1518,-4291811035.01367,14593837291.5705,33315907475.7913,51856343628.9859,70196436448.7013,88316816140.0884,106197447547.056,123817627855.072,141155987265.483,158190493081.754,174898457691.072,191256550969.976,207240817690.006,222826700548.213,237989069497.333,252702258100.542,266940107685.196,280676020117.242,293883020061.538,306533827630.985,318600942356.364,330056739425.951,340873579145.152,351023930546.791,360480510036.214,369216435875.187,377205399186.173,384421851984.293,390841212506.921,396440087797.566,401196513097.101,405090207085.958,408102841388.685,410218321980.422,411423079206.769,411706362030.125,411060530837.401,409481341684.469,406968213223.261,403524465788.858,399157520275.396,393879042600.476,387705017902.917,380655737368.178,372755680058.716,364033272800.597,354520513661.199,344252449660.091,333266508127.211,321601694846.229,309297692318.285,296393919841.834,282928655314.398,268938368060.436,254457472936.83,239518786764.59,224155043244.837,208401889733.667,192302825310.376,175916503472.866,159326645744.197,142654382935.882,126071982568.135,109815362978.735,94190139315.1563,79561677122.6358,66313322591.6532,54749288799.0512,44914713036.9433,36323279347.3614,27660660538.0323,16727863267.1677,2743904470.38993,0
"6110",-702075192349.678,-687246782161.084,-672267676521.394,-657139894375.772,-641865565688.977,-626446934980.998,-610886364975.451,-595186340364.234,-579349471691.958,-563378499363.647,-547276297779.184,-531045879598.012,-514690400137.42,-498213161907.786,-481617619287.94,-464907383343.71,-448086226792.51,-431158089116.602,-414127081827.39,-396997493882.758,-379773797259.098,-362460652679.182,-345062915496.529,-327585641736.277,-310034094291.891,-292413749276.198,-274730302524.344,-256989676245.215,-239198025816.698,-221361746718.8,-203487481597.213,-185582127448.179,-167652842913.691,-149707055673.991,-131752469921.981,-113797073901.661,-95849147489.8338,-77917269797.1931,-60010326761.4809,-42137518701.5813,-24308367797.2547,-6532725454.63451,11179220487.392,28816938760.2671,46369547934.6485,63825810017.8866,81174124449.9715,98402522575.4538,115498662677.112,132449825666.044,149242911532.499,165864436671.997,182300532212.403,198536943479.31,214559030749.644,230351771456.65,245899764023.406,261187233516.67,276198039328.237,290915685106.809,305323331179.809,319403809721.212,333139642938.335,346513064567.257,359506044982.943,372100320245.804,384277425420.852,396018732518.411,407305493415.659,418118888125.477,428440078782.125,438250269711.044,447530773941.251,456263086501.796,464428964816.728,472010516473.776,478990294588.16,485351400911.576,491077596744.369,496153421592.462,500564319365.709,504296771736.461,507338438061.251,509678301009.45,511306816734.787,512216068063.175,512399918747.646,511854166353.267,510576690777.296,508567594779.844,505829332197.372,502366818738.511,498187519426.695,493301505871.548,487721475644.195,481462725136.237,474543066448.712,466982678156.724,458803879323.297,450030816019.706,440689050015.333,430805040442.294,420405511391.552,409516701902.085,398163500093.554,386368470801.815,374150796671.392,361525167066.263,348500668409.692,335079754941.544,321257411995.341,307020666740.651,292348656309.372,277213533010.699,261582573397.748,245421963120.288,228702848723.453,211410364762.953,193556417090.334,175196932083.104,156453851944.608,137540909115.252,118789161868.13,100661288967.949,83728424902.582,68553826742.2703,55391687725.8583,43673210391.6912,31753429164.8915,17184594005.2744,0
"6105",-423499228720.118,-408230066047.453,-392869397952.265,-377420227443.95,-361885672855.544,-346268970844.218,-330573479456.197,-314802681255.952,-298960186519.312,-283049736489.856,-267075206697.688,-251040610339.39,-234950101717.54,-218807979737.867,-202618691461.617,-186386835710.248,-170117166719.02,-153814597835.504,-137484205258.303,-121131231810.643,-104761090742.674,-88379369555.448,-71991833838.6384,-55604431113.0057,-39223294667.5162,-22854747379.7911,-6505305507.23692,9818317565.22527,26109207636.4919,42360246077.0066,58564106312.0572,74713250421.8064,90799925881.3185,106816162466.173,122753769351.696,138604332436.502,154359211923.867,170009540197.477,185546220031.34,200959923177.084,216241089375.528,231379925843.276,246366407289.218,261190276520.085,275841045698.842,290307998324.361,304580192005.886,318646462110.912,332495426370.49,346115490531.451,359494855150.738,372621523632.703,385483311616.073,398067857823.012,410362636488.43,422354971493.177,434032052330.052,445380952036.397,456388647231.395,467042040399.83,477327984566.811,487233310509.596,496744856652.895,505849501792.58,514534200789.281,522786023367.393,530592196146.27,537940148018.153,544817558971.188,551212412435.12,557113051201.014,562508236934.055,567387213259.036,571739772350.73,575556324904.754,578827973297.773,581546587667.598,583704884552.736,585296507625.801,586316109934.629,586759436927.539,586623409383.578,585906205193.681,584607338743.18,582727736429.327,580269806608.678,577237502008.261,573636372351.488,569473604645.693,564758048254.179,559500221533.83,553712296462.19,547408057308.501,540602829024.84,533313370649.563,525557728628.315,517355044569.519,508725311560.892,499689072777.932,490267055707.916,480479734884.681,470346815570.569,459886630328.514,449115439913.384,438046629432.589,426689790419.728,415049679621.355,403125046470.028,390907324402.664,378379188088.802,365512992076.035,352269130834.784,338594402641.037,324420530578.936,309663108225.124,294221416204.516,277979826396.226,260811907051.661,242588901404.667,223195004763.712,202552810400.213,180663343894.39,157665921875.936,133922559383.098,110126142491.307,87408389451.591,67341996050.464,51501780690.8,39970688360.3726,29465996489.1795,0
"6100",-183221951757.737,-168507954603.565,-153758231995.842,-138976337790.699,-124165930049.705,-109330773025.681,-94474739155.1124,-79601811054.0634,-64716083514.1123,-49821765494.4654,-34923182106.0403,-20024776582.8367,-5131112235.49542,9753125618.58006,24623127754.6731,39473959176.4948,54300557295.5385,69097730162.0127,83860154756.0506,98582375348.5912,113258801942.158,127883708802.596,142451233093.721,156955373627.799,171389989745.779,185748800342.277,200025383051.447,214213173611.042,228305465423.275,242295409332.349,256176013639.962,269940144381.502,283580525887.188,297089741653.951,310460235555.519,323684313419.806,336754145004.486,349661766403.381,362399082918.129,374957872431.423,387329789320.001,399506368947.424,411479032778.515,423239094159.218,434777764807.358,446086162061.527,457155316936.919,467976183038.407,478539646382.463,488836536180.611,498857636637.939,508593699820.715,518035459647.296,527173647056.246,535999006404.766,544502313149.13,552674392856.783,560506141596.839,567988547751.991,575112715290.064,581869888527.527,588251478410.081,594249090326.848,599854553464.464,605059951695.46,609857655981.443,614240358255.696,618201106731.567,621733342562.458,624830937755.951,627488234218.679,629700083779.662,631461889007.999,632769644605.803,633619979119.254,634010196669.356,633938318359.768,633403122971.795,632404186506.65,630941920082.56,629017605639.545,626633428848.058,623792508559.495,620498922077.055,616757725464.753,612574968050.212,607957700212.666,602913973479.608,597452831881.375,591584293428.003,585319320470.427,578669777578.42,571648375396.402,564268598705.255,556544616596.197,548491172214.761,540123448910.572,531456908769.379,522507098329.007,513289414693.456,503818823143.513,494109514565.241,484174487435.374,474025034573.15,463670109275.499,453115538749.81,442363045036.988,431409025218.777,420243034392.542,408845908128.516,397187458441.817,385223682937.352,372893447487.446,360114649137.52,346779954016.564,332752358978.85,317861081014.343,301898686594.674,284621008039.394,265752362745.775,245000054319.695,222084350918.529,196793552549.857,169079115356.519,139213724430.558,108041919767.974,77325075037.2578,49950290432.3598,28838153418.0169,12293023925.4391,0
"6095",10547347563.3229,24014050411.457,37469791344.9351,50910914921.3078,64333683857.2118,77734278203.6306,91108794561.0688,104453245339.099,117763558064.988,131035574746.504,144265051294.275,157447657009.466,170578974142.91,183654497532.195,196669634323.633,209619703786.471,222499937227.111,235305478011.588,248031381705.04,260672616337.352,273224062804.705,285680515417.254,298036682603.696,310287187784.038,322426570422.419,334449287272.399,346349713827.697,358122145991.913,369760801981.352,381259824475.586,392613283030.966,403815176772.804,414859437382.459,425739932396.002,436450468831.614,446984797163.216,457336615658.179,467499575097.217,477467283894.747,487233313638.093,496791205063.884,506134474489.855,515256620720.002,524151132440.548,532811496123.628,541231204454.735,549403765298.947,557322711219.677,564981609562.139,572374073111.863,579493771336.44,586334442216.155,592889904666.279,599154071550.505,605120963281.292,610784721998.721,616139626314.854,621180106605.434,625900760825.213,630296370817.044,634361919078.301,638092605941.13,641483867115.516,644531391536.221,647231139446.481,649579360642.781,651572612796.516,653207779759.71,654482089753.645,655393133331.281,655938880997.12,656117700361.929,655928372704.859,655370108812.382,654442563962.588,653145851925.235,651480557853.002,649447749948.252,647048989802.782,644286341325.923,641162378199.381,637680189825.478,633843385768.856,629656098729.615,625122986127.131,620249230416.285,615040538298.323,609503139022.256,603643781992.631,597469733896.181,590988775520.226,584209198342.367,577139800801.108,569789883880.834,562169245223.906,554288170369.019,546157418847.747,537788201674.757,529192145148.927,520381233730.214,511367721935.961,502164001552.119,492782405796.346,483234926194.96,473532810620.058,463686001946.671,453702365919.792,443586643913.404,433339051296.625,422953425330.528,412414808604.746,401696336501.231,390755282942.429,379528112942.302,367924402184.036,355819527961.127,343046136741.429,329384590314.353,314552946170.768,298197634133.465,279887003772.293,259111605716.876,235298007322.819,207848658800.961,176233592663.007,140195795981.751,100232374143.413,58718590446.3435,21817848224.6443,-936775847.31115,0
"6090",155765935353.786,167588120703.581,179364966059.432,191093095307.928,202769077951.257,214389429272.609,225950610564.114,237449029421.237,248881040107.705,260242943995.205,271530990082.277,282741375596.975,293870246688.047,304913699209.536,315867779603.881,326728485888.734,337491768752.872,348153532766.711,358709637713.079,369155900043.99,379488094469.289,389701955683.137,399793180234.308,409757428546.401,419590327093.998,429287470740.846,438844425246.059,448256729944.245,457519900605.35,466629432479.81,475580803534.364,484369477883.598,492990909421.92,501440545660.212,509713831770.928,517806214844.765,525713148361.371,533430096875.733,540952540921.006,548275982127.51,555395948556.484,562308000245.919,569007734964.379,575490794167.165,581752869147.485,587789707373.455,593597118999.715,599170983540.338,604507256687.369,609601977256.879,614451274241.842,619051373948.41,623398607189.338,627489416505.415,631320363382.776,634888135431.014,638189553484.084,641221578583.107,643981318797.58,646466035839.029,648673151419.121,650600253302.674,652245101005.048,653605631083.265,654679961970.995,655466398309.58,655963434730.696,656169759051.411,656084254849.558,655706003396.838,655034284939.315,654068579330.212,652808566038.82,651254123582.029,649405328452.167,647262453646.745,644825966942.875,642096529101.747,639074992237.051,635762398635.543,632159980378.148,628269160175.585,624091553902.93,619628975391.414,614883444111.545,609857196456.425,604552701404.64,598972681403.091,593120139355.448,586998392622.76,580611114928.363,573962386995.434,567056756614.374,559899308616.145,552495744887.887,544852474072.763,536976709901.399,528876576150.372,520561214941.311,512040893390.457,503327101375.454,494432630253.226,485371618546.129,476159545662.317,466813148305.287,457350225935.993,447789290935.74,438149005286.351,428447327766.012,418700272794.204,408920152913.688,399113140152.148,389275935977.562,379391284667.909,369422001561.431,359303119789.572,348931696305.414,338153779522.375,326748061209.333,314405871644.035,300707518207.563,285095648911.238,266847579760.632,245050972134.074,218593300530.365,186196595937.788,146620414812.819,99570692807.5604,49348741915.4274,12970936716.8795,0
"6085",254848113201.91,264880439724.793,274846129829.566,284742346198.749,294566223585.377,304314869594.305,313985365522.87,323574767263.059,333080106267.276,342498390579.833,351826605936.232,361061716932.279,370200668265.016,379240386047.39,388177779198.486,397009740911.05,405733150197.915,414344873518.764,422841766488.525,431220675668.475,439478440440.895,447611894967.883,455617870234.595,463493196176.901,471234703893.029,478839227938.371,486303608702.181,493624694864.354,500799345929.947,507824434838.47,514696850644.312,521413501263.949,527971316284.762,534367249829.473,540598283469.273,546661429177.709,552553732316.385,558272274642.378,563814177326.08,569176603966.951,574356763593.319,579351913631.007,584159362824.134,588776474089.959,593200667288.156,597429421883.342,601460279478.184,605290846192.882,608918794865.33,612341867044.86,615557874751.154,618564701968.703,621360305846.226,623942717569.651,626310042876.823,628460462181.942,630392230278.084,632103675586.988,633593198926.758,634859271770.349,635900433970.762,636715290932.953,637302510217.677,637660817569.068,637788992365.778,637685862505.326,637350298742.987,636781208520.444,635977529335.717,634938221724.882,633662261947.994,632148634496.838,630396324570.801,628404310699.717,626171557729.085,623697010424.102,620979587994.437,618018179892.086,614811643289.884,611358802708.568,607658452325.528,603709361568.513,599510284672.179,595059974954.089,590357204648.83,585400791223.298,580189631181.572,574722742452.367,568999316533.347,563018781641.581,556780878183.994,550285747910.464,543534038138.103,536527022428.919,529266739051.473,521756148443.19,513999310689.463,506001583715.487,497769842400.345,489312718105.047,480640857065.168,471767194605.204,462707240003.775,453479363821.004,444105075234.556,434609270922.139,425020428589.38,415370706432.756,405695893374.218,396035132106.493,386430305616.534,376924935063.054,367562379174.211,358383048654.374,349420249232.74,340694140510.348,332203143880.752,323911956777.49,315735149034.886,307515165140.916,298993489400.953,289773801168.522,279276062897.118,266679867824.716,250850743819.545,230223606562.197,202557611095.987,164393307816.146,110816547727.821,43317333660.3077,0
"6080",313002517839.22,321290038448.272,329501521547.862,337634790738.823,345687662674.915,353657948032.509,361543452517.591,369341977910.022,377051323144.875,384669285430.48,392193661402.676,399622248314.562,406952845260.829,414183254435.56,421311282422.098,428334741513.36,435251451060.651,442059238848.738,448755942494.597,455339410866.876,461807505522.743,468158102158.328,474389092068.56,480498383611.669,486483903673.141,492343599123.354,498075438262.522,503677412245.978,509147536482.179,514483851995.1,519684426742.002,524747356876.784,529670767948.364,534452816022.72,539091688716.372,543585606128.268,547932821656.121,552131622682.396,556180331114.229,560077303760.684,563820932529.899,567409644427.78,570841901339.139,574116199571.367,577231069140.068,580185072775.477,582976804627.971,585604888650.654,588067976636.786,590364745889.867,592493896504.378,594454148235.773,596244236939.088,597862910556.788,599308924638.113,600581037374.266,601678004136.532,602598571507.682,603341470801.032,603905411066.389,604289071587.754,604491093884.397,604510073234.695,604344549751.146,603992999045.315,603453822533.335,602725337446.026,601805766622.933,600693228186.772,599385725214.029,597881135539.061,596177201853.082,594271522286.201,592161541690.346,589844543873.791,587317645074.27,584577788997.764,581621743794.142,578446101389.485,575047279648.491,571421527899.343,567564936418.601,563473450545.571,559142890175.354,554568975468.216,549747359711.458,544673670380.06,539343559565.613,533752765081.663,527897183709.392,521772958223.217,515376580033.336,508705009503.794,501755816251.329,494527342002.157,487018888878.25,479230936295.228,471165389967.602,462825866811.652,454218019774.505,445349906742.146,436232407599.883,426879693102.52,417309748260.518,407544951174.307,397612705234.862,387546117757.981,377384710583.862,367175136756.01,356971860418.65,346837732215.75,336844356549.811,327072095759.514,317609483912.341,308551722200.846,299997790024.184,292045520850.64,284783750606.453,278280343347.072,272564538774.012,267601668954.795,263257886775.503,259252096771.928,255091267490.648,249980892060.88,242681038372.974,231179220632.003,211618026227.936,174443730903.406,100556701244.768,0
"6075",336815380106.981,343527933976.665,350164524630.024,356723637235.192,363203763391.917,369603401936.686,375921059755.235,382155252600.607,388304505914.676,394367355650.897,400342349095.755,406228045686.181,412023017819.948,417725851655.741,423335147899.368,428849522572.215,434267607757.76,439588052321.607,444809522600.145,449930703052.551,454950296870.482,459867026539.382,464679634344.879,469386882817.357,473987555107.259,478480455283.269,482864408544.979,487138261341.185,491300881384.413,495351157551.796,499287999661.847,503110338116.208,506817123394.87,510407325392.886,513879932586.064,517233951012.644,520468403057.492,523582326024.901,526574770485.681,529444798383.886,532191480888.189,534813895972.712,537311125711.967,539682253274.485,541926359599.778,544042519743.458,546029798875.653,547887247918.341,549613898807.916,551208759370.154,552670807795.889,553998986707.072,555192196804.566,556249290091.033,557169062664.6,557950247081.778,558591504291.273,559091415143.98,559448471488.687,559661066867.71,559727486832.123,559645898902.276,559414342206.099,559030716835.332,558492772968.274,557798099817.134,556944114468.564,555928050697.602,554746947848.213,553397639887.952,551876744760.165,550180654174.845,548305523998.868,546247265428.263,544001537149.604,541563738725.105,538929005466.844,536092205100.554,533047936559.076,529790531291.012,526314057522.141,522612327967.344,518678911560.466,514507149850.797,510090178809.838,505420956903.513,500492300416.198,495296927167.541,489827509945.607,484076741195.21,478037410754.322,471702498730.432,465065285959.724,458119484902.377,450859394304.722,443280081510.65,435377596936.717,427149225941.455,418593784119.188,409711962924.666,400506733468.629,390983817280.301,381152233748.725,371024934728.884,360619537268.604,349959165326.253,339073410319.782,327999417785.299,316783102436.117,305480485156.964,294159130925.111,282899643300.995,271797134475.942,260962533233.217,250523506751.723,240624641643.13,231426334361.136,223101552053.08,215829202114.442,209782240398.639,205107796263.288,201895464526.612,200128623465.876,199612852503.187,199877655496.05,200059425154.352,198804381085.308,194208012482.858,182429572970.764,134741528564.467,0
"6070",333178056286.865,338551221258.989,343855064025.721,349088645970.002,354251040774.596,359341334855.588,364358627775.814,369302032635.341,374170676435.962,378963700416.467,383680260355.2,388319526836.236,392880685475.258,397362937100.961,401765497887.593,406087599433.963,410328488783.975,414487428383.507,418563695968.13,422556584375.912,426465401279.23,430289468829.244,434028123206.351,437680714069.667,441246603898.248,444725167216.476,448115789695.717,451417867124.072,454630804235.721,457754013391.109,460786913098.912,463728926370.49,466579478897.253,469337997041.198,472003905628.609,474576625536.814,477055571063.688,479440147069.575,481729745881.175,483923743946.996,486021498234.018,488022342355.318,489925582418.632,491730492586.07,493436310335.591,495042231415.274,496547404482,497950925416.824,499251831310.115,500449094110.492,501541613932.617,502528212020.213,503407623361.987,504178488959.816,504839347750.254,505388628182.449,505824639457.766,506145562438.84,506349440238.527,506434168502.186,506397485400.032,506236961349.933,505949988495.012,505533769964.809,504985308953.618,504301397654.973,503478606097.192,502513270931.518,501401484231.765,500139082372.699,498721635063.767,497144434625.447,495402485607.72,493490494864.224,491402862211.951,489133671825.392,486676684536.312,484025331236.661,481172707613.249,478111570479.819,474834336016.269,471333080277.433,467599542396.916,463625130986.966,459400934325.869,454917735032.797,450166030059.918,445136056987.026,439817827789.808,434201171474.703,428275787237.822,422031310120.064,415457391504.323,408543797243.616,401280526732.684,393657956853.349,385667015450.396,377299389846.347,368547776897.734,359406182250.545,349870277785.532,339937827769.056,329609195947.984,318887947738.567,307781563721.423,296302282780.65,284468095243.485,272303907975.708,259842904023.014,247128118136.288,234214244840.104,221169685068.619,208078816682.357,195044436742.497,182190258592.141,169663237589.327,157635318871.977,146303906583.692,135889880852.037,126631235851.819,118769230484.298,112522132034.385,108039010213.192,105322854614.709,104111073164.877,103714307710.295,102890781401.729,100175458420.445,96704418394.0028,110573172171.124,0
"6065",308573144843.755,312861914809.679,317091778122.11,321262242529.299,325372828082.742,329423067147.591,333412504374.519,337340696630.029,341207212882.056,345011634037.524,348753552728.421,352432573042.739,356048310196.495,359600390142.876,363088449114.376,366512133093.641,369871097208.53,373165005046.779,376393527885.432,379556343830.059,382653136858.611,385683595764.56,388647412993.855,391544283370.016,394373902701.555,397135966265.747,399830167162.646,402456194533.074,405013731634.214,407502453766.305,409922026043.826,412272101004.484,414552316049.237,416762290706.507,418901623713.748,420969889909.451,422966636928.729,424891381695.619,426743606705.297,428522756089.501,430228231458.535,431859387513.391,433415527421.686,434895897951.313,436299684355.948,437626005006.811,438873905765.404,440042354092.274,441130232887.235,442136334056.885,443059351805.718,443897875647.593,444650383134.871,445315232303.047,445890653829.34,446374742904.292,446765450816.121,447060576248.286,447257756291.448,447354457171.875,447347964699.183,447235374437.274,447013581603.435,446679270701.69,446228904897.954,445658715146.039,444964689075.479,444142559654.335,443187793642.822,442095579856.848,440860817264.554,439478102943.821,437941719934.812,436245625029.08,434383436546.063,432348422159.272,430133486848.646,427731161073.009,425133589278.095,422332518881.961,419319289911.915,416084825506.505,412619623544.156,408913749718.368,404956832450.132,400738060113.782,396246181155.868,391469507811.205,386395924270.365,381012900333.411,375307511801.832,369266469121.652,362876156104.55,356122680931.291,348991942096.133,341469712498.137,333541745545.308,325193907934.162,316412344729.836,307183683535.531,297495285946.835,287335556185.691,276694318856.699,265563280226.51,253936590357.416,241811526881.744,229189325210.377,216076184492,202484483527.162,188434245723.302,173954896299.73,159087356899.89,143886520007.953,128424133702.686,112792098859.003,97106123498.393,81509572133.2398,66177158202.6322,51317800245.0466,37175405587.0538,24025397927.0341,12163160846.8713,1877591840.89013,-6602738086.06062,-13214666589.1493,-18262584067.1453,-22798820040.2606,-29275170467.5694,-42079622278.5424,-60074145670.0194,0
"6060",268676172029.08,272123361708.372,275523546662.671,278876543324.857,282182176902.934,285440281036.006,288650697404.299,291813275290.656,294927871090.826,297994347769.821,301012574261.456,303982424808.155,306903778237.981,309776517175.747,312600527185.016,315375695837.65,318101911707.525,320779063284.907,323407037807.924,325985720007.455,328514990761.695,330994725656.574,333424793448.111,335805054422.726,338135358651.459,340415544133.974,342645434828.16,344824838561.075,346953544816.942,349031322397.831,351057916952.614,353033048369.749,354956408029.384,356827655910.251,358646417546.76,360412280831.688,362124792659.794,363783455407.671,365387723245.093,366936998273.079,368430626483.812,369867893537.531,371248020351.403,372570158495.315,373833385389.385,375036699297.917,376179014114.303,377259153931.237,378275847390.358,379227721805.186,380113297050.905,380930979214.184,381679053995.823,382355679858.514,382958880911.496,383486539523.237,383936388652.612,384306003888.287,384592795185.157,384793998285.808,384906665813.964,384927658025.862,384853633204.38,384681037679.649,384406095458.734,384024797445.882,383532890233.782,382925864445.407,382198942605.268,381347066518.464,380364884135.892,379246735884.376,377986640441.619,376578279937.828,375014984568.883,373289716610.297,371395053827.249,369323172284.049,367065828566.997,364614341448.271,361959573035.86,359091909476.534,356001241306.257,352676943576.59,349107855927.9,345282262832.23,341187874292.891,336811807366.564,332140568970.522,327160040556.47,321855465378.674,316211439264.061,310211906014.012,303840158842.128,297078849592.576,289910007906.717,282315073033.053,274274941634.799,265770035775.738,256780396303.437,247285808156.755,237265965774.975,226700688871.539,215570201473.778,203855490468.748,191538764118.744,178604036345.498,165037869305.707,150830315219.536,135976108942.505,120476175793.387,104339535059.249,87585698695.9034,70247687103.8398,52375809119.6413,34042380405.5191,15347580986.402,-3573325101.92216,-22541173522.5413,-41322262750.7068,-59615734614.7144,-77039023166.776,-93112151525.8049,-107244177030.989,-118733446082.997,-126818802016.324,-130889584135.105,-131171961451.997,-131270367488.241,-151196833256.889,0
"6055",218200296429.354,221018594704.474,223801658362.296,226549492652.026,229262106804.455,231939513467.122,234581728095.585,237188768298.948,239760653137.718,242297402372.056,244799035658.416,247265571692.518,249697027296.587,252093416448.702,254454749252.099,256781030842.194,259072260229.062,261328429073.077,263549520391.342,265735507192.535,267886351037.718,270002000524.628,272082389692.92,274127436347.784,276137040299.307,278111081514.895,280049418182.021,281951884678.493,283818289447.383,285648412773.676,287442004459.615,289198781395.636,290918425023.687,292600578689.6,294244844881.064,295850782347.612,297417903098.848,298945669276.971,300433489899.441,301880717467.37,303286644434.978,304650499535.116,305971443955.539,307248567360.176,308480883749.235,309667327151.478,310806747141.397,311897904173.464,312939464724.86,313929996237.368,314867961848.185,315751714898.533,316579493207.807,317349413099.922,318059463167.167,318707497755.568,319291230154.175,319808225469.1,320255893161.33,320631479225.45,320932057984.333,321154523472.709,321295580380.162,321351734521.676,321319282801.265,321194302631.51,320972640769.063,320649901523.267,320221434292.137,319682320376.983,319027359024.025,318251052638.487,317347591113.915,316310835216.978,315134298965.752,313811130937.76,312334094442.779,310695546495.037,308887415519.92,306901177732.152,304727832125.868,302357874022.56,299781267131.074,296987414085.521,293965125442.92,290702587144.013,287187326469.371,283406176560.816,279345239627.835,274989849023.53,270324530459.047,265332962735.258,259997938513.034,254301325828.719,248224031302.061,241745966296.771,234846017701.094,227502025526.472,219690770215.038,211387973452.485,202568317469.973,193205489378.456,183272259133.926,172740602448.645,161581883567.236,149767117626.149,137267338734.883,124054108544.184,110100211716.306,95380600527.0357,79873672415.6869,63562993936.089,46439625507.1097,28505258329.6122,9776454765.35176,-9709603169.8275,-29887289379.5196,-50651825601.758,-71844518333.6653,-93232195265.5067,-114478143095.674,-135100188642.795,-154408575314.363,-171410907102.047,-184662197934.968,-192022933097.351,-190253531734.233,-174180587494.344,-133669157573.589,-34312550722.5534,0
"6050",160904906739.112,163269733150.593,165610005101.962,167925827717.694,170217305765.717,172484543017.869,174727641574.618,176946701152.899,179141818335.9,181313085783.586,183460591402.766,185584417475.45,187684639744.247,189761326453.511,191814537344.937,193844322606.256,195850721771.676,197833762572.67,199793459737.667,201729813739.188,203642809486.903,205532414965.057,207398579812.628,209241233844.573,211060285512.382,212855620302.154,214627099068.258,216374556300.605,218097798323.388,219796601423.089,221470709903.343,223119834064.156,224743648102.754,226341787933.165,227913848921.402,229459383532.876,230977898888.391,232468854224.747,233931658255.651,235365666428.244,236770178070.119,238144433421.246,239487610544.676,240798822109.345,242077112037.625,243321452009.606,244530737815.29,245703785545.041,246839327607.727,247936008564.931,248992380768.558,250006899787.916,250977919611.056,251903687603.736,252782339207.827,253611892359.308,254390241604.184,255115151888.75,255784251998.468,256395027617.53,256944813978.711,257430788070.526,257849960365.951,258199166033.924,258475055591.732,258674084952.932,258792504821.862,258826349381.961,258771424220.976,258623293431.867,258377265823.566,258028380170.948,257571389428.262,257000743824.929,256310572757.07,255494665382.327,254546449819.689,253458970849.988,252224866006.792,250836339941.631,249285136942.045,247562511476.192,245659196634.039,243565370332.994,241270619155.986,238763899693.364,236033497267.88,233066981936.093,229851161682.116,226372032753.626,222614727139.507,218563457258.686,214201458027.495,209510926607.796,204472960322.27,199067493473.39,193273234140.882,187067602488.654,180426672726.853,173325121702.683,165736188209.997,157631648615.749,148981816443.6,139755576329.835,129920466551.299,119442829509.267,108288056687.746,96420964472.1063,83806350929.9332,70409802818.5307,56198848988.3965,41144594308.2692,25224022029.2156,8423229079.34894,-9258031704.54313,-27799970890.599,-47153783394.2389,-67228975455.7435,-87875397080.7714,-108857589396.392,-129817744762.024,-150221226069.772,-169274038278.988,-185792374937.673,-197985602437.67,-203079559809.681,-196657612570.086,-171554992315.036,-116361921837.197,-25259533063.5938,0
"6045",99697773550.4343,101747501921.731,103781848903.054,105800963940.658,107804993241.213,109794079179.744,111768359682.535,113727967584.409,115673029959.754,117603667426.685,119519993423.699,121422113458.161,123310124325.958,125184113301.603,127044157298.086,128890321995.702,130722660939.077,132541214601.568,134346009416.159,136137056771.944,137914351975.213,139677873174.115,141427580245.767,143163413644.638,144885293210.91,146593116937.432,148286759693.772,149966071905.725,151630878188.518,153280975931.761,154916133834.05,156536090384.894,158140552291.456,159729192847.331,161301650240.317,162857525795.862,164396382152.532,165917741365.478,167421082933.519,168905841745.01,170371405937.197,171817114663.271,173242255760.748,174646063314.227,176027715104.889,177386329938.405,178720964842.148,180030612121.721,181314196265.961,182570570688.529,183798514293.167,184996727848.522,186163830157.206,187298354002.387,188398741853.774,189463341313.266,190490400278.853,191478061803.512,192424358623.894,193327207331.443,194184402156.306,194993608331.926,195752355005.535,196458027656.881,197107859984.425,197698925214.897,198228126788.484,198692188368.011,199087643116.314,199410822181.427,199657842324.383,199824592619.163,199906720148.739,199899614615.155,199798391775.211,199597875606.556,199292579101.897,198876683581.622,198344016407.528,197688026972.621,196901760834.353,195977831851.396,194908392177.487,193685099960.528,192299084591.649,190740909348.185,189000531277.79,187067258179.669,184929702555.394,182575732428.702,179992418974.858,177165980960.473,174081726080.755,170723989401.779,167076069282.167,163120161377.426,158837291642.076,154207249668.496,149208524275.793,143818244040.259,138012126513.903,131764441309.661,125047994180.272,117834141876.242,110092851207.237,101792820730.393,92901690382.455,83386373914.0079,73213562238.0493,62350464275.9868,50765877694.3487,38431718057.8846,25325185544.2276,11431819228.036,-3250212110.69763,-18704096187.8695,-34885964160.5251,-51713142201.1046,-69047777955.3924,-86674068251.7152,-104266627218.082,-121346458602.549,-137219033391.469,-150884910723.912,-160905271711.156,-165196443870.171,-160777893245.561,-143997516067.845,-114582240847.632,-94338546661.9121,0
"6040",36776890220.812,38617249325.2437,40449852954.9746,42274868047.2598,44092457207.359,45902778245.3604,47705983698.5187,49502220338.8709,51291628665.8815,53074342383.8539,54850487863.8301,56620183589.6748,58383539588.0263,60140656841.7569,61891626686.5693,63636530190.3066,65375437514.5206,67108407257.7972,68835485780.2822,70556706508.7979,72272089221.8706,73981639313.9219,75685347037.7909,77383186724.6679,79075115980.4199,80761074857.1747,82440984998.9169,84114748759.7036,85782248292.9723,87443344610.2448,89097876607.3547,90745660056.1388,92386486559.314,94020122466.0382,95646307745.4009,97264754814.8174,98875147320.0088,100477138862.928,102070351673.645,103654375221.833,105228764763.098,106793039814.936,108346682556.669,109889136147.152,111419802953.545,112938042683.823,114443170415.064,115934454508.879,117411114404.606,118872318280.098,120317180569.069,121744759323.061,123154053405.087,124543999500.941,125913468933.023,127261264260.271,128586115646.473,129886676977.763,131161521708.576,132409138413.62,133627926021.63,134816188704.693,135972130394.799,137093848896.985,138179329565.956,139226438510.368,140232915286.084,141196365036.562,142114250035.189,142983880580.748,143802405193.334,144566800053.895,145273857626.167,145920174395.142,146502137651.289,147015911244.727,147457420228.291,147822334303.202,148106049975.842,148303671329.156,148409989307.712,148419459411.614,148326177691.85,148123854938.636,147805788955.617,147364834817.302,146793373015.968,146083275418.953,145225868979.749,144211897179.093,143031479218.688,141674067054.517,140128400444.714,138382460305.883,136423420831.614,134237601040.52,131810416705.731,129126333996.368,126168826664.777,122920339282.578,119362259919.616,115474906848.172,111237535443.057,106628373576.396,101624696665.758,96202957388.1844,90338990280.8911,84008318505.7333,77186599633.7548,69850260324.7757,61977387464.1275,53548967287.4639,44550596310.5275,34974830865.1679,24824398069.7903,14116561322.2095,2889015165.90121,-8792235324.6935,-20822513529.5445,-33045216510.6071,-45235659299.9587,-57083119630.0903,-68174667548.3793,-77989130669.5271,-85917081075.497,-91331677686.9199,-93747931632.714,-93173910364.3753,-90455659734.845,-73352358293.3704,0
"6035",-26223785122.4601,-24513624371.5741,-22804963841.5679,-21097625309.944,-19391434333.1721,-17686220541.4162,-15981817938.8443,-14278065209.5403,-12574806029.0568,-10871889381.6651,-9169169883.37323,-7466508110.80899,-5763770936.08521,-4060831867.79681,-2357571398.32724,-653877357.680847,1050354725.90585,2755221258.2749,4460810204.23206,6167200704.60425,7874462685.00784,9582656455.80185,11291832302.6256,13002030066.8458,14713278715.1475,16425595897.4151,18138987491.9457,19853447136.927,21568955746.9943,23285481013.555,25002976887.4223,26721383042.1642,28440624316.3966,30160610133.0929,31881233893.7837,33602372345.3286,35323884916.7267,37045613023.2021,38767379334.5562,40488987004.5178,42210218857.5386,43930836529.1811,45650579555.9276,47369164409.8899,49086283473.5351,50801603949.1468,52514766697.319,54225384998.3295,55933043229.7524,57637295453.1542,59337663902.1564,61033637363.5531,62724669442.5287,64410176702.3287,66089536667.9986,67762085683.0022,69427116606.6745,71083876339.5403,72731563162.5271,74369323875.0381,75996250715.687,77611378048.2639,79213678794.1668,80802060591.0961,82375361656.2948,83932346330.9693,85471700280.7924,86992025325.5497,88491833869.0435,89969542898.3304,91423467519.255,92851813993.0578,94252672236.6185,95624007746.684,96963652906.263,98269297629.3208,99538479298.0687,100768571945.608,101956774635.624,103100098990.387,104195355818.781,105239140797.663,106227819163.021,107157509372.525,108024065708.779,108823059803.619,109549761078.99,110199116120.585,110765727027.75,111243828819.17,111627266020.636,111909468621.714,112083427665.896,112141670838.361,112076238542.516,111878661118.183,111539938059.839,111050520354.2,110400297387.365,109578590291.237,108574154130.668,107375192006.491,105969385003.275,104343942991.837,102485682665.522,100381140920.901,98016733880.6364,95378974611.1051,92454766041.2521,89231789884.7233,85699017634.3525,81847375989.9427,77670606221.5859,73166364202.8625,68337613019.2387,63194357787.9548,57755749885.7149,52052515880.3291,46129478975.1698,40047491157.8088,33883066475.6122,27721751995.8111,21636604449.4696,15634498181.4285,9541410621.2627,2803829750.77758,-5677725710.4293,-16822386366.0992,-26499101063.8716,-16510270602.0983,0
"6030",-88104652760.1141,-86465962095.654,-84823623151.1135,-83177440605.7666,-81527221132.4736,-79872773517.9624,-78213908781.8996,-76550440294.6501,-74882183893.6384,-73208957998.24,-71530583723.1458,-69846884990.1545,-68157688638.3829,-66462824532.8871,-64762125671.7257,-63055428291.5188,-61342571971.584,-59623399736.7639,-57897758159.0982,-56165497458.5244,-54426471602.8389,-52680538407.1893,-50927559633.4211,-49167401089.6483,-47399932730.476,-45625028758.3594,-43842567726.6474,-42052432644.9247,-40254511087.338,-38448695304.6649,-36634882340.9704,-34812974155.7694,-32982877752.7165,-31144505315.9288,-29297774355.1541,-27442607861.1002,-25578934472.3541,-23706688655.441,-21825810899.6922,-19936247928.7327,-18037952930.5309,-16130885808.1078,-14215013453.1558,-12290310044.9875,-10356757377.4094,-8414345216.30145,-6463071690.88794,-4502943721.88928,-2533977489.97858,-556198948.196686,1430355617.75494,3425638977.15897,5429592285.3837,7442144353.65677,9463210852.386,11492693442.5613,13530478829.3853,15576437731.8922,17630423761.8817,19692272205.0554,21761798696.7686,23838797784.32,25923041367.1847,28014277006.0675,30112226091.1085,32216581859.0241,34327007248.4157,36443132581.945,38564553063.5723,40690826078.5857,42821468283.7684,44955952474.7536,47093704217.4611,49234098230.533,51376454505.9334,53520034155.4254,55664034971.5589,57807586693.184,59949745967.4545,62089491002.9585,64225715912.1119,66357224745.5154,68482725226.7554,70600822203.421,72710010839.137,74808669582.5329,76895052962.6029,78967284276.2587,81023348253.438,83061083808.332,85078177012.5302,87072154457.4854,89040377209.8732,90980035604.0914,92888145160.8194,94761543968.0278,96596891908.7929,98390672164.7176,100139195458.101,101838607509.838,103484900167.253,105073926572.282,106601420559.037,108063020136.926,109454294351.886,110770771909.318,112007968522.667,113161407785.265,114226627115.68,115199155527.332,116074442962.242,116847710783.996,117513678448.339,118066100494.836,118497018022.031,118795585160.719,118946265537.869,118926089912.305,118700488423.856,118216878228.208,117394513851.784,116107679027.412,114156269522.022,111211860460.448,106718492702.226,99729592438.9127,88762204645.0935,72275812243.0941,51406227735.8422,27583404873.699,0
"6025",-147995024187.78,-146384281433.905,-144765585091.026,-143138712213.402,-141503439332.998,-139859542421.555,-138206796846.632,-136544977321.445,-134873857848.303,-133193211655.497,-131502811127.45,-129802427727.996,-128091831916.617,-126370793057.528,-124639079321.465,-122896457580.073,-121142693292.785,-119377550386.118,-117600791125.304,-115812175978.19,-114011463471.387,-112198410038.622,-110372769861.284,-108534294701.192,-106682733725.581,-104817833324.375,-102939336919.796,-101046984768.394,-99140513755.5963,-97219657182.9066,-95284144547.8756,-93333701317.0181,-91368048691.8463,-89386903368.2224,-87389977289.2425,-85376977391.894,-83347605347.7361,-81301557297.8823,-79238523582.5711,-77158188465.6408,-75060229854.229,-72944319014.0486,-70810120280.5916,-68657290766.6497,-66485480066.5327,-64294329957.4045,-62083474098.1519,-59852537726.2322,-57601137352.9459,-55328880457.6067,-53035365181.0854,-50720180019.2194,-48382903516.5891,-46023103961.1732,-43640339080.3957,-41234155739.0836,-38804089639.8525,-36349665026.422,-33870394390.3539,-31365778181.6714,-28835304523.78,-26278448933.0502,-23694674043.3439,-21083429335.6548,-18444150872.9035,-15776261039.7346,-13079168286.9514,-10352266879.9304,-7594936650.00421,-4806542747.38165,-1986435393.63657,866050368.824799,3751594933.66016,6670894398.08221,9624660846.21172,12613622654.7536,15638524828.8343,18700129377.3794,21799215739.1217,24936581272.1986,28113041822.2654,31329432386.0655,34586607889.342,37885444099.6757,41226838696.0503,44611712517.2961,48041011010.533,51515705897.5879,55036797071.0098,58605314720.3527,62222321671.7072,65888915896.2868,69606233103.2069,73375449272.0345,77197782894.6971,81074496573.546,85006897448.4486,88996335681.0064,93044199881.1572,97151907883.0598,101320890611.77,105552565858.963,109848297507.721,114209333980.245,118636717247.062,123131150385.864,127692807081.358,132321060172.455,137014097799.132,141768384131.778,146577906153.073,151433127417.908,156319542994.444,161215695965.379,166090474874.868,170899465432.015,175580085369.214,180045204442.459,184174974106.54,187806719742.434,190723062241.394,192638983411.829,193189074126.185,191915092498.908,188244604948.643,181410681340.074,170120028956.092,151408579431.948,118340059576.531,66573415746.2549,0
"6020",-205272505241.038,-203657375112.718,-202030614748.031,-200391963562.635,-198741157674.915,-197077929738.081,-195402008763.046,-193713119931.819,-192010984401.149,-190295319096.149,-188565836493.647,-186822244394.985,-185064245688.001,-183291538097.901,-181503813926.77,-179700759781.411,-177882056289.239,-176047377801.923,-174196392086.493,-172328760003.574,-170444135172.457,-168542163622.662,-166622483431.648,-164684724348.337,-162728507402.064,-160753444496.576,-158759137988.677,-156745180251.1,-154711153219.146,-152656627920.632,-150581163988.644,-148484309156.555,-146365598734.758,-144224555068.502,-142060686976.196,-139873489167.481,-137662441640.361,-135427009056.574,-133166640094.401,-130880766777.972,-128568803782.128,-126230147711.8,-123864176354.78,-121470247906.715,-119047700167.023,-116595849704.389,-114113990990.358,-111601395499.469,-109057310774.247,-106480959453.254,-103871538260.298,-101228216952.723,-98550137226.6087,-95836411576.5306,-93086122107.3824,-90298319295.593,-87472020696.8936,-84606209597.6003,-81699833606.1783,-78751803181.6405,-75760990095.1174,-72726225820.6936,-69646299851.3687,-66519957935.749,-63345900230.818,-60122779365.872,-56849198412.4586,-53523708754.9077,-50144807855.8224,-46710936910.7277,-43220478385.9371,-39671753433.6785,-36063019178.6083,-32392465870.1081,-28658213895.2723,-24858310648.329,-20990727253.5093,-17053355140.2415,-13044002472.1798,-8960390435.22754,-4800149394.71887,-560814938.661377,3760176166.99643,8165490073.08185,12657899937.953,17240289939.3265,21915659104.5524,26687124820.45,31557925836.2808,36531424511.2713,41611107976.7615,46800587776.7129,52103597411.2182,57523987025.6302,63065714249.5797,68732829877.7225,74529456674.1076,80459759043.5121,86527900604.7067,92737985767.6949,99093980186.8359,105599603337.93,112258184321.881,119072469161.057,126044364103.689,133174594493.661,140462252217.695,147904196122.207,155494258488.969,163222195939.22,171072304177.903,179021592000.696,187037380501.043,195074158964.136,203069492466.422,210938745973.921,218568385080.373,225807675906.891,232458819931.413,238266083483.013,242905595442.823,245979591081.103,247022206949.317,245526930397.947,240998371143.496,232969787027.666,220661999735.219,201133452827.9,163916253146.414,93628123675.8027,0
"6015",-259503807107.661,-257860314281.219,-256201995994.654,-254528547634.574,-252839658636.572,-251135012220.326,-249414285113.542,-247677147264.421,-245923261542.302,-244152283426.16,-242363860680.578,-240557633018.844,-238733231752.78,-236890279428.908,-235028389450.547,-233147165685.4,-231246202058.192,-229325082127.881,-227383378648.958,-225420653116.313,-223436455293.124,-221430322721.213,-219401780213.244,-217350339326.149,-215275497815.106,-213176739067.356,-211053531515.116,-208905328026.803,-206731565275.702,-204531663085.225,-202305023749.787,-200051031330.308,-197769050923.288,-195458427902.308,-193118487130.775,-190748532144.642,-188347844303.749,-185915681910.36,-183451279293.391,-180953845856.716,-178422565089.859,-175856593539.278,-173255059738.338,-170617063093.977,-167941672727.936,-165227926270.333,-162474828603.226,-159681350551.698,-156846427519.869,-153968958069.105,-151047802435.6,-148081780984.328,-145069672596.295,-142010212985.85,-138902092944.734,-135743956509.416,-132534399048.186,-129271965264.383,-125955147112.095,-122582381620.622,-119152048624.026,-115662468392.123,-112111899159.427,-108498534548.705,-104820500886.158,-101075854405.594,-97262578339.5832,-93378579896.3192,-89421687121.9138,-85389645649.1621,-81280115335.4631,-77090666794.7201,-72818777830.7299,-68461829782.9645,-64017103799.9224,-59481777060.5751,-54852918971.1266,-50127487372.6595,-45302324805.6595,-40374154890.3893,-35339578898.2459,-30195072609.3497,-24936983576.6568,-19561528948.0669,-14064794036.8378,-8442731879.03171,-2691164077.11627,3194216695.72833,9217842061.73872,15384260588.2121,21698126985.7249,28164186934.1134,34787256381.6259,41572193868.1032,48523864051.2371,55647090144.7717,62946592381.7647,70426908859.7415,78092294162.6381,85946589928.6035,93993059967.7686,102234180532.697,110671373780.742,119304669179.699,128132273387.218,137150023713.177,146350693313.232,155723107336.364,165251017840.355,174911670788.066,184673980185.638,194496201829.061,204322971943.743,214081544958.524,223677032765.095,232986423091.556,241851155561.752,250068100441.377,257378999031.418,263458948906.368,267905659719.426,270233503970.227,269880622185.616,266244019612.938,258764075879.232,247068497233.722,231077531976.51,210424937711.642,179863853139.123,107444182868.931,0
"6010",-310402118665.765,-308712799298.205,-307005858903.774,-305280947429.985,-303537706612.748,-301775769647.815,-299994760850.214,-298194295301.283,-296373978482.932,-294533405898.744,-292672162681.5,-290789823186.695,-288885950571.603,-286960096359.414,-285011799987.955,-283040588342.48,-281045975271.981,-279027461088.463,-276984532048.571,-274916659816.952,-272823300910.688,-270703896124.102,-268557869933.203,-266384629879.011,-264183565928.929,-261954049815.327,-259695434350.422,-257407052716.514,-255088217730.576,-252738221082.138,-250356332543.378,-247941799150.236,-245493844353.34,-243011667137.458,-240494441108.129,-237941313544.067,-235351404413.844,-232723805355.337,-230057578616.294,-227351755954.369,-224605337494.856,-221817290544.321,-218986548358.252,-216112008860.781,-213192533314.49,-210226944938.244,-207214027470.969,-204152523679.234,-201041133806.499,-197878513961.865,-194663274446.193,-191393978013.449,-188069138065.27,-184687216776.749,-181246623151.657,-177745711005.443,-174182776874.644,-170556057851.62,-166863729343.952,-163103902758.346,-159274623109.507,-155373866555.234,-151399537859.955,-147349467790.069,-143221410445.914,-139013040536.902,-134721950608.481,-130345648232.101,-125881553172.48,-121326994550.122,-116679208021.563,-111935333005.164,-107092409986.782,-102147377947.456,-97097071964.6178,-91938221049.6791,-86667446298.4552,-81281259447.2847,-75776061947.484,-70148144694.6068,-64393688577.7423,-58508766048.812,-52489343953.7983,-46331287918.6116,-40030368643.7935,-33582270536.7939,-26982603201.0468,-20226916411.0316,-13310719336.33,-6229504940.76233,1021219318.30836,8445893122.20543,16048855588.7155,23834286204.5117,31806131913.2788,39968017329.6151,48323134370.1084,56874106755.6561,65622823804.2571,74570236652.427,83716108454.6579,93058708136.6037,102594434821.062,112317356982.402,122218646557.508,132285883449.151,142502199845.799,152845226224.322,163285791384.162,173786316857.591,184298830892.681,194762508110.623,205100616966.792,215216727339.96,224989994261.597,234269291379.742,242865922652.689,250544604098.568,257012409233.318,261905488726.894,264773800028.193,265065310598.497,262114469667.594,255148705572.948,243350973904.263,226080937908.662,203507050984.781,178032276833.988,155016856257.18,121344664950.268,0
"6005",-357796251051.607,-356049006006.016,-354281714990.143,-352493986187.959,-350685417875.187,-348855598058.708,-347004104104.053,-345130502350.568,-343234347713.911,-341315183275.458,-339372539858.229,-337405935588.87,-335414875445.281,-333398850789.38,-331357338884.531,-329289802397.12,-327195688881.737,-325074430249.391,-322925442218.19,-320748123745.85,-318541856443.403,-316306003969.421,-314039911404.061,-311742904602.2,-309414289524.885,-307053351548.318,-304659354749.532,-302231541167.906,-299769130041.631,-297271317018.182,-294737273337.856,-292166144989.383,-289557051836.58,-286909086715.016,-284221314497.606,-281492771128.047,-278722462620.973,-275909364027.713,-273052418366.521,-270150535516.132,-267202591071.539,-264207425160.877,-261163841222.348,-258070604740.17,-254926441938.589,-251730038433.094,-248480037838.081,-245175040330.345,-241813601167.98,-238394229164.465,-234915385117.976,-231375480196.311,-227772874278.166,-224105874251.992,-220372732274.198,-216571643989.131,-212700746714.025,-208758117593.059,-204741771725.724,-200649660276.005,-196479668570.375,-192229614194.404,-187897245099.848,-183480237736.582,-178976195226.599,-174382645600.728,-169697040122.701,-164916751729.893,-160039073625.59,-155061218064.106,-149980315377.685,-144793413303.11,-139497476676.436,-134089387576.703,-128565946014.07,-122923871274.992,-117159804057.384,-111270309552.578,-105251881659.139,-99100948546.9368,-92813879829.2737,-86386995647.4938,-79816578027.6845,-73098884934.4721,-66230167524.4556,-59206691193.8373,-52024761124.1103,-44680753159.5763,-37171151005.0278,-29492590915.934,-21641915272.7071,-13616236692.0242,-5413014640.05272,2969853115.21837,11533921430.5397,20280067779.1565,29208337358.1743,38317758600.9952,47606123473.091,57069725837.5,66703049866.7953,76498398905.4764,86445453294.5185,96530743387.43,106737021223.849,117042510962.939,127420014052.321,137835839990.595,148248527099.07,158607309445.753,168850275170.073,178902146664.673,188671592279.389,198047948909.288,206897189095.693,215056895164.461,222329890021.972,228475993521.873,233201087630.875,236142243717.238,236847102427.369,234745266585.892,229110384778.139,219018228554.874,203332427726.781,180836965198.557,150892106677.891,115658768087.199,86309959644.3188,94754124414.0112,0
"6000",-401607597347.193,-399794983955.311,-397960277100.008,-396103051287.132,-394222870068.569,-392319285678.513,-390391838658.784,-388440057472.908,-386463458108.606,-384461543668.378,-382433803947.81,-380379715001.251,-378298738694.48,-376190322243.971,-374053897742.353,-371888881669.645,-369694674389.836,-367470659632.357,-365216203958.001,-362930656208.797,-360613346941.369,-358263587843.277,-355880671131.828,-353463868934.841,-351012432652.835,-348525592302.116,-346002555838.206,-343442508459.096,-340844611887.755,-338208003633.398,-335531796230.95,-332815076458.224,-330056904530.314,-327256313270.744,-324412307258.947,-321523861953.708,-318589922792.24,-315609404264.647,-312581188963.623,-309504126609.311,-306377033049.404,-303198689234.677,-299967840170.357,-296683193843.898,-293343420129.987,-289947149673.896,-286492972754.581,-282979438129.35,-279405051862.331,-275768276139.476,-272067528073.448,-268301178502.386,-264467550787.357,-260564919614.178,-256591509806.366,-252545495157.158,-248424997289.946,-244228084558.064,-239952770996.725,-235597015342.027,-231158720134.403,-226635730926.73,-222025835620.564,-217326763957.758,-212536187199.021,-207651718026.052,-202670910709.606,-197591261592.578,-192410209944.895,-187125139255.92,-181733379040.4,-176232207245.919,-170618853363.615,-164890502359.916,-159044299565.554,-153077356679.573,-146986759070.93,-140769574589.111,-134422864128.686,-127943694231.576,-121329152055.898,-114576363092.72,-107682512072.922,-100644867577.138,-93460810944.044,-86127870167.8574,-78643759587.0671,-71006426295.5636,-63214104357.3703,-55265378080.3794,-47159255806.6019,-38895255910.7406,-30473506970.1456,-21894864382.8421,-13161046072.2583,-4274790334.12978,4759960640.0618,13937847480.1607,23251845885.4915,32692978981.71,42249983555.4146,51908923021.5252,61652738947.3811,71460731794.4811,81307960221.456,91164546782.6385,100994876087.605,110756669331.644,120399916327.243,129865642316.473,139084481094.596,147975016797.799,156441841306.606,164373247515.889,171638431583.166,178083993392.837,183529375203.698,187760614451.973,190521326151.221,191499046719.969,190303796622.249,186433822615.597,179221201781.881,167749072559.011,150739483823.13,126449487266.795,92767344011.1661,48330330474.3878,-1759699076.21288,-23058288048.4386,0
"5995",-441832009528.397,-439950759531.683,-438045772011.252,-436116599201.962,-434162782011.285,-432183849677.993,-430179319421.758,-428148696083.462,-426091471755.997,-424007125405.335,-421895122481.622,-419754914520.101,-417585938731.591,-415387617582.328,-413159358362.898,-410900552746.062,-408610576333.21,-406288788189.241,-403934530365.626,-401547127411.456,-399125885872.247,-396670093776.325,-394179020108.609,-391651914271.613,-389088005533.559,-386486502463.468,-383846592353.157,-381167440626.117,-378448190233.258,-375687961035.61,-372885849174.079,-370040926426.476,-367152239552.099,-364218809624.239,-361239631351.116,-358213672385.862,-355139872626.329,-352017143505.648,-348844367274.704,-345620396277.845,-342344052223.48,-339014125451.422,-335629374199.235,-332188523870.172,-328690266305.72,-325133259066.275,-321516124723.99,-317837450172.471,-314095785958.714,-310289645643.449,-306417505197,-302477802438.778,-298468936529.713,-294389267528.235,-290237116021.974,-286010762848.991,-281708448924.379,-277328375190.218,-272868702709.41,-268327552926.784,-263703008124.069,-258993112099.061,-254195871103.469,-249309255078.716,-244331199234.397,-239259606020.261,-234092347549.639,-228827268540.237,-223462189847.343,-217994912674.919,-212423223561.879,-206744900254.398,-200957718590.516,-195059460540.871,-189047923569.486,-182920931501.406,-176676347110.094,-170312086667.294,-163826136732.018,-157216573494.067,-150481585031.611,-143619496892.636,-136628801467.292,-129508191683.18,-122256599629.537,-114873240799.98,-107357664738.258,-99709812978.4289,-91930085291.3319,-84019415384.2908,-75979357351.863,-67812184343.0597,-59521001095.416,-51109872188.7402,-42583968090.6421,-33949731300.2765,-25215065142.804,-16389548019.3569,-7484676167.42998,1485861777.60812,10505874924.7611,19556321328.1121,28614916534.4989,37655695821.3349,46648526686.2791,55558568577.718,64345677527.7018,72963754273.7293,81360035566.1719,89474329432.1868,97238195673.7577,104574071695.86,111394338669.594,117600309796.904,123081093165.878,127712221906.333,131353827871.33,133847914766.538,135013878145.014,134640671644.96,132472657000.008,128183690188.818,121329402780.616,111258966029.86,96951122913.7803,76710550990.745,47635581183.6238,4923011679.23483,-57515446879.7393,-136178019967.236,0
"5990",-478524683650.487,-476575296626.695,-474600962341.249,-472601224240.849,-470575614714.474,-468523654796.167,-466444853861.348,-464338709316.573,-462204706282.667,-460042317271.189,-457851001854.158,-455630206327,-453379363364.702,-451097891671.132,-448785195621.538,-446440664898.238,-444063674119.542,-441653582461.953,-439209733275.76,-436731453694.107,-434218054235.728,-431668828401.514,-429083052265.168,-426459984058.23,-423798863749.823,-421098912621.537,-418359332837.94,-415579307013.281,-412757997775.059,-409894547325.232,-406988076999.945,-404037686828.818,-401042455094.955,-398001437897.029,-394913668714.967,-391778157980.988,-388593892657.973,-385359835827.406,-382074926289.467,-378738078178.109,-375348180594.428,-371904097261.967,-368404666208.118,-364848699476.295,-361234982874.132,-357562275763.652,-353829310900.042,-350034794326.554,-346177405333.949,-342255796493.928,-338268593777.211,-334214396768.174,-330091778989.466,-325899288351.639,-321635447744.687,-317298755790.455,-312887687777.184,-308400696800.081,-303836215134.717,-299192655873.331,-294468414857.81,-289661872947.258,-284771398662.688,-279795351256.637,-274732084261.322,-269579949575.587,-264337302158.277,-259002505404.002,-253573937286.621,-248049997366.268,-242429114767.564,-236709757249.895,-230890441505.551,-224969744838.182,-218946318392.778,-212818902129.351,-206586341755.969,-200247607863.065,-193801817530.223,-187248258709.325,-180586417724.245,-173816010267.551,-166937016319.202,-159949719461.273,-152854751116.479,-145653140296.864,-138346369512.392,-130936437557.124,-123425929962.701,-115818097983.949,-108116947058.256,-100327335756.572,-92455086316.2197,-84507107909.6319,-76491533852.0272,-68417873976.1392,-60297183391.301,-52142248781.1973,-43967793257.7828,-35790700549.4942,-27630258922.2619,-19508424662.7519,-11450104131.1621,-3483452234.39697,4359816423.27863,12044109613.6741,19529641562.3389,26772131590.4831,33722534762.5781,40326828161.8783,46525884044.4603,52255470200.1818,57446428043.2311,62025089235.1321,65913999580.9809,69033019328.7762,71300851030.6581,72636987295.7957,72963923068.3013,72209133933.2084,70305536344.9184,67187323877.1183,62773762933.5355,56923212045.578,49315180563.5578,39162856889.2439,24544502215.3456,957307311.308983,-41074977755.7137,-106778658708.141,0
"5985",-511786932156.39,-509773251304.205,-507733872687.586,-505668345280.368,-503576207843.255,-501456988687.835,-499310205437.257,-497135364783.668,-494931962242.522,-492699481903.891,-490437396180.922,-488145165555.629,-485822238322.205,-483468050328.093,-481082024713.075,-478663571646.682,-476212088064.253,-473726957402.033,-471207549331.743,-468653219495.099,-466063309238.838,-463437145350.853,-460774039798.132,-458073289467.27,-455334175908.413,-452555965083.602,-449737907120.578,-446879236073.271,-443979169690.277,-441036909192.837,-438051639063.961,-435022526850.543,-431948722980.513,-428829360597.304,-425663555414.165,-422450405591.125,-419188991637.734,-415878376345.03,-412517604750.594,-409105704140.931,-405641684095.923,-402124536580.587,-398553236089.957,-394926739853.536,-391243988106.46,-387503904435.307,-383705396207.333,-379847355092.859,-375928657691.635,-371948166275.111,-367904729657.909,-363797184213.189,-359624355048.215,-355385057358.198,-351078097978.448,-346702277157.064,-342256390572.79,-337739231625.351,-333149594028.567,-328486274739.819,-323748077263.122,-318933815367.094,-314042317263.617,-309072430297.965,-304023026206.677,-298893007005.592,-293681311577.19,-288386923033.881,-283008876942.14,-277546270501.499,-271998272782.482,-266364136138.593,-260643208919.709,-254834949627.488,-248938942668.102,-242954915873.462,-236882759979.51,-230722550268.881,-224474570605.507,-218139340110.421,-211717642751.048,-205210560140.596,-198619507869.39,-191946275715.927,-185193072111.341,-178362573256.245,-171457977312.34,-164483064111.374,-157442260838.927,-150340714157.46,-143184369228.561,-135980056073.641,-128735583669.399,-121459842101.113,-114162912982.807,-106856188184.91,-99552496669.4972,-92266238897.4312,-85013527810.8954,-77812334769.7579,-70682637980.3073,-63646569833.7389,-56728558082.5714,-49955453811.7658,-43356636556.7866,-36964083482.433,-30812384994.4687,-24938683145.5083,-19382501215.4809,-14185422196.0837,-9390559597.84039,-5041744601.91373,-1182327012.39992,2146549350.50704,4908387791.09094,7074760406.75905,8630077771.84434,9578218824.47202,9951726315.10191,9824500503.21523,9329096355.95716,8679543747.23628,8199207102.65697,8348397438.30472,9733102378.86389,13042687816.7678,18784601211.5348,26509707499.9653,33105130970.272,34011596896.6303,0
"5980",-541754281982.676,-539683005932.609,-537585752359.971,-535462089768.685,-533311577771.017,-531133766924.645,-528928198569.825,-526694404666.908,-524431907634.522,-522140220188.718,-519818845183.466,-517467275452.871,-515084993655.555,-512671472121.678,-510226172703.117,-507748546627.386,-505238034355.917,-502694065447.404,-500116058426.969,-497503420661.975,-494855548245.424,-492171825887.911,-489451626819.274,-486694312701.122,-483899233551.572,-481065727683.66,-478193121659.006,-475280730258.488,-472327856471.838,-469333791508.263,-466297814830.389,-463219194214.053,-460097185836.714,-456931034397.509,-453719973272.28,-450463224707.213,-447160000055.094,-443809500058.538,-440410915185.018,-436963426018.926,-433466203716.455,-429918410529.614,-426319200406.307,-422667719674.082,-418963107815.864,-415204498346.83,-411391019802.42,-407521796848.471,-403595951525.514,-399612604640.427,-395570877319.927,-391469892741.749,-387308778060.921,-383086666550.194,-378802699975.536,-374456031229.588,-370045827248.192,-365571272237.51,-361031571241.845,-356425954085.187,-351753679722.605,-347014041041.049,-342206370152.8,-337330044228.918,-332384491924.35,-327369200451.201,-322283723361.764,-317127689108.491,-311900810454.077,-306602894811.231,-301233855598.575,-295793724706.387,-290282666173.629,-284700991185.757,-279049174511.226,-273327872503.261,-267537942802.189,-261680465882.386,-255756768596.277,-249768449875.704,-243717408757.833,-237605874908.094,-231436441815.838,-225212102838.442,-218936290265.506,-212612917565.021,-206246424956.188,-199841828426.583,-193404772271.643,-186941585178.286,-180459339797.152,-173965915643.504,-167470065027.689,-160981481532.742,-154510870316.972,-148070019207.956,-141671869151.452,-135330582059.317,-129061603432.061,-122881716272.434,-116809081701.691,-110863260268.053,-105065206101.977,-99437223696.5106,-94002873998.0557,-88786812440.3625,-83814536200.2891,-79112010806.8395,-74705136577.9194,-70619002125.0176,-66876853740.0141,-63498683380.3973,-60499300342.3413,-57885696504.6875,-55653432708.5656,-53781649411.3249,-52226114828.5143,-50909432505.8118,-49707084319.9968,-48427308603.7417,-46781806539.5375,-44342816819.583,-40480100523.4611,-34268890878.4662,-24357721622.0162,-8787804179.07022,15215822781.9378,51308668110.0194,102694324788.932,152388530727.607,0
"5975",-568585694513.068,-566465813282.618,-564320139334.418,-562148273402.494,-559949809007.539,-557724332373.02,-555471422344.784,-553190650314.574,-550881580147.926,-548543768116.943,-546176762838.484,-543780105218.363,-541353328402.182,-538895957733.492,-536407510720.036,-533887497008.859,-531335418371.198,-528750768698.054,-526133034007.528,-523481692464.991,-520796214417.329,-518076062442.558,-515320691416.247,-512529548596.269,-509702073727.583,-506837699168.838,-503935850042.777,-500995944412.582,-498017393486.468,-494999601853.052,-491941967750.209,-488843883370.393,-485704735205.627,-482523904435.645,-479300767362.982,-476034695899.101,-472725058106.036,-469371218798.368,-465972540210.795,-462528382736.999,-459038105745.976,-455501068482.565,-451916631059.444,-448284155548.495,-444603007180.131,-440872555659.87,-437092176612.259,-433261253163.097,-429379177671.813,-425445353626.886,-421459197718.238,-417420142101.713,-413327636872.023,-409181152761.847,-404980184086.295,-400724251953.435,-396412907763.32,-392045737019.709,-387622363480.598,-383142453675.741,-378605721821.473,-374011935165.482,-369360919796.568,-364652566956.989,-359886839897.63,-355063781319.005,-350183521443.884,-345246286770.259,-340252409556.2,-335202338091.016,-330096647809.851,-324936053311.4,-319721421340.636,-314453784800.268,-309134357855.802,-303764552199.464,-298345994537.476,-292880545363.018,-287370319073.201,-281817705481.972,-276225392771.557,-270596391911.885,-264934062559.639,-259242140424.842,-253524766061.887,-247786515001.798,-242032429091.228,-236268048838.516,-230499446484.889,-224733259415.592,-218976723396.527,-213237704960.859,-207524732069.623,-201847021921.539,-196214504478.549,-190637839891.022,-185128427532.15,-179698403762.463,-174360624813.747,-169128630270.114,-164016581484.071,-159039167833.489,-154211471915.352,-149548782467.007,-145066340842.146,-140779003016.205,-136700794021.356,-132844324926.635,-129220033256.221,-125835194977.855,-122692638208.373,-119789062966.247,-117112833582.496,-114641054371.218,-112335654777.391,-110138081493.598,-107961996569.74,-105683071673.19,-103124483595.353,-100035946553.96,-96062881144.6415,-90700312175.3096,-83222826127.9584,-72576869779.6717,-57215471684.3604,-34856336760.6254,-2198243468.21583,45017765002.5622,109002454034.706,165162455176.832,0
"5970",-592453903651.141,-590296069999.961,-588113067496.581,-585904539698.689,-583670124851.589,-581409455883.194,-579122160405.56,-576807860723.521,-574466173851.002,-572096711535.655,-569699080292.475,-567272881447.151,-564817711189.898,-562333160640.646,-559818815926.455,-557274258272.139,-554699064105.145,-552092805175.777,-549455048694.005,-546785357484.101,-544083290158.538,-541348401312.597,-538580241741.319,-535778358680.501,-532942296073.596,-530071594866.509,-527165793332.43,-524224427428.994,-521247031190.262,-518233137156.164,-515182276842.283,-512093981253.044,-508967781441.617,-505803209120.101,-502599797323.794,-499357081133.678,-496074598461.517,-492751890902.32,-489388504659.273,-485983991546.599,-482537910076.244,-479049826634.673,-475519316756.577,-471945966502.731,-468329373949.79,-464669150800.378,-460964924122.393,-457216338227.093,-453423056696.187,-449584764568.86,-445701170700.386,-441772010304.78,-437797047694.731,-433776079232.899,-429708936509.558,-425595489762.444,-421435651555.6,-417229380734.947,-412976686679.249,-408677633866.077,-404332346773.276,-399941015137.308,-395503899590.653,-391021337701.109,-386493750436.449,-381921649078.204,-377305642608.538,-372646445593.97,-367944886589.162,-363201917082.942,-358418621007.062,-353596224825.796,-348736108221.135,-343839815383.857,-338909066914.897,-333945772333.892,-328952043182.18,-323930206695.486,-318882820006.487,-313812684818.831,-308722862471.279,-303616689282.552,-298497792033.214,-293370103399.275,-288237877101.708,-283105702475.072,-277978518084.811,-272861623934.201,-267760691695.491,-262681772271.971,-257631299844.632,-252616091373.696,-247643340305.88,-242720602975.761,-237855775875.577,-233057061591.909,-228332920757.458,-223692006825.756,-219143079826.86,-214694894477.836,-210356057071.255,-206134844405.748,-202038976598.413,-198075333852.063,-194249605032.872,-190565853092.155,-187025978717.362,-183629058795.288,-180370529830.123,-177241177652.804,-174225882487.874,-171302051041.762,-168437642199.809,-165588656278.584,-162695903596.003,-159680787135.618,-156439711785.474,-152836545905.628,-148692272289.898,-143770513565.267,-137756904937.48,-130229187250.707,-120613359480.088,-108119897342.864,-91656778581.5431,-69740141871.4141,-40540982722.6042,-2713435422.58481,40473804576.4988,71017195770.0528,0
"5965",-613536957586.896,-611352818886.719,-609144529953.631,-606911785059.014,-604654275145.094,-602371687892.611,-600063707797.466,-597730016256.946,-595370291666.196,-592984209525.635,-590571442560.07,-588131660850.289,-585664531978.004,-583169721185.029,-580646891547.671,-578095704167.347,-575515818378.546,-572906891975.277,-570268581457.267,-567600542297.235,-564902429230.64,-562173896569.438,-559414598541.432,-556624189656.943,-553802325104.621,-550948661178.345,-548062855737.287,-545144568701.344,-542193462584.292,-539209203067.167,-536191459614.545,-533139906136.541,-530054221699.559,-526934091289.007,-523779206627.361,-520589267051.226,-517363980451.232,-514103064278.834,-510806246624.356,-507473267370.845,-504103879428.598,-500697850055.476,-497254962268.423,-493775016351.891,-490257831469.196,-486703247383.111,-483111126292.332,-479481354790.775,-475813845956.943,-472108541580.95,-468365414537.034,-464584471309.712,-460765754681.955,-456909346593.983,-453015371181.462,-449083998001.98,-445115445458.752,-441109984430.419,-437067942115.681,-432989706101.163,-428875728660.489,-424726531291.822,-420542709500.239,-416324937830.073,-412073975150.785,-407790670197.945,-403475967368.377,-399130912765.441,-394756660486.603,-390354479140.819,-385925758577.592,-381472016802.786,-376994907048.102,-372496224951.344,-367977915792.938,-363442081720.298,-358890988875.174,-354327074319.628,-349752952633.323,-345171422027.649,-340585469790.378,-335998276837.068,-331413221101.554,-326833879446.485,-322264027714.848,-317707638473.337,-313168875916.859,-308652087308.491,-304161790218.986,-299702654702.056,-295279479393.639,-290897160352.325,-286560651260.726,-282274913380.301,-278044853390.858,-273875246946.144,-269770645433.587,-265735263033.677,-261772840726.436,-257886483381.695,-254078465488.36,-250350000415.742,-246700967345.962,-243129589155.901,-239632053542.109,-236202068548.973,-232830342348.732,-229503975592.415,-226205752855.354,-222913317585.514,-219598212479.53,-216224764347.31,-212748789368.563,-209116091509.784,-205260724549.311,-201102988372.767,-196547136454.078,-191478790701.801,-185762106368.265,-179236834851.27,-171715672810.629,-162982869815.264,-152796590523.05,-140901749572.511,-127072184605.904,-111236739525.483,-93848781041.9122,-76932942433.3934,-66383417107.8899,-68976955189.7571,0
"5960",-632011067167.894,-629812589637.146,-627591314303.787,-625346990958.382,-623079367989.644,-620788192513.11,-618473210510.335,-616134166979.218,-613770806096.114,-611382871390.46,-608970105932.621,-606532252535.762,-604069053972.564,-601580253207.663,-599065593646.727,-596524819403.166,-593957675583.492,-591363908592.424,-588743266458.895,-586095499184.181,-583420359113.419,-580717601331.9,-577986984087.536,-575228269241.036,-572441222745.361,-569625615156.153,-566781222174.874,-563907825226.545,-561005212073.998,-558073177470.721,-555111523854.42,-552120062083.568,-549098612219.289,-546047004355.045,-542965079496.705,-539852690495.668,-536709703037.843,-533535996691.376,-530331466016.13,-527096021738.011,-523829591991.34,-520532123632.536,-517203583628.473,-513843960522.892,-510453265984.325,-507031536438.99,-503578834792.08,-500095252240.869,-496580910182.931,-493035962222.634,-489460596278.912,-485855036797.003,-482219547066.529,-478554431647.84,-474860038907.988,-471136763666.996,-467385049954.266,-463605393873.916,-459798346576.617,-455964517333.997,-452104576709.921,-448219259820.861,-444309369675.041,-440375780577.169,-436419441582.071,-432441379976.528,-428442704763.886,-424424610120.502,-420388378786.654,-416335385347.114,-412267099347.884,-408185088185.592,-404091019694.431,-399986664342.118,-395873896930.88,-391754697681.666,-387631152559.296,-383505452672.7,-379379892557.44,-375256867116.737,-371138866961.923,-367028471852.833,-362928341892.725,-358841206079.974,-354769847759.538,-350717086450.013,-346685755446.39,-342678674513.402,-338698616888.883,-334748269710.024,-330830186857.184,-326946733079.448,-323100018123.384,-319291819431.574,-315523491811.65,-311795862301.633,-308109108276.92,-304462616663.774,-300854821952.122,-297283020549.49,-293743158906.585,-290229592800.426,-286734815222.485,-283249150544.556,-279760413108.363,-276253529231.169,-272710123025.484,-269108068678.871,-265421015362.648,-261617896407.449,-257662442853.078,-253512734621.593,-249120843051.881,-244432650689.278,-239387985066.191,-233921284255.078,-227963142328.442,-221443294754.2,-214295952895.967,-206468982471.49,-197939425718.419,-188739633365.91,-179001428538.693,-169031294131.994,-159438502073.91,-151346926269.768,-146695831209.472,-148362959031.061,-158256188328.227,-166486696283.309,0
"5955",-648044838653.599,-645843657313.674,-643621290201.724,-641377544184.116,-639112226468.874,-636825144779.161,-634516107537.759,-632184924063.133,-629831404777.66,-627455361428.656,-625056607322.839,-622634957574.922,-620190229371.057,-617722242247.846,-615230818387.74,-612715782931.613,-610176964309.376,-607614194589.513,-605027309848.472,-602416150560.87,-599780562011.52,-597120394730.312,-594435504951.055,-591725755095.363,-588991014282.784,-586231158868.345,-583446073008.755,-580635649258.537,-577799789197.39,-574938404090.109,-572051415580.426,-569138756420.147,-566200371234.968,-563236217328.382,-560246265525.073,-557230501055.164,-554188924480.707,-551121552665.717,-548028419791.016,-544909578415.091,-541765100582.034,-538595078977.536,-535399628133.734,-532178885683.52,-528933013664.662,-525662199873.841,-522366659270.31,-519046635428.523,-515702402038.555,-512334264452.605,-508942561275.162,-505527665993.681,-502089988645.674,-498629977517.084,-495148120865.592,-491644948661.087,-488121034333.908,-484576996519.602,-481013500786.784,-477431261332.21,-473831042624.355,-470213660973.543,-466579986002.969,-462930941990.733,-459267509048.173,-455590724094.286,-451901681579.789,-448201533907.239,-444491491485.558,-440772822348.157,-437046851253.465,-433314958174.893,-429578576074.013,-425839187835.684,-422098322226.983,-418357548722.707,-414618471018.831,-410882719031.291,-407151939150.534,-403427782492.279,-399711890851.424,-396005880028.875,-392311320159.891,-388629712627.202,-384962463092.311,-381310850124.139,-377675988845.298,-374058788953.13,-370459906405.546,-366879687991.458,-363318107933.453,-359774695598.209,-356248453320.812,-352737763286.687,-349240282364.941,-345752823757.731,-342271224332.878,-338790196557.073,-335303164066.223,-331802080127.93,-328277228610.704,-324717007634.124,-321107696916.736,-317433211081.738,-313674842993.19,-309811003821.319,-305816970329.973,-301664655365.686,-297322425483.566,-292755001234.905,-287923492623.797,-282785647289.706,-277296426183.277,-271409077174.466,-265076960915.585,-258256510539.951,-250911901085.121,-243022302882.188,-234593052822.601,-225672783841.11,-216379619176.662,-206941053768.142,-197753914102.507,-189471256027.332,-183115239383.724,-180171144433.476,-182431699997.006,-190649472742.153,-198722212436.129,-174449284066.301,0
"5950",-661794921860.182,-659601747385.639,-657389175441.776,-655157068322.348,-652905290112.398,-650633706887.083,-648342186920.891,-646030600907.707,-643698822192.177,-641346727012.861,-638974194757.637,-636581108231.885,-634167353939.948,-631732822380.412,-629277408355.753,-626801011296.883,-624303535603.19,-621784890998.633,-619244992904.48,-616683762829.269,-614101128776.612,-611497025671.404,-608871395805.057,-606224189300.324,-603555364596.311,-600864888954.209,-598152738984.307,-595418901194.788,-592663372562.763,-589886161128,-587087286609.681,-584266781046.517,-581424689460.411,-578561070543.808,-575675997370.723,-572769558131.312,-569841856889.692,-566893014364.536,-563923168731.734,-560932476448.184,-557921113095.478,-554889274241.917,-551837176320.917,-548765057523.432,-545673178701.525,-542561824279.648,-539431303169.568,-536281949684.127,-533114124444.2,-529928215272.286,-526724638065.088,-523503837636.237,-520266288518.966,-517012495716.979,-513742995390.039,-510458355458.84,-507159176111.521,-503846090191.692,-500519763445.051,-497180894598.549,-493830215242.497,-490468489482.097,-487096513320.402,-483715113729.77,-480325147363.291,-476927498851.46,-473523078622.405,-470112820176.212,-466697676735.276,-463278617182.914,-459856621191.817,-456432673432.014,-453007756734.816,-449582844074.657,-446158889214.641,-442736815843.876,-439317505015.193,-435901780670.581,-432490393018.357,-429083999500.922,-425683143064.633,-422288227414.113,-418899488902.093,-415516964673.067,-412140456644.721,-408769490875.985,-405403271835.281,-402040631048.208,-398679969571.986,-395319193716.615,-391955643412.542,-388586012615.618,-385206261147.267,-381811517397.948,-378395971384.364,-374952757757.716,-371473828528.17,-367949815521.802,-364369882950.613,-360721570994.655,-356990632023.379,-353160862097.544,-349213931799.033,-345129222380.744,-340883675918.487,-336451671872.527,-331804947641.396,-326912587905.724,-321741117664.149,-316254748081.429,-310415844372.71,-304185713503.113,-297525850199.489,-290399837993.233,-282776185348.661,-274632495986.458,-265961541398.835,-256780039068.233,-247141255826.444,-237152941611.822,-227002451205.003,-216990825061.814,-207575744374.302,-199415539367.311,-193380374563.297,-190414993675.245,-190890181870.879,-192372116310.863,-182928474205.935,-122327511839.586,0
"5945",-673403050260.191,-671227159225.029,-669033747404.539,-666822727900.502,-664594016675.62,-662347532756.511,-660083198445.425,-657800939540.924,-655500685567.821,-653182370016.627,-650845930592.779,-648491309475.892,-646118453589.304,-643727314880.152,-641317850610.201,-638890023657.669,-636443802830.218,-633979163189.328,-631496086386.181,-628994561009.204,-626474582943.358,-623936155741.224,-621379291005.9,-618804008785.665,-616210337980.292,-613598316758.845,-610967992988.688,-608319424675.36,-605652680412.854,-602967839843.721,-600264994128.275,-597544246422.043,-594805712360.392,-592049520549.112,-589275813059.462,-586484745925.976,-583676489645.031,-580851229671.839,-578009166913.207,-575150518212.984,-572275516826.666,-569384412881.148,-566477473815.03,-563554984794.262,-560617249097.239,-557664588462.618,-554697343392.324,-551715873401.186,-548720557203.584,-545711792826.282,-542689997635.264,-539655608262.901,-536609080420.119,-533550888576.379,-530481525488.231,-527401501554.927,-524311343977.046,-521211595691.285,-518102814051.462,-514985569222.341,-511860442249.093,-508728022760.998,-505588906263.364,-502443690966.52,-499292974095.108,-496137347614.698,-492977393305.935,-489813677108.964,-486646742652.686,-483477103874.439,-480305236625.979,-477131569150.954,-473956471307.614,-470780242397.99,-467603097451.378,-464425151795.576,-461246403733.962,-458066715130.244,-454885789685.6,-451703148675.121,-448518103892.129,-445329727530.435,-442136818716.159,-438937866383.161,-435731008169.84,-432513985001.319,-429284091010.915,-426038118450.105,-422772297239.034,-419482228822.934,-416162814027.211,-412808174650.352,-409411568605.305,-405965298524.836,-402460613895.012,-398887606987.272,-395235103141.447,-391490546333.457,-387639881473.283,-383667435562.955,-379555800755.634,-375285723569.542,-370836006123.719,-366183427410.439,-361302695483.146,-356166445265.258,-350745301808.533,-345008035703.121,-338921846576.357,-332452823030.766,-325566644037.65,-318229609092.994,-310410114021.22,-302080727993.223,-293221076583.843,-283821795343.483,-273889883230.038,-263455837118.509,-252582936761.778,-241378844033.413,-230008959088.462,-218708953712.601,-207788677647.738,-197606650075.617,-188462922851.679,-180284721472.813,-171821101896.58,-158785260816.985,-130134537615.329,-64374362991.8389,0
"5940",-682994396444.693,-680843225256.482,-678676410513.424,-676493908932.545,-674295680723.741,-672081689775.688,-669851903847.818,-667606294768.419,-665344838638.891,-663067516044.177,-660774312269.349,-658465217522.349,-656140227162.788,-653799341936.753,-651442568217.476,-649069918251.703,-646681410411.568,-644277069451.698,-641856926771.248,-639421020680.48,-636969396671.439,-634502107692.204,-632019214424.093,-629520785561.105,-627006898090.795,-624477637575.607,-621933098433.612,-619373384217.402,-616798607889.75,-614208892094.449,-611604369420.537,-608985182657.895,-606351485041.934,-603703440484.837,-601041223790.473,-598365020849.79,-595675028813.098,-592971456235.231,-590254523189.134,-587524461342.87,-584781513994.527,-582025936058.838,-579257993998.666,-576477965693.729,-573686140238.123,-570882817657.272,-568068308533.909,-565242933531.597,-562407022803.064,-559560915269.263,-556704957753.612,-553839503954.219,-550964913235.12,-548081549215.587,-545189778134.44,-542289966963.898,-539382481244.982,-536467682613.608,-533545925983.487,-530617556348.536,-527682905163.877,-524742286260.504,-521795991244.348,-518844284325.792,-515887396520.55,-512925519157.361,-509958796621.939,-506987318260.271,-504011109357.446,-501030121100.874,-498044219428.914,-495053172657.634,-492056637769.68,-489054145240.048,-486045082264.043,-483028674242.872,-480003964372.354,-476969791170.243,-473924763767.87,-470867234782.498,-467795270578.301,-464706618716.709,-461598672391.557,-458468431641.789,-455312461135.448,-452126844324.334,-448907133780.786,-445648297548.242,-442344661368.089,-438989846689.765,-435576704432.942,-432097244554.651,-428542561586.385,-424902756454.121,-421166855087.353,-417322724573.685,-413356987938.635,-409254939045.445,-405000459641.551,-400575941258.431,-395962215539.737,-391138497679.711,-386082349064.008,-380769666998.692,-375174711689.862,-369270183516.553,-363027367263.617,-356416364501.96,-349406440864.695,-341966521656.116,-334065876972.981,-325675045876.809,-316767056923.884,-307319006765.912,-297314053693.77,-286743856853.989,-275611420128.752,-263934133663.732,-251746448343.004,-239100874385.699,-226064477686.451,-212705002097.306,-199054770236.168,-185029305543.333,-170258749953.681,-153767854433.294,-133458534562.837,-105620593663.169,-66085171187.7484,-21988392739.1925,0
"5935",-690677119943.006,-688555975755.674,-686420982396.401,-684272130957.88,-682109416193.108,-679932836664.422,-677742394895.223,-675538097524.176,-673319955461.7,-671087984048.465,-668842203215.62,-666582637646.41,-664309316938.8,-662022275768.664,-659721554053.067,-657407197113.046,-655079255835.302,-652737786832.076,-650382852598.426,-648014521666.02,-645632868752.477,-643237974905.134,-640829927638.038,-638408821060.809,-635974755997.85,-633527840096.258,-631068187920.585,-628595921032.396,-626111168052.378,-623614064702.505,-621104753825.507,-618583385378.609,-616050116398.202,-613505110931.767,-610948539932.996,-608380581115.659,-605801418761.325,-603211243475.557,-600610251886.665,-597998646280.542,-595376634164.477,-592744427752.125,-590102243361.107,-587450300713.869,-584788822131.538,-582118031609.557,-579438153762.83,-576749412626.927,-574052030300.693,-571346225414.221,-568632211404.672,-565910194580.861,-563180371955.734,-560442928824.05,-557698036060.496,-554945847111.294,-552186494649.983,-549420086865.49,-546646703347.871,-543866390534.122,-541079156673.304,-538284966266.828,-535483733936.096,-532675317665.87,-529859511367.603,-527036036702.647,-524204534100.688,-521364552903.937,-518515540562.654,-515656830802.364,-512787630677.854,-509907006423.595,-507013868004.861,-504106952268.42,-501184804586.518,-498245758883.037,-495287915926.348,-492309119769.782,-489306932218.051,-486278605196.722,-483221050902.394,-480130809614.136,-477004015052.587,-473836357182.693,-470623042370.419,-467358750823.912,-464037591277.113,-460653052910.311,-457197954549.694,-453664391249.2,-450043678435.765,-446326293897.262,-442501818015.242,-438558872797.485,-434485060454.474,-430266902496.854,-425889780616.439,-421337880961.627,-416594143840.873,-411640221397.838,-406456446412.621,-401021816107.469,-395313995682.079,-389309347273.842,-382982991116.56,-376308906809.164,-369260083698.09,-361808730213.929,-353926552196.635,-345585109095.479,-336756253209.95,-327412648702.756,-317528350256.142,-307079389550.597,-296044260154.066,-284404088788.275,-272142100217.494,-259241667280.969,-245681690334.505,-231427113431.722,-216410819284.559,-200500664541.562,-183441957465.281,-164762573331.425,-143632165747.97,-118705730871.816,-88148022546.2947,-50623626967.2014,-9948310794.82483,10335152852.6265,0
"5930",-696542947783.524,-694454842490.489,-692354524508.508,-690242008635.458,-688117313036.676,-685980459340.236,-683831472731.029,-681670382043.224,-679497219850.619,-677312022554.389,-675114830467.63,-672905687896.088,-670684643214.352,-668451748936.759,-666207061782.167,-663950642731.651,-661682557078.13,-659402874466.784,-657111668925.058,-654809018880.905,-652495007167.801,-650169721014.939,-647833252020.843,-645485696108.488,-643127153459.847,-640757728427.574,-638377529421.336,-635986668766.089,-633585262529.338,-631173430314.144,-628751295014.399,-626318982528.507,-623876621427.353,-621424342571.992,-618962278676.174,-616490563808.317,-614009332827.137,-611518720744.594,-609018862009.293,-606509889702.894,-603991934641.419,-601465124372.693,-598929582060.387,-596385425244.349,-593832764466.021,-591271701746.848,-588702328906.54,-586124725707.003,-583538957806.588,-580945074508.057,-578343106282.338,-575733062048.719,-573114926190.598,-570488655284.269,-567854174516.51,-565211373764.856,-562560103312.493,-559900169167.645,-557231327955.082,-554553281345.098,-551865669982.863,-549168066878.494,-546459970215.566,-543740795533.01,-541009867232.542,-538266409360.883,-535509535613.079,-532738238500.353,-529951377622.994,-527147666986.021,-524325661292.71,-521483741148.66,-518620097107.02,-515732712483.845,-512819344871.52,-509877506277.915,-506904441819.62,-503897106899.47,-500852142802.002,-497765850645.679,-494634163638.209,-491452617591.466,-488216319666.06,-484919915332.96,-481557553561.789,-478122850273.097,-474608850126.284,-471007986756.982,-467312041628.906,-463512101727.027,-459598516392.887,-455560853690.88,-451387856798.018,-447067401030.992,-442586452264.699,-437931027656.911,-433086159774.427,-428035865415.188,-422763120633.648,-417249843693.655,-411476887876.71,-405424046233.741,-399070070435.822,-392392705772.925,-385368743940.786,-377974094339.578,-370183872861.344,-361972504058.663,-353313827368.551,-344181189465.883,-334547490885.326,-324385132719.801,-313665773688.356,-302359751694.531,-290434935580.791,-277854634404.779,-264573976880.203,-250533845769.781,-235650966199.701,-219802069998.81,-202799242086.816,-184352966131.425,-164020374668.567,-141142964992.87,-114802558060.749,-83898813436.3674,-47657131124.496,-7395038850.08953,28561443146.0548,36814137309.8247,0
"5925",-700668602775.873,-698614209292.413,-696549018214.397,-694473056605.968,-692386354179,-690288943321.751,-688180859122.246,-686062139385.754,-683932824645.641,-681792958166.854,-679642585941.197,-677481756673.508,-675310521757.75,-673128935241.969,-670937053780.969,-668734936575.457,-666522645296.311,-664300243992.52,-662067798981.207,-659825378718.023,-657573053646.078,-655310896021.387,-653038979712.677,-650757379973.215,-648466173182.131,-646165436552.484,-643855247803.148,-641535684791.303,-639206825102.107,-636868745591.821,-634521521880.388,-632165227789.132,-629799934718.927,-627425710963.785,-625042620954.474,-622650724426.301,-620250075504.793,-617840721702.488,-615422702819.568,-612996049740.484,-610560783118.154,-608116911936.661,-605664431942.734,-603203323935.547,-600733551903.632,-598255060996.854,-595767775320.579,-593271595538.18,-590766396267.134,-588252023252.85,-585728290303.339,-583194975966.68,-580651819931.988,-578098519133.411,-575534723535.267,-572960031575.143,-570373985240.292,-567776064751.227,-565165682824.882,-562542178488.181,-559904810411.279,-557252749728.169,-554585072310.825,-551900750461.458,-549198643986.079,-546477490611.11,-543735895703.587,-540972321254.401,-538185074083.187,-535372293222.89,-532531936441.897,-529661765861.824,-526759332629.921,-523821960606.54,-520846729030.401,-517830454127.729,-514769669635.739,-511660606216.792,-508499169746.96,-505280918472.047,-502001039035.587,-498654321397.333,-495235132677.631,-491737389983.18,-488154532293.553,-484479491515.737,-480704662846.447,-476821874619.321,-472822357856.649,-468696715793.136,-464434893692.244,-460026149333.281,-455459024608.472,-450721318731.54,-445800063619.248,-440681502059.203,-435351069312.032,-429793378800.455,-423992212491.607,-417930516452.294,-411590401805.506,-404953150875.65,-397999227584.011,-390708290005.542,-383059201218.377,-375030031869.339,-366598043804.335,-357739638032.171,-348430241271.111,-338644092012.468,-328353867462.671,-317530064083.485,-306140002777.764,-294146269643.556,-281504317621.202,-268158835211.165,-254038329181.848,-239047171687.33,-223054162110.517,-205876568465.007,-187258975743.126,-166847934993.966,-144168452912.35,-118621579118.689,-89554099780.1921,-56521514558.6767,-20001857726.4258,16994475502.4536,46191135433.3625,52842213950.096,0
"5920",-703117880557.144,-701095604386.675,-699063674808.769,-697022119612.762,-694970968147.869,-692910251277.128,-690840001322.126,-688760251997.674,-686671038335.544,-684572396596.301,-682464364168.21,-680346979452.09,-678220281730.948,-676084311023.08,-673939107917.288,-671784713388.721,-669621168593.75,-667448514642.169,-665266792344.898,-663076041935.213,-660876302761.394,-658667612948.523,-656450009027.019,-654223525525.279,-651988194523.655,-649744045166.767,-647491103130.942,-645229390043.341,-642958922849.109,-640679713122.593,-638391766318.418,-636095080957.917,-633789647746.077,-631475448613.861,-629152455680.371,-626820630128.991,-624479920991.191,-622130263831.31,-619771579325.132,-617403771724.645,-615026727200.83,-612640312055.833,-610244370795.286,-607838724050.993,-605423166343.552,-602997463673.859,-600561350931.769,-598114529109.47,-595656662306.444,-593187374512.076,-590706246151.244,-588212810377.405,-585706549096.877,-583186888707.193,-580653195531.555,-578104770930.599,-575540846071.826,-572960576336.258,-570363035341.089,-567747208556.356,-565111986492.973,-562456157438.889,-559778399719.602,-557077273458.921,-554351211815.654,-551598511671.894,-548817323748.804,-546005642126.342,-543161293144.211,-540281923662.605,-537364988663.07,-534407738172.096,-531407203493.01,-528360182735.43,-525263225636.084,-522112617670.31,-518904363460.184,-515634169493.036,-512297426173.388,-508889189242.057,-505404160608.598,-501836668657.451,-498180648104.241,-494429619496.706,-490576668474.726,-486614424925.673,-482535042194.701,-478330176533.958,-473990966999.447,-469508016027.902,-464871370946.939,-460070506686.975,-455094309969.143,-449931065233.954,-444568442542.863,-438993487617.961,-433192614068.02,-427151597660.242,-420855572205.633,-414289026189.596,-407435798638.812,-400279071788.814,-392801356789.717,-384984466802.545,-376809469177.223,-368256604664.947,-359305156390.956,-349933244039.968,-340117508638.154,-329832639472.473,-319050675832.706,-307739990928.523,-295863832014.789,-283378248444.061,-270229188898.082,-256348496235.808,-241648490868.255,-226014855519.262,-209297717287.843,-191301389413.678,-171774653326.969,-150406679851.805,-126840523979.836,-100729723163.792,-71888094963.3692,-40619085671.2453,-8333372318.49106,21573766492.3148,43458504278.0043,51263067888.5394,0
"5915",-703944173419.896,-701950327249.842,-699947666918.949,-697936209928.624,-695915973962.969,-693886976765.107,-691849236000.729,-689802769107.903,-687747593132.121,-685683724545.481,-683611179048.828,-681529971355.616,-679440114956.149,-677341621860.771,-675234502320.499,-673118764523.463,-670994414265.441,-668861454592.627,-666719885414.693,-664569703086.026,-662410899952.927,-660243463864.397,-658067377643.971,-655882618519.918,-653689157510.938,-651486958764.308,-649275978843.245,-647056165960.022,-644827459151.197,-642589787391.055,-640343068639.128,-638087208817.425,-635822100712.711,-633547622798.913,-631263637974.42,-628969992208.765,-626666513092.815,-624353008286.29,-622029263856.075,-619695042498.404,-617350081637.644,-614994091393.998,-612626752412.032,-610247713541.548,-607856589361.848,-605452957540.051,-603036356013.628,-600606279986.928,-598162178730.963,-595703452175.324,-593229447280.622,-590739454179.444,-588232702073.394,-585708354873.404,-583165506570.149,-580603176321.103,-578020303240.493,-575415740878.253,-572788251373.948,-570136499271.641,-567459044981.794,-564754337876.525,-562020709004.981,-559256363416.153,-556459372077.343,-553627663377.499,-550759014206.09,-547851040599.836,-544901187951.746,-541906720779.418,-538864712052.584,-535772032083.399,-532625336987.18,-529421056726.051,-526155382753.534,-522824255284.42,-519423350221.393,-515948065777.924,-512393508845.828,-508754481165.715,-505025465369.186,-501200610973.051,-497273720417.809,-493238235254.907,-489087222599.447,-484813361976.422,-480408932698.325,-475865801918.907,-471175413510.225,-466328777905.546,-461316463036.084,-456128586460.496,-450754808736.888,-445184328009.907,-439405875669.898,-433407712773.149,-427177626673.246,-420702926978.69,-413970439488.154,-406966496118.198,-399676917970.958,-392086987515.044,-384181404271.709,-375944216281.203,-367358716805.801,-358407291999.475,-349071200388.729,-339330258676.339,-329162400300.565,-318543063115.284,-307444350470.378,-295833896363.139,-283673351859.686,-270916400713.418,-257506215886.608,-243372303665.809,-228426784125.331,-212560394777.676,-195639007430.076,-177502450663.843,-157969336850.378,-136855045442.112,-114015849203.938,-89440846861.8974,-63422546352.3227,-36833389147.7343,-11471444304.518,9821032755.01724,24143323967.4033,29988454431.8554,0
"5910",-703193245699.371,-701222310683.121,-699243077873.066,-697255544556.615,-695259706629.873,-693255558398.566,-691243092363.27,-689222298987.899,-687193166450.38,-685155680374.315,-683109823540.408,-681055575576.345,-678992912623.725,-676921806980.57,-674842226717.851,-672754135268.367,-670657490986.223,-668552246675.046,-666438349082.979,-664315738362.347,-662184347491.818,-660044101658.708,-657894917598.979,-655736702892.309,-653569355209.506,-651392761509.344,-649206797181.767,-647011325134.224,-644806194817.732,-642591241189.082,-640366283605.405,-638131124647.127,-635885548865.136,-633629321447.786,-631362186803.106,-629083867051.425,-626794060423.332,-624492439557.692,-622178649694.198,-619852306754.694,-617512995307.257,-615160266406.795,-612793635305.682,-610412579027.685,-608016533798.249,-605604892323.956,-603177000913.77,-600732156434.493,-598269603092.692,-595788529035.179,-593288062760.055,-590767269330.221,-588225146381.23,-585660619915.391,-583072539874.11,-580459675480.615,-577820710345.451,-575154237327.488,-572458753143.634,-569732652721.031,-566974223286.246,-564181638186.89,-561352950442.159,-558486086020.123,-555578836841.121,-552628853508.407,-549633637769.328,-546590534712.684,-543496724710.728,-540349215117.385,-537144831737.837,-533880210088.598,-530551786471.657,-527155788891.184,-523688227846.654,-520144887042.138,-516521314057.759,-512812811035.993,-509014425442.435,-505120940967.742,-501126868644.466,-497026438259.17,-492813590146.087,-488481967453.175,-484024908973.936,-479435442637.856,-474706279747.48,-469829810039.259,-464798097626.155,-459602877849.684,-454235555023.805,-448687200988.021,-442948554295.809,-437010019739.111,-430861667739.497,-424493232908.597,-417894110777.461,-411053351295.29,-403959647175.516,-396601314488.255,-388966262021.754,-381041944812.946,-372815295822.133,-364272627937.639,-355399496282.345,-346180508109.28,-336599064412.707,-326637013829.858,-316274195733.355,-305487846226.116,-294251839290.39,-282535737985.285,-270303641710.801,-257512843036.106,-244112365318.402,-230041564392.233,-215229184865.323,-199593631517.927,-183045855663.225,-165497321003.208,-146877195553.83,-127165343922.257,-106450570343.954,-85025102919.0921,-63520512929.2639,-43060900457.4422,-25321053692.6514,-12197000647.8034,-4803398990.05951,-3332997073.64676,0
"5905",-700906080522.36,-698951035079.805,-696987883227.974,-695016593661.741,-693037132013.296,-691049460584.6,-689053538062.056,-687049319212.333,-685036754558.248,-683015790033.523,-680986366615.196,-678948419932.39,-676901879850.063,-674846670026.307,-672782707441.688,-670709901899.007,-668628155491.838,-666537362040.05,-664437406490.478,-662328164280.783,-660209500664.465,-658081269994.881,-655943314966.006,-653795465807.6,-651637539432.29,-649469338531.988,-647290650620.945,-645101247022.606,-642900881797.321,-640689290607.833,-638466189519.336,-636231273730.761,-633984216233.834,-631724666396.289,-629452248465.518,-627166559988.781,-624867170146.007,-622553617991.054,-620225410597.203,-617882021102.548,-615522886650.832,-613147406223.193,-610754938356.205,-608344798741.543,-605916257702.548,-603468537542.953,-601000809763.053,-598512192138.615,-596001745657.927,-593468471312.477,-590911306736.957,-588329122694.45,-585720719403.017,-583084822700.181,-580420080042.301,-577725056336.311,-574998229601.953,-572237986463.358,-569442617469.682,-566610312245.539,-563739154473.082,-560827116708.939,-557872055040.692,-554871703589.305,-551823668865.807,-548725423992.694,-545574302802.885,-542367493831.743,-539102034220.543,-535774803552.993,-532382517649.844,-528921722350.364,-525388787313.429,-521779899875.169,-518091059004.489,-514318069402.23,-510456535794.255,-506501857473.008,-502449223146.188,-498293606154.562,-494029760123.536,-489652215114.319,-485155274339.923,-480533011508.051,-475779268846.338,-470887655854.196,-465851548808.366,-460664091024.254,-455318193840.129,-449806538243.319,-444121576993.277,-438255537011.359,-432200421696.172,-425948012679.715,-419489870355.657,-412817332277.372,-405921508229.085,-398793270406.108,-391423236686.218,-383801744419.966,-375918811501.071,-367764080692.045,-359326742279.07,-350595429139.747,-341558077292.939,-332201744095.251,-322512375704.228,-312474515690.022,-302070948513.311,-291282276293.604,-280086437018.798,-268458190614.03,-256368631784.637,-243784844337.254,-230669904932.661,-216983596481.545,-202684434012.297,-187733980948.169,-172104988979.836,-155795659272.574,-138853234291.162,-121410844579.283,-103740985263.23,-86324464717.8194,-69919201481.3453,-55578393195.2872,-44504470627.8943,-37584783100.4398,-34733666597.1115,-34376751725.2398,0
"5900",-697121639247.069,-695174334678.751,-693218802798.79,-691254977221.245,-689282786828.279,-687302155445.113,-685313001496.024,-683315237640.37,-681308770387.609,-679293499690.198,-677269318513.221,-675236112379.549,-673193758889.25,-671142127211.949,-669081077550.75,-667010460576.271,-664930116829.307,-662839876090.531,-660739556715.616,-658628964934.063,-656507894109.967,-654376123962.878,-652233419746.841,-650079531385.626,-647914192562.1,-645737119759.585,-643548011253.027,-641346546047.667,-639132382762.899,-636905158458.864,-634664487403.334,-632409959776.311,-630141140309.748,-627857566859.75,-625558748908.519,-623244165993.337,-620913266059.789,-618565463736.445,-616200138528.204,-613816632925.512,-611414250426.684,-608992253470.62,-606549861277.254,-604086247593.185,-601600538340.043,-599091809163.31,-596559082879.496,-594001326819.802,-591417450068.682,-588806300596.042,-586166662282.193,-583497251835.119,-580796715600.151,-578063626262.717,-575296479445.513,-572493690202.219,-569653589410.743,-566774420069.949,-563854333504.941,-560891385487.166,-557883532276.971,-554828626597.76,-551724413552.512,-548568526495.282,-545358482872.219,-542091680048.837,-538765391142.528,-535376760881.814,-531922801516.442,-528400388805.18,-524806258111.087,-521137000636.951,-517389059836.605,-513558728040.79,-509642143339.067,-505635286761.91,-501533979809.328,-497333882374.061,-493030491108.241,-488619138282.248,-484094991182.764,-479453052093.488,-474688158895.884,-469794986318.112,-464768047847.012,-459601698299.718,-454290137026.864,-448827411686.915,-443207422489.238,-437423926749.826,-431470543535.917,-425340758091.116,-419027925628.117,-412525273948.305,-405825904193.189,-398922788848.661,-391808765907.599,-384476527849.159,-376918603818.051,-369127333094.022,-361094827651.544,-352812921360.081,-344273103231.777,-335466432194.679,-326383431331.671,-317013960658.455,-307347069757.873,-297370835625.631,-287072197963.531,-276436815478.222,-265448984909.842,-254091693090.355,-242346916496.263,-230196349815.073,-217622844773.858,-204612984836.316,-191161422184.821,-177277865069.39,-162997904381.431,-148399116993.854,-133623826699.796,-118908943482.991,-104620176722.52,-91280274161.9673,-79565233258.2945,-70216238486.8733,-63788867282.9405,-60188734016.2543,-58017771246.8109,-51771454286.3559,0
"5895",-691879401074.373,-689930962978.644,-687973890184.477,-686008076841.848,-684033410795.315,-682049773215.486,-680057038211.316,-678055072422.344,-676043734589.924,-674022875106.471,-671992335541.719,-669951948144.924,-667901535321.929,-665840909085.961,-663769870480.973,-661688208976.338,-659595701831.62,-657492113430.144,-655377194580.016,-653250681781.228,-651112296457.417,-648961744150.848,-646798713679.106,-644622876251.984,-642433884547.014,-640231371742.032,-638014950503.189,-635784211926.748,-633538724433.022,-631278032610.785,-629001656010.477,-626709087884.539,-624399793873.201,-622073210634.091,-619728744414.054,-617365769561.589,-614983626978.422,-612581622508.737,-610159025264.746,-607715065887.33,-605248934740.652,-602759780039.789,-600246705910.6,-597708770381.283,-595144983305.304,-592554304215.665,-589935640110.814,-587287843172.855,-584609708419.127,-581899971288.715,-579157305165.943,-576380318843.524,-573567553928.667,-570717482196.184,-567828502893.431,-564898940002.821,-561927039468.588,-558910966395.578,-555848802228.988,-552738541925.23,-549578091125.474,-546365263344.883,-543097777192.142,-539773253635.539,-536389213333.646,-532943074050.524,-529432148177.309,-525853640384.045,-522204645427.694,-518482146144.29,-514683011655.248,-510803995819.745,-506841735966.908,-502792751943.064,-498653445510.521,-494420100135.095,-490088881199.677,-485655836680.465,-481116898320.679,-476467883333.503,-471704496661.255,-466822333810.923,-461816884276.918,-456683535549.45,-451417577690.873,-446014208441.839,-440468538793.463,-434775598929.988,-428930344407.825,-422927662390.397,-416762377703.186,-410429258409.197,-403923020531.716,-397238331469.362,-390369811560.295,-383312033162.147,-376059516529.425,-368606721703.547,-360948035602.556,-353077753539.959,-344990054563.811,-336678970362.247,-328138348140.741,-319361809003.539,-310342705208.143,-301074082558.97,-291548658672.835,-281758834612.595,-271696767475.081,-261354546365.689,-250724535733.561,-239799980807.948,-228576012959.649,-217051251534.517,-205230275584.423,-193127333086.187,-180771756705.786,-168215632916.157,-155544249842.513,-142889565301.575,-130446065024.276,-118486325793.811,-107369380624.45,-97527298274.4865,-89403377666.5331,-83301349082.6109,-79099181321.8095,-75780130684.0712,-70440449863.698,-53724943044.4485,0
"5890",-685221579208.281,-683262814498.045,-681294757932.994,-679317262006.384,-677330171510.385,-675333323140.05,-673326545078.837,-671309656564.951,-669282467437.701,-667244777663.078,-665196376837.731,-663137043670.474,-661066545440.471,-658984637431.191,-656891062339.223,-654785549657.017,-652667815028.598,-650537559577.288,-648394469204.438,-646238213858.197,-644068446771.287,-641884803666.789,-639686901930.913,-637474339751.742,-635246695222.928,-633003525411.355,-630744365387.763,-628468727219.382,-626176098923.641,-623865943382.045,-621537697213.378,-619190769605.431,-616824541104.533,-614438362362.235,-612031552838.589,-609603399461.588,-607153155242.443,-604680037846.51,-602183228119.883,-599661868571.796,-597115061813.246,-594541868952.443,-591941307947.973,-589312351920.867,-586653927427.076,-583964912692.237,-581244135811.011,-578490372913.713,-575702346303.475,-572878722567.684,-570018110668.054,-567119060014.337,-564180058527.359,-561199530697.859,-558175835648.405,-555107265206.566,-551992041998.48,-548828317572.961,-545614170567.394,-542347604927.818,-539026548196.818,-535648849884.133,-532212279936.198,-528714527322.264,-525153198756.103,-521525817573.776,-517829822789.343,-514062568351.824,-510221322628.039,-506303268137.217,-502305501564.355,-498225034080.211,-494058791996.416,-489803617784.485,-485456271487.273,-481013432550.677,-476471702101.893,-471827605698.191,-467077596566.767,-462218059351.576,-457245314376.929,-452155622429.768,-446945190052.685,-441610175327.63,-436146694115.654,-430550826700.611,-424818624764.523,-418946118599.1,-412929324432.06,-406764251718.836,-400446910221.161,-393973316665.736,-387339500751.698,-380541510259.719,-373575415015.437,-366437309486.146,-359123313858.051,-351629573574.333,-343952257544.55,-336087555609.606,-328031676429.22,-319780847842.513,-311331323065.095,-302679398005.445,-293821447752.474,-284753994234.382,-275473822615.183,-265978171751.665,-256265034700.611,-246333619702.607,-236185041199.633,-225823335053.541,-215256922388.336,-204500680926.755,-193578816269.676,-182528745846.089,-171406188607.378,-160291541230.564,-149297318389.655,-138575767950.748,-128324459631.227,-118785274654.76,-110228306915.714,-102906451150.549,-96959596533.6561,-92241835579.9696,-88039798365.193,-82591331850.3778,-71885771269.8756,-46008266669.5258,0
"5885",-677194939808.211,-675216730874.089,-673228368254.68,-671229662747.79,-669220416299.108,-667200421595.5,-665169461641.432,-663127309317.936,-661073726923.531,-659008465696.485,-656931265317.827,-654841853394.466,-652739944921.821,-650625241725.315,-648497431880.123,-646356189108.533,-644201172154.307,-642032024133.415,-639848371860.548,-637649825150.801,-635435976095.948,-633206398314.762,-630960646176.842,-628698253999.437,-626418735216.817,-624121581521.772,-621806261978.854,-619472222109.069,-617118882945.775,-614745640061.611,-612351862566.394,-609936892076.002,-607500041652.374,-605040594714.892,-602557803923.551,-600050890034.465,-597519040728.443,-594961409413.566,-592377114002.891,-589765235668.665,-587124817574.67,-584454863588.615,-581754336976.8,-579022159083.615,-576257207998.803,-573458317215.82,-570624274285.066,-567753819466.224,-564845644384.46,-561898390695.783,-558910648767.447,-555880956379.933,-552807797457.687,-549689600836.526,-546524739076.406,-543311527329.006,-540048222270.454,-536733021110.417,-533364060689.671,-529939416679.232,-526457102895.114,-522915070743.778,-519311208814.306,-515643342634.392,-511909234608.156,-508106584154.772,-504233028067.753,-500286141115.519,-496263436904.542,-492162369026.867,-487980332514.086,-483714665619.906,-479362651953.144,-474921522982.359,-470388460932.208,-465760602089.964,-461035040538.392,-456208832328.192,-451279000099.469,-446242538157.022,-441096417998.645,-435837594289.034,-430463011264.281,-424969609543.366,-419354333313.776,-413614137848.569,-407745997302.519,-401746912726.224,-395613920230.508,-389344099231.02,-382934580707.41,-376382555426.717,-369685282112.221,-362840095594.745,-355844415073.941,-348695752757.269,-341391723354.364,-333930055211.798,-326308604314.961,-318525373009.745,-310578536173.193,-302466478776.687,-294187850451.468,-285741644930.158,-277127315282.324,-268344939908.289,-259395459557.702,-250281012462.668,-241005403241.695,-231574751605.453,-221998378764.087,-212290001688.239,-202469315355.729,-192564045309.496,-182612536666.221,-172666891843.086,-162796544039.385,-153091900720.248,-143667222023.792,-134661082359.554,-126231429648.008,-118540237058.251,-111719995568.169,-105811168027.073,-100657175722.067,-95741844607.0609,-89944023080.0069,-81114301616.3435,-65179051358.5584,-35588692497.9739,0
"5880",-667852179210.849,-665845849267.009,-663828349908.047,-661799452206.114,-659758917523.583,-657706497112.254,-655641931697.941,-653564951050.049,-651475273535.752,-649372605658.392,-647256641579.706,-645127062625.531,-642983536774.607,-640825718130.147,-638653246373.826,-636465746201.889,-634262826743.075,-632044080958.098,-629809085020.45,-627557397678.308,-625288559597.403,-623002092684.714,-620697499392.916,-618374262005.588,-616031841903.195,-613669678809.994,-611287190022.042,-608883769616.593,-606458787643.261,-604011589297.435,-601541494076.547,-599047794919.925,-596529757333.091,-593986618497.543,-591417586367.205,-588821838752.928,-586198522396.611,-583546752036.759,-580865609467.48,-578154142593.242,-575411364481.933,-572636252419.095,-569827746966.527,-566984751028.77,-564106128931.394,-561190705515.369,-558237265252.258,-555244551385.389,-552211265102.652,-549136064747.099,-546017565072.008,-542854336547.684,-539644904727.819,-536387749683.884,-533081305516.63,-529723959954.458,-526314054049.089,-522849881979.646,-519329690976.978,-515751681380.745,-512114006842.472,-508414774688.472,-504652046457.186,-500823838626.085,-496928123543.846,-492962830583.987,-488925847536.534,-484815022254.532,-480628164572.384,-476363048512.877,-472017414799.572,-467588973690.662,-463075408149.717,-458474377367.59,-453783520648.402,-449000461670.743,-444122813133.069,-439148181789.781,-434074173881.534,-428898400960.213,-423618486105.537,-418232070526.908,-412736820540.871,-407130434912.028,-401410652543.872,-395575260506.63,-389622102393.009,-383549087001.177,-377354197359.607,-371035500133.42,-364591155490.399,-358019427562.241,-351318695719.615,-344487466997.401,-337524390171.092,-330428272212.324,-323198098161.189,-315833055871.449,-308332567645.159,-300696331517.172,-292924375928.964,-285017132806.922,-276975535704.522,-268801151759.098,-260496358829.306,-252064582377.484,-243510610449.054,-234841009374.469,-226064667256.776,-217193496191.024,-208243326073.527,-199235020192.764,-190195830970.532,-181160985484.773,-172175432035.452,-163295570865.671,-154590603612.07,-146142823211.097,-138045671221.645,-130397649056.22,-123289139738.845,-116777916081.784,-110847811597.791,-105344248499.685,-99880680638.6519,-93710596973.6631,-85553746941.8387,-73350509997.1258,-54109722250.4407,-26341399495.4329,0
