"","390","387","384","381","378","375","372","369","366","363","360","357","354","351","348","345","342","339","336","333","330","327","324","321","318","315","312","309","306","303","300","297","294","291","288","285","282","279","276","273","270","267","264","261","258","255","252","249","246","243","240","237","234","231","228","225","222","219","216","213","210","207","204","201","198","195","192","189","186","183","180","177","174","171","168","165","162","159","156","153","150","147","144","141","138","135","132","129","126","123","120","117","114","111","108","105","102","99","96","93","90","87","84","81","78","75","72","69","66","63","60","57","54","51","48","45","42","39","36","33","30","27","24","21","18","15","12","9","6","3","0"
"6500",1495246645755.37,1502836498384.53,1510482441413.53,1518184184779.65,1525941388188.77,1533753658224.89,1541620545303.76,1549541540461.94,1557516071971.62,1565543501771.16,1573623121700.99,1581754149533.15,1589935724782.89,1598166904289.31,1606446657551.78,1614773861807.62,1623147296835.95,1631565639471.63,1640027457812.04,1648531205098.64,1657075213254.04,1665657686054.12,1674276691913.57,1682930156261.74,1691615853484.63,1700331398406.96,1709074237287.14,1717841638295.91,1726630681448.09,1735438247954.81,1744261008961.69,1753095413636.72,1761937676568.97,1770783764437.74,1779629381908.75,1788469956712.18,1797300623854.47,1806116208913.34,1814911210362.96,1823679780873.1,1832415707523.52,1841112390871.96,1849762822810.83,1858359563145.23,1866894714821.35,1875359897731.94,1883746221022.03,1892044253815.91,1900243994283.25,1908334836960.07,1916305538238.21,1924144179935.21,1931838130855.22,1939374006251.47,1946737625100.66,1953913965101.32,1960887115310.83,1967640226339.69,1974155458028.01,1980413924537.11,1986395636800.64,1992079442293.42,1997442962094.88,2002462525246.75,2007113100433.21,2011368225047.27,2015199931750.03,2018578672682.76,2021473241555.32,2023850693912.33,2025676265971.66,2026913292541.86,2027523124660.02,2027465047752.02,2026696201309.35,2025171501305.74,2022843566849.1,2019662652888.53,2015576591180.52,2010530742174.69,2004467961019.71,1997328581529.01,1989050422701.54,1979568823284.02,1968816710911.93,1956724713602.65,1943221322826.26,1928233119081.61,1911685072894.57,1893500936475,1873603743961.38,1851916441294.71,1828362670339.88,1802867735952.18,1775359789296.05,1745771265864.54,1714040622286.38,1680114422040.85,1643949826429.52,1605517553221.69,1564805370710.23,1521822198552.32,1476602887281.19,1429213743576.4,1379758855018.18,1328387241363.07,1275300812489.43,1220763036337.04,1165108099915.84,1108750164668.24,1052192050904.54,996032307108.585,940969100517.581,887798687203.047,837405397518.87,790739199895.643,748776238961.066,712457837098.974,682605332742.286,659813443267.307,644335596596.876,635991841195.387,634149427917.393,637831876309.927,645977595039.164,657824808528.495,673692697206.887,697328450676.136,727592884813.074,543128498061.041,0
"6495",1528254585966.82,1536544752696.73,1544909263000.25,1553348295239.67,1561861989617.73,1570450445601.5,1579113719197.08,1587851820065.74,1596664708472.16,1605552292054.16,1614514422403.14,1623550891443.44,1632661427598.06,1641845691727.57,1651103272827.97,1660433683472.26,1669836354979.77,1679310632295.82,1688855768563.64,1698470919368.56,1708155136634,1717907362146.67,1727726420687.33,1737611012741.68,1747559706764.34,1757570930967.07,1767642964600.32,1777773928695.27,1787961776231.39,1798204281691.93,1808499029967.59,1818843404565.71,1829234575079.75,1839669483870.45,1850144831907.42,1860657063715.89,1871202351370.36,1881776577472.7,1892375317048.28,1902993818289.68,1913626982072.65,1924269340164.75,1934915032041.49,1945557780220.26,1956190864016.15,1966807091618.61,1977398770381.59,1987957675213.56,1998475014947.77,2008941396565.99,2019346787142.72,2029680473369.57,2039931018513.07,2050086216651.84,2060133044032.8,2070057607379.2,2079845088977.57,2089479688365,2098944560433.41,2108221749764.47,2117292121005.94,2126135285100.82,2134729521182.14,2143051693952,2151077166371.95,2158779707505.6,2166131395373.59,2173102514707.58,2179661449524.65,2185774570489.67,2191406117091.14,2196518074730.73,2201070046919.69,2205019122891.68,2208319741085.69,2210923549130.95,2212779261183.7,2213832513734.29,2214025721329.17,2213297934051.26,2211584699085.99,2208817929287.53,2204925782371.48,2199832555220.46,2193458598827.98,2185720260659.56,2176529862719.18,2165795725424.63,2153422249575.85,2139310071314.06,2123356308098.34,2105454917461.03,2085497194751.73,2063372441358.83,2038968841137.84,2012174590113.78,1982879333095.89,1950975970766.94,1916362912166.2,1878946860273.3,1838646232475.34,1795395332669.07,1749149406819.81,1699890727527.49,1647635863081.61,1592444288594.81,1534428484661.41,1473765632559.91,1410710938942.25,1345612484164.34,1278927253106.29,1211237627472.17,1143267028959.56,1075892521317.26,1010150917045.59,947233227400.918,888460183493.04,835229357515.433,788923034758.198,750767426487.018,721641672907.296,701854244700.466,690937056189.452,687539689575,689477297243.579,693781057582.095,696341195720.485,691985643759.322,672886184664.548,304377279440.102,0
"6490",1556077148085.98,1565008317221.87,1574032146919.11,1583149321919.01,1592360503008.51,1601666324871.29,1611067393802.88,1620564285280.72,1630157541379.9,1639847668024.45,1649635132063.23,1659520358159.17,1669503725479.17,1679585564171.57,1689766151617.05,1700045708437.57,1710424394247.28,1720902303127.82,1731479458809.28,1742155809536.97,1752931222602.22,1763805478514.38,1774778264789.31,1785849169327.6,1797017673354.47,1808283143890.43,1819644825720.36,1831101832825.56,1842653139241.27,1854297569299.11,1866033787211.13,1877860285948.68,1889775375366.24,1901777169516.49,1913863573098.83,1926032266979.64,1938280692717.79,1950606036024.07,1963005209078.05,1975474831620.28,1988011210731.62,2000610319205.24,2013267772409.75,2025978803534.77,2038738237102.21,2051540460618.31,2064379394232.29,2077248458258.23,2090140538406.37,2103047948559.48,2115962390918.34,2128874913328.27,2141775863586.15,2154654840513.55,2167500641567.75,2180301206747.57,2193043558535.7,2205713737603.19,2218296733985.57,2230776413423.47,2243135438543.78,2255355184540.63,2267415648999.49,2279295355491.65,2290971250552.54,2302418593644.31,2313610839693.77,2324519513789.77,2335114077623.01,2345361787255.32,2355227541818.34,2364673722764.03,2373660023325.36,2382143267897.82,2390077221125.33,2397412386573.08,2404095795000.84,2410070782421.82,2415276758353.33,2419648964948.22,2423118228055.4,2425610701711.09,2427047608131.55,2427344975990.66,2426413380653.75,2424157691143.14,2420476829981.29,2415263553752.34,2408404264318.55,2399778863212.05,2389260664904.78,2376716388573.01,2362006252776.05,2344984203355.33,2325498312058.07,2303391392171.6,2278501888136.37,2250665109051.73,2219714891605.27,2185485796678.53,2147815966144.16,2106550792547.23,2061547584665.92,2012681446237.88,1959852622622.03,1902995608875.91,1842090348687.19,1777175879460.45,1708366781761.38,1635872749505.13,1560021474957.74,1481284782379.33,1400307456308.55,1317937359712.14,1235254028934.34,1153590708513.62,1074541457475.16,999940313629.266,931793749079.794,872142134087.89,822824492932.151,785131658004.212,759368568000.359,744412697798.097,737401641128.427,733471642527.881,724537658893.765,695776358398.871,633396908030.246,494082387842.779,0
"6485",1578338292108.97,1587835362037.61,1597443060678.86,1607162607415.18,1616995213763.57,1626942081759.23,1637004402222.76,1647183352902.77,1657480096485.24,1667895778460.34,1678431524836.53,1689088439691.26,1699867602546.57,1710770065557.18,1721796850497.6,1732948945533.72,1744227301763.5,1755632829509.85,1767166394347.69,1778828812845.89,1790620848002.92,1802543204353.85,1814596522724.39,1826781374605.58,1839098256121.07,1851547581556.44,1864129676417.62,1876844769983.14,1889692987311.63,1902674340663.65,1915788720292.89,1929035884558.9,1942415449309.19,1955926876474.65,1969569461817.65,1983342321767.25,1997244379270.92,2011274348586.07,2025430718928.92,2039711736891.43,2054115387529.55,2068639374018.6,2083281095763.01,2098037624838.28,2112905680633.42,2127881602551.4,2142961320613.27,2158140323799.59,2173413625948.79,2188775729018.04,2204220583495.93,2219741545739.66,2235331331991.15,2250981968806.39,2266684739611.67,2282430127077.19,2298207750974.2,2314006301155.76,2329813465272.9,2345615850808.5,2361398900978.89,2377146804019.93,2392842395338.11,2408467051970.2,2424000578755.18,2439421085581.57,2454704855031.02,2469826199696.06,2484757308406.29,2499468080554.98,2513925947675.98,2528095681383.02,2541939186749.37,2555415280178.86,2568479450802.7,2581083604433.06,2593175789119.79,2604699901396.92,2615595372377.98,2625796832974.42,2635233757681.15,2643830086614.15,2651503825815.66,2658166626289.8,2663723342824.47,2668071574436.07,2671101189290.05,2672693838266.05,2672722463029.62,2671050806642.23,2667532937511.3,2662012801007.72,2654323817554.79,2644288551663.61,2631718483559.53,2616413924093.48,2598164125030.18,2576747651137.08,2551933098477.19,2523480265806.04,2491141914031.72,2454666283542.17,2413800582233.14,2368295709791.4,2317912547677.78,2262430220461.66,2201656822918.46,2135443206871.85,2063700526501.98,1986422337845.18,1903712111524.91,1815816998605.14,1723168500179.5,1626430179734.95,1526551468142.83,1424824532778.74,1322937487975.35,1223011045669.43,1127596057412.96,1039595748644.91,962060358864.258,897790814811.39,848701786141.847,814969115058.067,794142750008.085,780456904084.446,763523899872.777,721924156687.483,622338065615.846,793527829130.379,0
"6480",1594743536408.89,1604715715032.6,1614815690689.9,1625045234200.86,1635406126168.96,1645900155990.49,1656529120773.3,1667294824157.77,1678199075032.63,1689243686137.42,1700430472543,1711761250000.55,1723237833148.95,1734862033569.35,1746635657675.3,1758560504425.22,1770638362843.46,1782871009334.85,1795260204776.31,1807807691367.87,1820515189224.02,1833384392684.49,1846416966322.12,1859614540623.34,1872978707314.99,1886511014308.62,1900212960231.42,1914085988509.94,1928131480970.12,1942350750913.85,1956745035629.04,1971315488286.41,1986063169172.14,2000989036201.18,2016093934651.25,2031378586052.38,2046843576160.93,2062489341941.32,2078316157471.28,2094324118679.82,2110513126818.41,2126882870557.59,2143432806591.43,2160162138621.95,2177069794584.06,2194154401959.56,2211414261014.64,2228847315780.96,2246451122584.2,2264222815906.02,2282159071346.57,2300256065433.28,2318509431999.16,2336914214828.23,2355464816239.04,2374154941246.87,2392977536913.03,2411924726454.01,2430987737644.78,2450156825008.14,2469421185236.46,2488768865242.14,2508186662178.8,2527660014716.6,2547172884791.16,2566707628976.48,2586244858557.89,2605763287300.57,2625239565823.13,2644648101393.28,2663960861864.52,2683147162368.44,2702173433267.83,2721002967761.45,2739595647413.48,2757907643760.96,2775891094033.4,2793493748903.13,2810658590078.22,2827323415457.3,2843420389496.07,2858875556399.46,2873608313766.09,2887530844391.01,2900547504104.88,2912554163823.57,2923437504445.19,2933074263915.74,2941330436761.22,2948060427745.45,2953106163178.32,2956296165923.55,2957444603537.8,2956350323474.41,2952795895238.78,2946546687222.94,2937350016234.4,2924934421191.59,2909009130020.19,2889263811652.26,2865368734746.32,2836975493283.02,2803718509048.27,2765217585333.88,2721081868843.46,2670915682459.12,2614326825586.87,2550938106998.32,2480403082572.2,2402427219551.56,2316795995263.81,2223411741513.4,2122341314106.95,2013876786619.34,1898611109745.94,1777529605854.78,1652115487507.66,1524461923147.23,1397372309424.04,1274411213792.25,1159837675471.3,1058310485977.84,974216351617.303,910489511849,866985589845.846,838942809244.273,816056080209.532,777355861028.971,664154720417.588,706493678537.026,0
"6475",1605096867685.83,1615438215356.97,1625923246178.99,1636554286051.21,1647333689470.69,1658263839245.31,1669347146147.06,1680586048500.02,1691983011697.26,1703540527640.4,1715261114094.67,1727147313952.17,1739201694395.12,1751426845950.04,1763825381423.38,1776399934707.89,1789153159448.34,1802087727554.01,1815206327544.39,1828511662713.16,1842006449094.29,1855693413212.69,1869575289600,1883654818054.67,1897934740623.39,1912417798278.85,1927106727266.55,1942004255091.02,1957113096108.68,1972435946692.08,1987975479926.55,2003734339796.99,2019715134818.24,2035920431058.67,2052352744501.26,2069014532681.75,2085908185537.46,2103036015394.17,2120400246011.62,2138003000600.63,2155846288716.41,2173931991923.75,2192261848119.61,2210837434387.57,2229660148246.68,2248731187143.77,2268051526023.7,2287621892795.84,2307442741497.4,2327514222934.69,2347836152561.7,2368407975331.76,2389228727232.08,2410296993181.65,2431610860941.8,2453167870653.13,2474964959574.14,2496998401554.15,2519263740725.99,2541755718851.84,2564468195698.49,2587394061754.7,2610525142533.48,2633852093624.96,2657364285580.42,2681049677613.77,2704894679003.38,2728883996962.73,2753000469622.28,2777224882626.43,2801535767696.73,2825909181345.12,2850318461736.93,2874733961502.45,2899122754076.09,2923448310903.24,2947670146595.46,2971743428835.26,2995618549531.65,3019240653408.27,3042549119870.03,3065476993644.31,3087950359336.53,3109887654684.45,3131198916956.2,3151784956630.74,3171536452253.74,3190332960212.5,3208041833171.53,3224517041122.8,3239597889525.58,3253107629964.96,3264851960314.57,3274617413776.06,3282169639690.95,3287251584090.47,3289581585118.46,3288851408469.93,3284724261829.82,3276832846305.05,3264777528811.64,3248124754713.67,3226405867940.83,3199116570667.06,3165717342200.11,3125635254714.83,3078267782029.8,3022989410029.78,2959162140461.67,2886151354388.75,2803348991203.42,2710206626779.8,2606281813040,2491301951853.87,2365250920158.46,2228484363987.13,2081879387584.61,1927021889838.93,1766427263231.47,1603772390916.9,1444080153962.12,1293730110821.28,1160063258715.83,1050234213307.34,969001162886.079,915797419566.516,883241133340.945,858180847298.017,785518219284.937,304598043305.297,0
"6470",1609317341699.73,1619907820872.68,1630656082475.95,1641564996408.31,1652637480686.39,1663876501920.38,1675285075765.08,1686866267342.63,1698623191633.25,1710559013829.62,1722676949650.41,1734980265607.63,1747472279222.42,1760156359182.89,1773035925437.17,1786114449214.34,1799395452964.78,1812882510210.86,1826579245298.11,1840489333035.56,1854616498213.42,1868964514984.49,1883537206094.75,1898338441946.84,1913372139478.69,1928642260837.59,1944152811828.25,1959907840110.83,1975911433122.97,1992167715696.79,2008680847339.21,2025455019140.45,2042494450272.11,2059803384032.47,2077386083391.82,2095246825986.37,2113389898503.59,2131819590396.1,2150540186854.79,2169555960964.43,2188871164957.47,2208490020472.52,2228416707714.58,2248655353403.12,2269210017382.24,2290084677753.94,2311283214380.73,2332809390587.61,2354666832875.52,2376859008437.94,2399389200250.57,2422260479478.8,2445475674920.57,2469037339171.54,2492947711165.33,2517208674704.17,2541821712552.83,2566787855622.07,2592107626715.39,2617780978254.84,2643807223336.6,2670184959394.46,2696911983668.6,2723985199586.67,2751400513063.09,2779152717609.86,2807235367025.84,2835640634290.45,2864359155129.74,2893379854546.23,2922689754405.91,2952273759954.49,2982114422886.97,3012191678317.14,3042482552682.86,3072960839275.66,3103596737694.38,3134356453088.82,3165201750574.93,3196089459663.65,3226970922945.7,3257791382609.77,3288489297636.66,3318995583703.87,3349232766950.76,3379114041794.98,3408542221958.87,3437408572769.81,3465591511658.51,3492955162621.22,3519347749282.89,3544599810164.62,3568522218923.12,3590903991839.17,3611509864897.1,3630077623722.21,3646315171854.15,3659897326938.07,3670462341262.5,3677608153861.15,3680888397808,3679808210734,3673819932304.65,3662318824098.42,3644639021609.15,3620050034263.81,3587754260528.58,3546886199899.23,3496514347917.08,3435647190829.41,3363245323668.23,3278242567885.38,3179580151641.25,3066259645381.43,2937422526513.48,2792467033362.84,2631216208916.38,2454154015933.15,2262747051849.1,2059862591322.09,1850268080516.53,1641130097858.03,1442283830784.41,1265776773151.33,1123859349411.2,1024750107589.73,968222249051.89,951379982101.868,973256352869.48,359081682322.578,0
"6465",1607454679159.99,1618161770256.84,1629038440916.27,1640088077840.41,1651314135554.62,1662720137683.51,1674309678240.26,1686086422927.93,1698054110451.33,1710216553837.48,1722577641762.72,1735141339884.21,1747911692172.9,1760892822245.25,1774088934689.84,1787504316385.29,1801143337804.84,1815010454302.56,1829110207375.6,1843447225896.04,1858026227305.12,1872852018761.84,1887929498236.74,1903263655540.8,1918859573278.05,1934722427708.93,1950857489510.34,1967270124416.24,1983965793720.95,2000950054625.11,2018228560401.99,2035807060359.28,2053691399568.31,2071887518329.73,2090401451340.94,2109239326526.47,2128407363488.03,2147911871526.14,2167759247179.4,2187955971221.4,2208508605048.21,2229423786381.88,2250708224206.33,2272368692842.7,2294412025060.26,2316845104106.92,2339674854529.97,2362908231642.44,2386552209473.79,2410613767024.6,2435099872623.8,2460017466163.35,2485373438958.66,2511174610953.35,2537427704953.39,2564139317538.43,2591315886255.79,2618963652655.44,2647088620671.09,2675696509792.7,2704792702408.5,2734382184618.57,2764469479736.98,2795058573602.71,2826152830711.3,2857754900055.95,2889866609428.53,2922488846773.56,2955621427011.21,2989262942543.7,3023410595432.06,3058060008971.43,3093205016099.66,3128837421740.91,3164946735807.09,3201519873148.88,3238540816258.44,3275990235967.17,3313845064746.23,3352078016493.23,3390657045862.42,3429544739255.03,3468697628513.67,3508065417143.82,3547590107494.92,3587205015753.96,3626833659811.19,3666388503027.81,3705769534644.78,3744862664998.22,3783537910830.92,3821647342802.27,3859022763801.04,3895473082884.39,3930781345659.82,3964701377810.48,3996953994431.7,4027222724216.53,4055148994800.29,4080326724517.54,4102296267610.9,4120537666319.19,4134463176899.92,4143409061441.79,4146626679159.91,4143272978485.3,4132400597719.42,4112947946876,4083729895929.12,4043430079213.78,3990596408816.75,3923642271920.67,3840857219109.33,3740432956811.78,3620513462976.25,3479282502106.34,3315108289886.22,3126774089374.54,2913835109674.62,2677154176889.23,2419673249508.09,2147451757447.64,1870888477537.87,1605720363844.23,1372679370883.3,1193655765627.35,1082999175683.14,1046303112906.25,1147149042798.2,1346984615571.2,0
"6460",1599703012572.71,1610383947430.74,1621243445208.91,1632285364940.6,1643513652797.01,1654932344177.43,1666545565852.65,1678357538162.37,1690372577267.59,1702595097458.89,1715029613521.2,1727680743156.06,1740553209461.48,1753651843470.22,1766981586746.4,1780547494040.64,1794354736003.36,1808408601955.93,1822714502718.66,1837277973494.58,1852104676807.35,1867200405491.19,1882571085730.27,1898222780144.14,1914161690915.41,1930394162954.62,1946926687096.72,1963765903322.28,1980918603995.42,1998391737109.02,2016192409526.3,2034327890206.15,2052805613397.26,2071633181784.47,2090818369567.46,2110369125449.75,2130293575512.06,2150600025940.96,2171296965579.12,2192393068259.22,2213897194877.64,2235818395158.83,2258165909053.78,2280949167708.69,2304177793931.26,2327861602072.13,2352010597228.01,2376634973660.36,2401745112309.77,2427351577269.46,2453465111064.03,2480096628558.51,2507257209299.78,2534958088066.21,2563210643371.63,2592026383635.79,2621416930695.57,2651394000287.63,2681969379083.88,2713154897805.56,2744962399877.71,2777403705014.15,2810490567040.22,2844234625167.62,2878647347828.46,2913739968054.39,2949523409247.8,2986008200033.33,3023204376697.09,3061121371513.2,3099767885019.91,3139151740035.07,3179279714888.35,3220157352987.92,3261788745426.7,3304176282857.18,3347320372315.51,3391219114042.48,3435867932617.69,3481259155876.98,3527381534103.37,3574219690845.52,3621753495399.05,3669957345453.76,3718799346628.2,3768240373538.8,3818232994635.56,3868720240221.4,3919634189791.21,3970894351002.39,4022405798132.43,4074057032690.89,4125717522822.05,4177234871136.87,4228431552522.21,4279101154159.95,4329004039332.13,4377862344503.59,4425354205638.61,4471107094818.24,4514690132279.21,4555605222630.14,4593276848404.12,4627040341357.16,4656128445518.8,4679655991719.52,4696602530561.71,4705792834782.96,4705875307248.93,4695298557103.36,4672286798221,4634815385742.1,4580588909251.02,4507026085898.56,4411258704688.69,4290156818697.03,4140400482055.07,3958631482588.19,3741739485212.97,3487369105520.44,3194779470253.32,2866238044210.24,2509143819148.31,2138908083672.91,1781881740948.7,1475498227324.27,1258956428239.4,1152003816435.39,1214054017161.62,2420219377783.44,0
"6455",1586411791297.16,1596916441719.9,1607605334073.46,1618482737134.98,1629553025116.52,1640820680558.49,1652290297316.14,1663966583642.44,1675854365370.78,1687958589201.26,1700284326093.94,1712836774773.09,1725621265346.28,1738643263042.11,1751908372070.87,1765422339612.16,1779191059933.63,1793220578645.24,1807517097093.18,1822086976897.91,1836936744640.61,1852073096702.19,1867502904259.38,1883233218441.72,1899271275653.66,1915624503065.48,1932300524276.6,1949307165154.53,1966652459852.15,1984344657005.95,2002392226116.55,2020803864112.9,2039588502099.97,2058755312289.24,2078313715109.74,2098273386496.1,2118644265348.33,2139436561156.03,2160660761777.51,2182327641361.47,2204448268395.84,2227034013864.71,2250096559490.05,2273647906030.04,2297700381600.29,2322266649977.5,2347359718837.88,2372992947873.78,2399180056722.26,2425935132627.5,2453272637746.32,2481207415990.35,2509754699281.36,2538930113076.09,2568749680993.79,2599229828353.52,2630387384397.3,2662239582940.91,2694804061153.18,2728098856118.94,2762142398787.13,2796953504844.67,2832551361985.74,2868955512965.23,2906185833731.17,2944262505823.01,2983205982098.05,3023036944703.92,3063776254049.07,3105444887330.21,3148063864952.79,3191654162922.12,3236236608982.69,3281831759934.73,3328459757151.82,3376140156851.09,3424891731117.27,3474732235038.77,3525678134562.06,3577744288790.26,3630943579418.18,3685286478782.66,3740780546577.52,3797429843598.51,3855234248893.32,3914188664338.39,3974282087874.33,4035496533319.96,4097805770746.66,4161173856703.54,4225553417987.54,4290883645966.45,4357087950464.17,4424071212638.76,4491716564801.8,4559881611357.53,4628393988523.52,4697046140690.84,4765589167564.39,4833725567874.89,4901100671682.99,4967292513266.55,5031799849492.91,5094027973804,5153271913304.74,5208696526693.27,5259312946434.61,5303950735463.05,5341225068514.92,5369498223197.36,5386834717116.61,5390949629361.77,5379150132076.35,5348271274283.54,5294609047416.86,5213857525575.94,5101063886660.83,4950628076145.61,4756397648085.86,4511951492891.78,4211242891430.3,3849902293911.6,3427696613508.37,2952850604465.17,2448807676489.23,1962185682484.11,1563190015593.2,1311234865372.83,1187235147103.98,2076272943757.19,0
"6450",1568092715578.2,1578267153625.43,1588627759259.64,1599179129889.49,1609925984967.56,1620873169649.03,1632025658582.18,1643388559836.48,1654967118974.28,1666766723272.2,1678792906098.88,1691051351455.92,1703547898689.12,1716288547377.64,1729279462408.81,1742526979246.96,1756037609404.77,1769818046126.17,1783875170290.3,1798216056546.16,1812847979688.43,1827778421285.04,1843015076567.64,1858565861596.78,1874438920713.64,1890642634291.1,1907185626797.15,1924076775184.08,1941325217617.62,1958940362560.28,1976931898223.99,1995309802407.17,2014084352732.01,2033266137297.82,2052866065766.92,2072895380899.18,2093365670552.1,2114288880162.57,2135677325726.84,2157543707294.54,2179901122992.18,2202763083590.61,2226143527630.05,2250056837114.37,2274517853784.97,2299541895981.66,2325144776095.26,2351342818612.82,2378152878751.79,2405592361674.08,2433679242264.01,2462432085446.65,2491870067012.95,2522012994906.96,2552881330917.06,2584496212696.47,2616879476020.13,2650053677161.78,2684042115249.36,2718868854425.02,2754558745599.94,2791137447550.69,2828631447053.41,2867068077692.52,2906475536911.05,2946882900787.67,2988320135929.27,3030818107755.4,3074408584318.14,3119124234645.64,3164998620414.46,3212066179541.58,3260362200033.24,3309922782131.05,3360784786444.1,3412985765342.49,3466563874398.23,3521557760081.34,3578006419233.83,3635949025031.49,3695424713177.8,3756472320925.01,3819130070146.7,3883435184048.62,3949423425144.13,4017128539768.28,4086581591576.15,4157810163062.51,4230837400021.59,4305680868879.32,4382351190776.93,4460850408917.44,4541170036698.94,4623288723164.63,4707169458820.01,4792756228297.2,4879969995929.83,4968703885085.95,5058817380896.1,5150129347306.04,5242409601292.57,5335368727246.63,5428645740007.87,5521793112190.79,5614258565821.69,5705362884563.21,5794272824713.74,5879967983871.44,5961200218879.74,6036443884505.63,6103834792007.91,6161095376842.83,6205443162200.13,6233479319745.35,6241054206954.03,6223107732485.56,6173485393804.39,6084738223565.35,5947931688354.18,5752525347076,5486463716509.25,5136783554449.14,4691376569424.52,4143175422945.56,3499006997349.87,2795905445080.94,2122704111470.09,1611503169618.8,1236801410314.23,316667126146.436,0
"6445",1545421462041.69,1555112179587.8,1564986853134.61,1575050309241.47,1585307510727.17,1595763561027.77,1606423708722.66,1617293352236.72,1628378044726.94,1639683499162.13,1651215593605.07,1662980376706.79,1674984073423.21,1687233090965.08,1699734024992.57,1712493666066.7,1725519006370.27,1738817246711.86,1752395803827.18,1766262317992.62,1780424660967.27,1794890944279.86,1809669527878.62,1824769029162.86,1840198332415.95,1855966598660.98,1872083275961.04,1888558110187.75,1905401156282.88,1922622790039.07,1940233720427.63,1958245002502.47,1976668050911.18,1995514654045.8,2014796988867.82,2034527636443.52,2054719598228.06,2075386313138.47,2096541675457.98,2118200053616.12,2140376309891.29,2163085821084.89,2186344500217.91,2210168819303.83,2234575833253.11,2259583204967.38,2285209231683.14,2311472872626.75,2338393778044.19,2365992319670.45,2394289622704.41,2423307599355.54,2453068984028.54,2483597370211.24,2514917249128.97,2547054050225.55,2580034183526.31,2613885083931.92,2648635257483.35,2684314329626.35,2720953095489.4,2758583572170.14,2797239053001.92,2836954163742.61,2877764920591.88,2919708789898.53,2962824749365.25,3007153350491.82,3052736781917.23,3099618933223.82,3147845458648.18,3197463840001.29,3248523447927.84,3301075600427.64,3355173617311.54,3410872868963.03,3468230817413.48,3527307047300.98,3588163283754.39,3650863393606.54,3715473365569.32,3782061264070.84,3850697150323.97,3921452962823.54,3994402347800.3,4069620428126.26,4147183496682.47,4227168617160.25,4309653111535.95,4394713908869.36,4482426724411.14,4572865030995.84,4666098775995.56,4762192786275.07,4861204790052.2,4963182967599.39,5068162921376.95,5176163929244.12,5287184310256.81,5401195689152.92,5518135890222.87,5637900120282.84,5760330009184.91,5885199958454.75,6012200095934.31,6140914935657.57,6270796582833.4,6401130984015.8,6530995275954.98,6659203698169.24,6784238757694.01,6904163309853.64,7016507871693.38,7118125729770.44,7205006164789.11,7272033383453.37,7312675745205.72,7318587477933.24,7279105921876.01,7180638576231.15,7005974504302.11,6733671511278.23,6337982239266.32,5790571277846.08,5067150965330.36,4166071609631.43,3150954186607.12,2215010706402.45,1567313532742.43,-580306152481.485,0
"6440",1519232903424.52,1528291640341.69,1537527691875.04,1546945996764.29,1556551641104.43,1566349863307.36,1576346059264.19,1586545787718.17,1596954775858.56,1607578925146.43,1618424317384.13,1629497221040.66,1640804097845.99,1652351609668.29,1664146625688.53,1676196229888.2,1688507728866.47,1701088660004.48,1713946799995.16,1727090173758.48,1740527063762.99,1754266019776.05,1768315869066.47,1782685727084.67,1797385008647.41,1812423439655.55,1827811069375.38,1843558283315.94,1859675816737.04,1876174768824.71,1893066617573.62,1910363235418.41,1928076905658.73,1946220339725.95,1964806695342.64,1983849595629.43,2003363149217.65,2023361971430.07,2043861206596.6,2064876551575.91,2086424280559.51,2108521271239.57,2131185032427.56,2154433733216.93,2178286233789.27,2202762117970.29,2227881727649.22,2253666199182.88,2280137501914.02,2307318478941.77,2335232890291.58,2363905458641.26,2393361917769.83,2423629063906.22,2454734810165.8,2486708244273.53,2519579689784.09,2553380771020.52,2588144481964.42,2623905259341.83,2660699060159.47,2698563443956.13,2737537660042.19,2777662740007.72,2818981595783.88,2861539123544.12,2905382313729.2,2950560367472.51,2997124819687.8,3045129669059.11,3094631515139.2,3145689702716.67,3198366473548.88,3252727125474.18,3308840178807.99,3366777549786.12,3426614730638.6,3488430975647.82,3552309492255.23,3618337635915.88,3686607106941.89,3757214147001.87,3830259732225.36,3905849758962.83,3984095217129.12,4065112344654.13,4149022754806.32,4235953525952.26,4326037240550.29,4419411956698.9,4516221091177.99,4616613187381.83,4720741534524.5,4828763595576.25,4940840190011.21,5057134362883.66,5177809853042.08,5303029049160.14,5432950291014.3,5567724332788.07,5707489732069.24,5852366858473.37,6002450123821.55,6157797913776.85,6318419538123.35,6484258298632.7,6655169478980.72,6830891661242.77,7011009226595.54,7194903144429.22,7381686107852.93,7570116608296.38,7758484470917.28,7944457417412.28,8124873966024.13,8295461794856,8450451664628.71,8582043840521.3,8679665149249.89,8728929500346.49,8710186361233.82,8596530868137.64,8351235420147.43,7925015943058.16,7255226888681.08,6274547086061.07,4952572198646.21,3428978923082.81,2272634254564.43,1360186610978.98,0
"6435",1490508538525.27,1498797621307.79,1507252774395.52,1515878916019.67,1524681119017.29,1533664616270.69,1542834806374.86,1552197259544.4,1561757723772.19,1571522131252.66,1581496605083.4,1591687466259.54,1602101240976.36,1612744668256.52,1623624707919.18,1634748548909.57,1646123618008.58,1657757588943.3,1669658391920.76,1681834223608.48,1694293557587.13,1707045155302.27,1720098077543.69,1733461696483.25,1747145708303.71,1761160146453.72,1775515395566.28,1790222206080.71,1805291709610.98,1820735435106.3,1836565325853.15,1852793757371.57,1869433556262.19,1886498020064.99,1904000938194.89,1921956614024.52,1940379888189.74,1959286163198.98,1978691429434.12,1998612292637.19,2019066002984.49,2040070485857.74,2061644374430.81,2083807044199.51,2106578649592.66,2129980162813.4,2154033415072.12,2178761140385.19,2204187022128.35,2230335742548.6,2257233035455.99,2284905742334.16,2313381872129.15,2342690664997,2372862660314.13,2403929769280.1,2435925352469.24,2468884302717.83,2502843133765.06,2537840075100.72,2573915173509.94,2611110401844.91,2649469775596.66,2689039477885.68,2729867993539.33,2772006252975.46,2815507786667.35,2860428891022.17,2906828806566.38,2954769909393.79,3004317916896.74,3055542108866.33,3108515565112.82,3163315420821.19,3220023140916.85,3278724814770.62,3339511472616.56,3402479425086.87,3467730627278.68,3535373068751.95,3605521190804.15,3678296332265.8,3753827204893.29,3832250399182.28,3913710921057.76,3998362759382.33,4086369483514.21,4177904869183.39,4273153549657.8,4372311687439.06,4475587659423.44,4583202745406.84,4695391805763.91,4812403928770.94,4934503020940.09,5061968304311.89,5195094672130.94,5334192837644.58,5479589188461.55,5631625228992.82,5790656453212.37,5957050435489.03,6131183853194.79,6313438053645.42,6504192638978.49,6703816350534.04,6912654267132.04,7131009957265.63,7359120696479.55,7597123107885.5,7845005500033.53,8102541600176.36,8369198060033.42,8644004645062.15,8925370757929.75,9210823816329.63,9496632179424.57,9777254634922.23,10044524361194.9,10286417968866.8,10485162887593.4,10614272868136.6,10633844318031,10483133061883.5,10069497415636.8,9255543598031.8,7862013879307.39,5774811853913.26,3529290963079.52,4502006726784.32,0
"6430",1460354962273.4,1467752998480.51,1475301232802.49,1483004417381.74,1490867461677.11,1498895438223.69,1507093588641.45,1515467329905.36,1524022260890.78,1532764169208.31,1541699038343.59,1550833055118.04,1560172617487.97,1569724342700.35,1579495075824.53,1589491898680.93,1599722139188.56,1610193381154.88,1620913474533.21,1631890546174.18,1643133011100.01,1654649584331.76,1666449293302.32,1678541490889.84,1690935869108.83,1703642473498.69,1716671718252.57,1730034402132.1,1743741725217.22,1757805306543.9,1772237202686.23,1787049927343.99,1802256472001.14,1817870327725.89,1833905508188.43,1850376573978.41,1867298658310.75,1884687494215.51,1902559443315.32,1920931526302.32,1939821455235.84,1959247667792.3,1979229363609.77,1999786542881.97,2020940047369.74,2042711604012.61,2065123871339.44,2088200488894.31,2111966129913.72,2136446557512.17,2161668684656.65,2187660638236.59,2214451827564.06,2242073017670.31,2270556407799.25,2299935715536.47,2330246267054.19,2361525093998.82,2393811037598.61,2427144860625.07,2461569367903.85,2497129536139.1,2533872653890.64,2571848472626.73,2611109369866.78,2651710525529.82,2693710112716.09,2737169504272.43,2782153496627.89,2828730552535.49,2876973064520.96,2926957641020.63,2978765417389.91,3032482394183.3,3088199805347.02,3146014519229.39,3206029475602.26,3268354162202.47,3333105134645.15,3400406583934.4,3470390956200.15,3543199629725.73,3618983654796.08,3697904562392.45,3780135248280.21,3865860939577.14,3955280251440.24,4048606342053.34,4146068174613.88,4247911895469.6,4354402337896.75,4465824661168.47,4582486134433.92,4704718074370.66,4832877944376.72,4967351620940.8,5108555829347.82,5256940745442.45,5412992751926.82,5577237325376.27,5750242012045.24,5932619424036.71,6125030148795.52,6328185408715.07,6542849225920.08,6769839728177.68,7010029057763.42,7264341089462.7,7533745786474.55,7819248462004.85,8121871373647.04,8442623805411.15,8782454844390.73,9142180034957.13,9522368319387.95,9923167984644.67,10344037648659.7,10783326780966.1,11237612447043.1,11700630076703.8,12161505419499.4,12601737272152.6,12989856166490,13271602058805.8,13351303046927.2,13056534830844.5,12077123611234.5,9909208153185.62,6195780040945.32,4871656855125.43,0
"6425",1429972450582.2,1436380160579.03,1442917719516.76,1449589558996.88,1456400265484.78,1463354586201.56,1470457435277.27,1477713900179.54,1485129248431.81,1492708934636.93,1500458607822.18,1508384119123.29,1516491529825.83,1524787119783.73,1533277396235.68,1541969103041.79,1550869230364.14,1559985024816.46,1569324000109.98,1578893948224.01,1588702951132.08,1598759393116.42,1609071973705.7,1619649721273.62,1630502007338.6,1641638561607.31,1653069487808.44,1664805280366.04,1676856841965.64,1689235502070.26,1701953036447.65,1715021687775.13,1728454187393.01,1742263778283.66,1756464239359.04,1771069911146.38,1786095722968.8,1801557221725.86,1817470602387.53,1833852740324.87,1850721225611.08,1868094399438.15,1885991392807.27,1904432167664.85,1923437560671.67,1943029329809.67,1963230204049.49,1984063936323.04,2005555360067.87,2027730449635.93,2050616384887.3,2074241620320.66,2098635959127.08,2123830632592.12,2149858385313.94,2176753566752.85,2204552229680.64,2233292236156.89,2263013371725.55,2293757468598.05,2325568538671.49,2358492917321.6,2392579419012.78,2427879505881.53,2464447470578.07,2502340634793.89,2541619565064.19,2582348307614.11,2624594644220.09,2668430371285.1,2713931604581.55,2761179112403.31,2810258680191.26,2861261510061.07,2914284659072.46,2969431520542.27,3026812353226.56,3086544863788.38,3148754848636.13,3213576901975.38,3281155197774.96,3351644354323.23,3425210391157.38,3502031789408.4,3582300668039.31,3666224090090.47,3754025514914.27,3845946414517.38,3942248074572.7,4043213603462.76,4149150175924.23,4260391541540.83,4377300832546.16,4500273710222.14,4629741894688.94,4766177129154.06,4910095636785.11,5062063136331.74,5222700491433.84,5392690078108.03,5572782964934.44,5763807010428.94,5966675990994.65,6182399878983.74,6412096390871.3,6657003915552.05,6918495904455.43,7198096745705.82,7497499033024,7818581942303.65,8163430088660.33,8534351661170.46,8933893665337.07,9364850478247.09,9830259174718.66,10333370385122.6,10877575263086.4,11466254518342.1,12102488429902.3,12788514536652.4,13524713429638.7,14307673440872.7,15126356139748.5,15954087513387.3,16730739834532.4,17320455148207.6,17406384771954.7,16230175235451.6,12065892183150.7,3012492343287.96,0
"6420",1400613141418.5,1405959040104.85,1411410312702.05,1416970912238.62,1422644938491.29,1428436643790.86,1434350439092.95,1440390900327.74,1446562775043.68,1452870989361.11,1459320655252.55,1465917078167.74,1472665765022.38,1479572432570.81,1486643016184.38,1493883679058.2,1501300821870.99,1508901092923.88,1516691398786.1,1524678915477.18,1532871100217.28,1541275703779.53,1549900783480.57,1558754716847.91,1567846216005.66,1577184342822.91,1586778524872.34,1596638572250.27,1606774695312.8,1617197523387.09,1627918124521.16,1638948026340.39,1650299238084.39,1661984273903.33,1674016177499.7,1686408548207.7,1699175568610.5,1712332033803.89,1725893382423.46,1739875729563.16,1754295901723.52,1769171473940.07,1784520809256.15,1800363100718.54,1816718416091.17,1833607745499.76,1851053052240.54,1869077327008.23,1887704645823.15,1906960231964.52,1926870522247.83,1947463238017.68,1968767461265.64,1990813716324.88,2013634057640.51,2037262164167.54,2061733441007.56,2087085128961.76,2113356422752.32,2140588598748.26,2168825153125.96,2198111951500.63,2228497391185,2260032577366.29,2292771514644.88,2326771315551,2362092427850.42,2398798882671.52,2436958565736.61,2476643514265.43,2517930242441.77,2560900098702.97,2605639658530.93,2652241156901.98,2700802965099.19,2751430117215.57,2804234892391.81,2859337459653.19,2916866593152.12,2976960466707.79,3039767537783.8,3105447532488.06,3174172544849.5,3246128265562.7,3321515357642.93,3400550999057.57,3483470615464.73,3570529829781.98,3662006659528.78,3758203997863.96,3859452420127.65,3966113364689.12,4078582745234.04,4197295061593.18,4322728088187.83,4455408233606.13,4595916682308.92,4744896450720.06,4903060515902.47,5071201206812.1,5250201087213.73,5441045607569.7,5644837862876.59,5862815867404.66,6096372849162.12,6347081181044.6,6616720707323.32,6907312399570.9,7221158492252,7560890512117.06,7929526933154.2,8330542562075.18,8767952180232.14,9246411407310.09,9771338136757.27,10349058058270.5,10986977372838.1,11693784044296.1,12479674055713.7,13356586888790.1,14338403687347.8,15440980723494.8,16681662947059.8,18077227795609.1,19636919665331.5,21339109841938.6,23049286674822.5,24213315091146.4,22629016880150.1,8690073294206.89,0
"6415",1373528892614.25,1377774463948.41,1382097378111.43,1386500954506.7,1390988645189.39,1395564040343.42,1400230874015.84,1404993030122.58,1409854548740.34,1414819632700.48,1419892654501.61,1425078163558.58,1430380893807,1435805771683.08,1441357924500.59,1447042689247.32,1452865621825.62,1458832506762.78,1464949367418.73,1471222476720.63,1477658368455.75,1484263849155.97,1491046010610.05,1498012243041.79,1505170248995.12,1512528057970.15,1520094041857.13,1527876931218.79,1535885832475.36,1544130246050.18,1552620085538.76,1561365697968.19,1570377885219.59,1579667926691.59,1589247603288.99,1599129222827.51,1609325646953.06,1619850319681.72,1630717297675.67,1641941282380.12,1653537654156.63,1665522508560.54,1677912694922.69,1690725857410.47,1703980478758.8,1717695926879.51,1731892504577.04,1746591502620.2,1761815256443.82,1777587206781.26,1793931964558.66,1810875380415.59,1828444619254.31,1846668240262,1865576282897.8,1885200359389.38,1905573754343.91,1926731532145.55,1948710652887.48,1971550097672.76,1995291004215.16,2019976813781.26,2045653430640.07,2072369395327.89,2100176073197.58,2129127859904.69,2159282405692.01,2190700860572.98,2223448142787.11,2257593233212.64,2293209498779.65,2330375048336.97,2369173124898.29,2409692538734.98,2452028146409.03,2496281381560.59,2542560844099.16,2590982955412.78,2641672688329.78,2694764381868.58,2750402652325.98,2808743414021.07,2869955025077.3,2934219576045.52,3001734342013.52,3072713422195.92,3147389594953.16,3226016420874.38,3308870632129.67,3396254852943.07,3488500703997.24,3585972353152.02,3689070586419.61,3798237487167.33,3913961828625.43,4036785305748.1,4167309758323.89,4306205569275.79,4454221462055.51,4612195971188.31,4781070923366.57,4961907347020.24,5155904331369.09,5364421488815.59,5589005846987.47,5831424222222.09,6093702423326.44,6378173028808.54,6687534008627.9,7024921174176.33,7393998411423.11,7799070989476.1,8245229099860.89,8738531412854.51,9286242214049.65,9897141216531.78,10581933456128.7,11353799573872.9,12229147613261.3,13228662700680,14378813717886.5,15714093075650.2,17280489846962.7,19141114932176.9,21385533596263.7,24144268517351.6,27600857149648.2,31917713289165.5,36449743541203.5,33044159454596.2,0
"6410",1349909715604.53,1353053656833.25,1356244151777.85,1359483741856.58,1362775080990.58,1366120940491.65,1369524214187.48,1372987923797.96,1376515224576.38,1380109411230.5,1383773924139.49,1387512355883.5,1391328458103.84,1395226148712.93,1399209519474.28,1403282843974.18,1407450586008.23,1411717408407.14,1416088182328.15,1420567997039.89,1425162170230.63,1429876258871.67,1434716070669.82,1439687676145.58,1444797421375.52,1450051941440.74,1455458174625.85,1461023377416.1,1466755140343.9,1472661404739.58,1478750480445.17,1485031064554.72,1491512261248.92,1498203602797.55,1505115071808.33,1512257124807.5,1519640717243.7,1527277330014.4,1535178997621.95,1543358338075.5,1551828584664.39,1560603619739.49,1569698010650.86,1579127048002.9,1588906786402.6,1599054087892.58,1609586668278.07,1620523146576.7,1631883097841.81,1643687109634.35,1655956842445.51,1668715094402.79,1681985870626.12,1695794457639.06,1710167503282.86,1725133102629.68,1740720890446.06,1756962140818.93,1773889874626.86,1791538975617.99,1809946315946.14,1829150892118.93,1849193972427.98,1870119257064.55,1891973052275.51,1914804460088.85,1938665585336.84,1963611761934.54,1989701800633.94,2016998260778.04,2045567748928.47,2075481247645.03,2106814478163.07,2139648301257.11,2174069161208.72,2210169578528.67,2248048697936.2,2287812899093.53,2329576478756.28,2373462414362.97,2419603220684.58,2468141913033.69,2519233092746.51,2573044173264.43,2629756768235.56,2689568266727.89,2752693625014.15,2819367409602,2889846132425.39,2964410926611.4,3043370620279.37,3127065276775.8,3215870283059,3310201084206.56,3410518681981.39,3517336040032.49,3631225568899.76,3752827902209.25,3882862223502.61,4022138463996.97,4171571769192.89,4332199732026.14,4505203019554.96,4691930189135.53,4893927712771.64,5112976524626.84,5351136804605.69,5610803250605.07,5894773831655.2,6206336038962.33,6549376088550.68,6928518569082.84,7349306965502.07,7818439784572.54,8344083403505.61,8936292484548.73,9607583950490.22,10373734864596.8,11254915201947.4,12277337642907.2,13475738554226.3,14897267033568,16607924409076.7,18704019951297.4,21334471572398.6,24748976824945.6,29413438144677.9,36306873510480.4,47652533595193.6,68702798105527.3,0
"6405",1330814743577.75,1332895800599.6,1334990887930.42,1337101643956.85,1339229793602.52,1341377152359.62,1343545630525.29,1345737237654.61,1347954087242.73,1350198401649.53,1352472517281.04,1354778890042.67,1357120101080.5,1359498862827.61,1361918025373.87,1364380583178.53,1366889682146.4,1369448627089.75,1372060889599.48,1374730116350.64,1377460137869.3,1380254977789.22,1383118862629.1,1386056232122.93,1389071750138.49,1392170316221.26,1395357077803.75,1398637443123.03,1402017094892.16,1405502004774.66,1409098448714.6,1412813023178.71,1416652662371.02,1420624656485.25,1424736671064.59,1428996767544.37,1433413425058.29,1437995563595.8,1442752568604.3,1447694317138.16,1452831205663.95,1458174179640.8,1463734765004.41,1469525101694.09,1475557979374.15,1481846875514.15,1488405996006.99,1495250318520.06,1502395638792.36,1509858620110.7,1517656846219.85,1525808877946.58,1534334313845.07,1543253855202.1,1552589375775.62,1562363996679.07,1572602166868.5,1583329749739.4,1594574116397,1606364246227.97,1618730835475.06,1631706414599.47,1645325475311.37,1659624608258.35,1674642652486.64,1690420857934.59,1707003062383.44,1724435884482.35,1742768934686.06,1762055046200.22,1782350528327.54,1803715444954.09,1826213921318.92,1849914482681.19,1874890429049.84,1901220250786.11,1928988090646.58,1958284258724.6,1989205807796.82,2021857177819.18,2056350919780.01,2092808510851.55,2131361274839.44,2172151424377.69,2215333244236.33,2261074438596.79,2309557669329.73,2360982317329.52,2415566505006.41,2473549425342.33,2535194031772.08,2600790153923.08,2670658117402.33,2745152961950.85,2824669372161.39,2909647459564.42,3000579565525.98,3098018292774.29,3202586021743.39,3314986229324.91,3436017006153.64,3566587269810.93,3707736303018.14,3860657418724.41,4026726783022.67,4207538733418.4,4404949344772.47,4621130562691.58,4858638009476.21,5120496667882.12,5410310208882.62,5732401974427.04,6091998901384.34,6495474526433.52,6950674528131.07,7467359503493.76,8057817326127.72,8737725857875.97,9527393995009.94,10453590523636.2,11552318143407,12873176571169.6,14486563264739.4,16496379650004.6,19064690789307.4,22466378991367.3,27233197986859.3,34619470969329.8,48459444830636.8,84461873170037,0
"6400",1317099002717.85,1318196880865.74,1319275763387.13,1320336289062.36,1321379152017.42,1322405104641.6,1323414960663.51,1324409598395.12,1325389964153.96,1326357075874.64,1327312026921.2,1328255990112.83,1329190221976.22,1330116067238.65,1331034963577.07,1331948446639.06,1332858155353.2,1333765837546.8,1334673355891.03,1335582694193.98,1336495964064.27,1337415411968.95,1338343426711.18,1339282547354.97,1340235471626.09,1341205064820.22,1342194369251.65,1343206614278.11,1344245226939.83,1345313843253.43,1346416320204.51,1347556748485.38,1348739466028.16,1349969072386.78,1351250444025.4,1352588750575.03,1353989472124.4,1355458417616.4,1357001744426.25,1358625979203.91,1360338040068.78,1362145260252.22,1364055413290.38,1366076739878.08,1368217976503.29,1370488385991.45,1372897790099.48,1375456604310.93,1378175874996.67,1381067319119.57,1384143366677.54,1387417206096.28,1390902832802.89,1394615101232.77,1398569780546.26,1402783614358.71,1407274384817.58,1412060981394.78,1417163474800.36,1422603196468.01,1428402824111.85,1434586473910.83,1441179799941.39,1448210101553.23,1455706439467.63,1463699761476.08,1472223038729.73,1481311413741.44,1491002361374.19,1501335864267.18,1512354604357.41,1524104172397.35,1536633297652.9,1549994100300.54,1564242369436.2,1579437870073.93,1595644683063.24,1612931582507.94,1631372456046.05,1651046774276.36,1672040116722.24,1694444763044.68,1718360359800.67,1743894674944.54,1771164454558.01,1800296399053.2,1831428279425.26,1864710218166.44,1900306164349.19,1938395598342.58,1979175508889.49,2022862694155.75,2069696449259.32,2119941716198.84,2173892788666.64,2231877684777.14,2294263326336.66,2361461695326.5,2433937178616.34,2512215363033.06,2596893608098.44,2688653807527.26,2788277859150.53,2896666504921.35,3014862390210.28,3144078441974.92,3285733003474.44,3441493625265.78,3613332051797.87,3803593840029.85,4015087322299.69,4251198466127.11,4516040878282.01,4814654206879.67,5153270248295.51,5539675365303.88,5983712363731.85,6497988136147.46,7098891007888.18,7808084180711.78,8654747986264.9,9679030616159.38,10937512140076.3,12512178199495.7,14525997206657,17172813352651.8,20787085605275.3,26071406848902.5,35217066920582.4,58352837130301.8,0
"6395",1309340807928.23,1309574633501.98,1309757338887.16,1309888504359.16,1309967730100.69,1309994637774.99,1309968872197.7,1309890103114.49,1309758027091.26,1309572369524.8,1309332886782.03,1309039368476.75,1308691639893.07,1308289564565.99,1307833047029.52,1307322035744.28,1306756526216.69,1306136564323.24,1305462249853.79,1304733740289.31,1303951254830.19,1303115078692.6,1302225567691.39,1301283153129.6,1300288347015.83,1299241747632.21,1298144045477.43,1296996029610.97,1295798594426.25,1294552746882.76,1293259614228.88,1291920452249.75,1290536654076.42,1289109759595.56,1287641465501.3,1286133636033.83,1284588314452.64,1283007735295.21,1281394337475.89,1279750778283.2,1278079948338.16,1276384987580.2,1274669302352.3,1272936583661.75,1271190826698.33,1269436351697.66,1267677826243.54,1265920289109.85,1264169175749.97,1262430345549.27,1260710110965.1,1259015268687.43,1257353132963.91,1255731571243.56,1254159042305.63,1252644637053.16,1251198122165.31,1249829986818.51,1248551492704.25,1247374727591.07,1246312662700.54,1245379214191.78,1244589309077.32,1243958955924.85,1243505320736.03,1243246808435.08,1243203150448.32,1243395498911.37,1243846528105.92,1244580543804.08,1245623601287.8,1247003632916.59,1248750586242.26,1250896573819.08,1253476036036.11,1256525918513.56,1260085865862.76,1264198433921.7,1268909322955.51,1274267634769.74,1280326157242.12,1287141680458.26,1294775349467.48,1303293059690.58,1312765902256.79,1323270668074.54,1334890421318.16,1347715155321.97,1361842546718.27,1377378827164.07,1394439796333.55,1413152005208.53,1433654145328.51,1456098687879.72,1480653826705.34,1507505792009.59,1536861617345.42,1568952462237,1604037617549.43,1642409351847.58,1684398796282.09,1730383115383.61,1780794274730.82,1836129798122.79,1896966012611.17,1963974417891.27,2037941998978.81,2119796544906.17,2210638366358.8,2311780258810.24,2424798190501.11,2551596091215.76,2694489408281.56,2856313981899.82,3040569586087.17,3251611671185.16,3494911177237.75,3777411873273.69,4108029006975.53,4498353574636.52,4963652466053.61,5524274515925.35,6207532495975.71,7049822808860.26,8097382169983.93,9398611044276.51,10958573718005.8,12528147392693.5,12631348190477.7,4740171041747.54,0
"6390",1307776359351.21,1307300198990.91,1306743214399.64,1306103914793.43,1305380790979.21,1304572315400.1,1303676942208.75,1302693107371.57,1301619228807.36,1300453706563.63,1299194923034.67,1297841243225.55,1296391015066.49,1294842569782.67,1293194222324.84,1291444271866.47,1289591002373.74,1287632683255.28,1285567570098.82,1283393905502.79,1281109920011.48,1278713833162.82,1276203854658.81,1273578185669.3,1270835020280.54,1267972547100.92,1264988951037.03,1261882415254.45,1258651123338.24,1255293261669.69,1251807022036.56,1248190604495.55,1244442220506.93,1240560096362.39,1236542476928.79,1232387629731.91,1228093849405.56,1223659462533.32,1219082832911.45,1214362367263.56,1209496521438.87,1204483807128.1,1199322799132.54,1194012143223.67,1188550564632.46,1182936877209.55,1177169993298.67,1171248934367.96,1165172842444.92,1158940992402.4,1152552805144.32,1146007861740.56,1139305918561.62,1132446923463.43,1125431033073.23,1118258631226.31,1110930348602.22,1103447083607.19,1095810024546.1,1088020673123.48,1080080869307.34,1071992817582.84,1063759114613.85,1055382778319.62,1046867278360.68,1038216568011.88,1029435117381.49,1020527947912.58,1011500668076.1,1002359510133.88,993111367813.53,983763834695.325,974325243063.153,964804702917.259,955212140784.835,945558337895.752,935854967214.379,926114628734.869,916350882356.791,906578277561.769,896812379011.473,887069787085.496,877368152278.453,867726182284.215,858163640519.461,848701334788.415,839361094779.453,830165737129.371,821139016914.812,812305564660.725,803690808327.707,795320880296.265,787222510157.672,779422905208.163,771949621993.676,764830434140.151,758093204104.156,751765769456.119,745875857904.56,740451049471.867,735518808930.14,731106616518.903,727242229531.248,723954110545.714,721272058134.068,719228069853.486,717857450447.672,717200142721.074,717302192153.68,718217139181.624,720006933250.057,722741628193.515,726496562890.274,731344808009.766,737341113357.497,744490959155.174,752693731716.87,761640807194.906,770633916641.97,778258852123.741,781786155825.531,776027534512.689,751025583808.99,687003162046.076,542131290418.954,218939823770.941,-542822289555.33,-2576492393377.4,-9279583976010.96,-39059734404006.5,0
"6385",1312249979054.9,1311245012851.93,1310133492887.8,1308912898590.99,1307580651520.24,1306134113765.73,1304570586299.01,1302887307270.41,1301081450252.49,1299150122428.4,1297090362723.76,1294899139880.94,1292573350474.43,1290109816866.3,1287505285100.51,1284756422735.08,1281859816611.21,1278811970558.27,1275609303034.03,1272248144699.2,1268724735925.75,1265035224238.32,1261175661688.39,1257142002160.65,1252930098611.48,1248535700239.31,1243954449586.66,1239181879574.17,1234213410466.45,1229044346770.05,1223669874063.87,1218085055762.08,1212284829809.99,1206264005313,1200017259098.68,1193539132212.16,1186824026344.2,1179866200191.66,1172659765749.06,1165198684529.58,1157476763713.15,1149487652218.09,1141224836691.75,1132681637413.91,1123851204105.14,1114726511629.61,1105300355579.66,1095565347725.76,1085513911311.63,1075138276169.67,1064430473626.1,1053382331158.44,1041985466760.13,1030231282957.45,1018110960412.82,1005615451035.09,992735470502.136,979461490082.232,965783727619.21,951692137520.637,937176399558.249,922225906254.363,906829748586.407,890976699692.763,874655196205.641,857853316769.221,840558757221.993,822758801829.161,804440289841.686,785589576530.177,766192487691.167,746234266446.322,725699510947.375,704572101355.42,682835114176.558,660470721699.053,637460073881.394,613783159575.501,589418643422.629,564343674116.517,538533658972.193,511961998848.916,484599776428.135,456415389613.101,427374120361.852,397437627548.141,366563350416.366,334703806796.088,301805767396.328,267809284118.741,232646546300.015,196240533976.168,158503431475.502,119334757661.957,78619160664.8109,36223814544.8809,-8004657474.73323,-54243824574.524,-102699766227.591,-153612203691.822,-207260615726.959,-263971552953.621,-324127423670.02,-388177103013.649,-456648826061.667,-530165977158.675,-609466602518.999,-695427781423.632,-789096439738.803,-891728850101.391,-1004842048588.49,-1130281886179.62,-1270314710522.03,-1427753204827.14,-1606132468292.24,-1809961314396.87,-2045088259256.31,-2319245814809.34,-2642877905890.67,-3030427540476.79,-3502392871785.36,-4088706153634.85,-4834474839522.52,-5810134714738.45,-7130339213595.35,-8991565359924.12,-11754361189474.4,-16148309319681.8,-23889528615500.8,-41669950739858.2,0
"6380",1322190217475.8,1320853328850.17,1319389614313.2,1317795624188.56,1316067812372.98,1314202533060.68,1312196037333.23,1310044469608.66,1307743863943.69,1305290140182.27,1302679099943.72,1299906422442.96,1296967660135.58,1293858234179.49,1290573429705.14,1287108390885.37,1283458115795.96,1279617451057.14,1275581086246.15,1271343548070.37,1266899194289.68,1262242207376.69,1257366587902.52,1252266147635.04,1246934502336.14,1241365064243.6,1235551034222.28,1229485393568.5,1223160895450.63,1216570055967.52,1209705144805.68,1202558175474.27,1195120895096.09,1187384773730.84,1179340993205.25,1170980435422.9,1162293670124.17,1153270942064.55,1143902157576.75,1134176870479.15,1124084267289.59,1113613151699.82,1102751928261.62,1091488585230.7,1079810676508.95,1067705302619.55,1055159090642.03,1042158173026.67,1028688165198.03,1014734141847.18,1000280611799.96,985311491334.765,969810075807.837,953759009425.287,937140252980.698,919935049352.663,902123886528.943,883686457891.703,864601619461.173,844847343751.884,824400669845.744,803237649228.121,781333286865.597,758661476925.421,735194932445.007,710905108152.724,685762115516.024,659734628946.356,632789781918.405,604893051559.42,576008130027.16,546096780715.731,515118676999.488,483031220836.708,449789338095.694,415345246922.837,379648194828.568,342644159403.652,304275506671.369,264480600002.293,223193351233.571,180342704102.18,135852038271.459,89638480041.289,41612103210.3577,-8324999586.70483,-60279798524.5964,-114369589223.258,-170723469872.111,-229484072976.281,-290809599899.401,-354876216146.775,-421880877237.286,-492044669568.095,-565616768542.004,-642879138252.416,-724152124309.583,-809801125396.182,-900244571789.53,-995963492976.2,-1097513025144.32,-1205536297638.32,-1320781252200.83,-1444121099630.45,-1576579319150.28,-1719360376354.56,-1873887705577,-2041851015868.52,-2225265702849.35,-2426548182946.85,-2648612468954.76,-2894995522567.33,-3170022241419.55,-3479025994433.03,-3828648437619.65,-4227254627577.37,-4685519076327.51,-5217270289849.79,-5840734099354.73,-6580404890102.06,-7469925402564.71,-8556615988554.73,-9908733630022.94,-11627226347185.2,-13864501511550,-16851690563725.5,-20920980845005.7,-26400393726924,-32409313135231.1,-24300749927227,0
"6375",1336623464015.53,1335152281359.19,1333540737036.33,1331784615241.06,1329879568378.41,1327821112174.48,1325604620569.79,1323225320384.9,1320678285746.87,1317958432264.53,1315060510939.83,1311979101801.72,1308708607248.56,1305243245084.01,1301577041230.58,1297703822104.2,1293617206632.23,1289310597896.14,1284777174379.29,1280009880798.84,1275001418499.85,1269744235388.02,1264230515376.43,1258452167319.95,1252400813409.4,1246067776995.93,1239444069814.01,1232520378569.72,1225287050858.59,1217734080375.04,1209851091372.93,1201627322334.05,1193051608798.19,1184112365305.5,1174797566398.11,1165094726624.09,1154990879482.92,1144472555246.67,1133525757586.21,1122135938926.23,1110287974446.6,1097966134640.94,1085154056335.64,1071834712064.46,1057990377684.35,1043602598108.15,1028652151018.24,1013119008412.31,996982295818.457,980220249000.37,962810167955.683,944728367990.015,925950127626.482,906449633084.488,886199919032.321,865172805284.757,843338829079.017,820667172519.288,797125584730.708,772680298207.281,747295938773.547,720935428505.383,693559880869.709,665128487243.969,635598393861.848,604924568099.092,573059652859.192,539953807639.239,505554534646.875,469806488094.319,432651264508.37,394027171557.984,353868972504.03,312107602907.235,268669855676.451,223478029882.898,176449537986.56,127496465193.254,76525073554.8026,23435242102.8685,-31880167275.6898,-89536030413.1516,-149655782359.334,-212372357029.02,-277829265543.656,-346181837828.82,-417598656896.803,-492263221156.094,-570375877285.785,-652156074990.843,-737845005685.714,-827708700304.289,-922041677589.822,-1021171254117.85,-1125462651886.76,-1235325069770.11,-1351218922996.96,-1473664502092.88,-1603252361953.46,-1740655826318.96,-1886646087352.5,-2042110500292.66,-2208074827364.82,-2385730384401.72,-2576467303351.26,-2781915465700.62,-3003995116724.51,-3244979783095.07,-3507574952488.33,-3795017131395.5,-4111199524766.42,-4460832906250.66,-4849653625527.71,-5284695689384.32,-5774651349580.37,-6330356074891.71,-6965451522275.35,-7697307987890.37,-8548332080007.44,-9547856115731.89,-10734918533822,-12162419847774.3,-13903387138487.3,-16060321110206.1,-18778273075929.1,-22258568137190.1,-26749168199394.9,-32379383240301.4,-38123325166335,-35656648794413.5,0
"6370",1354237220750.72,1352812052262.13,1351240639181.71,1349518224036.85,1347639887855.03,1345600543822.64,1343394930651.68,1341017605638.69,1338462937399.89,1335725098265.1,1332798056312.44,1329675567024.3,1326351164544.44,1322818152514.22,1319069594465.31,1315098303744.41,1310896832944.21,1306457462813.11,1301772190614.87,1296832717907.01,1291630437705.4,1286156421000.16,1280401402585.59,1274355766165.09,1268009528688.67,1261352323878.74,1254373384896.27,1247061526096.74,1239405123821.61,1231392096167.52,1223009881671.5,1214245416846.09,1205085112493.79,1195514828725.22,1185519848600.01,1175084850303.42,1164193877765.6,1152830309623.25,1140976826415.87,1128615375900.81,1115727136362.04,1102292477777.87,1088290920702.15,1073701092701.36,1058500682177.34,1042666389390.93,1026173874485.92,1008997702295.48,991111283693.802,972486813234.408,953095202792.802,932906010904.729,911887367461.974,890005893394.711,867226614932.745,843512871996.753,818826220224.415,793126326084.268,766370854471.35,738515348112.342,709513098032.665,679315004252.551,647869425781.807,615122018871.995,581015562357.696,545489768772.819,508481079760.333,469922444100.496,429743076459.188,387868194698.737,344218733292.243,298711030030.832,251256482802.135,201761172735.854,150125449444.743,96243473419.5506,40002709843.7062,-18716632847.6025,-80042227459.7545,-144110324716.33,-211066532858.351,-281066692826.12,-354277864002.801,-430879438299.079,-511064403749.595,-595040782911.034,-683033276367.544,-775285147773.756,-872060394362.704,-973646256047.225,-1080356127564.56,-1192532952078.26,-1310553191919.44,-1434831493555.57,-1565826190477.43,-1704045820838.74,-1850056878083.38,-2004493064645.32,-2168066383922.42,-2341580487736.5,-2525946800095.62,-2722204069383.4,-2931542168108.21,-3155331172581.03,-3395157028309.35,-3652865459149.42,-3930616234501.95,-4230950503311.28,-4556874683468.26,-4911965426028.77,-5300501547852.08,-5727630675512.14,-6199580857211.86,-6723930852863.39,-7309957604728.47,-7969086096074.06,-8715476222776.53,-9566794461708.21,-10545236085295,-11678886725323.3,-13003537111330.5,-14565077734828.4,-16422555171122.3,-18651734863747.7,-21348220245303.1,-24626965926841.7,-28610926682721.4,-33416970931608.9,-39537790118964.7,-56281661717678.2,0
"6365",1373504124521.29,1372267794477.16,1370887363597.85,1369357812928.73,1367673940489.98,1365830353748.18,1363821461732.09,1361641466773.85,1359284355855.07,1356743891536.29,1354013602447.13,1351086773312.65,1347956434490.38,1344615350990.57,1341056010950.58,1337270613532.66,1333251056212.15,1328988921421.24,1324475462511.15,1319701588993.07,1314657851015.88,1309334423035.58,1303721086628.75,1297807212398.92,1291581740921.46,1285033162668.91,1278149496854.66,1270918269128.84,1263326488055.42,1255360620294.9,1247006564411.5,1238249623218.03,1229074474565.51,1219465140477.97,1209404954525.4,1198876527320.31,1187861710014.67,1176341555664.82,1164296278322.13,1151705209696.02,1138546753224.49,1124798335374.26,1110436353978.63,1095436123405.88,1079771816334.45,1063416401892.66,1046341579900.8,1028517710931.7,1009913741881.29,990497126714.739,970233742024.188,949087797002.156,927021737399.138,903996142994.687,879969618067.804,854898674304.3,828737605525.214,801438353560.81,772950364528.256,743220434696.845,712192545041.702,679807683493.714,646003653788.924,610714869702.807,573872133321.965,535402395855.387,495228499316.942,453268897216.856,409437352178.933,363642608147.529,315788034558.568,265771239515.517,213483648626.755,158810045715.427,101628071095.762,41807672506.8275,-20789496910.7567,-86310740038.0992,-154913044020.9,-226763883907.257,-302042111628.795,-380938941911.158,-463659048660.77,-550421787732.079,-641462564824.138,-737034370702.003,-837409510129.494,-942881556016.09,-1053767566548.31,-1170410610781.58,-1293182657674.45,-1422487895311.9,-1558766561671.53,-1702499386475.12,-1854212766381.7,-2014484824215.87,-2183952538616.19,-2363320175382.5,-2553369308381.81,-2754970789304.49,-2969099115869.19,-3196849762360.35,-3439460181099.04,-3698335366703.57,-3975079106899.11,-4271532336629.3,-4589820381337.91,-4932411338142.22,-5302188419815.09,-5702539795773.69,-6137470322155.6,-6611740561512.68,-7131039621092.07,-7702199486115.7,-8333459444436.19,-9034789349837.66,-9818278713943.57,-10698592591130.3,-11693480031445.8,-12824286267040.6,-14116344046241.2,-15598956604737.7,-17304340082420.6,-19264194574453.5,-21501342936268.9,-24012851994232.9,-26748398203030.5,-29662068353904.2,-33447199039460,-43744483630615.6,0
"6360",1392874188472.42,1391911518966.15,1390814560905.76,1389578357393.72,1388197757673.13,1386667408774.24,1384981746758.58,1383134987538.94,1381121117251.95,1378933882158.58,1376566778046.56,1374013039106.67,1371265626253.54,1368317214859.47,1365160181867.75,1361786592249.97,1358188184769.39,1354356357009.93,1350282149627.8,1345956229779.83,1341368873679.55,1336509948228.79,1331368891668.99,1325934693192.65,1320195871451.18,1314140451891.17,1307755942846.11,1301029310305.71,1293946951279.36,1286494665664.22,1278657626522.22,1270420348663.17,1261766655423.67,1252679643523.6,1243141645872.87,1233134192192.07,1222637967299.85,1211632766909.27,1200097450762.83,1188009892923.01,1175346929020.85,1162084300249.58,1148196593873.5,1133657180003.97,1118438144374.32,1102510216823.83,1085842695177.11,1068403364179.03,1050158409117.46,1031072323734.53,1011107811993.39,990225683230.196,968384740179.97,945541659320.432,921650862928.176,896664382187.564,870531710632.754,843199647137.389,814612127593.639,784710044341.824,753431052322.827,720709360826.797,686475509602.245,650656127967.999,613173675435.239,573946162196.106,532886847667.222,489903915088.443,444900119966.682,397772409918.544,348411513200.003,296701492912.359,242519263536.155,185734066062.452,126206897557.267,63789890501.2255,-1674363317.02838,-70353550220.8921,-142426439988.656,-218083766585.235,-297529192741.388,-380980367994.466,-468670091155.597,-560847589755.599,-657779930896.41,-759753580160.651,-867076127888.446,-980078205319.917,-1099115616950.96,-1224571720122.59,-1356860088567.28,-1496427503633.76,-1643757325544.39,-1799373307738.04,-1963843930673.35,-2137787348120.62,-2321877059863.99,-2516848451023.69,-2723506371356.79,-2942733969748.68,-3175503051965.53,-3422886296423.34,-3686071746630.52,-3966380104007.4,-4265285475270.66,-4584440388683.62,-4925706086269.37,-5291189324412.35,-5683287165795.05,-6104741499329.92,-6558705231193.28,-7048822144978.6,-7579322127866.05,-8155132412714.32,-8782002961441.91,-9466638750441.07,-10216820984071.5,-11041478457651.9,-11950630661255.6,-12955049375630.1,-14065344652525.5,-15289916190599.5,-16630714658438.9,-18074844010273.5,-19578471372059.3,-21037484515330.1,-22239914610684.1,-22808351038518.4,-22056020705247.2,-15216353395617,0
"6355",1411035496289.31,1410355052616.73,1409556535151.94,1408635395061.68,1407586891820.56,1406406084492.26,1405087822581.64,1403626736434.36,1402017227159.45,1400253456048.42,1398329333463.11,1396238507162.63,1393974350037.89,1391529947220.13,1388898082527.94,1386071224214.64,1383041509975.66,1379800731172.7,1376340316228.91,1372651313145.69,1368724371089.1,1364549720989.69,1360117155096.14,1355416005418.73,1350435120994.33,1345162843899.75,1339586983935.12,1333694791893.29,1327472931325.44,1320907448706.15,1313983741894.64,1306686526780.73,1298999801996.08,1290906811562.48,1282390005338.75,1273430997117.86,1264010520214.03,1254108380367.56,1243703405781.42,1232773394089.19,1221295056038.14,1209243955653.79,1196594446633.85,1183319604698.81,1169391155604.2,1154779398495.71,1139453124261.4,1123379528507.07,1106524118748.95,1088850615384.04,1070320845960.62,1050894632230.86,1030529669422.56,1009181397118.13,986802861075.528,963344565267.004,938754313347.545,912977038694.21,885954622080.623,857625695965.974,827925434285.086,796785326523.935,764132934753.009,729891632167.672,693980321549.433,656313131913.206,616799091442.131,575341774631.691,531838921367.17,486182025441.066,438255889778.193,387938145373.455,335098730658.954,279599327700.155,221292751273.438,160022286496.256,95620970264.0626,27910811291.8377,-43298056939.9572,-118208296578.083,-197036365961.057,-280013607828.817,-367387433342.596,-459422610825.411,-556402668932.618,-658631424814.825,-766434648739.663,-880161877591.156,-1000188390659.12,-1126917362157.06,-1260782205952.34,-1402249129038.15,-1551819911299.21,-1710034930088.24,-1877476448993.04,-2054772190874.09,-2242599215702.23,-2441688123803.32,-2652827604636.87,-2876869349916.5,-3114733347274.99,-3367413566058.73,-3635984039003.99,-3921605330480.01,-4225531360259.65,-4549116515554.78,-4893822923327.73,-5261227652472.99,-5653029441757.19,-6071054253322.06,-6517258444675.04,-6993727480885.02,-7502666605514.42,-8046377284887.31,-8627208710461.46,-9247465728617.89,-9909240673544.29,-10614112095476.6,-11362610126095.6,-12153271866323.2,-12980976176090.2,-13834015406748.1,-14688970711655.1,-15501821278852.5,-16192692589711.4,-16619653403785.8,-16529648240769.1,-15426896460798.5,-11944037226971.6,-787955880493.229,0
"6350",1427231716981.42,1426753349572.78,1426177227169.03,1425499546288.32,1424716328759.68,1423823413196.3,1422816446035.62,1421690872122.64,1420441924811.69,1419064615560.31,1417553722987.29,1415903781365.21,1414109068516.05,1412163593076.28,1410061081096.05,1407794961934.48,1405358353410.9,1402744046169.18,1399944487209.37,1396951762538.11,1393757578885.84,1390353244435.27,1386729648502.11,1382877240104.62,1378786005354.48,1374445443596.49,1369844542219.71,1364971750056.93,1359814949283.49,1354361425720,1348597837436.43,1342510181547.47,1336083759080.88,1329303137791.43,1322152112783.66,1314613664795.72,1306669915985.51,1298302083047.64,1289490427476.3,1280214202774.39,1270451598393.25,1260179680169.88,1249374327009.47,1238010163540.48,1226060488446.81,1213497198157.02,1200290705543.68,1186409853256.69,1171821821282.2,1156492028284.17,1140384026247.07,1123459387896.76,1105677586331.08,1086995866241.72,1067369106054.75,1046749670257.65,1025087251115.73,1002328698909.97,978417839750.413,953295279934.931,926898195730.139,899160107350.518,870010635801.232,839375241129.907,807174940501.432,773326004367.102,737739628844.131,700321582252.971,660971823577.219,619584090413.331,576045453764.463,530235836803.927,482027494489.18,431284450646.887,377861888874.816,321605493318.47,262350735082.627,199922099734.529,134132251053.022,64781125885.3225,-8345045296.59827,-85474797777.5938,-166852577721.932,-252739978909.516,-343417076888.912,-439183866085.507,-540361804866.534,-647295472657.57,-760354341794.734,-879934664710.866,-1006461474063.73,-1140390689220.69,-1282211316723.09,-1432447724447.57,-1591661958478.73,-1760456057311.59,-1939474298728.4,-2129405288976.93,-2330983769640.94,-2544991972074.64,-2772260288781.79,-3013666950701.81,-3270136292326.55,-3542635043812.3,-3832165898293.57,-4139757346181.24,-4466448422190.7,-4813266541030.99,-5181195955140.06,-5571133481491.19,-5983826909694.29,-6419789764306.91,-6879183614743.47,-7361655546522.67,-7866113173594.32,-8390411825481.66,-8930916959065.62,-9481887396825.51,-10034598687142.5,-10576086666022.2,-11087335007462.3,-11540657783730.3,-11895961648807,-12095607843032.6,-12058002368371.3,-11671217171724.3,-10788336250985.6,-9210316224326.18,-6596014375777.91,-3432133752057.53,0
"6345",1441607789281.35,1441160268014.29,1440636064488.4,1440032406878.22,1439346381410.95,1438574924684.63,1437714815574.54,1436762666705.09,1435714915463.74,1434567814532,1433317421906.93,1431959590385.11,1430489956479.64,1428903928738.41,1427196675430.56,1425363111565.73,1423397885208.43,1421295363047.95,1419049615181.26,1416654399064.06,1414103142582.02,1411388926191.3,1408504464074.14,1405442084251.6,1402193707591.77,1398750825647.7,1395104477254.6,1391245223811.15,1387163123164.63,1382847702013.58,1378287926735.77,1373472172542.75,1368388190854.51,1363023074780.52,1357363222584.39,1351394299000.43,1345101194260.14,1338467980675.61,1331477866615.11,1324113147692.59,1316355154979.17,1308184200028.56,1299579516491.92,1290519198078.63,1280980132599.66,1270937931807.64,1260366856724.02,1249239738116.78,1237527891763.51,1225201028102.97,1212227155843.51,1198572479058.95,1184201287261.03,1169075837892.16,1153156230632.69,1136400272862.68,1118763335558.75,1100198198842.13,1080654886322.93,1060080487308.92,1038418965862.45,1015610955598.08,991593539013.177,966300010035.804,939659618356.417,911597293982.775,882033350319.948,850883163929.383,818056828962.106,783458784091.567,746987409591.229,708534592011.689,667985253712.904,625216844300.722,580098790806.487,532491903237.813,482247731923.893,429207872887.661,373203217311.585,314053141038.34,251564629983.537,185531337361.993,115732568779.339,41932191566.0004,-36122534703.3772,-118702208668.215,-206096619444.002,-298616159580.653,-396593314877.15,-500384223412.15,-610370290926.127,-726959842570.685,-850589781398.964,-981727210975.4,-1120870962028.31,-1268552939683.25,-1425339176538.1,-1591830435055.66,-1768662146961.04,-1956503402859.85,-2156054605872.63,-2368043270299.49,-2593217268890.81,-2832334595014.68,-3086148388445.9,-3355385548160.81,-3640716685448.39,-3942714406255.75,-4261795886719.51,-4598144332399.51,-4951602074674.87,-5321525609481.77,-5706589642235.74,-6104522961299.56,-6511753525284.93,-6922933436590.5,-7330306776095.27,-7722875850543.44,-8085317818500.45,-8396612707374.38,-8628385816222.33,-8743087540735.25,-8692430190939.63,-8417191177520.01,-7851085965218.12,-6935340227302.3,-5662122432821.98,-4210914841753.23,-3487866837460.39,-7401763220839.01,0
"6340",1455533482495.98,1454866830149.7,1454141072305.74,1453354652350.52,1452505919529.49,1451593122840.91,1450614404568.23,1449567793431.03,1448451197333.18,1447262395685.88,1445999031281.99,1444658601696.64,1443238450187.85,1441735756069.44,1440147524526.88,1438470575845.03,1436701534015.23,1434836814687.07,1432872612428.26,1430804887254.06,1428629350385.3,1426341449191.68,1423936351274.56,1421408927640.62,1418753734914.84,1415964996538.19,1413036582891.92,1409961990286.8,1406734318751.82,1403346248552.42,1399790015364.04,1396057384021.78,1392139620761.62,1388027463863.02,1383711092596.3,1379180094371.86,1374423429980.38,1369429396805.81,1364185589883.71,1358678860668.55,1352895273362.74,1346820058649.37,1340437564658.06,1333731204979.83,1326683403532.36,1319275536060.68,1311487868040.66,1303299488733.56,1294688241118.12,1285630647404.03,1276101829804.36,1266075426217.15,1255523500435.11,1244416446468.88,1232722886532.43,1220409562198.37,1207441218186.99,1193780478203.93,1179387712188.8,1164220894278.64,1148235450727.5,1131384096954.36,1113616662817.09,1094879905129.22,1075117306348.92,1054268858275.15,1032270829485,1009055515138.12,984550967659.222,958680706688.578,931363406563.709,902512559464.143,872036112217.407,839836074630.352,805808097079.277,769841014970.003,731816357571.391,691607818642,649080686221.266,604091228959.603,556486036437.278,506101311097.325,452762109730.136,396281532944.998,336459861811.193,273083641933.028,205924716752.061,134739213994.499,59266492100.5993,-20771942551.7019,-105673531434.208,-195755749215.925,-291357145465.599,-392838296417.407,-500582602968.223,-614996847577.412,-736511391259.565,-865579849665.636,-1002678030650.04,-1148301839731.32,-1302963757716.13,-1467187357313.55,-1641499140405.05,-1826416727926.58,-2022432097284.46,-2229988107106.96,-2449445934579.6,-2681040221436.28,-2924817608048.89,-3180552836564.91,-3447634604808.43,-3724910710331.46,-4010478583901.2,-4301402941705.25,-4593336963372.66,-4880017416366.88,-5152598534742.82,-5398786957807.68,-5601747083712.98,-5738777130194.66,-5779841746812.58,-5686250611797.95,-5410217936427.42,-4896944813504.33,-4092564658985.81,-2964241504516.19,-1544848115162.85,-40672976711.7378,831082304751.603,-899319705864.69,0
"6335",1471830537398.83,1470647139179.43,1469413954450.82,1468130666787.23,1466796925482.69,1465412341776.08,1463976484799.6,1462488877234.21,1460948990654.36,1459356240543.51,1457709980960.99,1456009498839.79,1454254007893.65,1452442642110.84,1450574448810.98,1448648381239.65,1446663290674.9,1444617918017.68,1442510884837.68,1440340683843.82,1438105668747.81,1435804043487.1,1433433850772.32,1430992959922.16,1428479053947.25,1425889615842.43,1423221914044.85,1420472987013.36,1417639626882.36,1414718362140.96,1411705439285.89,1408596803394.07,1405388077557.87,1402074541123.37,1398651106668.74,1395112295656.64,1391452212691.04,1387664518305.11,1383742400202.89,1379678542873.13,1375465095489.03,1371093638002.66,1366555145337.59,1361839949577.12,1356937700039.44,1351837321124,1346526967806.01,1340993978647.47,1335224826184.56,1329205064541.06,1322919274106.86,1316351003108.83,1309482705888.32,1302295677685.37,1294769985714.17,1286884396297.24,1278616297807.21,1269941619144.53,1260834743457.42,1251268416785.88,1241213651285.79,1230639622660.26,1219513561395.38,1207800637364.73,1195463837332.38,1182463834848.09,1168758851990.11,1154304512372.43,1139053684794.18,1122956316870.23,1105959257945.74,1088006070564.56,1069036829734.74,1048987909216.95,1027791754057.02,1005376638597.55,981666409241.784,956580211314.541,930032199480.086,901931231349.44,872180544157.581,840677414735.843,807312803476.176,771970983617.846,734529158031.405,694857066790.012,652816590283.644,608261354549.515,561036347996.151,510977561963.414,457911671816.495,401655780821.76,342017256298.338,278793697017.287,211773083245.5,140734177165.29,65447262936.9592,-14324655838.9639,-98824045687.0649,-188296213904.772,-282985587014.674,-383130533433.053,-488956245245.978,-600665029987.13,-718423141431.065,-842342977629.626,-972459066177.317,-1108695702506.16,-1250823355631.47,-1398399940250.05,-1550691689656.55,-1706566548750.3,-1864350629699.34,-2021635239663.82,-2175018280622.4,-2319759620283.77,-2449325993775.4,-2554798764763.99,-2624121103418.24,-2641177404734.95,-2584742168623.01,-2427437218413.73,-2135048754805.95,-1666965956573.75,-979172451381.716,-31635175075.4671,1202601930294.51,2768191969238.81,5062979279623.07,10435974026153.5,0
"6330",1494807303264.99,1492814092575.37,1490767548496.69,1488668411743.8,1486517454665.42,1484315480474.74,1482063322326.89,1479761842231.72,1477411929789.38,1475014500735.84,1472570495284.59,1470080876250.08,1467546626937.93,1464968748786.01,1462348258739.8,1459686186344.75,1456983570537.44,1454241456116.8,1451460889875.63,1448642916372,1445788573319.39,1442898886573.51,1439974864693.14,1437017493051.61,1434027727474.64,1431006487379.89,1427954648392.84,1424873034412.92,1421762409103.69,1418623466780.06,1415456822665.61,1412263002492.61,1409042431417.48,1405795422224.33,1402522162789.73,1399222702782.01,1395896939569.35,1392544603311.59,1389165241212.09,1385758200907.14,1382322612972.71,1378857372529.99,1375361119934.29,1371832220534.51,1368268743494.36,1364668439670.4,1361028718546.85,1357346624232.66,1353618810532.42,1349841515109.93,1346010532771.05,1342121187901.79,1338168306107.4,1334146185109.96,1330048564974.69,1325868597749.59,1321598816619.27,1317231104691.86,1312756663558.47,1308165981787.31,1303448803540.64,1298594097531.61,1293590026571.22,1288423917992.57,1283082235282.56,1277550551299.15,1271813523508.39,1265854871738.74,1259657359024.69,1253202776196.7,1246471930974.56,1239444642437.62,1232099741882.07,1224415081236.5,1216367550397.14,1207933105069.51,1199086806970.91,1189802878566.86,1180054774894.92,1169815275483.09,1159056599913.48,1147750551231.49,1135868692179.28,1123382560163.84,1110263927985.66,1096485118688.52,1082019384486.68,1066841361631.01,1050927615347.94,1034257291690.02,1016812896351.12,998581224308.995,979554468662.678,959731542341.645,939119652600.332,917736175507.247,895610886131.627,872788609962.389,849332372394.923,825327135996.68,800884229765.203,776146590680.251,751294955319.125,726555157675.262,702206707676.614,678592841612.213,656132247965.937,635332675406.948,616806616314.43,601289216862.877,589658473323.507,582957601519.581,582419160670.714,589489993387.925,605855189430.052,633457928265.181,674510037312.874,731485434937.739,807086144909.29,904171831847.009,1025660372180.43,1174471962972.9,1353789040946.39,1568440256428.32,1829478504828.1,2166506444855.67,2656326962069.09,3489846751615.17,5237458966462.48,10605456476718.7,0
"6325",1529992283012.95,1526972989218.03,1523880425620.65,1520715971260.69,1517481099594.68,1514177381158.49,1510806486237.78,1507370187541.77,1503870362874.93,1500308997801.43,1496688188296.46,1493010143378.34,1489277187715.04,1485491764198.25,1481656436477.97,1477773891450.13,1473846941689.72,1469878527821.32,1465871720819.02,1461829724227.37,1457755876294.99,1453653652012.45,1449526665045.89,1445378669558.44,1441213561911.16,1437035382236.24,1432848315875.39,1428656694677.21,1424464998148.32,1420277854454.31,1416100041267.91,1411936486463.78,1407792268661.45,1403672617620.46,1399582914495.05,1395528691959.14,1391515634216.84,1387549576918.31,1383636507006.94,1379782562529.89,1375994032452.05,1372277356521.79,1368639125246.92,1365086080050.59,1361625113689.48,1358263271031.49,1355007750306.35,1351865904961.47,1348845246276.2,1345953446911.86,1343198345601.18,1340587953211.54,1338130460449.99,1335834247516.36,1333707896053.57,1331760203792.5,1330000202342.52,1328437178639.53,1327080700631.13,1325940647854.55,1325027247648.29,1324351117834.04,1323923316812.51,1323755402137.18,1323859498764.67,1324248378332.14,1324935550982.29,1325935371447.93,1327263161323.73,1328935349695.82,1330969634573.93,1333385167880.67,1336202767103.24,1339445157110.07,1343137246085.87,1347306440051.17,1351983001015.79,1357200454480.75,1362996052762.42,1369411301479.17,1376492557532.96,1384291708051.41,1392866941052.86,1402283620078.34,1412615276724.72,1423944736937.22,1436365399100.31,1449982684425.37,1464915682884.68,1481299020986.33,1499284981003.47,1519045904809.31,1540776919118.25,1564699022502.16,1591062577722.26,1620151255189.88,1652286473963.46,1687832384421.61,1727201429842.21,1770860509916.48,1819337743816.55,1873229788046.42,1933209596476,2000034404292.52,2074553555988.75,2157715553486.77,2250573335478.27,2354286256811.1,2470116435492.59,2599415956063.22,2743599690798.44,2904095980132.2,3082263756713.49,3279259430234.1,3495829347997.25,3731993147828.93,3986569053570.22,4256473770411.37,4535708347241.16,4813923044317.32,5074457046951.41,5291822627810.87,5428878332448.65,5434743286169.91,5246646659691.3,4803988332787.78,4091219680094.85,3208908199020.24,2166813191434.32,-1670577672453.45,0
"6320",1583463731231.24,1579365331135.24,1575155994317,1570837095362.46,1566410151249.79,1561876827417.33,1557238944026.64,1552498482425.09,1547657591812.56,1542718596116.84,1537684001082.5,1532556501578.01,1527338989126.02,1522034559662.12,1516646521527.12,1511178403698.68,1505633964267.89,1500017199167.19,1494332351156.09,1488583919071.75,1482776667352.16,1476915635840.25,1471006149877.95,1465053830700.5,1459064606142.12,1453044721665.58,1447000751729.9,1440939611511.95,1434868569000.07,1428795257480.03,1422727688436.8,1416674264898.51,1410643795253.05,1404645507572.05,1398689064481.83,1392784578627.07,1386942628779.15,1381174276648.99,1375491084472.86,1369905133449.53,1364429043118.47,1359075991781.91,1353859738088.04,1348794643909.78,1343895698672.36,1339178545304.74,1334659508014.67,1330355622114.81,1326284666159.47,1322465196686.8,1318916585902.63,1315659062687.21,1312713757359.04,1310102750687.72,1307849127714.9,1305977037016.75,1304511756126.18,1303479763928.24,1302908820949.94,1302828058586.72,1303268078444.89,1304261063133.27,1305840900011.24,1308043319595.98,1310906050552.57,1314468993439.06,1318774415659.18,1323867170390.62,1329794942613.54,1336608525764.6,1344362132994.86,1353113747520.1,1362925517128.28,1373864198558.6,1386001658200.86,1399415436392.52,1414189383527.57,1430414377249.86,1448189131200.13,1467621107139.37,1488827543801.03,1511936617554.84,1537088751919.54,1564438095169.42,1594154187767.85,1626423844161.16,1661453276606.1,1699470492210.28,1740727998254.37,1785505855141.18,1834115120957.49,1886901736578.15,1944250905360.03,2006592026540.07,2074404246087,2148222692349.12,2228645465435.04,2316341447386.7,2412058992613.31,2516635541371.44,2631008168237.75,2756225024973.21,2893457551688.62,3044013195119.21,3209348163384.94,3391079426232.74,3590994684177.68,3811058298825.97,4053410080960.65,4320352196563.1,4614317013569.04,4937805090497.35,5293277140825.19,5682975879967.14,6108642012151.75,6571071621651.95,7069437723853.29,7600263973094.55,8155890439180.45,8722207181582.64,9275349791453.8,9776953395600.64,10167449477394.3,10356755963789.2,10211561391679.1,9538743878277.82,8070144829265.49,5495136162378.48,1755488430415.12,-3055293836499.37,0
"6315",1660705557547.28,1655727196381.46,1650584407263.55,1645277760385.89,1639807989225.5,1634175999352.02,1628382877618.23,1622429901748.35,1616318550340.34,1610050513298.6,1603627702714.44,1597052264212.46,1590326588781.5,1583453325109.98,1576435392446.14,1569275994004.71,1561978630942.56,1554547116927.02,1546985593321.71,1539298545016.21,1531490816927.01,1523567631199.05,1515534605138.74,1507397769911.27,1499163590036.93,1490838983723.9,1482431344076.95,1473948561224.76,1465399045411.53,1456791751102.11,1448136202153.93,1439442518113.09,1430721441697.49,1421984367534.82,1413243372229.99,1404511245843.4,1395801524869.43,1387128526813.67,1378507386477.31,1369954094068.87,1361485535276.32,1353119533447.23,1344874894041.62,1336771451540.55,1328830119015.4,1321072940586.64,1313523147028.7,1306205214808.53,1299144928881.03,1292369449604.5,1285907384185.09,1279788863110.65,1274045622093.27,1268711090106.51,1263820484178.53,1259410911688.61,1255521481011.71,1252193421466.1,1249470213645.02,1247397731355.16,1246024396546.79,1245401348803.53,1245582631167.94,1246625394315.26,1248590121355.64,1251540875849.18,1255545575963.23,1260676298092.55,1267009613707.01,1274626963695.06,1283615075042.13,1294066425330.96,1306079761284.62,1319760678405.89,1335222269709.36,1352585852612.07,1371981784258.73,1393550376929.53,1417442926730.13,1443822870520.45,1472867088025.36,1504767368315.6,1539732062383.6,1577987946399.79,1619782323460.59,1665385395267.69,1715092939255.35,1769229331249.09,1828150958841.51,1892250076344.15,1961959158450.07,2037755816628.86,2120168349754.92,2209782008469.82,2307246061150.26,2413281757816.96,2528691296408.78,2654367902795.08,2791307140497.33,2940619566449.79,3103544842346.27,3281467392761.25,3475933664579.24,3688670977158.95,3921607843807.56,4176895469553.29,4456929853361.04,4764373493019.07,5102175030141.95,5473584164206.49,5882157632416.93,6331749731416.58,6826477346842.54,7370644150042.42,7968600592731.89,8624504161453.87,9341925846556.88,10123220465947.4,10968534695758.8,11874257552561.4,12830604714120.5,13817828655812.2,14800154034574.5,15715641839818.7,16457813940536.5,16837895735415.2,16495752965640,14681275241757.8,9994447894446.2,4939520452210.32,0
"6310",1764986727446.15,1759653576946.71,1754092571653.07,1748302648085.92,1742282890056.8,1736032538837.05,1729551003856.55,1722837873958.64,1715892929238.42,1708716153493.28,1701307747315.6,1693668141859.69,1685798013315.84,1677698298126.82,1669370208983.37,1660815251637.52,1652035242574.39,1643032327585.24,1633809001287.01,1624368127635.77,1614712961484.28,1604847171236.42,1594774862654.34,1584500603877.31,1574029451714.49,1563366979277.69,1552519305023.81,1541493123281.14,1530295736338.04,1518935088177.55,1507419799946.81,1495759207255.78,1483963399406.54,1472043260660.77,1460010513660.95,1447877765129.12,1435658553975.84,1423367401962.38,1411019867069.95,1398632599742.29,1386223402181.24,1373811290890.24,1361416562677.34,1349060864348.02,1336767266339.03,1324560340567.84,1312466242798.56,1300512799854.27,1288729602039.37,1277148101171.98,1265801714669.19,1254725936174.74,1243958453272.49,1233539272889.71,1223510855062.69,1213918255815.09,1204809279987.95,1196234644960.41,1188248156314.51,1180906896627.53,1174271428722.72,1168406014878.43,1163378853687.59,1159262336478.45,1156133325458.26,1154073456026.79,1153169466032.89,1153513555120.33,1155203777734.49,1158344473848.77,1163046742025.27,1169428960060.21,1177617359191.02,1187746658671.64,1199960768470.68,1214413568929.34,1231269777450.99,1250705913703.02,1272911376417.09,1298089646702.16,1326459634864.56,1358257190092.89,1393736795048.21,1433173470439.48,1476864918103.99,1525133934996.88,1578331134872.09,1636838019360.94,1701070445679.24,1771482544375.6,1848571147432.42,1932880794706.88,2025009395214.37,2125614629173.5,2235421187117.01,2355228953795.56,2485922257144.94,2628480316352.72,2783989038192.88,2953654327511.56,3138817096388.9,3340970177636.89,3561777372860.8,3803094894886.72,4066995501572.59,4355795667286.44,4672086207038.88,5018766868767.8,5399085562309.08,5816683133820.85,6275644979752.17,6780561421035.18,7336599784343,7949592819531.86,8626150825888.36,9373809277201.42,10201230684735,11118489940629.7,12137487174668.1,13272550231951.3,14541303752669.6,15965873131885.9,17574409170535.3,19402660146559.6,21494700362530.6,23900468463808.2,26661371255221.5,29716552218076.1,32012791068068.7,22029471790494.2,0
"6305",1895362253957.79,1890562734978.93,1885471937562.68,1880086484196.83,1874403088153.89,1868418563056.6,1862129833034.4,1855533943504.42,1848628072612.82,1841409543373.93,1833875836547.2,1826024604294.13,1817853684659.63,1809361116925.11,1800545157883.14,1791404299086.48,1781937285127.53,1772143133007.06,1762021152655.16,1751570968670.59,1740792543348.7,1729686201072.46,1718252654145.27,1706493030149.22,1694408900917.06,1682002313212.09,1669275821215.02,1656232520923.83,1642876086578.2,1629210809227.67,1615241637569.61,1600974221190.98,1586414956356.59,1571571034494.88,1556450493542.64,1541062272319.73,1525416268116.42,1509523397687.59,1493395661860.89,1477046213979.96,1460489432418.36,1443740997416.27,1426817972509.28,1409738890837.49,1392523846643.6,1375194592291.23,1357774641158.44,1340289376788.76,1322766168710.29,1305234495365.83,1287726074631.7,1270275002441.55,1252917900073.96,1235694070709.69,1218645665916.67,1201817862778.79,1185259052449.21,1169021040981.32,1153159263371.02,1137733011835.29,1122805679453.78,1108445020415.6,1094723428243.89,1081718233518.11,1069512022781.73,1058192980513.56,1047855256258.4,1038599359260.35,1030532583226.29,1023769464171.6,1018432274672.86,1014651558280.1,1012566708332.7,1012326595988.38,1014090252925.25,1018027614925.78,1024320333413.42,1033162663004.68,1044762434280.96,1059342122296.52,1077140022845.66,1098411550240.79,1123430672331.65,1152491500756.88,1185910056996.19,1224026237720.09,1267206006251.77,1315843840699.26,1370365473523.09,1431230962010.5,1498938134364.67,1574026461918.09,1657081414371.76,1748739361979.51,1849693096283.72,1960698049443.36,2082579301517.95,2216239475556.86,2362667632493.97,2522949292582.35,2698277729040.66,2889966705524.21,3099464866738.9,3328372048955.85,3578457867560.37,3851683083767.32,4150224487661.02,4476504417358.16,4833226657790.27,5223421478902.91,5650504227877.33,6118354582973.43,6631427958857.15,7194917688159.33,7814998232077.02,8499198646732.48,9256986524293.84,10100693266077.2,11046994194090.1,12119291510369.9,13351566029729,14794615641669.9,16526172893906.3,18667385966781.5,21410180370557.7,25065782008928.3,30167888861355.4,37784339331006.7,50958896840240.4,83845823129001.1,0
"6300",2044519056779.03,2041483539920.36,2038106425098.68,2034381686578.76,2030303298158.12,2025865239963.56,2021061505776.39,2015886110921.52,2010333100757.2,2004396559805.12,1998070621563.02,1991349479044.62,1984227396094.78,1976698719530.95,1968757892165.22,1960399466765.04,1951618121014.36,1942408673541.22,1932766101081.93,1922685556856.96,1912162390238.49,1901192167794.69,1889770695802.05,1877894044322.4,1865558572948.37,1852760958327.62,1839498223583.54,1825767769758.12,1811567409410.98,1796895402517.55,1781750494818.9,1766131958785.83,1750039637370.89,1733473990733.34,1716436146134.44,1698927951213.72,1680952030870.62,1662511847991.03,1643611768273.88,1624257129429.84,1604454315042.24,1584210833399.03,1563535401625.25,1542438035466.46,1520930145096.69,1499024637348.53,1476736024788.33,1454080542086.89,1431076270164.18,1407743268617.42,1384103716973.18,1360182065338.24,1336005195059.16,1311602590037.98,1287006519390.48,1262252232174.64,1237378164960.24,1212426163055.24,1187441716252.37,1162474210008.03,1137577193017.39,1112808662202.92,1088231366189.25,1063913128395.08,1039927190933,1016352580570.51,993274498070.147,970784732294.221,948982100529.575,927972916561.152,907871488099.632,888800645249.133,870892301786.32,854288051113.219,839139798843.905,825610434091.223,813874541636.028,804119157289.758,796544568904.464,791365165645.453,788810338323.586,789125433790.592,792572766634.615,799432691677.571,810004741072.33,824608830126.093,843586536332.831,867302456473.771,896145647023.966,930531153458.138,970901634337.72,1017729086221,1071516675380.97,1132800681919.51,1202152560971.9,1280181124100.34,1367534841437.79,1464904261399.33,1573024539581.53,1692678061679.23,1824697136995.4,1969966730110.49,2129427190333.08,2304076935527,2494975056245.95,2703243841443.32,2930071312499.14,3176714029637.88,3444500774884.26,3734838337486.1,4049221729098.57,4389253064101.06,4756676594115.94,5153442872171.95,5581824204452.74,6044618855436.45,6545506982738.11,7089663952703.06,7684808701375.77,8342988103432.54,9083613794997.16,9938654020575.13,10961591609322.8,12243069812839.7,13938465059074.5,16315851209409.2,19831959904853,25205610059939,33215908646537.9,43211929544005.3,0
"6295",2196818049498.03,2197022274288.51,2196861988637.16,2196328696640.57,2195413792357.21,2194108562066.29,2192404186864.14,2190291745625,2187762218355.48,2184806489974.08,2181415354549.56,2177579520034.6,2173289613533.76,2168536187148.1,2163309724441.7,2157600647579.04,2151399325185.77,2144696080989.74,2137481203303.1,2129744955411.42,2121477586940.48,2112669346277.14,2103310494126.36,2093391318292.82,2082902149782.61,2071833380327.53,2060175481442.59,2047919025135.9,2035054706399.04,2021573367616.25,2007466025040.9,1992723897499.62,1977338437496.11,1961301364900.33,1944604703422.51,1927240820086.6,1909202467934.07,1890482832206.01,1871075580270.35,1850974915580.49,1830175635972.79,1808673196632.94,1786463778084.9,1763544359581.77,1739912798304.32,1715567914802.01,1690509585140.52,1664738840251.92,1638257973016.26,1611070653637.99,1583182053916.38,1554598981046.14,1525330021622.48,1495385696563.83,1464778627704.41,1433523716848.35,1401638338115.52,1369142544446.79,1336059289171.67,1302414663573.43,1268238151414.67,1233562901407.83,1198426018629.31,1162868875879.39,1126937445981.38,1090682655988.19,1054160764219.81,1017433760985.54,980569793745.971,943643617334.069,906737069675.618,869939573217.526,833348661977.727,797070533760.285,761220626619.927,725924218094.354,691317045031.423,657545940998.312,624769487245.211,593158671975.669,562897551213.96,534183902814.92,507229863085.234,482262533020.972,459524538248.211,439274523305.727,421787556840.799,407355419496.129,396286740623.154,388906943316.957,385557949454.202,386597587214.969,392398632723.253,403347404630.803,419841815299.292,442288764209.44,471100737710.757,506691453411.506,549470356344.14,599835736154.196,658166188144.932,724810083678.586,800072644020.033,884200121992.295,977360482167.06,1079619825198.18,1190913615163.56,1311011526566.91,1439474410718.34,1575601461912.23,1718365100494.8,1866330315854.12,2017554113412.13,2169459078220.4,2318672508164.65,2460818306540.32,2590241318909.68,2699630012690.84,2779477421075.7,2817270977661.41,2796209350058.14,2693075929572.46,2474608113376.18,2091242675070.73,1466480347851.48,479240825200.593,-1066643023529.95,-3524235755921.12,-7938309216746.69,-21641310601545.2,0
"6290",2326982962924.5,2331970737199.7,2336611134551.3,2340893955740.88,2344808788725.97,2348345005669,2351491760001.15,2354237983552.05,2356572383757.45,2358483440958.45,2359959405806.83,2360988296793.17,2361557897915.44,2361655756508.03,2361269181253.16,2360385240398.51,2358990760207.74,2357072323672.92,2354616269520.99,2351608691549.45,2348035438330.09,2343882113323.3,2339134075449.92,2333776440171.88,2327794081138.33,2321171632459.17,2313893491674.13,2305943823492.21,2297306564383.39,2287965428112.61,2277903912314.64,2267105306217.83,2255552699635.28,2243228993353.02,2230116911057.11,2216199012955.17,2201457711261.95,2185875287734.88,2169433913462.32,2152115671126.07,2133902579979.78,2114776623806.79,2094719782144.49,2073714065087.78,2051741552011.43,2028784434580.73,2004825064451.24,1979846006092.08,1953830095203.05,1926760503234.18,1898620808556.05,1869395074872.27,1839067937509.08,1807624698263.71,1775051429540.33,1741335088550.91,1706463642407.52,1670426204980.83,1633213186447.27,1594816456491.5,1555229522172.04,1514447721491.49,1472468433739.07,1429291307686.86,1384918508719.34,1339354985954.34,1292608760365.27,1244691234833.94,1195617526941.11,1145406825128.03,1094082768624.17,1041673851219.36,988213848544.149,933742267988.432,878304819710.343,821953906331.427,764749127845.14,706757796936.844,648055458272.279,588726403293.468,528864169590.508,468572010904.18,407963320150.916,347161983421.837,286302637541.46,225530797303.585,165002810724.418,104885591323.593,45356065278.6567,-13399742033.0573,-71188071473.7946,-127809357813.611,-183060852265.639,-236740099022.201,-288649456211.317,-338601888558.639,-386428302402.044,-431986744638.826,-475173846971.691,-515938967034.208,-554301560630.315,-590372417112.994,-624379506667.127,-656699329627.904,-687894832789.622,-718761180149.989,-750380959108.218,-784190806998.288,-822062023315.909,-866398603059.288,-920257479648.373,-987497934485.404,-1072970688975.31,-1182763142168.44,-1324527300522.98,-1507934252489.47,-1745329089378.75,-2052712990963.03,-2451273355477.01,-2969853629398.43,-3649070782641.32,-4548388897339.87,-5758628880145.63,-7424736201301.07,-9788346076628.16,-13268688865075.2,-18612253524984.6,-27107509589532.8,-40256900508615.4,-52174242153856,0
"6285",2399919755050.14,2411056135163.77,2421910022251.21,2432470807972.47,2442727603422.17,2452669231703.64,2462284220267.74,2471560793006.92,2480486862095.18,2489050019563.85,2497237528603.23,2505036314579.54,2512432955756.45,2519413673710.43,2525964323428.58,2532070383077.92,2537716943434.53,2542888696961.39,2547569926523.33,2551744493728.08,2555395826882.25,2558506908551.64,2561060262715.83,2563037941507.39,2564421511527.07,2565192039727.45,2565330078858.59,2564815652470.97,2563628239472.79,2561746758241.06,2559149550288.31,2555814363490.2,2551718334882.46,2546837973040.23,2541149140057.34,2534627033148.75,2527246165905.73,2518980349240.47,2509802672065.17,2499685481759.87,2488600364493.76,2476518125476.85,2463408769231.64,2449241479990.13,2433984602337.37,2417605622242.05,2400071148634.8,2381346895718.12,2361397666216.75,2340187335805.71,2317678838983.18,2293834156689.39,2268614306008.6,2241979332331.19,2213888304395.03,2184299312671.19,2153169471607.76,2120454926296.77,2086110864183.25,2050091532491.2,2012350262098.19,1972839498647.55,1931510841742.65,1888315093120.97,1843202314752.41,1796121897845.38,1747022643769.81,1695852857914.99,1642560457484.11,1587093094180.09,1529398292647.01,1469423605387.5,1407116784661.61,1342425971568.75,1275299902097.17,1205688129365.32,1133541260540.96,1058811205961.29,981451436737.775,901417245543.737,818666003271.66,733157401708.543,644853669191.297,553719742221.353,459723371058.733,362835131162.964,263028304738.604,160278587259.598,54563562309.0063,-54138126076.0409,-165847991661.073,-280589424066.505,-398390041438.437,-519284843608.693,-643320369090.918,-770560104314.513,-901091447420.21,-1035034593145.07,-1172553781322.91,-1313871440881.36,-1459285865467.8,-1609193177403.47,-1764114474739.85,-1924729212653.24,-2091916045846.46,-2266802553620.38,-2450825485338.56,-2645803405739.94,-2854023899269.74,-3078347839490.38,-3322333707162.31,-3590385678381.28,-3887930454812.63,-4221630045325.5,-4599641791526.64,-5031944367988.75,-5530761841389.03,-6111141308135.66,-6791779573866.97,-7596259984299.23,-8554963666848.19,-9708073290692.44,-11110307322086.1,-12838351396501,-15002630807171.2,-17767492997454.2,-21396509747059.3,-26421979140111.9,-34697755030733.2,-57347670047577.6,0
"6280",2372085551379,2390270818086.96,2408286105388.58,2426122000820.75,2443768801558.85,2461216504928.23,2478454798489.67,2495473049672.27,2512260294925.81,2528805228362.37,2545096189854.84,2561121152558.12,2576867709815.86,2592323061413.44,2607473999135.09,2622306891579.95,2636807668189.15,2650961802432.32,2664754294098.81,2678169650634.99,2691191867465.03,2703804407228.8,2715990177865.57,2727731509467.99,2739010129825.75,2749807138573.15,2760102979849.29,2769877413374.18,2779109483837.49,2787777488490.87,2795858942827.95,2803330544229.15,2810168133441.31,2816346653754.79,2821840107732.79,2826621511339.45,2830662845305.62,2833935003561.86,2836407738560.25,2838049603297.38,2838827889841.97,2838708564161.53,2837656197033.46,2835633890816.98,2832603201853.43,2828524058253.82,2823354672824.4,2817051450873.15,2809568892632.88,2800859490030.52,2790873617526.46,2779559416743.83,2766862674604.51,2752726694687.79,2737092161527.89,2719896997569.75,2701076212507.62,2680561744739.39,2658282294680.57,2634163149697.24,2608126000435.28,2580088748346.54,2549965304239.67,2517665377715.41,2483094257382.88,2446152581795.42,2406736101090.83,2364735429371.87,2320035787917.69,2272516739374.02,2222051913128.21,2168508722131.81,2111748071485.75,2051624059145.09,1987983669127.31,1920666457610.91,1849504232278.62,1774320725178.05,1694931259222.65,1611142408213.78,1522751649898.37,1429547011046.53,1331306702786.7,1227798743407.13,1118780564436.75,1003998593947.24,883187808536.472,756071242186.398,622359435918.583,481749806622.539,333925906260.902,178556533431.655,15294647456.6847,-156223979888.954,-336382458995.933,-525584931498.098,-724259312214.363,-932860800178.28,-1151876381844.08,-1381830607129.22,-1623292988898.41,-1876887460269,-2143304422549.83,-2423316029208.34,-2717795474950.05,-3027741186234.37,-3354306925036.43,-3698838893063.99,-4062920909009.98,-4448428541135.07,-4857592566951.03,-5293071058413.52,-5758027347287.78,-6256207421169.18,-6792003750671.45,-7370481073466.26,-7997319513877.08,-8678594613928.02,-9420248854508.57,-10226987594408,-11100095478990.1,-12033185397173.2,-13003847489161.4,-13956777005857.8,-14768184462068.4,-15166586666774.3,-14545221349270.6,-11476604575562.4,-2170136355346.14,26161798985105.6,0
"6275",2194646522903.31,2220038309960.2,2245410698870.62,2270757046342.99,2296070476045.35,2321343870428.44,2346569862123.14,2371740824880.02,2396848864015.95,2421885806329.97,2446843189446.97,2471712250544.63,2496483914414.93,2521148780807.59,2545697110998.21,2570118813519.05,2594403428985.11,2618540113942.55,2642517623660.01,2666324293777.2,2689948020717.3,2713376240762.43,2736595907682.43,2759593468798.61,2782354839353.59,2804865375048.24,2827109842594.72,2849072388122.31,2870736503259.32,2892084988699.7,2913099915047.18,2933762580713.29,2954053466626.71,2973952187492.53,2993437439318.19,3012486942900.54,3031077382943.89,3049184342452.47,3066782232012.75,3083844213550.4,3100342118114.42,3116246357205.71,3131525827130.28,3146147805816.9,3160077841496.4,3173279632593.54,3185714898134.02,3197343237916.19,3208121981641.88,3218006026141.03,3226947659761.92,3234896372931.51,3241798653819.43,3247597767963.79,3252233520637.48,3255642000649.3,3257755304186.49,3258501237212.06,3257802994833.41,3255578815957.77,3251741611444.94,3246198563859.49,3238850696813.21,3229592411775.69,3218310990116.35,3204886058027.41,3189189011865.79,3171082401344.52,3150419267904.62,3127042435509.88,3100783751034.13,3071463271360.12,3038888394287.55,3002852930365.22,2963136112830.25,2919501542969.96,2871696068438.81,2819448592384.39,2762468811693.34,2700445883292.81,2633047018280.21,2559916004756.13,2480671661667.64,2394906227812.66,2302183692508.93,2202038077414.18,2093971682744.08,1977453315850.5,1851916526009.99,1716757876591.93,1571335294838.48,1414966550665.89,1246927929625.99,1066453181961.22,872732850139.46,664914102043.978,442101226881.169,203356986690.143,-52294941007.8535,-325866143471.927,-618397930884.198,-930953658733.05,-1264608421917.97,-1620435538263.45,-1999489137746.58,-2402782059593.11,-2831258129631.2,-3285757737736.49,-3766975442792.67,-4275408062082,-4811291271761.53,-5374521987078.05,-5964562369209.37,-6580318562689.38,-7219981940330.68,-7880810334499.11,-8558807028089.93,-9248218082286.56,-9940699564327.41,-10623881101386.3,-11278832816378.2,-11875578719657.2,-12365254121070,-12666857669177.3,-12646305254589.1,-12087320547434.3,-10661868342498.1,-7934180790999.77,-3575637293020.79,771866561853.986,0
"6270",1818380004233.85,1850180635905.56,1882131906560.36,1914231094019.55,1946475357313.7,1978861733130.15,2011387132058.44,2044048334611.84,2076841987000.41,2109764596628.44,2142812527285.92,2175981994000.55,2209269057512.97,2242669618333.82,2276179410337,2309793993838.17,2343508748102.56,2377318863219.91,2411219331277.99,2445204936758.73,2479270246073.4,2513409596144.43,2547617081931.8,2581886542791.82,2616211547544.35,2650585378112.08,2685001011581.67,2719451100521.43,2753927951373.72,2788423500721.97,2822929289212.61,2857436432890.19,2891935591680.29,2926416934728.98,2960870102278.68,2995284163729.56,3029647571501.27,3063948110272.9,3098172841137.93,3132308040167.03,3166339130822.64,3200250609616.58,3234025964343.89,3267647584163.05,3301096660723.96,3334353079469.78,3367395300156.81,3400200225547.49,3432743057133.88,3464997136643.14,3496933771960.9,3528522045982.53,3559728606765.21,3590517437204.85,3620849602299.44,3650682971884.23,3679971916532.49,3708666974107.32,3736714484224.33,3764056187639.79,3790628787313.44,3816363467607.98,3841185367776.36,3865013005553.22,3887757646305.11,3909322612806.4,3929602530291.22,3948482500987.01,3965837201862.29,3981529898819.35,3995411370035.97,4007318730609.19,4017074150086.02,4024483453886.71,4029334599047.06,4031396014142.8,4030414792731.05,4026114729181.1,4018194185406.2,4006323776801.19,3990143865704.62,3969261851027.75,3943249243441.31,3911638516837.29,3873919728882.15,3829536906606.46,3777884197462.21,3718301792548.05,3650071637300.22,3572412956572.09,3484477636574.03,3385345526758.79,3274019751870.04,3149422159866.84,3010389077626.11,2855667606146.1,2683912764108.04,2493685887688.25,2283454821126.44,2051596593703,1796403482878.51,1516093620419.5,1208827620013.28,872733104209.585,505939499338.115,106626062548.839,-326913184753.058,-796183116131.281,-1302374322102.18,-1846216677862.05,-2427792290816.97,-3046299736113.22,-3699761317387.69,-4384666046908.81,-5095544092426.36,-5824475208877.82,-6560546886828.31,-7289302267861.76,-7992261545796.79,-8646678927085.72,-9225840740778.42,-9700484740900.75,-10042483174641.3,-10233207532533.4,-10282292685367.6,-10272370997407.1,-10478344155377.2,-11726191688149,-16538038845177,-31837596192887.7,0
"6265",1199928883804.37,1236292892682.03,1272972059404.64,1309967987440.66,1347282303534.14,1384916660781.45,1422872741897.56,1461152262674.69,1499756975635.75,1538688673883.43,1577949195145.12,1617540426011.83,1657464306367.96,1697722834006.79,1738318069424.01,1779252140779.55,1820527249014.43,1862145673106.58,1904109775445.25,1946422007299.72,1989084914352.82,2032101142264.34,2075473442223.27,2119204676440.64,2163297823526.79,2207755983688.31,2252582383669.5,2297780381352.46,2343353469917.29,2389305281449.78,2435639589868.74,2482360313027.51,2529471513824.8,2576977400138.67,2624882323373.26,2673190775381.17,2721907383494.78,2771036903366.73,2820584209283.18,2870554281572.68,2920952190688.41,2971783077491.57,3023052129207.88,3074764550468.02,3126925528774.41,3179540193661.25,3232613568731.35,3286150515660.58,3340155669158.26,3394633361758.91,3449587537194.74,3505021650960.33,3560938556526.75,3617340375493.26,3674228349776.76,3731602673731.45,3789462303861.88,3847804743538.25,3906625799841.92,3965919309358.74,4025676829393.1,4085887290696.2,4146536607380.2,4207607239224.62,4269077701065.49,4330922013387.34,4393109087606.48,4455602038835.16,4518357418143.27,4581324355478.48,4644443603460.66,4707646471221.55,4770853636307.48,4833973821392.28,4896902321148.26,4959519363087.56,5021688284504.77,5083253505817.43,5144038278610.72,5203842184546.06,5262438358996.82,5319570410845.99,5374949007348.95,5428248090379.71,5479100687817.44,5527094281404.08,5571765690276.55,5612595427779.71,5649001488421.88,5680332522388.55,5705860357495.62,5724771833671.65,5736159924137.56,5739014131918.63,5732210172215.12,5714498983196.05,5684495153597.31,5640664919923.71,5581313975475.62,5504575456298.89,5408398636639.57,5290539093201.25,5148551402558.51,4979785844262.55,4781391125331.35,4550325860308.15,4283382484990.07,3977228511414.27,3628471614952.84,3233757050611.66,2789908377331.38,2294125422891.88,1744256707339.54,1139166717968.36,479220427022.411,-233094059638.87,-992393642012.667,-1789495800938.68,-2610462707087.75,-3435812007314.96,-4240388044651.8,-4994914239690.65,-5671184716995.44,-6254275926545.76,-6766294873533.36,-7301950638111.76,-8043357733833.64,-9069133150735.35,-9208767030599.52,-2646661678020.08,0
"6260",308674557501.051,346775564499.555,385324021790.682,424325362658.798,463785172980.472,503709200686.325,544103365834.555,584973771330.734,626326714329.89,668168698358.629,710506446196.43,753346913557.037,796697303612.275,840565082402.35,884957995178.122,929884083722.495,975351704699.424,1021369549080.5,1067946662700.41,1115092467993.65,1162816786966.1,1211129865455.8,1260042398737.85,1309565558529.12,1359711021448.12,1410490998985.37,1461918269038.95,1514006209068.71,1566768830920.88,1620220817372.53,1674377560442.21,1729255201509.29,1784870673279.27,1841241743626.82,1898387061340.57,1956326203785.31,2015079726486.79,2074669214632.21,2135117336465.28,2196447898538.25,2258685902764.06,2321857605189.73,2385990576386.64,2451113763324.09,2517257552559.33,2584453834539.02,2652736068763.74,2722139349518.02,2792700471812.31,2864457997120.04,2937452318421.26,3011725723983.49,3087322459218.77,3164288785853.2,3242673037528.57,3322525670825.3,3403899310548.35,3486848787951.77,3571431170391.18,3657705780683.32,3745734204215.54,3835580281581.82,3927310084222.65,4020991870208.27,4116696016924.05,4214494926987.7,4314462903242.25,4416675988120.35,4521211762053.91,4628149094898.05,4737567843538.03,4849548487935.88,4964171696834.75,5081517813150.77,5201666247722.87,5324694768528.79,5450678670679.78,5579689810434.06,5711795484072.88,5847057129705.81,5985528826843.85,6127255564818.86,6272271246736.64,6420596390511.49,6572235482500.35,6727173932166.57,6885374567852.85,7046773603888.12,7211275997600.24,7378750101007.84,7549021495597.2,7721865879152.64,7897000850495.57,8074076410475.95,8252663964787.45,8432243575116.23,8612189158570.13,8791751279849.35,8970037114577.54,9145987083781.26,9318347566726.76,9485638990270.38,9646118466003.44,9797736001244.99,9938083148040.01,10064332781764.5,10173168531768,10260702249178.5,10322377845432.1,10352859967146.8,10345906462002.7,10294224738091.7,10189314444962.7,10021303294082.9,9778790792476.64,9448728727362.31,9016391706302.6,8465533197304.9,7778894687926.29,6939358899696.24,5932248327115.08,4749626100192.88,3398035264110.07,1911921794426.16,375392289210.537,-1049119932109.35,-2114551297185.95,-2657939742205.08,-3475511496215.78,-8110496489469.01,0
"6255",-866759501283.415,-830491057422.472,-793697970728.055,-756372286642.41,-718505820609.365,-680090144900.574,-641116574549.032,-601576152330.33,-561459632728.303,-520757464817.664,-479459773991.982,-437556342460.76,-395036588434.614,-351889543912.435,-308103830979.048,-263667636516.125,-218568685223.14,-172794210838.738,-126330925446.133,-79164986739.0547,-31281963117.2273,17333203527.574,66696237482.2351,116823571495.931,167732391842.109,219440686334.144,271967295480.158,325331966973.464,379555413726.383,434659375667.223,490666685532.705,547601338901.332,605488568726.911,664354924646.021,724228357348.122,785138308312.974,847115805236.388,910193563482.624,974406093919.562,1039789817511.54,1106383187064.1,1174226816535.16,1243363618347.86,1313838949162.46,1385700764586.82,1458999783328.53,1533789661316.01,1610127176340.67,1688072423798.33,1767689024134.61,1849044342626.69,1932209722162.52,2017260729707.64,2104277417180.83,2193344597490.84,2284552136519.53,2377995261870.44,2473774889237.22,2571997967282.97,2672777841959.99,2776234641239.29,2882495681261.52,2991695894964.91,3103978284292.24,3219494397127.8,3338404830166.41,3460879758970.68,3587099496528.36,3717255081679.9,3851548898844.91,3990195330534.73,4133421444194.06,4281467714964.45,4434588786001.16,4593054267996.28,4757149579553.87,4927176830014.83,5103455746219.66,5286324644500.88,5476141448877.31,5673284755930.88,5878154946117.82,6091175340210.58,6312793398067.87,6543481954826.28,6783740486688.89,7034096394468.86,7295106287552.93,7567357243477.16,7851468008185.08,8148090088369.8,8457908668892.76,8781643263523.48,9120047974017.32,9473911187973.03,9844054486134.04,10231330449630.5,10636618950106.4,11060821361291.7,11504851936570.5,11969625336139.8,12456038935932.5,12964948076676.6,13497131771973.2,14053245530369.9,14633756778713.7,15238856795752.8,15868340933334.7,16521446029270.6,17196630057014,17891273906179.2,18601278379459.4,19320520633971.7,20040123067416.1,20747474041657,21424924696131.7,22048072328702.5,22583535903541.2,22986150625710.7,23195594792444.9,23132696386692.3,22696225657086.9,21762238651334,20190816214174.5,17851291949539.4,14692171767813.6,10923040439103.5,7487339637776.35,7068297734854.42,12997844135597.2,0
"6250",-2313454409351.83,-2282945164575.91,-2251903130342.58,-2220319629968.79,-2188185755071.6,-2155492353000.13,-2122230013370.96,-2088389053641.08,-2053959503647.36,-2018931089036.55,-1983293213504.12,-1947034939754.37,-1910144969087.61,-1872611619513.59,-1834422802282.72,-1795565996718.65,-1756028223227.58,-1715796014349.91,-1674855383710.63,-1633191792713.66,-1590790114814.41,-1547634597192.46,-1503708819633.03,-1458995650411.83,-1413477198962.92,-1367134765092.49,-1319948784484.32,-1271898770223.39,-1222963250044.23,-1173119698988.33,-1122344467131.64,-1070612702017.68,-1017898265404.62,-964173643904.891,-909409853064.718,-853576334395.958,-796640844836.301,-738569338073.471,-679325837126.15,-618872297527.523,-557168460406.816,-494171694709.447,-429836827737.093,-364115963124.455,-296958285299.634,-228309849398.867,-158113355523.533,-86307906137.0045,-12828745300.3572,62393021661.9048,139430729592.917,218362477687.527,299271478227.871,382246431825.193,467381931295.395,554778896486.091,644545042584.105,736795384666.079,831652781515.022,929248522015.349,1029722957762.23,1133226185883.16,1239918786475.29,1349972619518.41,1463571686637.13,1580913063665.93,1702207910626.8,1827682566473.32,1957579736799.45,2092159783673.09,2231702127850.13,2376506774876.24,2526895978014.21,2683216052573.09,2845839358093.36,3015166466996.71,3191628540783.42,3375689937702.42,3567851079084.95,3768651605286.2,3978673856490.18,4198546718582.04,4428949879967.23,4670618551714.23,4924348710820.54,5191002934859.93,5471516905869.81,5766906672188.41,6078276769139.36,6406829313049.07,6753874198078.29,7120840541681.32,7509289541972.96,7920928928487.29,8357629206067.75,8821441908818.14,9314620095432.1,9839641326159.44,10399233361211.1,10996402804707.9,11634466878776.2,12317088436572.5,13048314192637.2,13832615937450.6,14674934171542.8,15580723086025.1,16555995046920.2,17607361585202.8,18742066165441.5,19968001418328.7,21293699637131.5,22728279467696.2,24281322769932.5,25962641812261.4,27781875313971.8,29747817328029.3,31867326764763.9,34143571789952.1,36573203646339.1,39141774761981.5,41816212953700,44532234507084.4,47172818644543.8,49530443742742.6,51238915190624.5,51645969069971,49562634879469.5,42735981903765.9,27025883075214.4,3105376742859.77,0
"6245",-3991562320461.3,-3970615949583.99,-3949199501877.44,-3927305399174.02,-3904925904471.06,-3882053114382.21,-3858678950999.51,-3834795153117.18,-3810393266764.17,-3785464634988.18,-3760000386829.06,-3733991425414.7,-3707428415106.61,-3680301767616.86,-3652601627011.3,-3624317853507.18,-3595440005965.69,-3565957322971.8,-3535858702384.91,-3505132679234.13,-3473767401821.97,-3441750605888.49,-3409069586676.18,-3375711168722.35,-3341661673191.68,-3306906882545.75,-3271432002329.87,-3235221619838.87,-3198259659403.77,-3160529334019.72,-3122013093011.98,-3082692565411.28,-3042548498682.2,-3001560692417.93,-2959707926581.9,-2916967883841.18,-2873317065497.36,-2828730700478.07,-2783182646806.31,-2736645284913.45,-2689089402107.19,-2640484067444.68,-2590796496195.18,-2539991903004.03,-2488033342790.13,-2434881538322.32,-2380494693323.83,-2324828289849.04,-2267834868560.84,-2209463790409.08,-2149660978069.71,-2088368635348.71,-2025524942582.25,-1961063725874.06,-1894914097798.82,-1827000066965.23,-1757240113569.86,-1685546727781.16,-1611825907465.67,-1535976611403.52,-1457890163730,-1377449604879.43,-1294528983788.92,-1208992585534.63,-1120694087911.65,-1029475639719.07,-935166852661.184,-837583697807.302,-736527296448.639,-631782593928.349,-523116903575.017,-410278306209.478,-292993888784.143,-170967803509.851,-43879126276.8029,88620509776.9301,226909533126.196,371399336719.597,522537501071.46,680811379267.983,846752091962.347,1020938987946.51,1204004634738.34,1396640414077.19,1599602809599.25,1813720488660.15,2039902297765.72,2279146311954.77,2532550103479.88,2801322425159.38,3086796539954.54,3390445472076.18,3713899508028.45,4058966340719.78,4427654329007.75,4822199442526.53,5245096582218.15,5699136117006.68,6187446664919.94,6713545383908.12,7281397338788.67,7895485896821.29,8560896603838.25,9283417645171.49,10069660856311.7,10927208395772.5,11864791738789.3,12892511755407.6,14022111530691.1,15267317600761.4,16644270896241.1,18172076595921.5,19873513288336.4,21775957719664.1,23912603920081.8,26324087258645.8,29060668259561.9,32185191392371.9,35777112956097.2,39937986783214.6,44798887974618.7,50530281673415.8,57354636220315.7,65561202665893.7,75519783602237.2,87683830209404.5,102561883675922,120654737725204,142604406228492,159538352006918,0
"6240",-5834751094649.91,-5826550309924.56,-5818002316685.59,-5809102006134.31,-5799844231249.32,-5790223807032.06,-5780235510685.03,-5769874081709.04,-5759134221904.58,-5748010595260.42,-5736497827711.01,-5724590506741.89,-5712283180820.38,-5699570358626.15,-5686446508053.85,-5672906054956.55,-5658943381596.35,-5644552824763.98,-5629728673526.43,-5614465166556.47,-5598756488994.02,-5582596768783.98,-5565980072429.62,-5548900400094.66,-5531351679980.59,-5513327761898.49,-5494822409946.76,-5475829294197.53,-5456341981285.09,-5436353923779.16,-5415858448214.78,-5394848741638.01,-5373317836512.97,-5351258593821.23,-5328663684167.76,-5305525566690.32,-5281836465549.24,-5257588343753.12,-5232772874052.73,-5207381406609.12,-5181404933113.89,-5154834047008.31,-5127658899413.69,-5099869150347.77,-5071453914760.43,-5042401702876.37,-5012700354282.01,-4982336965138.59,-4951297807841.95,-4919568242382.12,-4887132618580.68,-4853974168301.74,-4820074886639.92,-4785415400987.93,-4749974826773.02,-4713730608526.39,-4676658344810.51,-4638731595373.75,-4599921668728.73,-4560197388157.69,-4519524833931.97,-4477867059290.83,-4435183777453.8,-4391431016636.34,-4346560739696.41,-4300520424654.1,-4253252601892.16,-4204694343354.13,-4154776698501.66,-4103424071162.93,-4050553530689.44,-3996074050025.4,-3939885662367.24,-3881878527032.49,-3821931893945.87,-3759912954760.6,-3695675567035.17,-3629058836042.45,-3559885536657.34,-3487960355297,-3413067929010.5,-3334970655453.02,-3253406243537.1,-3168084969906.81,-3078686600880.14,-2984856932956.13,-2886203897144.3,-2782293162928.5,-2672643166223.85,-2556719471694.59,-2433928362584.6,-2303609529861.01,-2165027705777.01,-2017363053311.11,-1859700080170.3,-1691014791224.69,-1510159722391.45,-1315846406659.71,-1106624701655.65,-880858247515.961,-636695109420.392,-372032370662.635,-84473050984.8502,228726809679.042,570723798357.727,945169426259.227,1356314427836.02,1809142437555.02,2309543306035.54,2864540471246.28,3482592841451.7,4174000529551.12,4951457001435.29,5830810160246.71,6832125508174.97,7981192418048.95,9311691218579.37,10868365056164,12711755512001.2,14925441624459.4,17627425674496,20988671037778,25264558692703.2,30850884435387.7,38388945280100,48973536893781.7,64581358783552.3,88914984947921.4,127898735063680,164046272909349,0
"6235",-7753929779684.49,-7760601401585.2,-7767088161475.76,-7773388019950.12,-7779499024491.4,-7785419317463.58,-7791147144576.5,-7796680863850.64,-7802018955109.27,-7807160030027.31,-7812102842767.97,-7816846301239.97,-7821389479010.17,-7825731627908.49,-7829872191364.14,-7833810818514.64,-7837547379131.66,-7841081979410.27,-7844414978671.19,-7847547007028.86,-7850478984081.2,-7853212138680.76,-7855748029850.76,-7858088568913.62,-7860236042904.03,-7862193139343.58,-7863962972458.98,-7865549110931.7,-7866955607272.76,-7868187028923.15,-7869248491187.49,-7870145692116.03,-7870884949458.93,-7871473239825.53,-7871918240191.44,-7872228371907.21,-7872412847373.92,-7872481719564.39,-7872445934582.27,-7872317387467.41,-7872108981472.27,-7871834691053.28,-7871509628841.03,-7871150116876.09,-7870773762421.83,-7870399538692.79,-7870047870867.82,-7869740727789.79,-7869501719791.38,-7869356203126.85,-7869331391535.03,-7869456475509.9,-7869762749910.47,-7870283750604.93,-7871055400913.94,-7872116168696.05,-7873507235006.25,-7875272675357.43,-7877459654725.25,-7880118637562.58,-7883303614231.4,-7887072345420.41,-7891486626299.88,-7896612572373.14,-7902520929222.54,-7909287408620.99,-7916993053794.63,-7925724636985.35,-7935575092882.84,-7946643991985.41,-7959038058520.22,-7972871738223.62,-7988267822070.12,-8005358132969.27,-8024284283552.88,-8045198514488.25,-8068264624321.06,-8093659003731.82,-8121571789351.42,-8152208155010.73,-8185789761604.48,-8222556390762.97,-8262767792412.15,-8306705782269.16,-8354676632621.09,-8407013808687.71,-8464081113868.96,-8526276320717.36,-8594035381166.09,-8667837330149.57,-8748210022226.83,-8835736872350.04,-8931064811002.04,-9034913712431.64,-9148087615007,-9271488127784.94,-9406130511088.76,-9553163036140.59,-9713890376049.17,-9889801966225.89,-10082606508020.6,-10294274090640.3,-10527087794948.4,-10783707149306.5,-11067246476674.1,-11381372069069.8,-11730423347989,-12119564865850.5,-12554978402472.8,-13044107868109.1,-13595974802576,-14221589855493.9,-14934497195238.3,-15751506698658.2,-16693696971484.5,-17787817439280,-19068291545280.2,-20580146194714.1,-22383403146810,-24559839280360.2,-27223701786281,-30539263655987.1,-34750725408863.6,-40235577482554.1,-47605309094108.2,-57908096288491.5,-73063453033795.2,-96807962255380.5,-135969086041507,-181459484188224,0
"6230",-9643949988810,-9666261418850.34,-9688563838657.55,-9710858038856.87,-9733144983118.2,-9755425820958.86,-9777701901365.39,-9799974787287.39,-9822246271060.36,-9844518390818.56,-9866793447962.93,-9889074025754.24,-9911363009106.11,-9933663605658.62,-9955979368218.43,-9978314218658.33,-10000672473375.5,-10023058870415.5,-10045478598376.8,-10067937327220.1,-10090441241114.9,-10112997073467.4,-10135612144283.9,-10158294400037.2,-10181052456215,-10203895642745.9,-10226834052511.2,-10249878593172.1,-10273041042554.9,-10296334107862.6,-10319771488999.6,-10343367946321.7,-10367139373150.6,-10391102873419.8,-10415276844851.5,-10439681068097.8,-10464336802318.8,-10489266887709.9,-10514495855539.1,-10540050046302.2,-10565957736661.9,-10592249275895.7,-10618957232644.3,-10646116552828.8,-10673764729680.4,-10701941986922.3,-10730691476238.1,-10760059490270.6,-10790095692517.7,-10820853365622.8,-10852389679706.5,-10884765982548.9,-10918048113614.8,-10952306744112.8,-10987617745504.2,-11024062589127.2,-11061728779873.5,-11100710327168.3,-11141108256841.4,-11183031167863.4,-11226595838346.2,-11271927885685.4,-11319162486257,-11368445160680.4,-11419932631333.2,-11473793759561.7,-11530210570884,-11589379377447.8,-11651512008095.2,-11716837157623.1,-11785601868237,-11858073157794.6,-11934539811271.9,-12015314353983.7,-12100735227507.2,-12191169192048.6,-12287013982228.3,-12388701247017.8,-12496699808963.4,-12611519282984.2,-12733714101111.2,-12863887996731.6,-13002699010457.1,-13150865089964,-13309170368425.8,-13478472220962.9,-13659709216465.5,-13853910103960.1,-14062203999344.2,-14285831971006.3,-14526160263108,-14784695445055.9,-15063101837395.8,-15363221641122,-15687098293215.6,-16037003691165,-16415470079844.8,-16825327583814.4,-17269748607777.8,-17752300631790.9,-18277009314479.2,-18848434311730.1,-19471760853111.8,-20152910938468.6,-20898679084234.3,-21716898948623.8,-22616649017887.3,-23608508015339.9,-24704874051936.7,-25920366140018.5,-27272333085739.2,-28781503773534.8,-30472825675084.4,-32376556881518.2,-34529703807329.5,-36977936031438.5,-39778167572607.9,-43002079068527.2,-46740980345531.4,-51112594247854.6,-56270597946385.3,-62418089676450.1,-69826477954815.9,-78861208826612.7,-90013616135932.1,-103927874420951,-121371353437030,-142946934521753,-167691561855733,-176445992258926,0
"6225",-11392525013355,-11429753823255.8,-11467137096286.9,-11504677568739.8,-11542378170329.9,-11580242037157.6,-11618272525502.2,-11656473226505,-11694847981800.2,-11733400900158.3,-11772136375210.9,-11811059104329.6,-11850174108740.3,-11889486754956.1,-11929002777621.9,-11968728303869,-12008669879285.5,-12048834495618.8,-12089229620331,-12129863228143,-12170743834709.2,-12211880532579.1,-12253283029612.6,-12294961690031.9,-12336927578303.7,-12379192506066.6,-12421769082331.4,-12464670767205.7,-12507911929410.7,-12551507907885.6,-12595475077796.4,-12639830921296.2,-12684594103412,-12729784553468.2,-12775423552491.5,-12821533827082,-12868139650279.9,-12915266950004.1,-12962943425691.1,-13011198673823.1,-13060064323093.3,-13109574180031.9,-13159764385988.1,-13210673586452.6,-13262343113796.3,-13314817184603.4,-13368143112894.9,-13422371540658.1,-13477556687242.1,-13533756619328.2,-13591033543353.9,-13649454122458.8,-13709089820221.9,-13770017273691.7,-13832318698460.8,-13896082328815.6,-13961402896298.8,-14028382150363.6,-14097129425175.5,-14167762257030.4,-14240407057322.4,-14315199846498.4,-14392287055000.7,-14471826397818.4,-14553987829953.8,-14638954590863.8,-14726924346773.9,-14818110440679.5,-14912743260861.4,-15011071739862.6,-15113364997094.8,-15219914139596.9,-15331034236948.6,-15447066487965.2,-15568380598584.3,-15695377392303.1,-15828491676657.4,-15968195391560.9,-16115001067862.3,-16269465627244.7,-16432194557598.3,-16603846501273.2,-16785138297170.5,-16976850521490.4,-17179833576146.2,-17395014378405.6,-17623403710269.5,-17866104291489.9,-18124319646015.5,-18399363838098.2,-18692672161382.6,-19005812872113.4,-19340500066246.7,-19698607809834.4,-20082185642650.4,-20493475586664.3,-20934930803520.5,-21409236058255.8,-21919330159178.4,-22468430554344.9,-23060060270032.7,-23698077370044,-24386707086197,-25130576702341.6,-25934753137129.4,-26804782915575,-27746733765446.8,-28767236289266.5,-29873522829310,-31073458406367.1,-32375554890488.8,-33788953393945.4,-35323349673455.1,-36988820435871.6,-38795480380387.5,-40752852928264.5,-42868758611575.2,-45147390577357.4,-47586014446342.1,-50169322536373.6,-52859746154894.6,-55580713499765.6,-58187430474565.1,-60415367918030.8,-61788974949869.2,-61461894724224.8,-57955532731656.2,-48847088949494.9,-31269614739603.5,-10461119661429.6,0
"6220",-12890298395849.3,-12940284038864.4,-12990553977598.2,-13041111734359,-13091960979672.3,-13143105540986.4,-13194549411901,-13246296761956.4,-13298351947015,-13350719520275.7,-13403404243960.2,-13456411101714.9,-13509745311775.9,-13563412340944.9,-13617417919432.3,-13671768056621.7,-13726469057820.1,-13781527542058.2,-13836950461013.4,-13892745119130.3,-13948919195023.3,-14005480764248,-14062438323538.8,-14119800816615,-14177577661667.6,-14235778780646.9,-14294414630481.5,-14353496236369.6,-14413035227295.6,-14473043873937.5,-14533535129143.8,-14594522671176.7,-14656020949931.6,-14718045236363.8,-14780611675372.7,-14843737342416.9,-14907440304156,-14971739683444.2,-15036655729028.8,-15102209890340.5,-15168424897795.4,-15235324849072.8,-15302935301871.6,-15371283373699.3,-15440397849297.9,-15510309296371.8,-15581050190345.4,-15652655048948.7,-15725160577507.9,-15798605825904.4,-15873032358259.3,-15948484436506,-16025009219127.1,-16102656976460.2,-16181481324113.1,-16261539476185.7,-16342892520157.7,-16425605715489.5,-16509748818178.9,-16595396433737,-16682628401281.3,-16771530211701.6,-16862193463129.1,-16954716357235.9,-17049204240209.5,-17145770192579.9,-17244535672431.1,-17345631216890.9,-17449197207168.6,-17555384702782.9,-17664356350987.2,-17776287377743.6,-17891366666893.1,-18009797934407.9,-18131801004744.7,-18257613196312.4,-18387490822868.3,-18521710817187.8,-18660572482530.9,-18804399376132.3,-18953541327027.3,-19108376587805.1,-19269314116114.4,-19436795976636.6,-19611299847407.3,-19793341605322.7,-19983477953819.8,-20182309040287.7,-20390480990803.7,-20608688264070.5,-20837675693434.4,-21078240043661.6,-21331230855310,-21597550280994.3,-21878151530720,-22174035432855.5,-22486244476996.8,-22815853527021.5,-23163956166935.6,-23531645355696.1,-23919986703343.3,-24329982217807.8,-24762521781323.9,-25218318860147.3,-25697825981525.2,-26201124260806.9,-26727779638475.2,-27276656367341.1,-27845675502394.9,-28431502451966.6,-29029142720862.2,-29631418369140,-30228288843980.5,-30805968022043.3,-31345773857132.7,-31822627772278.1,-32203099361730,-32442874225309.4,-32483526610992.3,-32248549288284.1,-31638839299575.1,-30528511051874.7,-28763572927044,-26169890017536.8,-22585444941864.8,-17949136214002.7,-12503956488115.7,-7156248926034.68,-3625391271606.07,-2438520619294.49,0
"6215",-14040874564767.6,-14100231416195.3,-14159954668322.2,-14220047588247.1,-14280513506921.9,-14341355821330,-14402577996718.2,-14464183568879.3,-14526176146482.1,-14588559413444.9,-14651337131348.2,-14714513141879.6,-14778091369306.8,-14842075822968.3,-14906470599775.3,-14971279886713.3,-15036507963332.3,-15102159204211.9,-15168238081387.4,-15234749166718.6,-15301697134182.4,-15369086762068,-15436922935050.1,-15505210646112.7,-15573954998292.7,-15643161206210.1,-15712834597345.4,-15782980613023.6,-15853604809055.3,-15924712855985.1,-15996310538887.3,-16068403756645.6,-16140998520645.6,-16214100952800.3,-16287717282823.7,-16361853844654.3,-16436517071925,-16511713492360.1,-16587449720974.5,-16663732451930.9,-16740568448901,-16817964533761.5,-16895927573434.9,-16974464464671.8,-17053582116548.3,-17133287430431.8,-17213587277142.7,-17294488471017.5,-17375997740544.6,-17458121695219.7,-17540866788226.8,-17624239274519.3,-17708245163831.6,-17792890168106.6,-17878179642775.9,-17964118521274.8,-18050711242112.1,-18137961667748.4,-18225872994460.6,-18314447652287.3,-18403687194052.7,-18493592172362.5,-18584162003339.6,-18675394815733.2,-18767287283868.6,-18859834442726.4,-18953029483217.6,-19046863525472.9,-19141325367663.2,-19236401207515,-19332074333260.3,-19428324780252.5,-19525128948865.3,-19622459178546.1,-19720283271984.5,-19818563962244.7,-19917258314341.8,-20016317051051.2,-20115683790658.1,-20215294181761.7,-20315074917036.8,-20414942603852.8,-20514802464663.1,-20614546833850.1,-20714053409936.4,-20813183212343.1,-20911778179714.1,-21009658331597.8,-21106618396223.2,-21202423783264.2,-21296805750655.1,-21389455577231,-21480017506389.6,-21568080167874.6,-21653166112438.4,-21734719004276.7,-21812087904828.5,-21884507944245.2,-21951076508374.6,-22010723863832,-22062176895939.7,-22103914339007.4,-22134111532772.2,-22150572344719,-22150645466509.3,-22131121851371,-22088109664252,-22016882872409,-21911699695841.6,-21765587880532.1,-21570095679715.6,-21315011391046.4,-20988061685609.4,-20574611965987.1,-20057413991680.3,-19416482117115.8,-18629237103362.2,-17671145633765.9,-16517216273018.9,-15144897892808.9,-13539156050493,-11700706507196.2,-9658313713027.65,-7484991214458.42,-5314027660398.97,-3340186341017.56,-1770504410295.1,-678770449897.752,129556397173.358,504613671222.401,0
"6210",-14769693280633.2,-14834144345439.7,-14898989548681.9,-14964231244117.5,-15029871766595.1,-15095913428584.5,-15162358516360.8,-15229209285809.3,-15296467957815.1,-15364136713197.2,-15432217687144.1,-15500712963102.5,-15569624566067.4,-15638954455216.2,-15708704515824.4,-15778876550393.7,-15849472268918.6,-15920493278207.6,-15991941070171.1,-16063817008974.7,-16136122316952.7,-16208858059161.5,-16282025126443.9,-16355624216862.1,-16429655815345.3,-16504120171378.6,-16579017274549.9,-16654346827747.2,-16730108217784.6,-16806300483209.4,-16882922279022.7,-16959971838017.3,-17037446928409.9,-17115344807413.3,-17193662170360.1,-17272395094951.3,-17351538980163.5,-17431088479302.5,-17511037426641.9,-17591378757031,-17672104417797.7,-17753205272206.5,-17834670993659.2,-17916489949749.8,-17998649075197.8,-18081133732589.8,-18163927559757,-18247012302503,-18330367631271.8,-18413970940210.5,-18497797126933.8,-18581818351132.5,-18666003769992.9,-18750319248197.8,-18834727040066.9,-18919185441164.3,-19003648406445.2,-19088065131737.3,-19172379595053.6,-19256530053901.8,-19340448494401.7,-19424060027632.7,-19507282228214.7,-19590024409670.6,-19672186830626.2,-19753659825376.8,-19834322851776.8,-19914043448801,-19992676095474.6,-20070060962173.6,-20146022544567.3,-20220368169700.4,-20292886362909.6,-20363345063434.1,-20431489675731.5,-20497040942650.1,-20559692625765.5,-20619108977375.6,-20674921987905.4,-20726728391832.1,-20774086414758.9,-20816512244015.4,-20853476205218.2,-20884398627718,-20908645382918.1,-20925523081263.8,-20934273916516.9,-20934070150030.5,-20924008233524.5,-20903102576812.2,-20870278977676.8,-20824367745429.5,-20764096568629.4,-20688083202290.6,-20594828082315.4,-20482707016981.9,-20349964159780,-20194705538188.4,-20014893503526.6,-19808342583438,-19572717368077.8,-19305533252919.6,-19004161107089.7,-18665837251443,-18287680534724.2,-17866718814213,-17399927811684.2,-16884286168251.5,-16316851616819.2,-15694864597581.5,-15015887446342.8,-14277989588053.8,-13479992069211.2,-12621788315469.1,-11704762086138.6,-10732327628094,-9710619288266.43,-8649354073551.06,-7562871316858.41,-6471299093580.31,-5401670990463.64,-4388563383725.5,-3473393189150.41,-2701000781156.49,-2112200526103.3,-1733693439042.54,-1575467925835.49,-1654475287185.59,-2004146322668.43,-2107098600884.75,0
"6205",-15030841687825.9,-15095625095837.8,-15160775374459.3,-15226293733749.5,-15292181320726.6,-15358439213888.2,-15425068417266.5,-15492069853976.5,-15559444359212.5,-15627192672641,-15695315430136,-15763813154796,-15832686247176.8,-15901934974669.1,-15971559459939.8,-16041559668353.5,-16111935394277.1,-16182686246166.1,-16253811630318.1,-16325310733170.1,-16397182502003.5,-16469425623908.1,-16542038502842.4,-16615019234610.7,-16688365579563,-16762074932801.3,-16836144291658.9,-16910570220193.8,-16985348810414.4,-17060475639927.8,-17135945725670.9,-17211753473351,-17287892622189.1,-17364356184516,-17441136379730.2,-17518224562079,-17595611141668.9,-17673285498058.2,-17751235885718,-17829449330578.5,-17907911516805.4,-17986606662860.9,-18065517385818.5,-18144624552795.1,-18223907118257.7,-18303341945836.2,-18382903613145.1,-18462564197968.9,-18542293044006.8,-18622056504198.6,-18701817659461.2,-18781536010456.3,-18861167139782.6,-18940662341735.4,-19019968216502.9,-19099026225376.1,-19177772203222,-19256135824122.3,-19334040015699.5,-19411400317238.9,-19488124176273.6,-19564110177819.5,-19639247199933.5,-19713413488720.5,-19786475645328.9,-19858287516854.9,-19928688982424.9,-19997504625044.9,-20064542279101.7,-20129591442683.7,-20192421543166.6,-20252780043801.9,-20310390378370.4,-20364949700350.8,-20416126432536.8,-20463557602670.9,-20506845950499.1,-20545556791774.9,-20579214625255.8,-20607299469754.5,-20629242920014.5,-20644423912756,-20652164197967.7,-20651723515705.7,-20642294485737.1,-20622997226833.3,-20592873735039.6,-20550882066639.5,-20495890392813.2,-20426671020455.2,-20341894508858.2,-20240124057003.4,-20119810393493.2,-19979287473816.4,-19816769381436.1,-19630348944792.7,-19417998727352.2,-19177575229072.7,-18906827363061.5,-18603410549887.6,-18264908114081.4,-17888862083205.8,-17472815989010.2,-17014372858761,-16511272261526.1,-15961491022909.4,-15363372999678.3,-14715794023997.6,-14018368619572.2,-13271705067875.6,-12477714372931.1,-11639975845017,-10764156153567.9,-9858467908030.2,-8934135407118.97,-8005805534696.01,-7091796647905.48,-6214014199416.92,-5397279665037.83,-4667732778575.57,-4049918760348.97,-3562259004405.19,-3210997557136.03,-2983617171001.83,-2844062243750.81,-2732753938524.96,-2571406632033.84,-2266286743768.33,-1722248150566.03,-850150757672.702,0
"6200",-14811186120711.4,-14871489876176.8,-14932081552452.1,-14992961246577.8,-15054129003938.7,-15115584815538.9,-15177328615055.2,-15239360275645.1,-15301679606486.1,-15364286349015.2,-15427180172840.4,-15490360671286.8,-15553827356541.8,-15617579654355.4,-15681616898250,-15745938323187.6,-15810543058638.6,-15875430120988.3,-15940598405212.2,-16006046675743.7,-16071773556449.1,-16137777519617.5,-16204056873860.6,-16270609750811.4,-16337434090492.5,-16404527625219,-16471887861879.9,-16539512062430.8,-16607397222410.4,-16675540047275.7,-16743936926328.7,-16812583903983,-16881476648096,-16950610415059.4,-17019980011313.9,-17089579750915.3,-17159403408744,-17229444168906.2,-17299694567830.2,-17370146431507.5,-17440790806276.2,-17511617882479.1,-17582616910261.8,-17653776106701.9,-17725082553377.8,-17796522083393.7,-17868079156780.9,-17939736723081.7,-18011476069807.1,-18083276655324.1,-18155115924585.2,-18226969105954,-18298808987209.1,-18370605668614.5,-18442326290742.3,-18513934734502.7,-18585391290591.7,-18656652295296,-18727669729303.2,-18798390775845.2,-18868757334160.8,-18938705483888.1,-19008164895596.5,-19077058182236.3,-19145300185817.2,-19212797193134.4,-19279446073833.4,-19345133333544.4,-19409734074233.9,-19473110853306.8,-19535112432358.1,-19595572405825.1,-19654307699135.5,-19711116925298.2,-19765778588253.1,-19818049120713,-19867660743708.4,-19914319134628,-19957700890271.4,-19997450771344.5,-20033178715005.9,-20064456602585.4,-20090814770548.6,-20111738254297.8,-20126662756628.8,-20134970335791,-20135984812360,-20128966899802.5,-20113109071043.5,-20087530182966.6,-20051269893104.9,-20003282918485.8,-19942433206467,-19867488112476.5,-19777112711112.2,-19669864406678.8,-19544188059013.5,-19398411903010.5,-19230744619073.4,-19039274011321.2,-18821967876789.8,-18576677810210,-18301146896197,-17993022508948.1,-17649875789673.6,-17269229833017.8,-16848599226314.1,-16385544406543.9,-15877745408734.4,-15323101085754.4,-14719861930654.2,-14066807418939.9,-13363482532558.7,-12610513037676.7,-11810025212980,-10966202589978.1,-10086018036598.2,-9180179183097.17,-8264306912596.13,-7360304964769.58,-6497723905463.72,-5714590122624.67,-5056552557246.3,-4572280730134.13,-4302324515292.82,-4260139046790.66,-4412097153843.33,-4678636475535.6,-4954894682543.16,-4400558223314.88,0
"6195",-14131508374179.3,-14182897314900,-14234449346379.6,-14286163468391.8,-14338038685178.9,-14390074009204.7,-14442268465204.1,-14494621094544.3,-14547130959917.2,-14599797150379.2,-14652618786757.6,-14705595027443.9,-14758725074591.9,-14812008180744.7,-14865443655908,-14919030875094.5,-14972769286361.4,-15026658419362.3,-15080697894439.7,-15134887432278.9,-15189226864150.3,-15243716142761.9,-15298355353747.6,-15353144727815.4,-15408084653579,-15463175691095.6,-15518418586134.2,-15573814285194.4,-15629363951296.2,-15685068980560,-15740931019593.5,-15796951983697.5,-15853134075903.8,-15909479806851.5,-15965992015503.1,-16022673890700.2,-16079528993549.3,-16136561280622.4,-16193775127949.1,-16251175355768.5,-16308767253996.4,-16366556608353.8,-16424549727086.6,-16482753468192.9,-16541175267054.5,-16599823164349.6,-16658705834102.6,-16717832611699,-16777213521664.6,-16836859304978.6,-16896781445649.2,-16956992196244.2,-17017504602018.5,-17078332523233.3,-17139490655202.4,-17200994545535.5,-17262860607980.9,-17325106132183.8,-17387749288594.4,-17450809127650.9,-17514305572259.5,-17578259402460,-17642692231030,-17707626468619.5,-17773085276829.6,-17839092507446.7,-17905672625815.7,-17972850616070.9,-18040651865649.7,-18109102026163.8,-18178226847307.7,-18248051980018.3,-18318602744552.5,-18389903858506.5,-18461979119028.3,-18534851032554.8,-18608540384287,-18683065738255.8,-18758442857163.8,-18834684029128.5,-18911797285891.9,-18989785493870.4,-19068645295411.5,-19148365872578.5,-19228927499411.2,-19310299840531.8,-19392439943710.9,-19475289860960,-19558773816111.2,-19642794815680.9,-19727230572858.7,-19811928580132.4,-19896700122386.8,-19981312966841.2,-20065482395877.5,-20148860159952.4,-20231020815895.7,-20311444775682.2,-20389497216116.1,-20464401784011.8,-20535207767371.4,-20600749084268.8,-20659593063290.6,-20709976552929.2,-20749726412251.6,-20776160928756.6,-20785968238929.9,-20775057500635.4,-20738378575943,-20669706656087.7,-20561390143025,-20404064086190.8,-20186338991507.4,-19894488140848,-19512179219738,-19020333457364.3,-18397255696641.2,-17619273358235.3,-16662266384873.3,-15504680701415.5,-14132902431784.1,-12550193789621.7,-10790574375278.2,-8938475598138.04,-7152031647216.94,-5678601356468.45,-4829585130992.27,-4854314972265.89,-5685933472460.44,-5875721199038.39,0
"6190",-13044609534988.8,-13083416112016.4,-13122223074180.7,-13161028088387.5,-13199828893138.7,-13238623309701.9,-13277409254151.1,-13316184750338.1,-13354947943857.3,-13393697117073.2,-13432430705282.4,-13471147314087.6,-13509845738066.9,-13548524980825.3,-13587184276524.5,-13625823112989.8,-13664441256502.5,-13703038778392.5,-13741616083552.9,-13780173941007.9,-13818713516674.4,-13857236408464.7,-13895744683892.2,-13934240920348.2,-13972728248234.1,-14011210397142.3,-14049691745294,-14088177372457.5,-14126673116584.3,-14165185634416.5,-14203722466340.6,-14242292105775.8,-14280904073410.5,-14319568996621,-14358298694427.3,-14397106268370.9,-14436006199723.4,-14475014453463.4,-14514148589493.5,-14553427881600.6,-14592873444698.1,-14632508370930.9,-14672357875262.7,-14712449451211.2,-14752813037446.9,-14793481196020.1,-14834489303041,-14875875752694.3,-14917682175538.7,-14959953672108.5,-15002739062912.8,-15046091156008,-15090067033406.1,-15134728357678,-15180141700210.3,-15226378892682.2,-15273517403449.8,-15321640740645.2,-15370838883935.4,-15421208747026.8,-15472854673153.5,-15525888965949.3,-15580432458270.6,-15636615121719.3,-15694576719795.1,-15754467507802.1,-15816448982825.3,-15880694687286.8,-15947391069781.9,-16016738407070.5,-16088951791256.6,-16164262186313.4,-16242917558188.4,-16325184082731.4,-16411347435601.7,-16501714168094.2,-16596613172432.5,-16696397239450.7,-16801444710648.7,-16912161225264.2,-17028981561126.1,-17152371565484.7,-17282830168545.1,-17420891467794.9,-17567126865084.4,-17722147230350.9,-17886605055332.3,-18061196546882.2,-18246663591697.2,-18443795501235.4,-18653430415916.4,-18876456209473.7,-19113810685231.2,-19366480793082.8,-19635500515219.3,-19921946965259.6,-20226934113101.9,-20551603378437.8,-20897110119039.8,-21264604762182.9,-21655206971347.2,-22069970782743.5,-22509838056937.6,-22975576829668.1,-23467700158775.6,-23986359777637,-24531207179158.4,-25101212529435.4,-25694428853844.3,-26307684982251.9,-26936185412795.9,-27572988049388.4,-28208321021471.8,-28828686692388.8,-29415683666961.2,-29944455672063.3,-30381650671668.9,-30682749832670.9,-30788620085774.6,-30621197710141.3,-30078424158345.2,-29029162518974.4,-27310350623354.1,-24732250928460.9,-21105731577935.1,-16322259623822.4,-10545558707240.7,-4581849378726.58,-198385999541.44,1165857804168.52,0
"6185",-11630589376952.1,-11654242991307.1,-11677707429099.2,-11700978468561,-11724051995820.5,-11746924021096.2,-11769590696144.2,-11792048333044.1,-11814293424416.7,-11836322665172.1,-11858132975895.8,-11879721527983.9,-11901085770650.9,-11922223459938.6,-11943132689864.9,-11963811925861.4,-11984260040658.4,-12004476352787.4,-12024460667882.4,-12044213322975.6,-12063735233996.1,-12083027946693.6,-12102093691227.9,-12120935440679.5,-12139556973755.5,-12157962941986.6,-12176158941728.6,-12194151591308,-12211948613673.4,-12229558924942.7,-12246992729261.8,-12264261620424.7,-12281378690733,-12298358647614.4,-12315217938550.3,-12331974884911.9,-12348649825341.2,-12365265269367.1,-12381846061994.3,-12398419560060.9,-12415015821219.6,-12431667806463.5,-12448411597187.5,-12465286627851.9,-12482335935398.8,-12499606426659.3,-12517149165088.1,-12535019678265.2,-12553278287720.4,-12571990462756.1,-12591227200082.6,-12611065431221.2,-12631588459792,-12652886430972.8,-12675056835605.2,-12698205051626.6,-12722444925729.4,-12747899398392.1,-12774701175691.6,-12802993451594.1,-12832930684741.8,-12864679434094.5,-12898419258168.3,-12934343683026.9,-12972661244638.9,-13013596611714.1,-13057391795683.8,-13104307455097.4,-13154624302371.9,-13208644621574.7,-13266693906726.8,-13329122631020.5,-13396308158340.4,-13468656809583.1,-13546606097501.7,-13630627145171.3,-13721227304697.2,-13818952994495.4,-13924392775388.3,-14038180687907.6,-14160999875615.6,-14293586521993.8,-14436734131546.8,-14591298189301.7,-14758201236911.8,-14938438408199.6,-15133083472300.4,-15343295438727.1,-15570325785838.1,-15815526382533.7,-16080358182774.8,-16366400783977.2,-16675362953795.6,-17009094245616,-17369597841584.9,-17759044783526.5,-18179789776856.9,-18634388780508.8,-19125618626355.9,-19656498943070.5,-20230316688462.3,-20850653614879.5,-21521416993002.6,-22246873880987.1,-23031689115740.7,-23880966966826.1,-24800295941784.8,-25795795418853.2,-26874161372398.6,-28042706064131,-29309382576466.1,-30682778449362.5,-32172051787448.8,-33786765284001.6,-35536544065942.3,-37430434289246.5,-39475757501086.2,-41676117132941.9,-44027975361047.7,-46514802945637.2,-49097067430169.7,-51694999406732.2,-54158675792650.2,-56215643430326.2,-57378862530720.3,-56786610201165.8,-52938368915360,-43349419854467.7,-24857331925844.3,-2570556277732.99,0
"6180",-9989731072434.16,-9996999491653.2,-10003877439138.7,-10010358076871.6,-10016434648758.5,-10022100497014,-10027349079809.8,-10032173990277.6,-10036568976957.8,-10040527965790.6,-10044045083753.8,-10047114684259.3,-10049731374426.4,-10051890044357.8,-10053585898554.1,-10054814489610.5,-10055571754349.3,-10055854052552.7,-10055658208470.2,-10054981555288.4,-10053821982761.9,-10052177988219.6,-10050048731172.7,-10047434091768,-10044334733346.3,-10040752169382.9,-10036688835106.7,-10032148164114.5,-10027134670318.6,-10021654035590.1,-10015713203483.8,-10009320479459.3,-10002485638038.7,-9995220037376.26,-9987536741744.12,-9979450652476.88,-9970978647954.11,-9962139733241.44,-9952955200055.04,-9943448797761.08,-9933646916173.04,-9923578780964.17,-9913276662571.86,-9902776099533.61,-9892116137263.51,-9881339583351.77,-9870493280549.97,-9859628398691.39,-9848800746889.23,-9838071107457.52,-9827505593109.42,-9817176029108.01,-9807160362174.96,-9797543098105.12,-9788415770190.91,-9779877440730.73,-9772035238083.14,-9765004931934.48,-9758911549674.87,-9753890037029.32,-9750085966369.65,-9747656296443.82,-9746770187606.73,-9747609877025.91,-9750371618774.31,-9755266694217.72,-9762522498667.45,-9772383710910.18,-9785113552961.64,-9800995148235.8,-9820332987298.38,-9843454511507.18,-9870711826165.38,-9902483556363.86,-9939176860514.69,-9981229618736.11,-10029112815813.8,-10083333141520.9,-10144435834743.9,-10213007802262.2,-10289681048350.4,-10375136457806,-10470107982836.5,-10575387293781.7,-10691828965324.3,-10820356284166.8,-10961967781776.7,-11117744617544.5,-11288858964592.6,-11476583583809.3,-11682302813122,-11907525250629.4,-12153898474649.6,-12423226224357.4,-12717488565782.4,-13038865695013.5,-13389766190559,-13772860729050.5,-14191122534654.8,-14647876158055.1,-15146856595868.9,-15692281292620.6,-16288938250533.1,-16942294355562.3,-17658629176885.9,-18445201002031.8,-19310453857633,-20264276915742.4,-21318331254930.5,-22486463807392.9,-23785235025950.3,-25234596160030.2,-26858765249697.2,-28687369851580.9,-30756951840080.9,-33112969501588.1,-35812490708029,-38927857224083.7,-42551726790977.9,-46804082406089.2,-51842051036387.8,-57873686110503.2,-65177123828986,-74126232802988.2,-85221290672487.8,-99112452752802.5,-116565742766687,-138196214370567,-163268098487359,-174179676341332,0
"6175",-8233631093361.28,-8224745688768.03,-8215276280666.01,-8205212830133.31,-8194545284971.45,-8183263590896.8,-8171357703629.18,-8158817601934.81,-8145633301684.04,-8131794870988.04,-8117292446482.1,-8102116250827.47,-8086256611507.85,-8069703981000.71,-8052448958409.06,-8034482312643.22,-8015795007248.41,-7996378226978.64,-7976223406223.66,-7955322259401.53,-7933666813436.1,-7911249442445.1,-7888062904771.84,-7864100382501.11,-7839355523607.27,-7813822486891.34,-7787495989872.07,-7760371359805.28,-7732444588015.26,-7703712387731.83,-7674172255637.3,-7643822537338.18,-7612662496988.32,-7580692391301.48,-7547913548204.3,-7514328450393.24,-7479940824072.59,-7444755733164.83,-7408779679298.93,-7372020707897.62,-7334488520700.21,-7296194595073.78,-7257152310482.62,-7217377082503.18,-7176886504789.89,-7135700499415.94,-7093841476032.61,-7051334500310.57,-7008207472147.52,-6964491314148.11,-6920220170904.47,-6875431619628.98,-6830166892715.57,-6784471112831.58,-6738393541169.6,-6691987839517.82,-6645312346839.27,-6598430371084.59,-6551410497001.12,-6504326910743.75,-6457259742141.5,-6410295425529.2,-6363527080118.91,-6317054910962.01,-6270986631644.43,-6225437909967.5,-6180532838000.46,-6136404428053.93,-6093195136324.7,-6051057416209.53,-6010154303592.81,-5970660036793.34,-5932760714329.28,-5896654994248.93,-5862554839508.97,-5830686314795.65,-5801290441322.98,-5774624117560.57,-5750961115610.05,-5730593165148.81,-5713831139597.01,-5701006362569.84,-5692472056913.04,-5688604963886.92,-5689807166611.38,-5696508160022.5,-5709167219705.5,-5728276134540.62,-5754362383729.36,-5787992858210.61,-5829778250677.74,-5880378268561.32,-5940507861963.88,-6010944705554.09,-6092538232329.57,-6186220591151.84,-6293019993241.1,-6414077030930.99,-6550664702317.33,-6704213067976.41,-6876339714333.17,-7068887521445.33,-7283971657469.43,-7524038285578.73,-7791938225783.48,-8091019842739.9,-8425246847063.04,-8799348674099.96,-9219013899487.27,-9691141158970.96,-10224167867831.6,-10828505631836.9,-11517124116022.8,-12306344736697.3,-13216935923315.8,-14275649760997.1,-15517417643483.1,-16988551921963.8,-18751522071949.1,-20892266286876.7,-23531721117505.5,-26844636291491.3,-31091524660757,-36675480801825.3,-44248703538250.3,-54924038154449.4,-70717637299499.4,-95471505054691.1,-135931883105253,-181748804031362,0
"6170",-6475407814413.05,-6452047306231.21,-6427939514723.07,-6403071109677.81,-6377428604447.33,-6350998358126.85,-6323766578010.44,-6295719322334.29,-6266842503320.19,-6237121890532.32,-6206543114559.75,-6175091671037.67,-6142752925019.5,-6109512115712.2,-6075354361586.49,-6040264665873.08,-6004227922455.46,-5967228922168.57,-5929252359512.05,-5890282839784.78,-5850304886646.43,-5809302950109.34,-5767261414962.02,-5724164609622.93,-5679996815419.86,-5634742276287.1,-5588385208867.94,-5540909813005.91,-5492300282602.06,-5442540816810.11,-5391615631533.68,-5339508971182.06,-5286205120631.76,-5231688417330.96,-5175943263471.87,-5118954138143.38,-5060705609360.99,-5001182345854.49,-4940369128474.97,-4878250861061.38,-4814812580582.92,-4750039466347.1,-4683916848032.5,-4616430212272.31,-4547565207476.17,-4477307646535.88,-4405643507012.77,-4332558928351.42,-4258040205604.98,-4182073779090.36,-4104646219317.44,-4025744206452.67,-3945354503484.24,-3863463922151.62,-3780059280585.28,-3695127351471.96,-3608654799414.16,-3520628105989.04,-3431033480828.45,-3339856756835.85,-3247083267426.17,-3152697703415.54,-3056683946898.08,-2959024879120.78,-2859702159001.25,-2758695968519.9,-2655984720753.64,-2551544725792.61,-2445349809187.93,-2337370876906.38,-2227575420004.56,-2115926951367.48,-2002384365867.25,-1886901214166.19,-1769424879092.23,-1649895642022.71,-1528245624990.67,-1404397592233.07,-1278263592579.22,-1149743421365.38,-1018722877378.29,-885071786574.281,-748641759868.027,-609263646976.943,-466744641946.168,-320864988311.819,-171374222567.63,-17986883271.4763,139622400760.409,301824546849.213,469042504352.291,641758741455.665,820523917446.389,1005966966890.34,1198806875154.26,1399866492230.62,1610088818264.68,1830556305421.83,2062513864639.3,2307396452990.49,2566862362263.11,2842833651660.68,3137545594594.73,3453607579543.04,3794078671975.98,4162562085939.02,4563324242814.9,5001446077609.43,5483017039589.59,6015386204982.45,6607490664779.89,7270289800690.21,8017346709524.39,8865617320810.3,9836537743702.46,10957548015510.3,12264267828681.7,13803668763059.4,15638808400083.4,17856081859269.2,20576660016768.6,23975140944373.5,28311134026539.4,33985081438735.2,41641695730082.4,52371085636788.6,68112917510796,92417412346562.9,130708805775993,165878577898473,0
"6165",-4819970690847.3,-4785089752540.75,-4749350797982.17,-4712737845213.05,-4675234606351.62,-4636824479902.1,-4597490542690.36,-4557215541396.24,-4515981883649.99,-4473771628657.62,-4430566477316.46,-4386347761779.09,-4341096434419.7,-4294793056153.04,-4247417784051.63,-4198950358201.63,-4149370087733.08,-4098655835953.6,-4046786004508.98,-3993738516486.6,-3939490798370.33,-3884019760747.17,-3827301777656.92,-3769312664466.19,-3710027654137.36,-3649421371751.34,-3587467807130.16,-3524140285391.18,-3459411435249.73,-3393253154869.82,-3325636575044.49,-3256532019467.38,-3185908961834.78,-3113735979493.94,-3039980703326.82,-2964609763529.68,-2887588730917.74,-2808882053349.06,-2728452986824.56,-2646263520778.97,-2562274297032.19,-2476444521820.57,-2388731870272.16,-2299092382629.75,-2207480351458.83,-2113848199003.98,-2018146343776.37,-1920323055365.86,-1820324296372.04,-1718093550239.95,-1613571633664.95,-1506696492097.54,-1397402976730.1,-1285622601182.4,-1171283275918.86,-1054309018225.38,-934619635344.879,-812130378114.639,-686751562161.467,-558388153388.968,-426939314128.813,-292297905919.468,-154349944414.713,-12974001401.9305,131959451682.559,280588765028.01,433061903569.434,589537319888.186,750184915835.29,915187102977.58,1084739973300.98,1259054593146.7,1438358435142.04,1622896964962.11,1812935402175.98,2008760677253.77,2210683610118.79,2419041339513.38,2634200037023.13,2856557945008.88,3086548784096.82,3324645583480.23,3571364996339.9,3827272173504.63,4092986281422.36,4369186766067.5,4656620483143.59,4956109837573.9,5268562102696.8,5594980122919.27,5936474644234.45,6294278566754.69,6669763474498.82,7064458872970.45,7480074658246.72,7918527457096.78,8381971622197.87,8872835847806.95,9393866599757.36,9948179843219.86,10539322920678.8,11171348905619.5,11848906367630.9,12577348276939.8,13362864812222,14212646199432.7,15135083518651.2,16140017834574.2,17239051265555.7,18445938034793.5,19777079616917.1,21252156485728.5,22894940677980.4,24734349871268.5,26805827076241.9,29153163516342.9,31830930397775.5,34907754559745.3,38470772135604.9,42631733433542.7,47535418200898.9,53371241301368.9,60389106577955.2,68920430543334.8,79404066734985.2,92413242184691.3,108675603576101,129120413602196,155294069270655,179758718410559,0
"6160",-3355389001740.46,-3312898838857.83,-3269510255847.25,-3225205997996.62,-3179968394986.82,-3133779345606.86,-3086620301637.89,-3038472250851.33,-2989315699062.42,-2939130651176.43,-2887896591160.05,-2835592460866.18,-2782196637634.71,-2727686910586.76,-2672040455523.83,-2615233808336.95,-2557242836824.22,-2498042710807.87,-2437607870434.06,-2375911992530.51,-2312927954887.67,-2248627798320,-2182982686353.22,-2115962862372.31,-2047537604053.45,-1977675174889.76,-1906342772607.43,-1833506474253.86,-1759131177723.36,-1683180539469.43,-1605616908133.6,-1526401253801.83,-1445493092577.58,-1362850406138.36,-1278429555917.64,-1192185191527.74,-1104070153010.72,-1014035366473.4,-922029732629.755,-828000007737.777,-731890676379.381,-633643815489.943,-533198948998.763,-430492892392.651,-325459586461.425,-218029919426.389,-108131536589.685,4311363425.98624,119378246852.751,237152478455.221,357721571887.181,481177458002.194,607616772501.028,737141164417.645,869857627076.775,1005878853301.36,1145323616809.3,1288317181918.07,1434991743875.72,1585486902360.01,1739950170937.99,1898537525559.65,2061413995476.54,2228754300334.6,2400743537596.53,2577577924909.94,2759465602562.75,2946627501766.13,3139298285190.4,3337727366964.42,3542180020250.25,3752938581541.6,3970303762028.67,4194596077749.46,4426157411838.31,4665352724020.93,4912571924632.73,5168231932898.77,5432778942064.54,5706690917267.16,5990480355858.2,6284697344311.42,6589932950963.18,6906822999742.32,7236052276864.51,7578359230321.41,7934541231024.92,8305460474823.84,8692050616449.44,9095324239932.37,9516381285321.06,9956418568762.54,10416740552283.8,10898771540971.4,11404069508612.5,11934341777965.4,12491462808118.2,13077494367833.1,13694708398619.2,14345612891611.8,15032981113507.3,15759884511320.3,16529729591782.1,17346298990059.8,18213796784548.9,19136897832941.5,20120800425228.4,21171280753373.9,22294746395864.4,23498283904238,24789692167290.3,26177487719254,27670859244415.5,29279534052732,31013495649955.8,32882452592640.6,34894894111476.1,37056459195128.9,39367160447515.2,41816683364255.5,44376417893650.9,46985870673835.4,49529267612687.6,51794718398196.9,53401594164674.7,53667366358331.9,51348974256886.7,44097573622693.6,27582452659722.7,2306654053918.48,0
"6155",-2146320526773.74,-2100654463796.21,-2054128985244.89,-2006727442113.94,-1958432733458.57,-1909227287901.74,-1859093044166.5,-1808011430577.63,-1755963343473.65,-1702929124466.16,-1648888536480.55,-1593820738507.92,-1537704258994.21,-1480516967788.65,-1422236046568.69,-1362837957654.71,-1302298411122.32,-1240592330115.54,-1177693814258.59,-1113576101058.56,-1048211525185.53,-981571475510.54,-913626349775.727,-844345506764.228,-773697215830.689,-701648603646.191,-628165598003.99,-553212868524.974,-476753764093.724,-398750246848.117,-319162822536.974,-237950467051.693,-155070548929.019,-70478747613.1444,15871032743.8581,104026754173.527,194038340714.088,285957779414.287,379839226776.56,475739120907.687,573716299654.37,673832125010.447,776150614091.472,880738576980.978,987665761761.191,1097005007048.49,1208832402361.34,1323227456654.42,1440273275358.66,1560056746270.7,1682668734639,1808204287795.34,1936762849680.53,2068448485611.62,2203370117633.81,2341641770794.22,2483382830665.45,2628718312434.97,2777779141860.71,2930702448373.46,3087631870582.84,3248717874413.9,3414118084065.93,3583997625942.73,3758529485652.2,3937894878112.63,4122283630729.72,4311894579521.4,4506935977961.32,4707625918184.82,4914192764044.87,5126875595314.53,5345924662096.13,5571601848203.61,5804181141916.39,6043949112039.78,6291205386619.79,6546263130913.47,6809449520261.38,7081106202285.99,7361589741267.16,7651272035521.82,7950540696002.99,8259799370961.27,8579467997154.22,8909982952455.7,9251797077432.14,9605379524033,9971215377359.85,10349804980727.5,10741662873862.8,11147316227752.7,11567302625602.3,12002166995319.7,12452457441960.3,12918719654784.7,13401489467985.4,13901283030113.3,14418583876115.2,14953825986181.2,15507371642063.5,16079482533813.8,16670282100707.7,17279706472705,17907440563321.3,18552834783541.4,19214796407000.3,19891647692951.4,20580940293408.2,21279212000718.7,21981667218226.6,22681756247791.9,23370620063672.7,24036356074038.2,24663045861265.9,25229467741322,25707395908646.9,26059367334779.6,26235787280328.5,26171268769196.9,25780218327010.6,24952022733289.6,23547069201320.6,21396993863632,18317948488106,14159835333994.3,8953484040045.03,3310768246427.22,-834087799746.023,-1299040546408.45,0
"6150",-1230225428882.07,-1185846535334.69,-1140724334139.96,-1094844741964.47,-1048193270055.09,-1000755007311.28,-952514602544.08,-903456245884.16,-853563649300.165,-802820026187.09,-751208069983.227,-698709931773.014,-645307196831.788,-590980860067.394,-535711300312.476,-479478253420.298,-422260784116.073,-364037256555.053,-304785303538.047,-244481794334.71,-183102801064.777,-120623563587.548,-57018452850.4268,7739067351.87778,73676480254.6642,140822257682.441,209205903333.175,278857997827.739,349810245561.139,422095523387.563,495747931165.903,570802844185.962,647296967487.855,725268392078.141,804756653035.699,885802789488.103,968449406425.125,1052740738299.76,1138722714348.28,1226443025539.62,1315951193039.8,1407298638049.28,1500538752839.59,1595726972779.51,1692920849100.74,1792180122106.77,1893566794477.13,1997145204260.38,2102982097083.84,2211146697033.35,2321710775573.56,2434748717785.17,2550337585090.34,2668557173519.34,2789490066438.54,2913221680510.78,3039840303491.46,3169437122275.61,3302106239399.26,3437944675960.73,3577052358658.93,3719532088344.08,3865489487135.37,4015032920774.61,4168273392449.77,4325324403827.47,4486301778473.02,4651323442196.84,4820509154137.55,4993980181557.38,5171858910368.26,5354268382306.13,5541331748399.41,5733171626906.32,5929909352186.92,6131664098983.79,6338551864257.54,6550684285992.63,6768167275175.74,6991099433356.6,7219570223711.06,7453657858194.81,7693426857029.3,7938925229185.37,8190181213467.46,8447199508936.9,8709956910365.23,8978397248714.57,9252425517742.92,9531901045050.12,9816629538403.7,10106353805038.8,10400742901653.2,10699379424651.4,11001744592223,11307200700240.7,11614970450633.2,11924112551560.8,12233492871012,12541750287047.9,12847256217010.9,13148066623786,13441865090935.9,13725895335275.5,13996881296695.9,14250932733153.3,14483434093818.9,14688914414437.1,14860896191448,14991721835454.1,15072357689743.7,15092178227071.5,15038737717084.2,14897544693508.6,14651868052021.3,14282625977417,13768445605464.8,13086041105349.4,12211154388559.4,11120456385371.2,9795045571068.6,8226532327133.11,6427155620111.16,4445760929377.76,2390912529820.71,457613878702.024,-1065588272065.27,-1885167705655.89,-1956878246548.46,-1429601853628.91,0
"6145",-616717955674.789,-577640215541.162,-537998484622.642,-497782826675.144,-456983012982.801,-415588510489.021,-373588469459.454,-330971710666.219,-287726712083.512,-243841595085.733,-199304110140.329,-154101621989.099,-108221094313.096,-61649073878.4054,-14371674162.0921,33625441539.7705,82357077517.1321,131838523555.932,182085573340.953,233114543335.272,284942292115.011,337586240132.552,391064389875.091,445395346378.273,500598338046.737,556693237724.357,613700583947.041,671641602299.596,730538226785.677,790413121105.841,851289699722.948,913192148576.927,976145445291.326,1040175378692.64,1105308567439.31,1171572477530.88,1238995438437.86,1307606657560.67,1377436232689.09,1448515162094.04,1520875351838.47,1594549619845.42,1669571696206.28,1745976219152.46,1823798726047.05,1903075638679.11,1983844242062.57,2066142655851.39,2150009797383.79,2235485335258.89,2322609632228.2,2411423676050.83,2501968996814.27,2594287569059.52,2688421696870.05,2784413879885.24,2882306657980,2982142432109.6,3083963258551.03,3187810613475.71,3293725124460.25,3401746265178.96,3511912009119.11,3624258437713.91,3738819297792.94,3855625502699.9,3974704570816.36,4096079994550.44,4219770532091.96,4345789413392.02,4474143450883.38,4604832044406.53,4737846068631.01,4873166629946.9,5010763678328.98,5150594458026.29,5292601779081.26,5436712089608.54,5582833326438.81,5730852519126.22,5880633119398,6032012024858.11,6184796262108.16,6338759290386.42,6493636882317.81,6649122533393.41,6804862346345.52,6960449330666.09,7115417051175.67,7269232552880.84,7421288482529.86,7570894320566.27,7717266631027.32,7859518232005.3,7996646186585.02,8127518515159.16,8250859536850.41,8365233763535.05,8469028299122.45,8560433745672.03,8637423695694.18,8697733009449.94,8738835255397.18,8757919956646.94,8751870672035.05,8717245496587.81,8650262360572.21,8546792630761.92,8402368093909.38,8212208588054.02,7971280536687.68,7674400657096.49,7316404378091.33,6892405153852.84,6398178788379.36,5830715379734.53,5188988575375.53,4474992984583.08,3695086445710.26,2861625967504.45,1994769743382.92,1124069545402.24,288991724225.102,-463362899367.033,-1086347330898.48,-1551472384033.03,-1875652775552.11,-2142895466328,-2531930224108.85,-3853913686714.02,0
"6140",-289958802031.813,-259353042287.088,-228402801999.449,-197103139147.72,-165448963817.019,-133435032616.885,-101055942993.391,-68306127447.0747,-35179847670.8376,-1671188624.18286,32225947437.0676,66517846953.5227,101210991052.191,136312061504.682,171827946620.735,207765747039.815,244132781378.482,280936591686.058,318184948655.055,355885856526.385,394047557622.218,432678536431.423,471787523163.938,511383496680.869,551475686696.746,592073575138.883,633186896536.359,674825637297.315,717000033718.372,759720568553.497,802997965951.695,846843184553.341,891267408513.51,936282036197.252,981898666266.345,1028129080849.06,1074985225454.33,1122479185258.48,1170623157356.74,1219429418532.68,1268910288055.73,1319078084971.13,1369945079295.54,1421523436477.48,1473825154421.77,1526861992313,1580645390402.79,1635186379850.03,1690495481620.83,1746582593366.4,1803456863100.41,1861126548393.85,1919598859693.03,1978879786245.04,2038973902985.01,2099884156598.56,2161611628822.07,2224155274881.47,2287511634796.17,2351674515089.54,2416634638248.65,2482379257065.22,2548891730765.99,2616151059603.39,2684131374328.92,2752801376709.67,2822123726977.28,2892054373817.42,2962541822220.93,3033526334227.82,3104939057307.01,3176701074835.61,3248722372878.31,3320900717233.26,3393120434518.63,3465251090942.79,3537146062355.08,3608640989242.65,3679552110561.57,3749674470714.88,3818779994678.87,3886615427308.22,3952900134318.54,4017323764472.56,4079543775235.92,4139182827811,4195826062237.52,4249018269463.27,4298260985300.08,4343009541443.46,4382670121806.66,4416596888991.51,4444089266636.59,4464389489687.18,4476680567590.6,4480084846578.29,4473663408417.22,4456416606536.04,4427286118911.35,4385158993642.71,4328874281310.47,4257232991938.28,4169012287811.57,4062985030451.71,3937946043610.26,3792746734616.52,3626340029016.61,3437837903645.9,3226584118830.08,2992244987905.94,2734921064539.4,2455282267138.42,2154727834777.25,1835570011404.7,1501235478137.06,1156469678176.97,807513797515.691,462198616475.323,129858942270.547,-179087952525.156,-454137257097.15,-686588821179.862,-872696713109.344,-1018281530443.71,-1144424890086.12,-1292746884054.35,-1527944296485.61,-1933659027655.31,-2544362661609.69,-2773514323144.04,0
"6135",-213552310772.466,-193492194278.447,-173319669233.394,-153034752664.915,-132637449883.075,-112127754124.666,-91505646329.1594,-70771095067.9475,-49924056650.8445,-28964475436.2005,-7892284373.75166,13292594187.7431,34590247392.9038,56000770433.4193,77524264720.6102,99160835630.3671,120910589769.501,142773631707.829,164750060115.132,186839963236.503,209043413633.619,231360462112.912,253791130754.589,276335404948.869,298993224337.641,321764472550.878,344648965617.787,367646438922.345,390756532562.053,413978774956.925,437312564543.122,460757149372.211,484311604422.507,507974806413.547,531745405898.255,555621796389.748,579602080260.977,603684031135.494,627865052466.43,652142131978.344,676511791622.812,700970032673.611,725512275560.831,750133294015.575,774827143067.777,799587080409.271,824405480602.784,849273741584.653,874182182875.621,899119934879.444,924074818614.165,949033215185.753,973979924278.723,998898010904.186,1023768639612.83,1048570895349.57,1073281590099.01,1097875054447.55,1122322913170.36,1146593843941.8,1170653318267.41,1194463323747.87,1217982066813.14,1241163655112.02,1263957758813.38,1286309250176.02,1308157820880.78,1329437576799.64,1350076610111.12,1369996548971.4,1389112085329.96,1407330481952.47,1424551060303.98,1440664671673.02,1455553154811.68,1469088784460.14,1481133716455.81,1491539436743.18,1500146223555.22,1506782634394.22,1511265032274.08,1513397169083.51,1512969847990.34,1509760691646.42,1503534048699.49,1494041077919.2,1481020057260.75,1464196974593.02,1443286467793.11,1417993194634.91,1388013727546.13,1353039085009.01,1312758030204.38,1266861288403.19,1215046857373.88,1157026609203.15,1092534406520.99,1021335979686.14,943240831687.003,858116450820.678,765905112459.247,666643532991.701,560485590933.752,447728237886.126,328840566108.365,204495754324.291,75605245957.2072,-56646016833.7851,-190765223041.387,-324921115568.483,-456921462838.092,-584204514555.258,-703852397438.391,-812636662029.481,-907108397445.66,-983746895399.514,-1039180678609.4,-1070490972277.57,-1075597528415.52,-1053706103380.52,-1005761197873.87,-934793912310.203,-845987568859.074,-746224580810.747,-642859993346.688,-541457412550.047,-442171782306.505,-338403520647.346,-277621341312.594,-900622550123.18,0
"6130",-337076402965.82,-328452118751.107,-319933127542.626,-311523575550.013,-303227693041.671,-295049796657.083,-286994291899.14,-279065675823.466,-271268539943.108,-263607573368.335,-256087566202.888,-248713413219.687,-241490117840.613,-234422796447.019,-227516683049.41,-220777134346.887,-214209635209.118,-207819804615.888,-201613402091.716,-195596334675.544,-189774664468.213,-184154616803.156,-178742589088.742,-173545160373.619,-168569101689.617,-163821387229.975,-159309206424.001,-155039976972.66,-151021358913.1,-147261269783.625,-143767900964.211,-140549735271.085,-137615565887.573,-134974516716.599,-132636064243.701,-130610061002.292,-128906760735.834,-127536845353.932,-126511453781.364,-125842212800.402,-125541269987.511,-125621328845.259,-126095686228.984,-126978272165.293,-128283692155.253,-130027272049.311,-132225105572.847,-134894104570.613,-138052052024.609,-141717657882.75,-145910617714.276,-150651674181.515,-155962681285.739,-161866671306.173,-168387924304.859,-175552040014.723,-183386011862.336,-191918302798.818,-201178922520.138,-211199505549.512,-222013389526.94,-233655692901.253,-246163391044.776,-259575389605.877,-273932593675.535,-289277971065.354,-305656607669.86,-323115752508.542,-341704849604.473,-361475553347.54,-382481723400.236,-404779394520.81,-428426715888.267,-453483853600.932,-480012848967.189,-508077423994.475,-537742724088.505,-569074986375.83,-602141120233.256,-637008184520.653,-673742743641.054,-712410081866.305,-753073252341.742,-795791933798.124,-840621064239.157,-887609216737.649,-936796677980.456,-988213185400.357,-1041875273711.05,-1097783176570.33,-1155917224170.34,-1216233673143.45,-1278659901786.78,-1343088901972.01,-1409373000229.42,-1477316745765.98,-1546668914480.88,-1617113597903.37,-1688260377733.39,-1759633634663.21,-1830661109971.13,-1900661937006.09,-1968834495686.84,-2034244626620.61,-2095814983665.53,-2152316616135.36,-2202364263788.05,-2244417322574.29,-2276788986788.65,-2297666657943.35,-2305147250580.37,-2297291360818.16,-2272200109656.11,-2228117351610.76,-2163557090712.33,-2077450234392.71,-1969294669973.86,-1839276150876.18,-1688302851026.7,-1517863397579.09,-1329580910398.19,-1124308182839.67,-900623343184.947,-652695132880.594,-367751281575.644,-23770599866.7735,412000859985.834,987135018985.834,1810572082121.56,3400112738870.37,0
"6125",-603206983850.147,-605802052972.205,-608684254528.704,-611860513743.9,-615337879975.176,-619123528811.663,-623224764232.786,-627649020829.402,-632403866090.061,-637497002754.94,-642936271239.826,-648729652132.4,-654885268762.852,-661411389850.593,-668316432228.467,-675608963645.476,-683297705648.451,-691391536542.54,-699899494429.566,-708830780322.458,-718194761332.892,-728000973928.003,-738259127250.672,-748979106496.12,-760170976335.684,-771844984376.356,-784011564642.185,-796681341060.578,-809865130933.327,-823573948368.247,-837819007643,-852611726467.761,-867963729107.696,-883886849319.962,-900393133052.723,-917494840845.567,-935204449861.599,-953534655471.254,-972498372296.22,-992108734609.001,-1012379095968.97,-1033323027959.53,-1054954317872.64,-1077286965166.46,-1100335176499.01,-1124113359115.17,-1148636112335.47,-1173918216863.59,-1199974621593.44,-1226820427557.21,-1254470868611.36,-1282941288408.19,-1312247113145.74,-1342403819527.45,-1373426897295.34,-1405331805624.35,-1438133922581.94,-1471848486763.37,-1506490530109.61,-1542074800799.73,-1578615674982.17,-1616127055968.05,-1654622259352.9,-1694113882360.14,-1734613655508.22,-1776132274491.29,-1818679209930.35,-1862262492393.89,-1906888469804.47,-1952561534036.14,-1999283813166.74,-2047054825476.35,-2095871090875.78,-2145725695007.67,-2196607800783.01,-2248502101601.01,-2301388209947.03,-2355239974475.87,-2410024718068.54,-2465702388704.68,-2522224614330.33,-2579533652233,-2637561222782.03,-2696227216775.93,-2755438265094.69,-2815086158927.05,-2875046108591.42,-2935174828970.58,-2995308439936.08,-3055260170977.15,-3114817860737.68,-3173741244515.07,-3231759026255.09,-3288565736526.22,-3343818384801.75,-3397132923650,-3448080554794.4,-3496183923272.29,-3540913267098.18,-3581682617139.7,-3617846176809.43,-3648695055393.84,-3673454584392.39,-3691282515374.11,-3701268482971.27,-3702435220019.72,-3693742135256.11,-3674092007658.86,-3642341712597,-3597318064424.42,-3537840017549.5,-3462748572039.54,-3370945702186.1,-3261443324175.12,-3133422487911.05,-2986301176692.37,-2819805578310.94,-2634033221486.59,-2429485023765.86,-2207024317572.3,-1967691217472.57,-1712259678267.39,-1440384403307.82,-1149199174768.36,-831451850485.204,-473972493484.057,-58338466719.7518,436313591446.958,1043864870574.73,1836574684571.51,0
"6120",-954427871686.025,-967125856373.484,-980243966532.183,-993790397554.49,-1007773456516.58,-1022201561911.71,-1037083243235.64,-1052427140410.45,-1068242003031.49,-1084536689421.22,-1101320165471.88,-1118601503257.51,-1136389879393.92,-1154694573123.51,-1173524964099.43,-1192890529841.59,-1212800842834.35,-1233265567233,-1254294455143.27,-1275897342434.93,-1298084144046.77,-1320864848736.8,-1344249513227.09,-1368248255688.29,-1392871248503.83,-1418128710248.84,-1444030896812.45,-1470588091586.54,-1497810594636.63,-1525708710763.62,-1554292736356.97,-1583572944931.2,-1613559571228.35,-1644262793758.94,-1675692715642.98,-1707859343600.81,-1740772564930.85,-1774442122297.83,-1808877586139.91,-1844088324487.74,-1880083469971.13,-1916871883771.03,-1954462116254.69,-1992862364011.27,-2032080422982.53,-2072123637359.83,-2112998843892.92,-2154712311229.49,-2197269673875.96,-2240675860339.73,-2284935014981.85,-2330050413075.65,-2376024368532.39,-2422858133718.94,-2470551790755.12,-2519104133640.17,-2568512540518.72,-2618772835356.85,-2669879138259.51,-2721823703621.3,-2774596745264.79,-2828186247684.49,-2882577762481.77,-2937754189046.84,-2993695538520.84,-3050378680054.72,-3107777068374.81,-3165860451669.32,-3224594558828.7,-3283940765109.05,-3343855735344.19,-3404291043914.09,-3465192770788.5,-3526501073110.34,-3588149731969.56,-3650065674250.17,-3712168469717.88,-3774369803859.21,-3836572927392.25,-3898672083848.48,-3960551917180.64,-4022086861984.42,-4083140519631,-4143565024386.91,-4203200404434.6,-4261873943575.79,-4319399550264.57,-4375577141418.67,-4430192049115.06,-4483014458671.34,-4533798886591.42,-4582283706195.65,-4628190727183.36,-4671224832524.72,-4711073671488.55,-4747407400715.01,-4779878455352.43,-4808121318606.24,-4831752239731.35,-4850368826680.4,-4863549409596.81,-4870852034840.73,-4871812906870.51,-4865944049313.06,-4852729911983.62,-4831622617091.7,-4802035532278.79,-4763334908463.83,-4714829471141.61,-4655758172652.86,-4585276899799.86,-4502445926351.59,-4406221489627.29,-4295457280114.96,-4168925092967.48,-4025368536926.03,-3863609350389.46,-3682731581843.51,-3482372043437.12,-3263140188103.12,-3027165122891.7,-2778700273693.23,-2524572687948.51,-2274007352718.82,-2037038335457.66,-1820915760617.3,-1627443065721.93,-1471661011365.57,-1510528708115.41,-2531099715411.1,0
"6115",-1338519792613.22,-1359589130652.57,-1381159140398.9,-1403237958292.86,-1425833784678.7,-1448954880329,-1472609562622.28,-1496806201348.16,-1521553214112.31,-1546859061311.87,-1572732240649.82,-1599181281154.36,-1626214736667.17,-1653841178761.71,-1682069189049.96,-1710907350833.15,-1740364240048.81,-1770448415463.12,-1801168408054.04,-1832532709526.91,-1864549759899.99,-1897227934093.38,-1930575527450.11,-1964600740113.07,-1999311660176.89,-2034716245527.93,-2070822304279.96,-2107637473707.31,-2145169197570.4,-2183424701722.34,-2222410967877.82,-2262134705418.46,-2302602321100.76,-2343819886525.06,-2385793103215.22,-2428527265150.25,-2472027218580.33,-2516297318949.98,-2561341384742.35,-2607162648048.69,-2653763701657.53,-2701146442448.66,-2749312010867.3,-2798260726244.83,-2847992017723.37,-2898504350533.39,-2949795147366,-3001860704574.91,-3054696102938.13,-3108295112705.87,-3162650092659.66,-3217751882909,-3273589691155.95,-3330150972166.09,-3387421300196.85,-3445384234151.69,-3504021175253.11,-3563311217058.29,-3623230987681.79,-3683754484139.6,-3744852898790.58,-3806494437927.1,-3868644132657.03,-3931263642328.6,-3994311050878.35,-4057740656634.97,-4121502756290.19,-4185543423956.01,-4249804286468.32,-4314222296374.75,-4378729504362.47,-4443252833243.52,-4507713856025.43,-4572028581054.64,-4636107247734.34,-4699854136885.62,-4763167400442.29,-4825938915841.62,-4888054171188.22,-4949392188016.14,-5009825489234.79,-5069220120592.12,-5127435734683.34,-5184325747122.25,-5239737574900.75,-5293512967091.08,-5345488437764.32,-5395495810134.21,-5443362879267.07,-5488914197938.45,-5531971986004.44,-5572357157534.56,-5609890451357.98,-5644393638913.73,-5675690767531.17,-5703609376510.73,-5727981596483.38,-5748645008227.15,-5765443094064.45,-5778225061852.36,-5786844757366.4,-5791158305143.42,-5791020031382.42,-5786276128252,-5776755423486.98,-5762256534892.13,-5742530637913.38,-5717259091496.32,-5686025309946.8,-5648280624608.71,-5603304582090.6,-5550161371949.71,-5487656148323.7,-5414298299438.39,-5328283748611.48,-5227515789275.59,-5109694471374.68,-4972518701144.33,-4814062740058.82,-4633407153219.56,-4431615023581.01,-4213124375718.28,-3987518523971.08,-3771292574711.56,-3588311245126.04,-3465383110023.11,-3414203594086.67,-3378474712049.52,-3074914899951.16,-1525178654351.85,0
"6110",-1712337345004.44,-1739737117679.56,-1767670266962.28,-1796143951561.83,-1825165334207.75,-1854741575432.4,-1884879826887.81,-1915587224167.55,-1946870879102.36,-1978737871496.54,-2011195240270.16,-2044249973969.91,-2077909000609.54,-2112179176798.38,-2147067276114.13,-2182579976673.62,-2218723847852.69,-2255505336103.55,-2292930749815.31,-2331006243160.36,-2369737798866.16,-2409131209849.11,-2449192059643.75,-2489925701557.28,-2531337236475.94,-2573431489246.43,-2616212983552.04,-2659685915199.26,-2703854123727.7,-2748721062251.97,-2794289765441.05,-2840562815537.19,-2887542306312.95,-2935229804862.18,-2983626311117.53,-3032732214984.94,-3082547250983.25,-3133070450275.32,-3184300089976.57,-3236233639626.02,-3288867704706.01,-3342197967098.51,-3396219122368.7,-3450924813771.29,-3506307562881.38,-3562358696759.72,-3619068271573.41,-3676424992606.12,-3734416130609,-3793027434463.68,-3852243040153.18,-3912045376066.53,-3972415064697.09,-4033330820836.62,-4094769346415.04,-4156705222192.55,-4219110796576.64,-4281956071912.48,-4345208588683.11,-4408833308156.82,-4472792494134.66,-4537045594583.19,-4601549124087.8,-4666256548232.62,-4731118171205.58,-4796081028144.84,-4861088783986.59,-4926081640847.57,-4990996256279.46,-5055765675070.12,-5120319277638.88,-5184582748481.6,-5248478068566.99,-5311923536067.28,-5374833820323.12,-5437120054490.02,-5498689972886.01,-5559448099647.83,-5619295995891.82,-5678132573146.33,-5735854481347.87,-5792356580137.08,-5847532502504.63,-5901275319957.75,-5953478318222.84,-6004035891961.9,-6052844565923.36,-6099804148197.45,-6144819018581.86,-6187799551207.19,-6228663665175,-6267338489589.84,-6303762119481.33,-6337885426048.18,-6369673867597.3,-6399109225506.14,-6426191161307.25,-6450938455152.36,-6473389740778.18,-6493603495730.05,-6511656975830.25,-6527643697378.62,-6541668967036.24,-6553842835820.01,-6564269709160.68,-6573033680654.99,-6580178478022.84,-6585680728010.17,-6589415087056.83,-6591109692001.64,-6590290440664.7,-6586212954804.25,-6577781941884.42,-6563459445496.64,-6541166791458.94,-6508190920000.5,-6461115868634.78,-6395816974627.45,-6307582784389.21,-6191473423825.39,-6043092126245.02,-5860047033215.74,-5644511918973.93,-5407402225392.25,-5174495388817.44,-4993351520348.39,-4934494427447.26,-5069294384274.18,-5417088102288.16,-5768654704289.41,0
"6105",-2043732307212.91,-2075388738660.07,-2107573631789.27,-2140292744495.58,-2173551787870.98,-2207356418579.42,-2241712230754.95,-2276624747396.93,-2312099411235.45,-2348141575038.79,-2384756491333.15,-2421949301503.98,-2459725024246.56,-2498088543332.22,-2537044594655.08,-2576597752522.97,-2616752415154.39,-2657512789342.29,-2698882874243.75,-2740866444253.23,-2783467030915.84,-2826687903835.49,-2870532050531.51,-2915002155196.28,-2960100576305.02,-3005829323028.02,-3052190030394.67,-3099183933158.08,-3146811838308.39,-3195074096182.91,-3243970570121.19,-3293500604613.64,-3343662991893.2,-3394455936920.98,-3445877020718.77,-3497923162003.72,-3550590577084.31,-3603874737980.49,-3657770328736.42,-3712271199900.48,-3767370321154.96,-3823059732086.81,-3879330491101.89,-3936172622497.42,-3993575061722.56,-4051525598873.9,-4110010820492.64,-4169016049753.26,-4228525285159.63,-4288521137894.8,-4348984768005.22,-4409895819639.16,-4471232355604.07,-4532970791558.01,-4595085830207.51,-4657550395949.25,-4720335570465.61,-4783410529866.3,-4846742484060.76,-4910296619149.09,-4974036043735.27,-5037921740195.73,-5101912522080.43,-5165964998984.2,-5230033550404.4,-5294070310298.25,-5358025164271.95,-5421845761574.32,-5485477544332.79,-5548863796759.82,-5611945717375.74,-5674662517638.96,-5736951550749.55,-5798748474795.67,-5859987454845.47,-5920601409047.54,-5980522304289.33,-6039681507470.35,-6098010198969.58,-6155439855415.33,-6211902809387.96,-6267332894183.95,-6321666182219.55,-6374841826022.29,-6426803011004.77,-6477498029282.18,-6526881483604.92,-6574915629933.13,-6621571866146.45,-6666832372686.51,-6710691908339.1,-6753159760571.23,-6794261844436.64,-6834042936509.4,-6872569019873.57,-6909929701920.92,-6946240647292.46,-6981645942012.16,-7016320269383.17,-7050470730451.46,-7084338077659.3,-7118197044231.8,-7152355336636.54,-7187150703691.62,-7222945291407.4,-7260116222067.39,-7299040980536.6,-7340075728250.65,-7383524071906.25,-7429593067626.6,-7478332330584.42,-7529551059557.94,-7582706648068.56,-7636757525542.1,-7689972357650.05,-7739688540580.4,-7782016588891.21,-7811496421876.87,-7820732073869.83,-7800073147556.78,-7737494146395.9,-7618986616132.47,-7430107828652.34,-7160002661577.69,-6810589720156.15,-6416182593452.8,-6082072257063.54,-6047417057992.71,-6764796834000.19,-9449338498566.77,0
"6100",-2311790513488.27,-2345809620256.3,-2380327364246.67,-2415348126364.59,-2450876212489.19,-2486915846023.71,-2523471160047.56,-2560546189052.24,-2598144860242.72,-2636270984385.38,-2674928246182.83,-2714120194155.48,-2753850230009.22,-2794121597468.02,-2834937370549.76,-2876300441263.18,-2918213506703.38,-2960679055523.14,-3003699353756.84,-3047276429973.61,-3091412059736.42,-3136107749343.56,-3181364718829.3,-3227183884200.64,-3273565838887.62,-3320510834385.14,-3368018760065.22,-3416089122139.64,-3464721021754.08,-3513913132196.88,-3563663675207.22,-3613970396370,-3664830539587.63,-3716240820622.02,-3768197399704.27,-3820695853213.58,-3873731144432.46,-3927297593391.18,-3981388845820.8,-4035997841242.54,-4091116780229.4,-4146737090886.37,-4202849394606.57,-4259443471173.72,-4316508223295.47,-4374031640668.51,-4432000763694.41,-4490401646985.85,-4549219322825.59,-4608437764766.29,-4668039851588.16,-4728007331863.27,-4788320789411.68,-4848959609974.33,-4909901949472.64,-4971124704274.64,-5032603483943.43,-5094312587005.84,-5156224980348.74,-5218312282927.86,-5280544754560.46,-5342891290669.87,-5405319423957.38,-5467795334097.69,-5530283866688.49,-5592748562835.43,-5655151700922.35,-5717454352305.16,-5779616452880.29,-5841596892715.79,-5903353626201.12,-5964843805472.53,-6026023940210.27,-6086850087286.45,-6147278074175.27,-6207263760526.07,-6266763342853.73,-6325733707928.01,-6384132841154.98,-6441920297049.18,-6499057739808.81,-6555509563039.42,-6611243598838.12,-6666231927763.85,-6720451802689.3,-6773886701165.44,-6826527522730.19,-6878373949547.66,-6929435990844.74,-6979735733760.57,-7029309325342.23,-7078209212344.77,-7126506666972.04,-7174294627339.84,-7221690880678.38,-7268841614267.3,-7315925352581.69,-7363157287345.05,-7410793987603.29,-7459138445958.15,-7508545369671.74,-7559426554386.87,-7612256073832.78,-7667574867432.93,-7725994090386.1,-7788196281822.56,-7854932971125.89,-7927016733512.2,-8005304861097.61,-8090670653359.56,-8183956746622.86,-8285902766274.11,-8397036744443.96,-8517516033149.58,-8646898706852.69,-8783820617720.69,-8925546487109.11,-9067356332951.98,-9201722889544.36,-9317235679995.41,-9397243108078.92,-9418240469842.54,-9348196101658.52,-9145468528987.36,-8760265987586.07,-8144207382234.22,-7282434119106.49,-6274023314215.94,-5419289560934.8,-4596199436128.08,0
"6095",-2505765024435.37,-2540565878814.11,-2575822988784.36,-2611539691286.75,-2647719246664.34,-2684364832676.72,-2721479538242.21,-2759066356898.67,-2797128179973.25,-2835667789451.34,-2874687850534.83,-2914190903879.84,-2954179357503.84,-2994655478352.35,-3035621383515.18,-3077079031082.49,-3119030210630.91,-3161476533330.14,-3204419421660.97,-3247860098735.55,-3291799577211.46,-3336238647791.48,-3381177867301.53,-3426617546339.94,-3472557736491.94,-3518998217104.19,-3565938481615.34,-3613377723439.41,-3661314821400.72,-3709748324719.96,-3758676437553.4,-3808097003088.49,-3858007487201.99,-3908404961688.53,-3959286087070.88,-4010647095005.57,-4062483770301.68,-4114791432573.57,-4167564917553.17,-4220798558091.76,-4274486164886.46,-4328621006972.28,-4383195792027.14,-4438202646544.11,-4493633095933.2,-4549478044623.55,-4605727756246.72,-4662371833992.56,-4719399201241.21,-4776798082588.25,-4834555985395.17,-4892659682014.29,-4951095192856.26,-5009847770489.79,-5068901884987.77,-5128241210761.15,-5187848615153.78,-5247706149106.73,-5307795040242.16,-5368095688763.2,-5428587666621.28,-5489249720464.2,-5550059778951.7,-5610994965108.97,-5672031614487.62,-5733145300018.23,-5794310864574.05,-5855502462423.4,-5916693610935.29,-5977857254122.67,-6038965839867.99,-6099991412983.03,-6160905726620.04,-6221680374982.94,-6282286950800.63,-6342697231633.44,-6402883399806.74,-6462818301625.05,-6522475752539.15,-6581830896148.78,-6640860626357.27,-6699544083692.23,-6757863238812.7,-6815803578589.97,-6873354912933.34,-6930512323796.76,-6987277281616.44,-7043658958862.98,-7099675775515.88,-7155357217146.92,-7210745972981.79,-7265900448816.35,-7320897717966.87,-7375836982426.45,-7430843625851.17,-7486073949496.61,-7541720691075,-7598019433605.67,-7655256014991.59,-7713775046710.84,-7773989637850.89,-7836392393120.83,-7901567702239.13,-7970205251271.77,-8043114546782.97,-8121240026053.1,-8205675995033.04,-8297680138137.72,-8398683605520.96,-8510294596242.33,-8634290764389.83,-8772593455978.03,-8927213414555.97,-9100152706141.76,-9293240530114.56,-9507870301766.63,-9744590408986.18,-10002479011915.6,-10278200310974,-10564589086008.3,-10848529351806.9,-11107757067287.9,-11305979087702.1,-11385286761560.1,-11254234517388.5,-10769844667741.1,-9717120919615.24,-7822888023904.43,-4938781668422.99,-1321385423697.08,0
"6090",-2623188600398.78,-2657559198548.27,-2692341095894.71,-2727537058671.01,-2763149797590.21,-2799181964016.47,-2835636145991.72,-2872514864114.38,-2909820567266.46,-2947555628185.54,-2985722338877.84,-3024322905868.9,-3063359445288.37,-3102833977785.22,-3142748423270.11,-3183104595481.4,-3223904196371.42,-3265148810309.79,-3306839898100.5,-3348978790809.65,-3391566683400.73,-3434604628174.42,-3478093528010.04,-3522034129405.68,-3566427015314.24,-3611272597772.7,-3656571110321.7,-3702322600212.94,-3748526920401.47,-3795183721320.42,-3842292442435.09,-3889852303573.78,-3937862296032.24,-3986321173448.64,-4035227442445.72,-4084579353036.42,-4134374888789.11,-4184611756748.17,-4235287377105.01,-4286398872614.42,-4337943057750.54,-4389916427595.88,-4442315146456.75,-4495135036197.26,-4548371564283.88,-4602019831531.92,-4656074559544.74,-4710530077836.38,-4765380310628.57,-4820618763313.08,-4876238508571.79,-4932232172148.54,-4988591918269.41,-5045309434712.26,-5102375917531.96,-5159782055455.76,-5217518013973.32,-5275573419160.29,-5333937341291.96,-5392598278327.35,-5451544139373.55,-5510762228278.52,-5570239227548.12,-5629961182843.72,-5689913488391.33,-5750080873726.83,-5810447392317.29,-5870996412740.63,-5931710613281.4,-5992571981014.71,-6053561816713.45,-6114660747233.64,-6175848747422.99,-6237105174070.82,-6298408814991.65,-6359737957028.74,-6421070477603.03,-6482383965444.47,-6543655877360.68,-6604863739363.29,-6665985402230.89,-6726999363697.1,-6787885171978.04,-6848623928374.04,-6909198910287.89,-6969596340303.16,-7029806332088.53,-7089824049982.46,-7149651126338.73,-7209297389270.65,-7268782963545.07,-7328140819296.3,-7387419857235.03,-7446688635420.77,-7506039861766.2,-7565595798563.49,-7625514750749.52,-7685998838556.79,-7747303287662.18,-7809747505675.62,-7873728252022.01,-7939735247333.05,-8008369605387.82,-8080365500264.09,-8156615495117.66,-8238199943008.47,-8326420802278.84,-8422840054198.3,-8529322614179.08,-8648083104585.76,-8781734974731.13,-8933339007198.63,-9106445921939,-9305124088407.77,-9533957513203.45,-9797990074176.36,-10102577471243.3,-10453085317060.3,-10854334539365.3,-11309633262317,-11819126296324.2,-12376992738655.9,-12966619535242,-13552003183635.9,-14061601789053.9,-14356101799672.4,-14162165655126.7,-12955646321837.5,-9981701640174.43,-5884321771221.19,0
"6085",-2667641403301.38,-2700731719609.4,-2734192448548.23,-2768026249077.43,-2802235759677.92,-2836823596745.33,-2871792352935.08,-2907144595457.57,-2942882864322.36,-2979009670529.45,-3015527494205.96,-3052438782686.33,-3089745948533.56,-3127451367499.21,-3165557376419.11,-3204066271041.74,-3242980303785.41,-3282301681420.31,-3322032562670.6,-3362175055731.19,-3402731215693.18,-3443703041871.04,-3485092475023.71,-3526901394460.7,-3569131615023.19,-3611784883928.61,-3654862877465.98,-3698367197527.22,-3742299367958.22,-3786660830710.98,-3831452941776.02,-3876676966871.74,-3922334076864.32,-3968425342888.83,-4014951731138.68,-4061914097286.6,-4109313180496.27,-4157149596979.12,-4205423833045.69,-4254136237595.53,-4303287013983.77,-4352876211195.89,-4402903714255.5,-4453369233782.32,-4504272294609.79,-4555612223363.34,-4607388134891.21,-4659598917430.76,-4712243216383.27,-4765319416560.42,-4818825622755.45,-4872759638482.04,-4927118942713.86,-4981900664448.5,-5037101554910.92,-5092717957204.07,-5148745773208.93,-5205180427533.05,-5262016828306.75,-5319249324630.59,-5376871660487.62,-5434876924950.54,-5493257498539.5,-5552004995623.04,-5611110202804.07,-5670563013300.44,-5730352357416.3,-5790466129313.68,-5850891110436.97,-5911612890124.1,-5972615784164.88,-6033882752348.97,-6095395316394.84,-6157133480081.31,-6219075653930.79,-6281198587439.94,-6343477312641.95,-6405885103746.11,-6468393458769.04,-6530972110492.28,-6593589075803.82,-6656210754570.52,-6718802091721.01,-6781326819286.79,-6843747798868.06,-6906027489497.14,-6968128571336.91,-7030014762280.78,-7091651872569.25,-7153009152317.24,-7214060998740.05,-7274789104346.04,-7335185145009.57,-7395254128364.36,-7455018549241.12,-7514523530990.17,-7573843170797.19,-7633088355119.05,-7692416370074.12,-7752042703337.49,-7812255521553.38,-7873433413653.5,-7936067119316.66,-8000786116920.82,-8068391130448.99,-8139893832946.05,-8216565276503.36,-8299994862846.43,-8392161974910.37,-8495522696525.93,-8613114311949.44,-8748680422759.51,-8906819415130.71,-9093158438175.19,-9314553664189.08,-9579314845465.68,-9897447216672.23,-10280895340213.4,-10743759618072.9,-11302433822026,-11975575539691.9,-12783758005913.8,-13748522716228.6,-14890217887769.6,-16222908688804,-17740405148843,-19369754953165.5,-20795074206252,-20823571338455.4,-16248292369394.8,0
"6080",-2646564287254.68,-2677837373274.12,-2709447341312.89,-2741397096145.85,-2773689561411.39,-2806327679832.85,-2839314413443.14,-2872652743810.49,-2906345672262.99,-2940396220108.83,-2974807428848.98,-3009582360378.14,-3044724097169.39,-3080235742436.94,-3116120420270.85,-3152381275736.43,-3189021474929.99,-3226044204981.72,-3263452673994.69,-3301250110908.02,-3339439765270.35,-3378024906908.1,-3417008825470.88,-3456394829834.59,-3496186247339.82,-3536386422841.02,-3576998717538.65,-3618026507563.42,-3659473182278.22,-3701342142259.34,-3743636796914.51,-3786360561690.38,-3829516854817.21,-3873109093532.66,-3917140689720.92,-3961615044896.31,-4006535544453.58,-4051905551099.33,-4097728397370.19,-4144007377134.59,-4190745735964.81,-4237946660255.22,-4285613264951.42,-4333748579742.24,-4382355533553.66,-4431436937169.39,-4480995463787.87,-4531033627309.47,-4581553758130.79,-4632557976205.41,-4684048161111.46,-4736025918847.53,-4788492545058.11,-4841448984369.47,-4894895785495.97,-4948833051756.19,-5003260386617.38,-5058176833867.4,-5113580811994.14,-5169470042336.31,-5225841470555.04,-5282691180965.7,-5340014303264.15,-5397804911182.48,-5456055912619.32,-5514758930809.63,-5573904176132.58,-5633480308206.77,-5693474287992.9,-5753871219721.95,-5814654182595.9,-5875804052377.31,-5937299313202.25,-5999115860228.68,-6061226794084.51,-6123602208522.04,-6186208973239.46,-6249010514521.32,-6311966597209.33,-6375033112582.54,-6438161878049.18,-6501300456191.98,-6564392002739.34,-6627375155549.55,-6690183979810.55,-6752747988521.13,-6814992262112.3,-6876837697023.48,-6938201420456.15,-6998997417757.59,-7059137430404.6,-7118532196952.75,-7177093127343.08,-7234734523570.42,-7291376488136.31,-7346948697491.34,-7401395262808.22,-7454680957467.82,-7506799162854.47,-7557781975636.29,-7607713036036.24,-7656743784594.31,-7705114043463.08,-7753178058775.27,-7801437447707.29,-7850582886295.59,-7901546875839.79,-7955570567495.5,-8014288445489.12,-8079835719073.1,-8154984615551.21,-8243317483727.1,-8349446818007.71,-8479295149714.91,-8640451451611.4,-8842625642973.69,-9098229666730.42,-9423123854674.29,-9837583946178.82,-10367573965235.2,-11046468659979.6,-11917492230514.6,-13037411741096.6,-14482640280327.8,-16360292030512.4,-18829481864389,-22140043088571.5,-26661251842508.7,-32476938099402.8,-36382797229470.6,0
"6075",-2569381854256.23,-2598544284167.6,-2628017985403.41,-2657806308698.91,-2687912659485.53,-2718340499336.92,-2749093347430.8,-2780174782022.29,-2811588441923.71,-2843338027984.98,-2875427304567.89,-2907860101006.72,-2940640313046.42,-2973771904248.56,-3007258907353.91,-3041105425589.2,-3075315633903.84,-3109893780120.93,-3144844185984.86,-3180171248085.75,-3215879438638.68,-3251973306093.42,-3288457475547.15,-3325336648930.3,-3362615604931.78,-3400299198626.74,-3438392360765.88,-3476900096681.1,-3515827484757.68,-3555179674418.12,-3594961883557.1,-3635179395361.27,-3675837554440.76,-3716941762192.42,-3758497471306.87,-3800510179323.25,-3842985421126.22,-3885928760270.22,-3929345779004.83,-3973242066864.06,-4017623207669.41,-4062494764783.22,-4107862264434.28,-4153731176921.69,-4200106895486.2,-4246994712619.8,-4294399793564.8,-4342327146732.29,-4390781590747.42,-4439767717804.41,-4489289852988.35,-4539352009192.88,-4589957837233.24,-4641110570722.54,-4692812965245.64,-4745067231329.2,-4797874960669.01,-4851237045036.05,-4905153587240.93,-4959623803493.02,-5014645916445.21,-5070217038168.43,-5126333042252.4,-5182988424179.97,-5240176149074.19,-5297887485869,-5356111826908.17,-5414836491934.76,-5474046515395.09,-5533724415951.39,-5593849947077.75,-5654399827608.91,-5715347451126.38,-5776662573107.29,-5838310974836.65,-5900254103204.71,-5962448685689.64,-6024846320081.21,-6087393038853.56,-6150028848573.74,-6212687245372.77,-6275294708352.89,-6337770173917.1,-6400024495459.51,-6461959894741.46,-6523469413722.97,-6584436378775.27,-6644733893271.16,-6704224379791.21,-6762759199929.08,-6820178388354.79,-6876310548954.71,-6930972975225.89,-6983972075590.29,-7035104208117.49,-7084157059879.32,-7130911745865.06,-7175145853762.54,-7216637727511.37,-7255172369048.59,-7290549450301.43,-7322594074486.07,-7351171118143.24,-7376204237798.76,-7397700957448.56,-7415785691881.05,-7430743142230.45,-7443075273103.37,-7453576112013.13,-7463429993431.17,-7474340728189.16,-7488701690676.11,-7509820230160.19,-7542214486314.45,-7592007150979.79,-7667449779832.42,-7779624232238.81,-7943386972579.89,-8178651512567.52,-8512152653779.87,-8979921711875.36,-9630867755429,-10532218081679.9,-11778444874949.2,-13507734848940.2,-15937743253490.2,-19459519539149.1,-24930786746969.8,-34615258734927.2,-50719391732151.6,0
"6070",-2446068295972.36,-2472997558241.16,-2500219185161.09,-2527737026863.81,-2555555015944.25,-2583677169548.67,-2612107591467.87,-2640850474228.85,-2669910101177.29,-2699290848542.02,-2728997187471.94,-2759033686034.49,-2789405011163.34,-2820115930542.01,-2851171314408.13,-2882576137261.59,-2914335479458.07,-2946454528667.29,-2978938581173.15,-3011793042990.65,-3045023430771.77,-3078635372469.73,-3112634607727.77,-3147026987955.57,-3181818476052.37,-3217015145732.02,-3252623180400.94,-3288648871534.95,-3325098616495.96,-3361978915723.92,-3399296369233.08,-3437057672335.16,-3475269610504.82,-3513939053294.65,-3553072947198.68,-3592678307353.97,-3632762207959.49,-3673331771280.89,-3714394155097.45,-3755956538434.58,-3798026105411,-3840610027014.49,-3883715440602.99,-3927349426909.83,-3971518984311.83,-4016231000097.35,-4061492218447.85,-4107309204820.6,-4153688306392.43,-4200635608193.49,-4248156884526.97,-4296257545233.95,-4344942576323.26,-4394216474442.32,-4444083174617.95,-4494545970643.88,-4545607427435.43,-4597269284609.38,-4649532350479.62,-4702396385584.62,-4755859974781.84,-4809920386854.97,-4864573420483.05,-4919813235313.96,-4975632166768.5,-5032020523074.53,-5088966362892.25,-5146455251740.56,-5204469995271.04,-5262990347257.93,-5321992689981,-5381449684470.88,-5441329887865.79,-5501597334892.9,-5562211080239.55,-5623124698320.73,-5684285736683.39,-5745635119020.3,-5807106493504.16,-5868625521907.31,-5930109104758.44,-5991464537625.38,-6052588593531.48,-6113366526547.15,-6173670991800.85,-6233360877588.77,-6292280046020.96,-6350255979838.31,-6407098334827.72,-6462597399855.06,-6516522470201.24,-6568620144985.55,-6618612566470.64,-6666195628600.42,-6711037195070.96,-6752775384703.09,-6791017005381.48,-6825336249372.28,-6855273805151.48,-6880336597642.86,-6899998444953.37,-6913702022064.45,-6920862659705.31,-6920874692399.3,-6913121320717.84,-6896989292862.48,-6871890172568.05,-6837290589175.24,-6792754723986.01,-6738003460899.49,-6672996237713.03,-6598043840796.85,-6513963413680.45,-6422291102985.16,-6325573451016.32,-6227766403634.33,-6134781337273.22,-6055231709496.28,-6001452884944.28,-5990892610964.3,-6048001744970.05,-6206795338312.68,-6514306711184.58,-7035252178310.57,-7858587628297.44,-9108742914709.95,-10977421581761.7,-13879476862820.7,-19568355818723.7,-43362479990525.5,0
"6065",-2286178841461.98,-2310859535565.5,-2335818339852.29,-2361059547331.75,-2386587551929.5,-2412406850802.34,-2438522046642.07,-2464937849960.07,-2491659081343.19,-2518690673670.96,-2546037674282.63,-2573705247081.54,-2601698674562.95,-2630023359749.89,-2658684828020.22,-2687688728806.19,-2717040837145.92,-2746747055064.42,-2776813412759.02,-2807246069562.41,-2838051314652.97,-2869235567480.08,-2900805377868.18,-2932767425760.54,-2965128520559.59,-2997895600016.88,-3031075728621.09,-3064676095427.99,-3098704011270.66,-3133166905282.92,-3168072320662.5,-3203427909593.63,-3239241427241.51,-3275520724722.89,-3312273740948.09,-3349508493220.26,-3387233066467,-3425455600967.95,-3464184278429.18,-3503427306241.43,-3543192899743.94,-3583489262298.96,-3624324562963.62,-3665706911525.71,-3707644330647.63,-3750144724838.59,-3793215845947.86,-3836865254842.53,-3881100278900.39,-3925927964912.03,-3971355026946.91,-4017387788693.07,-4064032119731.65,-4111293365152.78,-4159176267858.79,-4207684882833.9,-4256822482584.71,-4306591452872.74,-4356993177767.9,-4408027912948.3,-4459694646057.17,-4511990942798.56,-4564912777310.47,-4618454345193.05,-4672607857390,-4727363312920.33,-4782708248232.16,-4838627460697.87,-4895102703487.32,-4952112348738.15,-5009631015586.92,-5067629159225.55,-5126072616700.33,-5184922104668.69,-5244132663766.7,-5303653043609.3,-5363425021739.37,-5423382649051.07,-5483451413328.88,-5543547311556.49,-5603575820549.02,-5663430754236.33,-5722992994565.42,-5782129081483.91,-5840689645806.68,-5898507666946.52,-5955396535503.35,-6011147898559.17,-6065529263227.46,-6118281331582.73,-6169115037591.89,-6217708254157.15,-6263702135974.64,-6306697061784.09,-6346248137988.75,-6381860224930.74,-6412982447854.2,-6439002157545.82,-6459238311912.75,-6472934260906.55,-6479249935453.17,-6477253469549.62,-6465912327883.65,-6444084075494.23,-6410507019934.96,-6363791092499.38,-6302409530582.8,-6224692202151.72,-6128821808503.08,-6012834757661.06,-5874629277078.18,-5711984406573.43,-5522594971946.73,-5304129583760.26,-5054321208402.8,-4771102896767.59,-4452804537753.19,-4098429076668.74,-3708025984019.39,-3283169607776.3,-2827514710206.05,-2347299994658.69,-1851388352336.65,-1349627292418.53,-845892721308.855,-314455735537.887,378236540276.833,1747184228288.5,5774341078946.19,20565849703161.5,0
"6060",-2098293732369.12,-2120768522695.6,-2143509680176.72,-2166521822045.83,-2189809676811.5,-2213378086601.98,-2237232009489.93,-2261376521789.59,-2285816820316.84,-2310558224602.34,-2335606179046.42,-2360966255003.55,-2386644152782.82,-2412645703549.56,-2438976871111.9,-2465643753574.2,-2492652584837.75,-2520009735927.34,-2547721716119.78,-2575795173848.9,-2604236897358.38,-2633053815071.59,-2662252995644.54,-2691841647664.76,-2721827118955.54,-2752216895441.17,-2783018599524.6,-2814239987924.31,-2845888948912.46,-2877973498890.53,-2910501778233.02,-2943482046323.01,-2976922675696.22,-3010832145202.35,-3045219032083.56,-3080092002860.67,-3115459802906.91,-3151331244577.36,-3187715193749.7,-3224620554617.32,-3262056252560.6,-3300031214904.66,-3338554349352.68,-3377634519862.92,-3417280519713.95,-3457501041476.33,-3498304643580.32,-3539699713136.8,-3581694424632.56,-3624296694081.46,-3667514128168.15,-3711353967871.36,-3755823025998.13,-3800927617998.32,-3846673485358.86,-3893065710799.58,-3940108624404.55,-3987805699725.09,-4036159438779.89,-4085171244753.89,-4134841281057.51,-4185168315250.61,-4236149546157.94,-4287780412301.96,-4340054379552.85,-4392962705638.58,-4446494178868.02,-4500634828090.78,-4555367600544.01,-4610672003812.51,-4666523707646.02,-4722894100828.41,-4779749797668.15,-4837052087965.11,-4894756323493.29,-4952811233106.1,-5011158157502.09,-5069730193463.81,-5128451235974.42,-5187234904998.25,-5245983341846.41,-5304585857897.33,-5362917415956.4,-5420836921661.91,-5478185299009.59,-5534783320195.68,-5590429155474.21,-5644895603476.34,-5697926956315.65,-5749235446643.5,-5798497215436.45,-5845347729467.78,-5889376565870.86,-5930121467626.58,-5967061557823.87,-5999609581704.25,-6027103023283.32,-6048793917122.21,-6063837144876.14,-6071276969731.74,-6070031518788.76,-6058874872738.41,-6036416362596.49,-6001076603387.64,-5951059713046.48,-5884321069785.52,-5798529851015.08,-5691025469564.32,-5558766875773.63,-5398273522729.26,-5205556588319.39,-4976038794779.21,-4704460827038.66,-4384771846160.27,-4010000755453.55,-3572103354283.64,-3061777587864.32,-2468233300585.08,-1778891221170.89,-978962090253.057,-50807182889.3951,1027126921417.59,2282263891985.36,3751900329253.46,5492554079341.56,7605452410777.07,10318204415705.3,14297588472098.6,22261432472886.2,54057742402912.8,0
"6055",-1889781949130.93,-1910118416034.14,-1930710256726.95,-1951562275675,-1972679393399.23,-1994066648843.97,-2015729201732.38,-2037672334902.26,-2059901456614.64,-2082422102826.83,-2105239939420.5,-2128360764374.73,-2151790509872.73,-2175535244329.87,-2199601174329.32,-2223994646450.58,-2248722148974.24,-2273790313445.06,-2299205916073.65,-2324975878954.79,-2351107271078.87,-2377607309109.99,-2404483357902.22,-2431742930722.53,-2459393689145.62,-2487443442583.01,-2515900147404.56,-2544771905606.76,-2574066962977.64,-2603793706703.07,-2633960662353.93,-2664576490187.47,-2695649980689.59,-2727190049277.45,-2759205730073.67,-2791706168654.29,-2824700613662.89,-2858198407172.06,-2892208973661.18,-2926741807465.89,-2961806458539.5,-2997412516349.76,-3033569591715.59,-3070287296367.68,-3107575219993.39,-3145442904500.55,-3183899815205.76,-3222955308620.18,-3262618596469.82,-3302898705546.35,-3343804432939.33,-3385344296149.2,-3427526477523.55,-3470358762394.17,-3513848470220.43,-3558002377962.51,-3602826634816.16,-3648326667337.02,-3694507073865.09,-3741371507027.82,-3788922542950.07,-3837161535629.87,-3886088454746.04,-3935701704945.37,-3985997924408.81,-4036971760213.15,-4088615617682.96,-4140919380559.89,-4193870098396.67,-4247451637102.98,-4301644288019.96,-4356424330268.77,-4411763540392.81,-4467628642477.93,-4523980690971.35,-4580774377307.34,-4637957250159.59,-4695468837647.03,-4753239658084.41,-4811190103849.97,-4869229180585.18,-4927253081187.6,-4985143570829.15,-5042766155441.12,-5099968001643.25,-5156575570826.44,-5212391923865.53,-5267193645544.09,-5320727328977.92,-5372705549833.39,-5422802247587.88,-5470647416026.37,-5515820987055.37,-5557845770054.42,-5596179282518.19,-5630204275593.5,-5659217718937.63,-5682417961417.16,-5698889725385.26,-5707586519894.8,-5707309968763.16,-5696685438479.69,-5674133212875.77,-5637834288987.67,-5585689652258.18,-5515271617021.99,-5423765474365.58,-5307899253428.09,-5163858847107.09,-4987185043387.76,-4772648091598.6,-4514094254329.92,-4204257261274.58,-3834525564285.48,-3394653609486.36,-2872401720398.46,-2253084227513.36,-1518998642956.68,-648699412234.14,383931739847.976,1610876870380.44,3071484161044.7,4814247273192.24,6898487526501.41,9394442208516.53,12376749936412,15893781450734,19826749601808,22922425553490.6,9952700045778.21,0
"6050",-1666782376310.86,-1685053748682.69,-1703569068297.74,-1722333202830.19,-1741351137951.43,-1760627979842.67,-1780168957718.29,-1799979426355.35,-1820064868624.53,-1840430898016.9,-1861083261160.44,-1882027840319.47,-1903270655869.44,-1924817868738.7,-1946675782807.78,-1968850847256.01,-1991349658843.88,-2014178964118.43,-2037345661527.68,-2060856803428.4,-2084719597970.08,-2108941410835.96,-2133529766820.02,-2158492351216.68,-2183837010997.15,-2209571755744.15,-2235704758313.14,-2262244355185.29,-2289199046473.29,-2316577495537.29,-2344388528163.47,-2372641131252.72,-2401344450961.23,-2430507790228.39,-2460140605620.7,-2490252503412.13,-2520853234813.1,-2551952690250.42,-2583560892589.6,-2615687989179.19,-2648344242583.06,-2681540019851.86,-2715285780167.75,-2749592060677.98,-2784469460311.77,-2819928621351.42,-2855980208502.14,-2892634885175.56,-2929903286668.49,-2967795989881.28,-3006323479178.02,-3045496107943.49,-3085324055338.69,-3125817277696.43,-3166985453930.87,-3208837924258.42,-3251383621440.47,-3294630993660.99,-3338587918040.5,-3383261603662.47,-3428658482844.92,-3474784089227.74,-3521642921061.16,-3569238287870.1,-3617572138428.66,-3666644867704.18,-3716455100115.99,-3766999446093.73,-3818272228506.72,-3870265175060.8,-3922967072212.25,-3976363375517.72,-4030435770610.82,-4085161678153.3,-4140513695131.97,-4196458963737.83,-4252958457743.92,-4309966174759.09,-4367428220936.51,-4425281772609.82,-4483453896858.99,-4541860210101.24,-4600403350376.32,-4658971234945.99,-4717435070030.38,-4775647073805.92,-4833437867003.28,-4890613477339.76,-4946951894315.09,-5002199099242.28,-5056064481341.46,-5108215533752.74,-5158271702749.02,-5205797238402.56,-5250292864415.33,-5291186047415.87,-5327819600051.65,-5359438295499.16,-5385173100814.84,-5404022549329.78,-5414830663527.65,-5416260703731.37,-5406763846988.22,-5384541685167.4,-5347501159084.83,-5293200200530.95,-5218781915989.68,-5120894588581.98,-4995594065426.81,-4838224195057.86,-4643269833322.72,-4404175486216.65,-4113120836090.05,-3760742132789.88,-3335785664972.2,-2824676249239.94,-2210980017198.34,-1474737264152.71,-591639375826.4,467971219568.148,1740272507556.59,3269205005178.28,5107371338475.23,7315174568532.95,9953549847767.68,13055228686021.2,16524648503513.2,19783386401114.8,20313219724409.3,7948804430996.76,0
"6045",-1434310925090.61,-1450587167516.59,-1467094891206.35,-1483838932525.66,-1500824247183.76,-1518055913064.67,-1535539133106.41,-1553279238227.12,-1571281690296.5,-1589552085150.79,-1608096155649.27,-1626919774769.49,-1646028958738.49,-1665429870196.33,-1685128821387.96,-1705132277378.68,-1725446859287.89,-1746079347534.82,-1767036685089.25,-1788325980719.16,-1809954512226.1,-1831929729657.94,-1854259258487.17,-1876950902741.51,-1900012648071.67,-1923452664739.34,-1947279310506.37,-1971501133403.34,-1996126874353.61,-2021165469625.33,-2046626053080.9,-2072517958189.45,-2098850719763.76,-2125634075378.22,-2152877966419.22,-2180592538713.48,-2208788142673.06,-2237475332888.5,-2266664867093.18,-2296367704412.6,-2326595002801.95,-2357358115563.33,-2388668586821.25,-2420538145819.66,-2452978699887.66,-2486002325901.85,-2519621260052.68,-2553847885698.05,-2588694719060.92,-2624174392497.57,-2660299635029.11,-2697083249790.51,-2734538088008.1,-2772677019067.4,-2811512896177.77,-2851058517077.3,-2891326579150.36,-2932329628248.91,-2974080000416.95,-3016589755612.89,-3059870602405.01,-3103933812479.87,-3148790123647.85,-3194449629852.92,-3240921656490.74,-3288214619106.35,-3336335863276.05,-3385291483170.77,-3435086115945.47,-3485722708691.6,-3537202254219.97,-3589523491397.27,-3642682565130.39,-3696672640361.63,-3751483463588.86,-3807100864435.64,-3863506188642.61,-3920675652502.72,-3978579607183.04,-4037181699521.97,-4096437913709.91,-4156295475690.63,-4216691599084.06,-4277552047834.35,-4338789486518.08,-4400301584167.15,-4461968831398.87,-4523652023394.43,-4585189352567.54,-4646393044299.45,-4707045456489.08,-4766894548384.42,-4825648605607.83,-4882970085692.25,-4938468420835.07,-4991691580728.56,-5042116156690.16,-5089135676927.61,-5132046799134.87,-5170032947542.9,-5202144862985.63,-5227277411306.38,-5244141840917.72,-5251232486127.28,-5246786668286.25,-5228736238464.88,-5194648816442.35,-5141656290726.7,-5066367528418.82,-4964761473551.14,-4832055857353.04,-4662545574521.17,-4449403376130.15,-4184433896339.07,-3857770219792.87,-3457500353581.49,-2969209391734.38,-2375422411375.75,-1654934235205.31,-782017147418.201,274488573933.715,1552158133886.09,3095876884031.66,4958073811183.03,7196304879415.53,9861733401676.24,12962355744775.9,16406435277179.2,20518899038755.2,35256290380025.1,0
"6040",-1196423299453.46,-1210768797652,-1225332120726.19,-1240118012505.09,-1255131338320.3,-1270377088323.56,-1285860380899.32,-1301586466174.54,-1317560729628.24,-1333788695803.01,-1350276032120.84,-1367028552805.52,-1384052222913.52,-1401353162475.52,-1418937650750.36,-1436812130592.97,-1454983212937.67,-1473457681398.1,-1492242496984.31,-1511344802937.7,-1530771929683.47,-1550531399900.25,-1570630933705.5,-1591078453954.96,-1611882091653.38,-1633050191472.78,-1654591317373.81,-1676514258323.94,-1698828034105.44,-1721541901204.1,-1744665358768.02,-1768208154623.64,-1792180291333.97,-1816592032281.21,-1841453907753,-1866776721008.09,-1892571554293.43,-1918849774780.19,-1945623040381.44,-1972903305408.32,-2000702826015.59,-2029034165379.82,-2057910198545.78,-2087344116866.98,-2117349431956.25,-2147939979050.13,-2179129919677.84,-2210933743509.99,-2243366269245.53,-2276442644375.6,-2310178343640.92,-2344589165974.59,-2379691229693.06,-2415500965666.43,-2452035108161.62,-2489310683010.71,-2527344992708.35,-2566155597988.22,-2605760295365.84,-2646177090064.45,-2687424163659.01,-2729519835680.92,-2772482518318.98,-2816330663230.53,-2861082699335.95,-2906756960308.68,-2953371600287.41,-3000944496122.89,-3049493134225.3,-3099034479792.96,-3149584825873.14,-3201159619323.75,-3253773260301.3,-3307438871385.19,-3362168031849.12,-3417970471891.58,-3474853720821.38,-3532822702240.71,-3591879268149.83,-3652021662586.36,-3713243903869.49,-3775535072701.81,-3838878491236.51,-3903250775679.01,-3968620741982.65,-4034948140621.72,-4102182192164.89,-4170259890285.38,-4239104032754.93,-4308620933660.15,-4378697761285.03,-4449199435489.56,-4519965005570.39,-4590803414000.05,-4661488532464.97,-4731753333453.67,-4801283032274.72,-4869706999537.29,-4936589201203.73,-5001416870303.19,-5063587048734.31,-5122390556078.87,-5176992840983,-5226411044429.16,-5269486446935.54,-5304851275852.77,-5330888605526.75,-5345683781903.63,-5346965433138.42,-5332033678448.87,-5297672611575.09,-5240043513652.56,-5154554560234.94,-5035702073759.48,-4876877721426.76,-4670135593576.51,-4405912916978.51,-4072698052698.93,-3656637965097.17,-3141069148421.01,-2505924169593.52,-1726861951135.65,-773661775738.901,393432901269.948,1832987549465.34,3646675333608.48,6044829504230.3,9548088397724.29,15750652607412.3,27303460751483.7,0
"6035",-956386575866.936,-968861228094.408,-981538996896.33,-994424500701.799,-1007522482962.24,-1020837816078.47,-1034375505474.3,-1048140693822.74,-1062138665431.26,-1076374850792.67,-1090854831308.56,-1105584344192.35,-1120569287559.53,-1135815725712.61,-1151329894628.93,-1167118207659.39,-1183187261446.84,-1199543842072.82,-1216194931441.82,-1233147713912.37,-1250409583184.8,-1267988149455.32,-1285891246846.95,-1304126941127.45,-1322703537725.07,-1341629590052.93,-1360913908153.17,-1380565567671.94,-1400593919176.62,-1421008597826.73,-1441819533409.71,-1463036960753.1,-1484671430524.23,-1506733820428.37,-1529235346816.07,-1552187576709.83,-1575602440259.68,-1599492243636.62,-1623869682371.68,-1648747855147.45,-1674140278047.23,-1700060899265.53,-1726524114281.1,-1753544781491.93,-1781138238307.76,-1809320317693.2,-1838107365149.51,-1867516256119.15,-1897564413790.97,-1928269827277.68,-1959651070129.57,-1991727319139.56,-2024518373384.15,-2058044673433.26,-2092327320647.52,-2127388096465.82,-2163249481567.09,-2199934674768.44,-2237467611497.03,-2275872981643.57,-2315176246571.99,-2355403655020.72,-2396582257585.79,-2438739919423.88,-2481905330752.81,-2526108014656.73,-2571378331622.2,-2617747480136.8,-2665247492572.95,-2713911225452.34,-2763772343039.52,-2814865293041.63,-2867225272992.71,-2920888185669.17,-2975890581613.89,-3032269586532.16,-3090062810956.56,-3149308239150.29,-3210044093719.02,-3272308671816.82,-3336140148147.39,-3401576339159.44,-3468654421892.88,-3537410599825.4,-3607879706764.92,-3680094738297.16,-3754086298482.64,-3829881947351.79,-3907505432204.8,-3986975782706.83,-4068306246182.99,-4151503035247.28,-4236563854803.45,-4323476169362.38,-4412215164321.2,-4502741346085.65,-4594997715376.61,-4688906435357.02,-4784364900876.31,-4881241096576.43,-4979368109136.81,-5078537631703.79,-5178492265542.81,-5278916383986.29,-5379425275497.28,-5479552224730.16,-5578733121564.97,-5676288107468.32,-5771399676738.93,-5863086550537.9,-5950172542716.91,-6031249556598.73,-6104633825510.82,-6168314596147.25,-6219894741869.52,-6256523384327.75,-6274821502578.54,-6270802227022.52,-6239785751993.15,-6176296474370.69,-6073881560935.61,-5924629449356.87,-5717674789597.59,-5434550715640.34,-5035365160260.46,-4420389098127.33,-3336447954364.39,-1227680069395.76,2476294540882.08,4922588252666.66,0
"6030",-716833426497.265,-727494855292.075,-738343910678.418,-749385071842.97,-760622947721.234,-772062281593.857,-783707955881.468,-795564997147.783,-807638581321.306,-819934039146.466,-832456861875.624,-845212707214.006,-858207405530.261,-871446966346.015,-884937585118.575,-898685650331.636,-912697750909.728,-926980683972.973,-941541462949.656,-956387326065.084,-971525745226.255,-986964435322.959,-1002711363967.09,-1018774761693.25,-1035163132644.9,-1051885265772.01,-1068950246567.32,-1086367469370.13,-1104146650268.24,-1122297840630.47,-1140831441303.92,-1159758217512.55,-1179089314495.72,-1198836273927.37,-1219011051159.78,-1239626033337.68,-1260694058432.07,-1282228435245.77,-1304242964446.21,-1326751960684.53,-1349770275863.63,-1373313323622.24,-1397397105106.09,-1422038236102.19,-1447253975617.13,-1473062255985.75,-1499481714602.36,-1526531727372.84,-1554232443992.83,-1582604825164.33,-1611670681870.72,-1641452716839.01,-1671974568326.66,-1703260856380.54,-1735337231725.98,-1768230427455.31,-1801968313697.83,-1836579955466.59,-1872095673891.82,-1908547111067.15,-1945967298751.91,-1984390731191.79,-2023853442341.37,-2064393087794.48,-2106049031753.95,-2148862439400.22,-2192876375049.33,-2238135906525.33,-2284688216211.03,-2332582719284.6,-2381871189698.58,-2432607894514.08,-2484849737266.58,-2538656411113.25,-2594090562596.34,-2651217966955.62,-2710107716037.81,-2770832419985.98,-2833468424051.64,-2898096042061.9,-2964799808300.99,-3033668749837.87,-3104796681660.66,-3178282527378.25,-3254230668736.09,-3332751327789.74,-3413960986312.98,-3497982847922.69,-3584947349524.76,-3674992730079.98,-3768265666429.23,-3864921988094.18,-3965127485700.78,-4069058831107.93,-4176904631653.7,-4288866646400.71,-4405161199183.99,-4526020832036.57,-4651696253700.65,-4782458652074.58,-4918602457426.1,-5060448666072.28,-5208348863326.44,-5362690121542.18,-5523900996214.46,-5692458903107.61,-5868899235878.36,-6053826681441.56,-6247929315973.45,-6451996227491.07,-6666939626022.46,-6893822693452.3,-7133894833583.1,-7388636582927.35,-7659817368835.99,-7949570795070.75,-8260494607786.23,-8595786569915.8,-8959433795527.92,-9356481146667.3,-9793407520955.07,-10278607496020.9,-10822800958382,-11438519166870.7,-12135606538443,-12903582948103.9,-13661022733780.2,-14175944303424.1,-14280323808963.5,-13910289837678.9,0
"6025",-479888262683.414,-488793783757.636,-497870940526.203,-507124067798.563,-516557635437.623,-526176253617.689,-535984678329.519,-545987817145.673,-556190735260.139,-566598661817.019,-577216996543.996,-588051316707.209,-599107384405.209,-610391154220.752,-621908781250.347,-633666629532.738,-645671280898.804,-657929544266.852,-670448465408.766,-683235337214.153,-696297710481.411,-709643405266.539,-723280522822.586,-737217458164.835,-751462913299.215,-766025911154.02,-780915810257.781,-796142320209.132,-811715517987.808,-827645865159.345,-843944226029.944,-860621886812.004,-877690575865.36,-895162485084.054,-913050292503.801,-931367186210.953,-950126889640.08,-969343688354.005,-989032458407.54,-1009208696404.26,-1029888551364.39,-1051088858531.62,-1072827175257.01,-1095121819109.82,-1117991908377.78,-1141457405132.87,-1165539161054.39,-1190258966217.36,-1215639601073.19,-1241704891869.41,-1268479769778.33,-1295990334028.54,-1324263919361.44,-1353329168164.75,-1383216107669.25,-1413956232632.18,-1445582593972.91,-1478129893872.99,-1511634587904.69,-1546134994810.78,-1581671414623.53,-1618286255884.32,-1656024172808.16,-1694932213330.44,-1735059979078.71,-1776459798431.59,-1819186913962.25,-1863299685717.72,-1908859811961.22,-1955932569204.48,-2004587073587.33,-2054896565924.91,-2106938723046.34,-2160795998398.6,-2216555995294.13,-2274311876649.91,-2334162815611.69,-2396214492093.12,-2460579641003.64,-2527378658810.69,-2596740276107.02,-2668802305062.48,-2743712472068.04,-2821629347574.06,-2902723387138.68,-2987178100104.31,-3075191365192.72,-3166976915754.41,-3262766021552.61,-3362809398961.01,-3467379387502.07,-3576772437987.57,-3691311966444.82,-3811351638889.54,-3937279165303.13,-4069520697461.01,-4208545945257.09,-4354874150764.61,-4509081089573,-4671807306308.32,-4843767837370.72,-5025763730873.07,-5218695744062.23,-5423580685191.72,-5641570973529.1,-5873978122214.07,-6122301009041.75,-6388259995732.24,-6673838193671.43,-6981331461897.2,-7313409073065.07,-7673187415111.81,-8064319650022.91,-8491105014561.08,-8958622624865.49,-9472896713268.53,-10041104286215.8,-10671844787245.4,-11375510254141.8,-12164836615737.6,-13055810530571.1,-14069311035036.6,-15234294687105.7,-16594148243203.5,-18218968599748.4,-20225868011823.2,-22793236319405,-26057627100528.6,-29464006675239.5,-32055284547474.5,0
"6020",-247264467134.361,-254472205617.764,-261835303504.707,-269357945758.226,-277044457395.18,-284899309334.768,-292927124536.206,-301132684441.695,-309520935741.873,-318096997481.975,-326866168528.154,-335833935414.611,-345005980593.569,-354388191111.56,-363986667737.02,-373807734565.916,-383857949133.852,-394144113065.126,-404673283291.214,-415452783873.472,-426490218467.253,-437793483467.257,-449370781876.805,-461230637946.734,-473381912633.022,-485833819925.774,-498595944106.132,-511678257991.929,-525091142237.451,-538845405757.712,-552952307353.026,-567423578615.612,-582271448206.349,-597508667596.832,-613148538379.512,-629204941257.027,-645692366830.95,-662625948320.148,-680021496349.796,-697895535964.095,-716265346028.755,-735149001203.703,-754565416682.245,-774534395910.22,-795076681517.793,-816214009717.563,-837969168445.808,-860366059549.362,-883429765348.853,-907186619940.414,-931664285632.654,-956891834954.193,-982899838709.862,-1009720460611.21,-1037387559060,-1065936796722.44,-1095405758597.94,-1125834079359.97,-1157263580829.44,-1189738420533.53,-1223305252407.59,-1258013400814.52,-1293915049188.91,-1331065444761.97,-1369523120992.8,-1409350139522.47,-1450612353684.9,-1493379695855.74,-1537726491201.59,-1583731800713.71,-1631479796777.42,-1681060174950.17,-1732568606104.27,-1786107233647.55,-1841785221176.48,-1899719356658.24,-1960034720097.3,-2022865422638.88,-2088355426221.88,-2156659454246.16,-2227944005300.18,-2302388483846.47,-2380186463937.78,-2461547104596.46,-2546696738511,-2635880659277.68,-2729365136653.18,-2827439694323.32,-2930419690697.12,-3038649250409.69,-3152504602808.11,-3272397894006.3,-3398781551501.89,-3532153295306.01,-3673061907610.21,-3822113894890.6,-3979981202872.95,-4147410176986.27,-4325232000071.7,-4514374886712.39,-4715878371437.99,-4930910098414.84,-5160785605615.29,-5406991699806.02,-5671214143285.72,-5955370522644.67,-6261649347423.32,-6592556635562.84,-6950971485268.06,-7340212410377.61,-7764116528631.48,-8227134041384.62,-8734440843858.08,-9292072614550.65,-9907084533059.62,-10587742380882.8,-11343754548477.2,-12186563865625.8,-13129741815217.4,-14189586768922.3,-15386173864643.4,-16745460208098,-18303901099990.6,-20118995254415.3,-22293285937084.7,-25025594036824.8,-28698046384440.6,-33890509201657.5,-40524481920082.8,-45413428791719.6,0
"6015",-20337080546.5637,-25906142809.3326,-31614118968.0893,-37465031682.227,-43463047402.0392,-49612482681.5118,-55917810812.9736,-62383668802.0787,-69014864702.8176,-75816385333.5178,-82793404396.2123,-89951291023.2139,-97295618776.3584,-104832175126.098,-112566971439.476,-120506253508.042,-128656512648.895,-137024497414.402,-145617225948.638,-154441999031.317,-163506413852.941,-172818378568.043,-182386127676.867,-192218238289.558,-202323647330.964,-212711669748.537,-223392017790.612,-234374821427.448,-245670649993.113,-257290535132.341,-269245995143.163,-281549060813.388,-294212302856.847,-307248861064.003,-320672475290.87,-334497518420.502,-348739031442.548,-363412760808.667,-378535198235.046,-394123623138.093,-410196147905.518,-426771766222.871,-443870404695.132,-461512978024.513,-479721448029.305,-498518886814.799,-517929544436.093,-537978921424.522,-558693846584.681,-580102560508.012,-602234805292.177,-625121921003.472,-648796949472.766,-673294746074.8,-698652100206.681,-724907865255.007,-752103098923.245,-780281214882.827,-809488146814.262,-839772526019.767,-871185873918.265,-903782810878.972,-937621283013.387,-972762808729.947,-1009272747063.8,-1047220590029.61,-1086680281511.72,-1127730565508.74,-1170455366892.51,-1214944208233.07,-1261292666686.01,-1309602875448.02,-1359984074868.01,-1412553218968.2,-1467435643894.93,-1524765805699.81,-1584688095865.87,-1647357744165.02,-1712941819788.11,-1781620343259.16,-1853587523469.39,-1929053136289.58,-2008244063694.48,-2091406015226.24,-2178805457011.58,-2270731777523.42,-2367499723954,-2469452148577.14,-2576963110986.54,-2690441389800.11,-2810334466555.69,-2937133055379.34,-3071376264930.56,-3213657494542.49,-3364631184887.27,-3525020565523.26,-3695626568061.15,-3877338105307.34,-4071143954659.97,-4278146529490.2,-4499577876685.14,-4736818303604.45,-4991418115225.24,-5265123034113.37,-5559903983860.54,-5877992042123.3,-6221919512720.98,-6594568225702.92,-6999226344587.03,-7439655129811.74,-7920167256213.28,-8445718376167.09,-9022013609218.2,-9655630463276.88,-10354159312704.5,-11126362066459.6,-11982349599376.1,-12933780776933.7,-13994096079500.6,-15178832514003.4,-16506165775878.2,-17998102607383,-19683498013786.7,-21606081700019.4,-23845983296449.5,-26576898737797.2,-30213240424372.7,-35746337948092.8,-45002752978306.1,-53264193922919.6,0
"6010",199802854093.855,195812950743.932,191700733597.44,187462365711.947,183093864788.97,178591096568.561,173949767881.003,169165419335.614,164233417625.325,159148947424.272,153907002854.132,148502378493.26,142929659900.95,137183213627.194,131257176676.315,125145445390.573,118841663717.5,112339210822.124,105631188002.452,98710404863.5731,91569364702.5005,84200249052.3226,76594901330.4427,68744809531.5383,60641087901.3976,52274457522.9375,43635225740.4132,34713264342.1322,25497986415.7167,15978321783.2391,6142690916.13696,-4021022778.18311,-14525502414.8911,-25384028961.8206,-36610514577.8927,-48219538108.0304,-60226382895.1771,-72647077083.599,-85498436602.5547,-98798111035.7258,-112564632599.68,-126817468474.258,-141577076749.379,-156864966276.393,-172703760738.266,-189117267281.568,-206130550084.887,-223770009273.314,-242063465627.144,-261040251575.691,-280731309014.299,-301169294534.975,-322388692719.084,-344425938204.968,-367319547314.955,-391110260105.869,-415841193795.893,-441558008619.573,-468309087273.23,-496145729236.53,-525122361394.109,-555296766536.085,-586730331489.883,-619488316831.052,-653640150340.193,-689259746620.334,-726425855567.914,-765222442705.397,-805739104739.601,-848071524113.12,-892321966773.516,-938599827904.48,-987022230953.951,-1037714685967.32,-1090811814001.83,-1146458145275.8,-1204808999710.81,-1266031459676.29,-1330305446068.08,-1397824910373.3,-1468799157125.28,-1543454313174.23,-1622034962535.96,-1704805968286.89,-1792054506112.26,-1884092337761.42,-1981258356908.87,-2083921444868.76,-2192483679390.77,-2307383946526.71,-2429102013480.25,-2558163129649.06,-2695143233994.79,-2840674859733.04,-2995453842480.64,-3160246955854.8,-3335900619583.83,-3523350850042.22,-3723634652427.28,-3937903088302.47,-4167436292761.35,-4413660762864.71,-4678169294061.46,-4962744004589.15,-5269382959402.49,-5600330983964.63,-5958115341188.06,-6345587025141.1,-6765968489404.56,-7222908650989.04,-7720545946746,-8263579986560.82,-8857351802250.06,-9507931581054.44,-10222210661082.8,-11007990704868.1,-11874056102998.5,-12830203784497.4,-13887184820962,-15056481452969.4,-16349802908751.1,-17778159620167.2,-19350496642730.3,-21072663315537.6,-22951064980365.8,-25020002474709.5,-27470617253253.9,-31188109644548.4,-39722643968054.4,-61547188650469.1,0
"6005",412306290519.183,409836608129.745,407261435025.374,404577155823.397,401780011165.427,398866091025.291,395831327666.525,392671488228.815,389382166921.44,385958776800.282,382396541103.406,378690484118.485,374835421553.552,370825950380.571,366656438119.198,362321011525.829,357813544650.558,353127646222.017,348256646317.176,343193582270.125,337931183770.459,332461857098.293,326777668439.008,320870326216.581,314731162379.754,308351112570.321,301720695097.399,294829988635.703,287668608559.455,280225681816.659,272489820240.951,264449092190.065,256090992391.021,247402409862.48,238369593774.131,228978117091.427,219212837841.438,209057857821.817,198496478559.864,187511154312.245,176083441877.927,164193946977.197,151822266928.015,138946929327.263,125545326418.426,111593644798.635,97066790086.5424,81938306137.8943,66180288357.5051,49763290614.2725,32656225219.4794,14826255377.3379,-3761320539.94775,-23143193603.0295,-43358178602.101,-64447358846.3339,-86454242428.4602,-109424930991.812,-133408302142.667,-158456206768.214,-184623682651.276,-211969185918.881,-240554842024.604,-270446718146.627,-301715119087.094,-334434908986.211,-368685861420.211,-404553040738.99,-442127217821.399,-481505323788.487,-522790945622.857,-566094868102.076,-611535666972.783,-659240358878.208,-709345114214.486,-761996039841.557,-817350039424.854,-875575760149.286,-936854635643.393,-1001382036198.79,-1069368538790.1,-1141041331019.62,-1216645764958.27,-1296447078965.8,-1380732307987.2,-1469812405587.38,-1564024604154.57,-1663735043339.39,-1769341700971.74,-1881277665498.62,-2000014794508.59,-2126067810267.71,-2259998890518.25,-2402422821236.04,-2554012787778.46,-2715506892078.9,-2887715496475.77,-3071529509647.82,-3267929747219.69,-3477997519162.83,-3702926618375.65,-3944036909926.33,-4202789748333.07,-4480805480502.84,-4779883323375.44,-5102023935372.55,-5449455024340.05,-5824660342037.98,-6230412388043.5,-6669809049988.51,-7146314178629.04,-7663801616104.27,-8226601239252.22,-8839543719882.24,-9507997119678.6,-10237881533673.8,-11035634637269.9,-11908074951310.1,-12862058467904.8,-13903723072179.2,-15036914793997.3,-16259997510764.6,-17559509361419.3,-18897895570173.5,-20191270275427.2,-21276265305696.8,-21898634711085,-21968391345248,-23687338601292,-49120051221775.9,0
"6000",616531720141.04,615524983657.409,614429924468.279,613243196420.481,611961314295.062,610580647256.831,609097411960.439,607507665292.857,605807296730.758,603992020289.9,602057366042.069,599998671173.479,597811070556.779,595489486806.872,593028619788.739,590422935543.232,587666654594.41,584753739599.448,581677882299.375,578432489725.924,575010669616.523,571405214986.036,567608587800.073,563612901690.62,559409903650.393,554990954637.524,550347009017.101,545468592760.446,540345780317.06,534968170067.556,529324858258.846,523404411315.127,517194836409.82,510683550174.587,503857345411.57,496702355664.309,489204017491.05,481347030271.38,473115313363.239,464491960412.159,455459190598.036,445998296586.636,436089588933.282,425712336664.541,414844703740.091,403463681071.016,391545013742.444,379063123057.286,365991022983.715,352300230551.529,337960669701.38,322940568045.544,307206345949.13,290722497285.751,273451461161.283,255353483832.734,236386469975.722,216505822372.985,195664269006.683,173811676438.181,150894848249.402,126857307198.499,101639059608.193,75176340356.1377,47401336671.4475,18241888758.145,-12378834937.3923,-44542690224.176,-78336940090.2897,-113854670993.155,-151195245768.43,-190464796756.428,-231776763131.198,-275252476847.944,-321021802104.303,-369223833746.128,-420007660645.192,-473533200741.959,-529972115189.135,-589508809860.127,-652341533410.407,-718683582110.065,-788764622814.095,-862832146716.294,-941153067956.779,-1024015482737.25,-1111730606358.1,-1204634907544.27,-1303092461590.27,-1407497546246.38,-1518277506907.23,-1635895920566.75,-1760856091187.88,-1893704912614.77,-2035037138940.52,-2185500106339.42,-2345798954776.83,-2516702402704.38,-2699049132799.16,-2893754851943.28,-3101820093845.06,-3324338837762.48,-3562508021326.8,-3817638028803.89,-4091164237035.63,-4384659697477.17,-4699849019865.44,-5038623492899.68,-5403057414117.24,-5795425474422.67,-6218220793114.47,-6674172710291.65,-7166262484872.43,-7697733158453.06,-8272086101332.74,-8893049268726.46,-9564487065691.97,-10290190799355.4,-11073424696147,-11915968125298.9,-12816108416743.5,-13764418797525.3,-14734790674219.2,-15665128731816.7,-16415139175475.2,-16672616953067.3,-15744647807425.1,-12123052940211.7,-3044938555634.21,9252555226986.05,0
"5995",812014936876.202,812416443184.281,812747282301.167,813004434605.049,813184750209.125,813284942790.197,813301583095.608,813231092109.832,813069733860.82,812813607844.918,812458641047.74,812000579536.912,811434979600.991,810757198407.122,809962384148.147,809045465647.907,808001141391.303,806823867943.397,805507847719.368,804047016064.431,802435027600.014,800665241789.314,798730707672.116,796624147715.068,794337940719.789,791864103726.999,789194272850.292,786319682968.377,783231146199.24,779919029074.091,776373228322.689,772583145175.066,768537658077.371,764225093711.811,759633196202.122,754749094376.904,749559266953.129,744049505491.378,738204874962.6,732009671753.519,725447378923.898,718500618513.933,711151100683.624,703379569448.257,695165744754.734,686488260622.457,677324599049.501,667651019359.835,657442482640.063,646672570884.477,635313400434.75,623335529265.258,610707857626.356,597397521515.797,583369778402.402,568587884575.749,553012963440.681,536603864015.334,519317008825.634,501106230317.458,481922594829.111,461714213080.941,440426036045.094,417999634955.95,394372964109.687,369480104979.203,343250990037.032,315611104533.318,286481164317.137,255776767616.646,223408018505.568,189279119579.367,153287931143.267,115325493974.794,75275512465.3201,33013794667.1621,-11592354525.0332,-58684791147.7734,-108415245323.596,-160946094579.766,-216451202485.451,-275116828147.569,-337142612499.554,-402742647713.431,-472146636454.418,-545601148067.218,-623370979117.544,-705740625990.994,-793015877447.12,-885525535105.573,-983623269761.02,-1087689621131.07,-1198134148071.87,-1315397735370.22,-1439955061845.24,-1572317232555.37,-1713034575281.23,-1862699597999.11,-2021950099620.42,-2191472420694.35,-2372004813909.81,-2564340905973.48,-2769333212725.85,-2987896658205.94,-3221012035894.08,-3469729336685.5,-3735170853211.04,-4018533953041.16,-4321093390851.58,-4644202992705.94,-4989296471513.13,-5357886968200.24,-5751564537954.25,-6171989949185.02,-6620881253245.41,-7099985347326.76,-7611017414739.96,-8155530545549.37,-8734632216840.27,-9348361922666.37,-9994309917108.84,-10664505523570,-11338255267527,-11965149070632,-12423002031328,-12407755701274.8,-11123657003527.5,-6325045065048.88,9105194756989.91,64714284456996,0
"5990",998441073635.891,1000199243176.06,1001905020429.45,1003555775921.11,1005148762723.15,1006681110895.33,1008149821639.82,1009551761154.03,1010883654164.07,1012142077120.55,1013323451037.12,1014424033950.92,1015439912982.78,1016366995973.54,1017201002671.36,1017937455443.1,1018571669481.41,1019098742476.75,1019513543722.02,1019810702615.07,1019984596521.85,1020029337960.93,1019938761066.8,1019706407286.96,1019325510264.46,1018788979854.17,1018089385217.68,1017218936937.5,1016169468087.48,1014932414191.52,1013498791998.16,1011859176993.07,1010003679566.3,1007921919744.83,1005603000394.51,1003035478788.84,1000207336433.95,997105947031.623,993718042453.137,990029676587.385,986026186916.628,981692153662.297,977011356331.466,971966727481.948,966540303510.253,960713172251.925,954465417167.848,947776057872.984,940622986745.575,932982901334.899,924831232264.346,916142066303.491,906888064258.094,897040373300.364,886568533333.233,875440376951.706,863621922531.579,851077259940.64,837768428329.928,823655285422.654,808695367675.837,792843740644.499,776052838830.611,758272294248.644,739448752886.845,719525678188.351,698443140619.291,676137592332.429,652541625875.386,627583715832.71,601187942232.187,573273694489.005,543755354608.76,512541958323.693,479536832799.221,444637209523.198,407733810983.007,368710409751.365,327443358647.633,283801090726.349,237643587979.682,188821817838.85,137177136838.165,82540661184.2913,24732604477.8215,-36438416505.6116,-101176106214.627,-169697242051.876,-242232449203.714,-319026992603.903,-400341577899.479,-486453150600.919,-577655679289.275,-674260904701.388,-776599031589.121,-885019334307.229,-999890639982.591,-1121601644721.23,-1250561008521.31,-1387197163359,-1531957756423.25,-1685308637069.26,-1847732282536.31,-2019725545318.75,-2201796596880.44,-2394460942499.47,-2598236397489.74,-2813636957169.03,-3041165579518.71,-3281306058137.31,-3534514436130.79,-3801210862635.98,-4081773515979.64,-4376537341737.58,-4685802047883.36,-5009856234037.74,-5349027742740.55,-5703773748715.49,-6074825195387.94,-6463390205151.67,-6871372416024.02,-7301387186346.51,-7755793072848.37,-8232136272437.75,-8706452459216,-9075575958924.2,-8955120016108.33,-6918766650032.95,2820319943711.11,47208088776080.6,0
"5985",1175618028139.05,1178684502988.31,1181717574414.55,1184715069002.48,1187674712582.52,1190594125497.93,1193470817634.46,1196302183199.73,1199085495238.37,1201817899868.27,1204496410222.49,1207117900080.12,1209679097168.82,1212176576120.26,1214606751058.77,1216965867802.24,1219249995653.02,1221455018755.09,1223576626992.35,1225610306401.42,1227551329070.29,1229394742492.91,1231135358347.22,1232767740662.81,1234286193341.51,1235684746992.42,1236957145040.17,1238096829062.5,1239096923310.61,1239950218362.63,1240649153857.26,1241185800251.42,1241551839542.03,1241738544888.03,1241736759064.81,1241536871678.89,1241128795065.67,1240501938788.71,1239645182653.04,1238546848140.1,1237194668165.47,1235575755054.68,1233676566625.49,1231482870258.21,1228979704828.29,1226151340367.44,1222981235311.83,1219451991186.91,1215545304569.98,1211241916162.05,1206521556791.25,1201362890160.03,1195743452138.37,1189639586395.01,1183026376148.39,1175877571808.64,1168165514272.05,1159861053619.72,1150933462962.89,1141350347169.67,1131077546200.79,1120079032776.95,1108316804097.74,1095750767332.04,1082338618603.88,1068035715206.44,1052794940791.65,1036566563304.68,1019298085464.38,1000934087632.88,981416062974.501,960682244877.243,938667426704.622,915302774064.679,890515629933.068,864229313153.93,836362911073.932,806831067350.574,775543766326.843,742406115793.757,707318130486.579,670174519298.142,630864479967.062,589271505936.449,545273211212.581,498741180420.77,449540852903.054,397531451681.839,342565970487.858,284491234891.391,223148056965.449,158371506942.041,89991330101.2961,17832542769.8936,-58283752085.8779,-138539281497.893,-223117194336.324,-312200261271.716,-405968604593.998,-504596867545.991,-608250720397.902,-717082588742.233,-831226480287.217,-950791782979.905,-1075855915009.04,-1206455735136.42,-1342577684815.84,-1484146756397.09,-1631014605413.7,-1782947518041.62,-1939615622694.96,-2100585893776.8,-2265323474108.49,-2433209231125.34,-2603587306566.55,-2775866600000.32,-2949718070118.54,-3125441773143.93,-3304635496212.62,-3491402871705.3,-3694534659636.47,-3931460014475.23,-4235435489915.26,-4668657198340.71,-5346086316357.5,-6477922213540.36,-8440738212650.34,-11872507866961,-17692063098856.1,-28076285532468.6,0
"5980",1343451131454.73,1347780399818.76,1352096004575.63,1356396292246.18,1360679528821.4,1364943896039.26,1369187487482.8,1373408304489.95,1377604251865.66,1381773133385.83,1385912647082.4,1390020380297.98,1394093804498.15,1398130269828.61,1402126999403.73,1406081083312.43,1409989472326.35,1413848971294.6,1417656232208.5,1421407746918.69,1425099839486.13,1428728658147.59,1432290166874.97,1435780136506.82,1439194135429.34,1442527519782.65,1445775423167.29,1448932745824.07,1451994143259.59,1454954014287.71,1457806488456.38,1460545412827.25,1463164338074.09,1465656503864.53,1468014823487.75,1470231867689.31,1472299847672.42,1474210597223.39,1475955553917.19,1477525739357.57,1478911738404.31,1480103677338.83,1481091200917.99,1481863448264.44,1482409027541.01,1482715989355.68,1482771798843.16,1482563306369.14,1482076716803.5,1481297557309.85,1480210643600.41,1478800044608.09,1477049045531.01,1474940109209.9,1472454835805.37,1469573920750.15,1466277110962.44,1462543159319.12,1458349777404.35,1453673586568.71,1448490067358.38,1442773507403.33,1436496947888.93,1429632128777.81,1422149433000.06,1414017829890.68,1405204818225.79,1395676369295.6,1385396870554.76,1374329070512.38,1362434025668.3,1349671050472.9,1335997671489.31,1321369587175.71,1305740634986.63,1289062767824.86,1271286042267.24,1252358621450.39,1232226796046.9,1210835027405.32,1188126017683.22,1164040812693.88,1138518944235.84,1111498619908.19,1082916969865.95,1052710361675.05,1020814796428.77,987166401636.583,951702039147.175,914360049584.539,875081158528.002,833809574030.996,790494310127.235,745090776795.412,697562683512.08,647884311061.859,596043214691.388,542043430900.388,485909269924.144,427689785793.33,367464024867.283,305347160362.503,241497621980.535,176125321826.506,109501053006.317,41967083340.5283,-26051136813.6433,-94032420538.741,-161347039470.011,-227244828233.864,-290846327002.94,-351140752597.989,-406997453679.241,-457202489116.974,-500540739015.814,-535959614474.118,-562878851086.563,-581763447775.126,-595176221243.115,-609719182725.733,-639657858813.63,-713819445906.567,-889079840900.557,-1277699411252.13,-2105452036935.71,-3843526465521.19,-7536353930148.9,-15735035888136.3,-35750935773034.5,-92032659589598.1,0
"5975",1501919349712.55,1507467936659.02,1513023316970.58,1518584414631.68,1524150096272.32,1529719168595.79,1535290375692.95,1540862396237.92,1546433840559.9,1552003247585.76,1557569081647.52,1563129729148.86,1568683495084.61,1574228599406.53,1579763173229.03,1585285254867.8,1590792785704.27,1596283605868.55,1601755449733.28,1607205941210.55,1612632588843.99,1618032780687.61,1623403778963.25,1628742714487.87,1634046580862.09,1639312228411.17,1644536357869.65,1649715513800.59,1654846077740.89,1659924261063.73,1664946097549.85,1669907435659.27,1674803930495.91,1679631035457.63,1684383993565.35,1689057828465.49,1693647335101.18,1698147070049.1,1702551341520.22,1706854199024.92,1711049422705.08,1715130512338.63,1719090676025.27,1722922818565.88,1726619529552.81,1730173071193.31,1733575365894.76,1736817983647.41,1739892129248.83,1742788629423.84,1745497919905.25,1748010032553.4,1750314582608.07,1752400756183.46,1754257298137.29,1755872500468.34,1757234191423.84,1758329725528.68,1759145974784.88,1759669321330.41,1759885651894.28,1759780354439.65,1759338317449.67,1758543932383.6,1757381099914.67,1755833240657.44,1753883311204.12,1751513826417.24,1748706889074.27,1745444228130.04,1741707247059.63,1737477083971.3,1732734685440.4,1727460896317.69,1721636568113.75,1715242688963.76,1708260538641.82,1700671872630.9,1692459139874.47,1683605739552.99,1674096323056.09,1663917148278.57,1653056494473.9,1641505147176.18,1629256964177.29,1616309535248.29,1602664950259.36,1588330692615.52,1573320677531.02,1557656457656.53,1541368622001.45,1524498418006.08,1507099631065.35,1489240760826.12,1471007539198.27,1452505841229.75,1433865046734.17,1415241917672.96,1396825063473.08,1378840073146.87,1361555398301.18,1345289073246.5,1330416354725.43,1317378349792.33,1306691668704.48,1298959078132.36,1294881018319.09,1295267652184.34,1301050777722.24,1313294360152.11,1333201459456.96,1362113649121.41,1401496123329.61,1452896635896.57,1517857486046.34,1597743746277.4,1693421654072.48,1804666449405.16,1929074391820.86,2060047726209.74,2183001376862.47,2268048156899.83,2255432192123.09,2025300916196.61,1331650456837.81,-351633274803.754,-4220280999696.28,-13237827826975.6,-35707082760008.3,-98655173845692.8,0
"5970",1651053511734.99,1657778818704.79,1664531982447.95,1671312551596.36,1678120042800.22,1684953939397.09,1691813690036.08,1698698707256.58,1705608366020.59,1712542002198.23,1719498911005.62,1726478345395.06,1733479514396.98,1740501581413.7,1747543662465.21,1754604824387.26,1761684082982.39,1768780401125.07,1775892686822.04,1783019791229.89,1790160506631.89,1797313564377.11,1804477632785.05,1811651315020.07,1818833146940.51,1826021594928.33,1833215053706.22,1840411844150.25,1847610211107.37,1854808321228.72,1862004260831.33,1869196033802.61,1876381559564.35,1883558671115.2,1890725113173.45,1897878540445.03,1905016516044.84,1912136510103.94,1919235898598.94,1926311962445.31,1933361886901.74,1940382761338.87,1947371579432.98,1954325239852.95,1961240547517.96,1968114215513.21,1974942867762.75,1981723042570.62,1988451197156.62,1995123713328.7,2001736904452.53,2008287023899.32,2014770275176.31,2021182823970.27,2027520812364.38,2033780375521.68,2039957661166.4,2046048852236.7,2052050193130.52,2057958020020.38,2063768795774.52,2069479150090.79,2075085925528.38,2080586230211.28,2085977498077.49,2091257557662.03,2096424710530.73,2101477820627.35,2106416415962.63,2111240804261.21,2115952204395.38,2120552895676.27,2125046387347.32,2129437610936.22,2133733138475.48,2137941430003.29,2142073114213.35,2146141306641.26,2150161970365.08,2154154324868.79,2158141309479.72,2162150108658.7,2166212747407.19,2170366766176.25,2174655985935.26,2179131375504.06,2183852034892.22,2188886310249.37,2194313058135.15,2200223079196.94,2206720744025.41,2213925836972.3,2221975647087.47,2231027339084.01,2241260641379.68,2252880892777.53,2266122494189.01,2281252816861.23,2298576623637.43,2318441064489.63,2341241311286.67,2367426898449.42,2397508834062.01,2432067537286.91,2471761637852.74,2517337634133.81,2569640334931.9,2629623884749.94,2698362956373.88,2777063325282.7,2867070409712.78,2969873279391.84,3087099770879.6,3220495097002.38,3371870600990.56,3542999023355.8,3735413876219.07,3950035486327.13,4186479186553.32,4441768790340.12,4707908326576.53,4967192290829.38,5182870222699.67,5279869894562.67,5103294206996.42,4324999228829.84,2224460273812.81,-2835721052203.83,-14631286295181.8,-44404367330104.5,0
"5965",1790917089989.34,1798775992308.83,1806684234116.96,1814642022109.23,1822649557682.49,1830707036879.84,1838814650359.11,1846972583388.33,1855181015871.75,1863440122410.33,1871750072401.07,1880111030180.09,1888523155214.69,1896986602350.37,1905501522119.07,1914068061116.15,1922686362453.51,1931356566298.03,1940078810504.41,1948853231353.39,1957679964406.62,1966559145491.29,1975490911828.33,1984475403320.06,1993512764014.21,2002603143763.24,2011746700099.98,2020943600352.36,2030194024022.61,2039498165459.02,2048856236850.82,2058268471580.46,2067735127970.45,2077256493466.48,2086832889302.23,2096464675696.37,2106152257637.38,2115896091317.76,2125696691285.21,2135554638386.17,2145470588584.28,2155445282745.49,2165479557491.2,2175574357231.23,2185730747500.76,2195949929738.33,2206233257656.48,2216582255373.55,2226998637492.24,2237484331331.72,2248041501541.39,2258672577350.05,2269380282731.29,2280167669796.83,2291038155763.97,2301995563880.82,2313044168736.1,2324188746426.86,2335434630110.76,2346787771527.73,2358254809141.72,2369843143626.12,2381561021497.79,2393417627796.13,2405423188804.52,2417589085925.52,2429927981947.62,2442453961082.89,2455182684313.23,2468131561759.73,2481319943987.05,2494769334375.87,2508503624943.51,2522549358268.57,2536936018484.6,2551696354652.7,2566866740208.74,2582487572612.43,2598603717807.2,2615265004638.64,2632526774981.04,2650450495993.52,2669104441677.72,2688564451746.89,2708914776750.51,2730249019441.72,2752671183537.01,2776296842314.15,2801254440938.78,2827686748020.26,2855752473691.82,2885628073511.15,2917509759710.15,2951615743816.59,2988188737461.73,3027498741319.06,3069846155645.02,3115565249879.25,3165028033296.76,3218648573898.48,3276887818725.63,3340258975775.17,3409333525924.69,3484747943061.42,3567211212353.63,3657513250804.03,3756534351491.18,3865255793943.7,3984771788694.13,4116302955057.52,4261211568421.45,4421018857711.22,4597424686439.11,4792330014375.16,5007862617725.32,5246406660128.16,5510636896545.88,5803558666169.09,6128555695494.47,6489450054834.39,6890585767843.45,7336972216111.28,7834614924089.68,8391517623949,9021288182333.81,9757499361704.83,10715759527403.6,12386757517954.4,17144349182125.2,37484727860635.7,0
"5960",1921589987543.83,1930537311908.16,1939555620668.18,1948645795579.25,1957808740123.91,1967045380709.96,1976356667956.85,1985743578077.23,1995207114360.96,2004748308769.89,2014368223651.92,2024067953583.83,2033848627353.18,2043711410090.22,2053657505561.83,2063688158640.52,2073804657962.56,2084008338790.44,2094300586096.31,2104682837884.28,2115156588771.22,2125723393847.06,2136384872837.76,2147142714595.84,2157998681945.7,2168954616913.18,2180012446371.66,2191174188139.41,2202441957566.41,2213817974652.02,2225304571738.52,2236904201829.79,2248619447588.5,2260453031070.36,2272407824259.03,2284486860471.05,2296693346706.77,2309030677029.8,2321502447065.55,2334112469717.4,2346864792208.41,2359763714566.51,2372813809682.06,2386019945078.77,2399387306552.43,2412921423846.19,2426628198547.44,2440513934408.87,2454585370315.53,2468849716141.29,2483314691761.17,2497988569512.15,2512880220423.01,2527999164565.36,2543355625911.98,2558960592126.64,2574825879751.02,2590964205300.25,2607389262828.98,2624115808585.41,2641159753431.9,2658538263778.25,2676269871847.6,2694374596176.84,2712874073343.3,2731791702008.13,2751152800476.08,2770984779090.88,2791317328917.3,2812182628305.66,2833615569093.92,2855654004376.99,2878339019964.91,2901715231861.84,2925831112328.47,2950739347343.06,2976497228552.45,3003167083106.87,3030816745101.85,3059520072711.01,3089357515485.7,3120416736725,3152793296285.21,3186591399704.06,3221924720066.71,3258917299640.79,3297704538964.13,3338434281787.31,3381268005064.99,3426382124070.2,3473969423694.59,3524240628127.19,3577426122419.82,3633777841017.77,3693571340260.96,3757108074298.02,3824717897031.58,3896761816974.84,3973635037768.12,4055770325371.14,4143641754813.64,4237768906692.96,4338721609178.64,4447125359503.3,4563667616629.9,4689105244788.11,4824273523086.58,4970097347223.9,5127605580873.32,5297950041948.17,5482431459515.3,5682536127692.79,5899989291477.84,6136835196917.69,6395560439323.89,6679288999101.9,6992098441989.7,7339545544199.79,7729563000167.52,8174032436959.26,8691630795187.09,9313167551232.09,10092019263854.6,11125567565092.3,12601934156635.4,14909353030145.3,18914844252772.9,26751767891082.4,44411127530061.5,95475603261204.8,0
"5955",2043155645637.28,2053142650680.81,2063222131465,2073395643643.36,2083664790974.22,2094031227694.77,2104496661040.78,2115062853921.83,2125731627762.95,2136504865523.79,2147384514907.78,2158372591774.34,2169471183768.31,2180682454181.93,2192008646065.51,2203452086604.61,2215015191782.58,2226700471348.81,2238510534114.74,2250448093601.23,2262515974062.78,2274717116916.13,2287054587602.73,2299531582917.26,2312151438836.38,2324917638885.24,2337833823081.65,2350903797501.51,2364131544512.17,2377521233724.61,2391077233718.98,2404804124602.9,2418706711466.4,2432790038802.99,2447059405971.65,2461520383781.25,2476178832285,2491040919880.47,2506113143818.33,2521402352231.64,2536915767807.1,2552661013229.69,2568646138543.54,2584879650583.68,2601370544646.79,2618128338583.23,2635163109508.38,2652485533348.24,2670106927452.75,2688039296530.49,2706295382180.26,2724888716318.92,2743833678830.8,2763145559792.31,2782840626655.84,2802936196810.72,2823450715975.09,2844403842912.09,2865816541006.33,2887711177283.64,2910111629506.76,2933043402035.19,2956533751195.71,2980611820975.12,3005308789915.34,3030658030166.22,3056695279732.11,3083458829035.25,3110989723012.26,3139331980060.77,3168532829260.42,3198642967407.32,3229716837523.59,3261812930633.42,3294994112735.04,3329327979043.24,3364887237730,3401750125550.63,3440000857909.97,3479730116095.47,3521035574583.29,3564022471506.33,3608804225561.54,3655503102825.6,3704250937145.53,3755189907973.82,3808473379731.78,3864266807016.24,3922748710226.21,3984111726498.49,4048563741237.91,4116329106060.9,4187649949722.67,4262787589691.14,4342024053656.35,4425663722707.09,4514035111600.75,4607492807151.13,4706419594246.95,4811228811886.36,4922367001134.35,5040316936543.33,5165601177632.25,5298786345706.49,5440488436411.03,5591379640047.35,5752197391773.69,5923756763576.53,6106967922547.9,6302861352376.8,6512625095296.18,6737660806385.42,6979669585877.1,7240785532147.71,7523786817283.65,7832434621543.96,8172026560753.6,8550316904083.99,8979077792683.36,9476808708009.62,10073561585574,10819790565807.7,11803137794252.1,13181500343268.8,15250939608380.4,18591342113865.4,24391512700914.7,35191648007751.5,56570944241629.6,101131730449558,0
"5950",2155691619201.16,2166664594135.7,2177751023327.46,2188953116263.16,2200273155306.9,2211713499123.41,2223276586294.78,2234964939142.69,2246781167769.44,2258727974331.35,2270808157559.55,2283024617544.02,2295380360797.78,2307878505619.38,2320522287773.26,2333315066508.54,2346260330938.7,2359361706805.94,2372622963655.67,2386048022448.64,2399640963639.95,2413406035756.47,2427347664506.32,2441470462456.69,2455779239318.8,2470279012881.62,2484975020639.25,2499872732159.8,2514977862247.61,2530296384954.05,2545834548496.65,2561598891150.49,2577596258180.75,2593833819890.49,2610319090863.16,2627059950485.63,2644064664843.79,2661341910089.91,2678900797388.42,2696750899555.08,2714902279513.03,2733365520698.96,2752151759562.62,2771272720314.03,2790740752084.65,2810568868681.26,2830770791125.49,2851360993186.21,2872354750128.57,2893768190919.88,2915618354151.58,2937923247955.92,2960701914217.31,2983974497401.18,3007762318347.4,3032087953401.5,3056975319284.92,3082449764135,3108538165177.59,3135269033528.52,3162672626656.15,3190781069075.22,3219628481882.27,3249251121784.79,3279687530321.11,3310978694013.58,3343168216246.14,3376302501706.96,3410430954287.55,3445606189382.27,3481884261584.04,3519324908824.78,3557991814060.2,3597952885648.15,3639280557616.34,3682052111057.14,3726350017923.7,3772262308530.07,3819882964076.87,3869312335531.04,3920657590181.15,3974033187165.9,4029561383231.87,4087372769914.3,4147606843253.58,4210412607059.95,4275949210626.73,4344386621677.35,4415906335232.48,4490702119032.16,4568980796191.31,4650963065984,4736884364158.11,4826995765155.34,4921564930319.66,5020877109018.98,5125236204177.66,5234965920913.28,5350411028122.14,5471938779962.75,5599940570250.21,5734833932339.82,5877065057051.42,6027112092137.62,6185489625026.5,6352754961417.96,6529517135555.84,6716450086680.62,6914312211316.74,7123975716455.71,7346471123313.28,7583055352894.59,7835316819651.34,8105339167399.43,8395958973812.41,8711175974294.2,9056814479401.93,9441605390186.25,9878985665469.58,10390147205314.7,11009311574059,11793067884593.3,12837315598881.6,14308778119789.2,16504899320662.5,19968816390063.3,25704239678650.1,35516058850872.4,52035219826756.8,71180588366346.6,0
"5945",2259263595567.88,2271162676660.34,2283195292579.51,2295364267938.39,2307672522524.41,2320123075604.6,2332719050460.44,2345463679165.89,2358360307623.16,2371412400871.5,2384623548685.52,2397997471480.31,2411538026542.18,2425249214604.55,2439135186790.38,2453200251943.27,2467448884371.55,2481885732030.71,2496515625171.39,2511343585482.19,2526374835758.12,2541614810127.92,2557069164875.49,2572743789893.18,2588644820807.21,2604778651818.14,2621151949302.4,2637771666223.8,2654645057407.58,2671779695732.74,2689183489302.69,2706864699657.95,2724831961099.3,2743094301194.34,2761661162545.48,2780542425902.73,2799748434710.49,2819290021183.48,2839178534013.75,2859425867817.5,2880044494438.04,2901047496229.1,2922448601451.21,2944262221923.01,2966503493078.75,2989188316593.79,3012333405750.4,3035956333728.09,3060075585014.61,3084710610146.82,3109881884004.28,3135610967892.85,3161920575670.61,3188834644184.32,3216378408301.49,3244578480840.06,3273462937716.14,3303061408648.46,3333405173777.74,3364527266578.49,3396462583460.8,3429248000479.68,3462922497589.25,3497527290898.98,3533105973407.47,3569704664707.43,3607372170171.16,3646160150139.9,3686123299651.04,3727319539244.2,3769810217389.69,3813660325078.45,3858938723102,3905718382530.37,3954076638865.29,4004095460302.17,4055861730475.7,4109467545987.49,4165010528917.66,4222594154402.41,4282328093214.33,4344328569107.7,4408718730486.6,4475629035717.27,4545197651138.57,4617570860529.27,4692903484476.06,4771359307764.75,4853111512614.98,4938343115332.92,5027247403827.63,5120028373516.98,5216901159574.51,5318092464445.34,5423840981388.74,5534397817934.16,5650026928222.8,5771005571215.54,5897624824105.87,6030190199091.04,6169022440052.87,6314458618339.68,6466853710702.54,6626582938037.97,6794045286879.26,6969668850939.4,7153918954992.91,7347310516333.76,7550426851444.47,7763948292219.7,7988695768938.2,8225697321371.34,8476289929492.74,8742276130491.2,9026166321954.78,9331556358274.21,9663721055827.67,10030556292438.6,10444090884413.4,10922941267688.4,11496343515599.4,12210843804234.8,13141464180068.9,14410246515676.5,16216118972651.9,18878262906793.9,22876877028860.5,28773102813120.8,36285424993928.6,37171494671004,0
"5940",2353922671399.31,2366680955854.93,2379591565709.17,2392657884570.07,2405883410303.31,2419271760022.15,2432826675330.54,2446552027833.62,2460451824930.52,2474530215905.51,2488791498334.33,2503240124823.61,2517880710102.47,2532718038486.3,2547757071734.38,2563002957323.74,2578461037163.76,2594136856776.66,2610036174971.53,2626164974040.34,2642529470506.91,2659136126461.17,2675991661513.36,2693103065404.98,2710477611315.29,2728122869904.96,2746046724140.88,2764257384948.72,2782763407743.13,2801573709888.1,2820697589143.66,2840144743158.41,2859925290070.96,2880049790287.41,2900529269506.21,2921375243065.71,2942599741694.97,2964215338752.51,2986235179043.61,3008673009311.5,3031543210504.01,3054860831923,3078641627370.08,3102902093409.06,3127659509872.11,3152931982744.05,3178738489566.37,3205098927510.65,3232034164278.78,3259566091995.66,3287717684268.51,3316513056595.4,3345977530314.34,3376137700292.75,3407021506565.96,3438658310141.48,3471078973194.12,3504315943884.57,3538403346040.79,3573377073947.92,3609274892497.06,3646136542946.6,3684003854551.5,3722920862314.75,3762933931111.86,3804091886431.81,3846446151966.62,3890050894265.47,3934963174646.68,3981243108531.75,4028954032327.75,4078162677936.96,4128939354913.81,4181358140216.89,4235497075416.95,4291438371116.42,4349268618211.63,4409079005481.47,4470965542813.5,4535029289177.79,4601376584227.21,4670119282138.37,4741374986007.67,4815267280782.59,4891925962339.38,4971487259920.35,5054094048724.36,5139896049019.38,5229050007739.38,5321719858178.75,5418076853164.05,5518299667051.45,5622574462197.49,5731094916367.05,5844062209146.64,5961684968215.76,6084179180860.7,6211768083211.65,6344682050527.75,6483158528156.8,6627442067039.49,6777784563423.59,6934445855076.15,7097694903458.44,7267811904430.59,7445091835879.93,7629850194143.53,7822432029344.36,8023225918277.91,8232685295461.71,8451360723297.27,8679948408404.82,8919362843061.43,9170845282043.69,9436125453418.68,9717662268671.77,10019001355443.8,10345303878043.4,10704121936203.4,11106515446529.4,11568602528916,12113541640709,12773554814385.6,13590326202432.2,14608266215419.7,15844038943223.7,17185104886762.8,18092580499672.1,16863892575109.4,11380524929338.4,0
"5935",2439705565559.98,2453248579113.64,2466961038603.97,2480846815146.22,2494909909411.76,2509154457087.58,2523584734599.6,2538205165113.84,2553020324830.27,2568034949584.64,2583253941775.06,2598682377630.47,2614325514839.39,2630188800558.48,2646277879821.2,2662598604368.38,2679157041923.5,2695959485936.87,2713012465824.22,2730322757726.83,2747897395821.52,2765743684210.73,2783869209424.61,2802281853568.58,2820989808151.93,2840001588635.09,2859326049734.97,2878972401530.33,2898950226411.21,2919269496919.08,2939940594526.66,2960974329409.35,2982381961262.72,3004175221223.68,3026366334955.73,3048968046962.19,3071993646194.29,3095456993024.68,3119372547660.27,3143755400072.18,3168621301524.11,3193986697784.35,3219868764110.86,3246285442102.28,3273255478512.35,3300798466128.68,3328934886821.35,3357686156870.24,3387074674684.02,3417123871027.46,3447858261876.61,3479303504024.94,3511486453565.5,3544435227376.69,3578179267739.87,3612749410217.97,3648177954923.08,3684498741299.4,3721747226543.86,3759960567782.06,3799177708108.65,3839439466591.83,3880788632327.97,3923270062615.52,3966930785296.52,4011820105287.74,4057989715292.31,4105493810644.14,4154389208191.89,4204735469074.72,4256595025177.6,4310033308977.9,4365118886406.12,4421923592239.55,4480522667427.03,4540994897603.33,4603422751890.65,4667892520900.06,4734494452634.81,4803322884757.96,4874476371415.51,4948057802502.44,5024174512919.37,5102938378993.12,5184465898823.93,5268878252880.45,5356301340694.58,5446865789024.34,5540706926369.32,5637964718267.22,5738783657409.69,5843312602347.69,5951704558492.83,6064116395376.76,6180708494868.56,6301644326498.81,6427089948514.54,6557213437231.47,6692184253262.32,6832172562109.9,6977348539548.16,7127881710690.19,7283940397685.86,7445691387255.89,7613299979139.69,7786930644151.58,7966748610581.98,8152922814598.96,8345630796347.05,8545066294084.66,8751450462713.58,8965047761342.93,9186187475754.49,9415291249210.48,9652905201562.46,9899730749146.87,10156637948508.7,10424622318781.7,10704616019423.8,10996954920249.8,11300063386640.9,11607388878811.1,11900437830510.4,12133121043325.7,12196751284465.7,11842611155556.9,10517023208818.6,7058688127736.23,-419248950465.255,-9430590700331.55,0
"5930",2516637337852.57,2530882887831.83,2545312984069.67,2559931901109.74,2574744054184.98,2589754004925.57,2604966467329.39,2620386314007.76,2636018582720.43,2651868483214.05,2667941404379.39,2684242921743.3,2700778805311.99,2717555027783.64,2734577773148.53,2751853445696.38,2769388679451.5,2787190348057.07,2805265575131.4,2823621745119.97,2842266514668.08,2861207824540.67,2880453912116.51,2900013324486.11,2919894932183.3,2940107943582.7,2960661919996.09,2981566791502.99,3002832873551.77,3024470884369.79,3046491963222.58,3068907689563.92,3091730103120.47,3114971724956.74,3138645579567.64,3162765218048.31,3187344742392.43,3212398830972.54,3237942765257.48,3263992457824.33,3290564481723.74,3317676101259.57,3345345304245.3,3373590835801.25,3402432233757.89,3431889865731.91,3461984967942.06,3492739685832.89,3524177116574.03,3556321353502.62,3589197532575.18,3622831880893.77,3657251767368.52,3692485755575.13,3728563658861.43,3765516597750.72,3803377059682.54,3842178961121.81,3881957712055.95,3922750282885.99,3964595273700.86,4007532985904.53,4051605496142.25,4096856732444.69,4143332552476.6,4191080823738.89,4240151505529.35,4290596732416.44,4342470898921.78,4395830745039.27,4450735442141.09,4507246678731,4565428745403.59,4625348618250.91,4687076039824.88,4750683596612.96,4816246791812.31,4883844111994.39,4953557086032.55,5025470334419.12,5099671606822.13,5176251805423.11,5255304991233.13,5336928370202.24,5421222255515.59,5508290002004.85,5598237908095.74,5691175080159.47,5787213253538.53,5886466563875.06,5989051261685.55,6095085362398.84,6204688223307.4,6317980038069.77,6435081238536.12,6556111792719.46,6681190386646.58,6810433476479.19,6943954195484.55,7081861097767.66,7224256716466.8,7371235907157.5,7522883935427.59,7679274247396.61,7840465827218.72,8006499985809.09,8177396322121.43,8353147421217.15,8533711548399.67,8719002072414.41,8908871439367.13,9103085932935.01,9301284678012.06,9502911438357.71,9707099010666.37,9912470247149.48,10116790956764.5,10316356697054.4,10504895594762.5,10671579295134.7,10797367712751.5,10848199214346.2,10762140054504.3,10424893221978.3,9622995996490.88,7955663170179.71,4678524477904.32,-1513172354436.59,-12378974049200.4,-27176903671251.5,0
"5925",2584736108479.3,2599594529884.17,2614650273087.07,2629907922667.81,2645372210682.84,2661048022406.98,2676940402325.06,2693054560384.95,2709395878524.3,2725969917483.4,2742782423917.67,2759839337823.5,2777146800291.95,2794711161605.68,2812538989694.69,2830637078967.72,2849012459536.47,2867672406850.83,2886624451763.96,2905876391046.95,2925436298373.64,2945312535796.95,2965513765739.15,2986048963519.21,3006927430441.43,3028158807470.39,3049753089518.48,3071720640372.78,3094072208289.51,3116818942284.99,3139972409152.94,3163544611239.28,3187548005005.94,3211995520416.66,3236900581178.23,3262277125871.49,3288139630007.21,3314503129042.45,3341383242393.6,3368796198482.48,3396758860852.35,3425288755390.29,3454404098692.39,3484123827607.62,3514467629995.15,3545455976729.02,3577110154981.84,3609452302817.44,3642505445119.23,3676293530877.67,3710841471855.92,3746175182647.47,3782321622133.43,3819308836339.55,3857166002684.51,3895923475600.58,3935612833495.72,3976266927012.26,4017919928521.07,4060607382771.37,4104366258594.62,4149235001536.28,4195253587260.68,4242463575541.49,4290908164613.43,4340632245618.14,4391682456829.1,4444107237285.55,4497956879403.39,4553283580060.35,4610141489573.44,4668586757896.22,4728677577262.27,4790474220386.3,4854039073205.45,4919436660997.85,4986733666552,5055998938876.41,5127303490731.97,5200720483036.58,5276325193929.13,5354194969984.12,5434409156733.64,5517049005274.69,5602197551307.65,5689939462457.98,5780360849162.32,5873549033735.76,5969592271453.62,6068579416542.84,6170599524838.08,6275741383442.49,6384092955942.49,6495740729408.82,6610768946353.45,6729258700675.36,6851286870932.74,6976924856291.3,7106237069116.23,7239279121722.85,7376095620719.3,7516717446732.09,7661158344023.69,7809410564124.47,7961439185275.94,8117174541784.5,8276501907016.06,8439247120847.99,8605156139965.96,8773865358921.92,8944857739593.14,9117396859827.12,9290426211816.89,9462413190100.26,9631104038906.18,9793133793857.31,9943397279756.56,10074021641149,10172666434367.2,10219675920636.9,10183252169224.5,10011189457977.8,9616618301326.91,8853381597494.76,7473891789290.81,5059112763976.29,910288052360.729,-6093916738188.56,-17692091910294.2,-38097008099396.7,0
"5920",2644019231396.55,2659394011018.5,2674976317160.28,2690770945316.67,2706782840918.06,2723017104907.58,2739478999546.54,2756173954457.82,2773107572917.35,2790285638404.18,2807714121420.03,2825399186589.76,2843347200054.39,2861564737169.14,2880058590518.94,2898835778264.86,2917903552834.9,2937269409973.39,2956941098163.6,2976926628438.75,2997234284596.95,3017872633836.2,3038850537826.13,3060177164233.47,3081861998718.79,3103914857422.59,3126345899959.08,3149165642936.4,3172384974022.6,3196015166576.8,3220067894865.14,3244555249881.72,3269489755794.31,3294884387035.21,3320752586056.98,3347108281773.11,3373965908703,3401340426840.21,3429247342262.45,3457702728500.47,3486723248682.31,3516326178467.64,3546529429785.35,3577351575385.3,3608811874212.65,3640930297610.48,3673727556352.39,3707225128503.12,3741445288100.28,3776411134644.7,3812146623380.69,3848676596340.04,3886026814115.28,3924223988318.14,3963295814668.07,4003271006643.57,4044179329614.53,4086051635358.24,4128919896843.28,4172817243145.34,4217777994335.76,4263837696157.9,4311033154277.02,4359402467856.7,4408985062178,4459821719976.18,4511954611123.7,4565427320236.21,4620284871720.27,4676573751716.6,4734341926320.03,4793638855375.76,4854515501060.8,4917024330357.04,4981219310408.18,5047155895624.14,5114891005251.44,5184482989964.9,5255991585850.29,5329477853936.48,5405004103193.65,5482633794635,5562431423834.42,5644462378790.93,5728792769617.02,5815489225981.88,5904618657574.87,5996247972030.04,6090443743717.03,6187271825483.45,6286796893724.1,6389081914909.03,6494187518716.2,6602171258893.04,6713086737489.57,6826982560559.74,6943901082936.65,7063876884977.36,7186934903378.87,7313088108550.82,7442334578546.82,7574653758193.05,7710001602820.23,7848304175375.41,7989449073168.12,8133273774828.94,8279549571190.73,8427959101385.08,8578064541487.99,8729262005190.12,8880715425240.73,9031259629326.78,9179256762067.16,9322381433134.34,9457296031205.21,9579155333599.19,9680843633686.75,9751789615624.23,9776110576807.33,9729687435137.24,9575535305530.01,9256475122809.84,8683606719170.63,7718486970952.23,6146507139759.19,3639324736107.22,-295990932432.837,-6413020990921.37,-16259993641258.3,-36864522558275.1,0
"5915",2694510364920.25,2710299108812.05,2726302835155.17,2742526449192.09,2758975004432.09,2775653707890.68,2792567925528.76,2809723187899.1,2827125196007.9,2844779827399.68,2862693142473.67,2880871391040.58,2899321019128.28,2918048676045.79,2937061221714.76,2956365734278.07,2975969517995.46,2995880111436.09,3016105295978.4,3036653104627.71,3057531831162.1,3078750039617.47,3100316574122.64,3122240569095.39,3144531459810.71,3167198993352.13,3190253239957.37,3213704604769.05,3237563840001.51,3261842057534.06,3286550741941.21,3311701763969.46,3337307394470.2,3363380318797.38,3389933651677.81,3416980952561.18,3444536241455.71,3472614015253.93,3501229264551.8,3530397490962.39,3560134724923.42,3590457543995.62,3621383091646.07,3652929096507.75,3685113892102.94,3717956437014.13,3751476335481.71,3785693858402.49,3820629964697.5,3856306323011.06,3892745333695.75,3929970151030.06,3968004705606.14,4006873726815.23,4046602765346.62,4087218215603.92,4128747337927.68,4171218280498.48,4214660100776.42,4259102786314.46,4304577274760.76,4351115472842.09,4398750274093.55,4447515575070.79,4497446289748.61,4548578361773.72,4600948774200.08,4654595556290.81,4709557786922.28,4765875594071.28,4823590149806.53,4882743660138.08,4943379349003.49,5005541435585.62,5069275104062.07,5134626464779.39,5201642505723.31,5270371033016.36,5340860599012.55,5413160416370.17,5487320256260.5,5563390328604.3,5641421141906.17,5721463339862.37,5803567511429.51,5887783970426.74,5974162499963.4,6062752055978.63,6153600422871.75,6246753812483.53,6342256395409.37,6440149750577.15,6540472214916.02,6643258109370.31,6748536809906.44,6856331621714.71,6966658400385.25,7079523843818.21,7194923350701.81,7312838302241.74,7433232568670.79,7556047963985.95,7681198261274.82,7808561222163.35,7937967865671.77,8069187872082.09,8201909538746.33,8335712006151.02,8470026447686.4,8604081405563.86,8736825217106.75,8866815146408.92,8992057868078.03,9109778521825.34,9216084455906.11,9305473254320.12,9370110290338.16,9398765861633.31,9375253011244.06,9276143980465.52,9067474709386.97,8700107946894.54,8103515133612.22,7178184740775.77,5788071301536.84,3756534161464.91,867368348771.84,-3172285699182.24,-9187218580595.37,-21812231657576.4,0
"5910",2736246901924.21,2752342595465.31,2768657874543.26,2785197654516.77,2801966993574.67,2818971097496.1,2836215324577.23,2853705190729.87,2871446374757.52,2889444723814.55,2907706259054.24,2926237181471.63,2945043877947.04,2964132927496.25,2983511107733.49,3003185401553.25,3023163004037.12,3043451329591.62,3064058019323.34,3084990948657.13,3106258235203.58,3127868246881.36,3149829610300.24,3172151219410.17,3194842244421.53,3217912141001.64,3241370659751.69,3265227855968.45,3289494099693.95,3314180086056.31,3339296845903.57,3364855756732.05,3390868553909.57,3417347342192.71,3444304607536.37,3471753229192.04,3499706492090.08,3528178099499.13,3557182185954.14,3586733330441.94,3616846569830.92,3647537412528.8,3678821852348.78,3710716382561.68,3743238010107.06,3776404269932.65,3810233239426.26,3844743552899.45,3879954416076.1,3915885620533.05,3952557558032.59,3989991234679.07,4028208284823.19,4067230984628.47,4107082265203.76,4147785725194.67,4189365642714.31,4231846986480.25,4275255426009.71,4319617340709.04,4364959827675.39,4411310708009.64,4458698531417.99,4507152578856.67,4556702862948.94,4607380125875.53,4659215834409.35,4712242171731.74,4766492025630.65,4821998972640.21,4878797257635.76,4936921768347.86,4996408004201.79,5057292038824.56,5119610475487.77,5183400394669.81,5248699292821.67,5315545011303.74,5383975654321.27,5454029494516.99,5525744864672.36,5599160033711.98,5674313064883.03,5751241653572.9,5829982941703.84,5910573304966.47,5993048108271.27,6077441423639.92,6163785703230.15,6252111398159.61,6342446511090,6434816066909.43,6529241480979.18,6625739797834.95,6724322764325.7,6824995689068.86,6927756023598.89,7032591578016.77,7139478252984.82,7248377127298.73,7359230681443.79,7471957856087.07,7586447531325.66,7702549854927.84,7820064627700.69,7938725645924.83,8058179468366.51,8177956467730.96,8297431172078.96,8415767701454.78,8531844423357.77,8644149608370.3,8750636639063.32,8848522957586.04,8934011215548.62,9001904026260.28,9045076014845.82,9053760969791.51,9014614382690.14,8909538234098.11,8714340779822.49,8397524195597.18,7919996457219.51,7237556904832.09,6309964355815.45,5123219099935.71,3732386499879.16,2317127951619.31,1216036486731.94,1770856866290.51,0
"5905",2769287265469.21,2785579763379.88,2802093569052.22,2818833513168.82,2835804560525.85,2853011814207.92,2870460519893.79,2888156070296.5,2906104009740.9,2924310038882.37,2942780019569.74,2961519979855.83,2980536119158.85,2999834813577.69,3019422621364.26,3039306288555.77,3059492754769.65,3079989159163.81,3100802846564.5,3121941373764.01,3143412515990.07,3165224273548.29,3187384878639.09,3209902802349.52,3232786761820.52,3256045727589.04,3279688931104.32,3303725872416.54,3328166328035.65,3353020358956.91,3378298318849.17,3404010862400.4,3430168953814.21,3456783875449.46,3483867236593.75,3511430982360.04,3539487402693.79,3568049141475.98,3597129205705.58,3626740974742.25,3656898209587.74,3687615062181.74,3718906084684.57,3750786238715.99,3783270904515.57,3816375889986.28,3850117439578.45,3884512242966.49,3919577443465.95,3955330646132.53,3991789925478.97,4028973832739.03,4066901402600.89,4105592159324.65,4145066122150.2,4185343809893.45,4226446244618.64,4268394954264.94,4311211974093.96,4354919846813.43,4399541621219.1,4445100849183.54,4491621580805.71,4539128357519.16,4587646202939.53,4637200611213.53,4687817532611.18,4739523356081.04,4792344888463.56,4846309330030.89,4901444245990.98,4957777533559.5,5015337384163.79,5074152240297.26,5134250746488.7,5195661693786.82,5258413957081.54,5322536424488.4,5388057917901.85,5455007103673.82,5523412392181.6,5593301824804.75,5664702946513.39,5737642661859.26,5812147071623.68,5888241286672.59,5965949214642.6,6045293313860.59,6126294307283.97,6208970847108.56,6293339117849.79,6379412361925.53,6467200306738.03,6556708465543.84,6647937275441.17,6740881023824.17,6835526498614.26,6931851276079.79,7029821531210.7,7129389216881.1,7230488405993.63,7333030520871.84,7436898080241.24,7541936468127.34,7647943060325.06,7754652819183.71,7861719169393.85,7968688576236.04,8074966741830.81,8179773695988.42,8282084282349.83,8380549662502.78,8473394605250.05,8558284812809.24,8632159076802.7,8691024174351.15,8729719219674.28,8741676898164.52,8718753829522.36,8651294749945.88,8528779629201.66,8341760417224.7,8086466519126.2,7774674515247.65,7453531424644.65,7243507115550.12,7409741432977.6,8514363781067.09,11966096237955,23846155477610.2,0
"5900",2793717638620.54,2810095314797.01,2826693186684.37,2843515913214.4,2860568276016.42,2877855182937.41,2895381671657.19,2913152913400.36,2931174216746.24,2949451031538.3,2967988952894.02,2986793725316.36,3005871246907.68,3025227573686.66,3044868924008.9,3064801683091.16,3085032407639.39,3105567830580.12,3126414865894.52,3147580613554.19,3169072364557.04,3190897606061.5,3213064026616.67,3235579521485.3,3258452198056.18,3281690381341.65,3305302619555.3,3329297689764.02,3353684603607.91,3378472613080.32,3403671216359.52,3429290163682.1,3455339463247.24,3481829387139.44,3508770477255.94,3536173551223.49,3564049708287.35,3592410335153.73,3621267111764.58,3650632016981.91,3680517334156.13,3710935656550.69,3741899892592.44,3773423270914.38,3805519345154.44,3838201998470.58,3871485447728.98,3905384247318.51,3939913292540.58,3975087822519.32,4010923422572.55,4047436025979.41,4084641915075.23,4122557721599.4,4161200426215.95,4200587357121.37,4240736187647.33,4281664932760.28,4323391944352.75,4365935905214.38,4409315821563.33,4453551014010.91,4498661106824.66,4544666015345.92,4591585931409.71,4639441306604.59,4688252833200.15,4738041422558.33,4788828180832.2,4840634381741.8,4893481436199.89,4947390858541.34,5002384229086.27,5058483152738.53,5115709213284.97,5174083923015.56,5233628667226.08,5294364643089.59,5356312792284.64,5419493726639.9,5483927645886.41,5549634246387.48,5616632619425.41,5684941137241.25,5754577324520.53,5825557712355.33,5897897670842.46,5971611215333.63,6046710779851.55,6123206949215.37,6201108138835.71,6280420207755.6,6361145986085.1,6443284692187.5,6526831207414.92,6611775166333.96,6698099807555.28,6785780513630.88,6874782946941.03,6965060660744.63,7056552029037.6,7149176293744.99,7242828471135.42,7337372789427.41,7432634245365.72,7528387770077.77,7624344389068.49,7720133661661.33,7815281621890.39,7909183476862.03,8001070567412.73,8089971779471.39,8174671117804.49,8253666253717.15,8325138865326.69,8386958890275.4,8436765662847,8472206847037.73,8491484320393.42,8494477568782.27,8484928490308.32,8474540902354.37,8490477296852.86,8588797463585.71,8878238684348.4,9562618061064.81,11022390841460.3,14013823550963.2,20383580443339.6,36424218415767.5,0
"5895",2809657774048.22,2826009257974.09,2842577107817.49,2859365733747.24,2876379655149.33,2893623503458.54,2911102025051.32,2928820084199.66,2946782666085.87,2964994879877.83,2983461961863.94,3002189278647.15,3021182330396.9,3040446754157.59,3059988327212.22,3079812970498.97,3099926752078.8,3120335890651.26,3141046759115.67,3162065888174.12,3183399969972.51,3205055861775.22,3227040589668.42,3249361352286.6,3272025524556.06,3295040661448.6,3318414501737.75,3342154971749.21,3366270189096.26,3390768466389.91,3415658314912.78,3440948448244.37,3466647785824.49,3492765456440.28,3519310801621.01,3546293378923.56,3573722965089.74,3601609559055.61,3629963384790.64,3658794893943.5,3688114768268.9,3717933921808.47,3748263502796.16,3779114895257.02,3810499720265.7,3842429836828.93,3874917342353.56,3907974572659.85,3941614101496.48,3975848739511.8,4010691532632.71,4046155759800.23,4082254930007.93,4119002778586.7,4156413262676.68,4194500555824.58,4233279041641.85,4272763306456.76,4312968130891.04,4353908480289.49,4395599493928.62,4438056472928.81,4481294866792.35,4525330258488.3,4570178348003.53,4615854934277.88,4662375895439.99,4709757167258.64,4758014719722.21,4807164531656.22,4857222563284.48,4908204726633.4,4960126853669.88,5013004662050.26,5066853718338.77,5121689398527.44,5177526845651.7,5234380924244.26,5292266171298.28,5351196743314.27,5411186358874.41,5472248236013.05,5534395023419.97,5597638724205.37,5661990610551.5,5727461127047.27,5794059779813.5,5861795007633.61,5930674030152.51,6000702666725.01,6071885117601.01,6144223696722.98,6217718502359.9,6292367007964.58,6368163550855.71,6445098690415.87,6523158400292.57,6602323050458.49,6682566124899.65,6763852609333.21,6846136971292.64,6929360643460.7,7013448912861.61,7098307118210.22,7183816073843.31,7269826685958.97,7356153830552.11,7442569765069.78,7528797719017.55,7614506972291.17,7699311883619.77,7782779307617.35,7864452189871.66,7943902771130.26,8020838278388.01,8095297725495.78,8168004563892.62,8240983005494.28,8318616375992.21,8409440190524.79,8529145580665.65,8705557273237.33,8986802443564.04,9454616799843.61,10246086676146.7,11590504897219.4,13879571716010.6,17833335454267.6,24959729030441.6,38179054811099.4,0
"5890",2817265614175.55,2833481541620.28,2849907466565.57,2866547485210.58,2883405788079.97,2900486662166.45,2917794493103.78,2935333767368.84,2953109074511.23,2971125109408.74,2989386674546.53,3007898682318.02,3026666157344.87,3045694238813.35,3064988182824.02,3084553364751.23,3104395281608.93,3124519554418.33,3144931930573.26,3165638286197.87,3186644628491.62,3207957098055.38,3229581971192.34,3251525662176.72,3273794725482.62,3296395857964.9,3319335900983.19,3342621842459.29,3366260818857.92,3390260117079.45,3414627176252.78,3439369589415.55,3464495105067.98,3490011628585.6,3515927223475.33,3542250112458.08,3568988678360.22,3596151464794.95,3623747176613.71,3651784680106.27,3680273002927.25,3709221333725.56,3738639021451.81,3768535574317.8,3798920658380.88,3829804095724.72,3861195862207.06,3893106084743.71,3925545038097.22,3958523141137.62,3992050952541.92,4026139165898.35,4060798604180.77,4096040213558.73,4131875056508.24,4168314304188.92,4205369228053.82,4243051190658.95,4281371635641.38,4320342076836.38,4359974086506.75,4400279282660.38,4441269315435.78,4482955852539.49,4525350563724.29,4568465104302.53,4612311097695.01,4656900117022.39,4702243665753.08,4748353157428.15,4795239894491.09,4842915046255.47,4891389626048.84,4940674467572.87,4990780200519.17,5041717225473.85,5093495688131.33,5146125452815.6,5199616075272.9,5253976774648.5,5309216404488.81,5365343422510.22,5422365858742.92,5480291281480.59,5539126760236.75,5598878824612.25,5659553417603.89,5721155841415.91,5783690693261.05,5847161787942.95,5911572063190.8,5976923462775,6043216791393.83,6110451534247.34,6178625633227.01,6247735210965.28,6317774233986.48,6388734107502.29,6460603198023.7,6533366287553.17,6607003977281.13,6681492083551.23,6756801110836.96,6832895955702.95,6909736108009.11,6987276795623.27,7065471805119.73,7144279163385.84,7223671577367.79,7303654647379.36,7384297621030.72,7465784193965.12,7548495139442.74,7633141208969.48,7720975087941.09,7814127174150.63,7916134479027.59,8032769216181.88,8173329409382.22,8352635588487.16,8594094217796.44,8934349891735.9,9430269300979.59,10169326890332.8,11285094327253.1,12981237005454.5,15572197096727,19553952640998.9,25620102801784.3,33032484363303.5,0
"5885",2816740540808.49,2832715251058.17,2848891284002.47,2865272369582.67,2881862316400.06,2898665013197.34,2915684430343.98,2932924621323.35,2950389724219.01,2968083963197.76,2986011649986.25,3004177185338.37,3022585060489.65,3041239858595.35,3060146256147.92,3079309024369.85,3098733030577.07,3118423239508.02,3138384714613.07,3158622619298.52,3179142218119.05,3199948877912.07,3221048068866.95,3242445365521.65,3264146447678.73,3286157101232.38,3308483218897.26,3331130800829.75,3354105955131.39,3377414898223.82,3401063955083.86,3425059559326.86,3449408253125.71,3474116686952.29,3499191619127.64,3524639915166.3,3550468546899.79,3576684591363.52,3603295229430.84,3630307744177.42,3657729518958.6,3685568035181.84,3713830869756.07,3742525692199.49,3771660261386.82,3801242421917.43,3831280100085.27,3861781299432.1,3892754095865.77,3924206632325.93,3956147112980.44,3988583796936.92,4021524991455.46,4054979044650.25,4088954337670.46,4123459276353.26,4158502282345.51,4194091783694.36,4230236204911.92,4266943956524.28,4304223424121.56,4342082956932.71,4380530855956.63,4419575361690.48,4459224641505.92,4499486776735.35,4540369749542.55,4581881429665.58,4624029561134.6,4666821749082.87,4710265446786.15,4754367943083.24,4799136350348.81,4844577593208.4,4890698398204.28,4937505284639.37,4985004556843.95,5033202298126.29,5082104366682.46,5131716393752.72,5182043784320.94,5233091720660.39,5284865169034.26,5337368889865.04,5390607451697.71,5444585249304.9,5499306526331.2,5554775402968.96,5610995909332.64,5667972025502.97,5725707729724.93,5784207057081.52,5843474172305.81,5903513462501.01,5964329658805.59,6025928001050.32,6088314467069.41,6151496099823.73,6215481482751.46,6280281439559.48,6345910073107.41,6412386315169.65,6479736243636.74,6547996549359.25,6617219720909.66,6687481790988.05,6758893895861.34,6831619502445.37,6905900049929.53,6982093071853.93,7060728811881.01,7142594215109.36,7228857387231.84,7321251758865.48,7422348083676.15,7535955097905.24,7667707456713.15,7825923754447.59,8022848857855.35,8276432611936.69,8612836574537.41,9069890002155.78,9701713412832.73,10584658390029.7,11824515699135.9,13564286714115.1,15987777326648.3,19284411916799.9,23335547817985.6,25774237790471.5,0
"5880",2808325159508.74,2823958278845.74,2839782014109.61,2855799690106.95,2872014694458.08,2888430478468.44,2905050557982.21,2921878514215.73,2938917994567.48,2956172713401.59,2973646452801.41,2991343063289.59,3009266464510.72,3027420645872.58,3045809667141.45,3064437658986.93,3083308823471.45,3102427434479.09,3121797838078.29,3141424452812.65,3161311769913.61,3181464353428.55,3201886840257.53,3222583940091.41,3243560435243.98,3264821180370.01,3286371102061.17,3308215198311.11,3330358537840.81,3352806259274.76,3375563570158.52,3398635745807.43,3422028127976.42,3445746123340.1,3469795201772.48,3494180894415.11,3518908791522.58,3543984540073.76,3569413841137.73,3595202446982.68,3621356157916.76,3647880818849.77,3674782315565.01,3702066570691.16,3729739539364.63,3757807204573.77,3786275572177.33,3815150665590.91,3844438520136.77,3874145177054.21,3904276677170.07,3934839054231.54,3965838327906.57,3997280496460.96,4029171529125.03,4061517358168.08,4094323870703.82,4127596900256.77,4161342218126.11,4195565524592.27,4230272440019.79,4265468495920.94,4301159126055.54,4337349657655.38,4374045302875.96,4411251150594.07,4448972158687.52,4487213146952.72,4525978790837.96,4565273616193.83,4605101995269.47,4645468144212.71,4686376122365.55,4727829833683.18,4769833030646.8,4812389321087.58,4855502178393.58,4899174955634.68,4943410904215.14,4988213197753.08,5033584961996.19,5079529311719.93,5126049395729.32,5173148451311.28,5220829869782.49,5269097275174.6,5317954618635.35,5367406291854.64,5417457263828.02,5468113246655.46,5519380897994.47,5571268070461.05,5623784122003.03,5676940306488.38,5730750271058.73,5785230697047.99,5840402135659.1,5896290109823.66,5952926582139.66,6010351928880.83,6068617616600.66,6127789857611.57,6187954633234.49,6249224632812.86,6311748881336.96,6375726146307.56,6441423663381.9,6509203353771.85,6579558598260.32,6653165884221.82,6730957388857.47,6814222980581.42,6904753429939.14,7005041069759.83,7118559963180.37,7250154927749.41,7406577238849.35,7597213310776.82,7835058055031.54,8137980168491.51,8530298614776.97,9044611595602.58,9723639976819.96,10621454191342.8,11802526646696.1,13334362798829.8,15259563313808.7,17492403270799.4,19436381296570.8,19130361373615.9,0
