,900,897,894,891,888,885,882,879,876,873,870,867,864,861,858,855,852,849,846,843,840,837,834,831,828,825,822,819,816,813,810,807,804,801,798,795,792,789,786,783,780,777,774,771,768,765,762,759,756,753,750,747,744,741,738,735,732,729,726,723,720,717,714,711,708,705,702,699,696,693,690,687,684,681,678,675,672,669,666,663,660,657,654,651,648,645,642,639,636,633,630,627,624,621,618,615,612,609,606,603,600,597,594,591,588,585,582,579,576,573,570,567,564,561,558,555,552,549,546,543,540,537,534,531,528,525,522,519,516,513,510,507,504,501,498,495,492,489,486,483,480,477,474,471,468,465,462,459,456,453,450,447,444,441,438,435,432,429,426,423,420,417,414,411,408,405,402,399,396,393,390,387,384,381,378,375,372,369,366,363,360,357,354,351,348,345,342,339,336,333,330,327,324,321,318,315,312,309,306,303,300,297,294,291,288,285,282,279,276,273,270,267,264,261,258,255,252,249,246,243,240,237,234,231,228,225,222,219,216,213,210,207,204,201,198,195,192,189,186,183,180,177,174,171,168,165,162,159,156,153,150,147,144,141,138,135,132,129,126,123,120,117,114,111,108,105,102,99,96,93,90,87,84,81,78,75,72,69,66,63,60,57,54,51,48,45,42,39,36,33,30,27,24,21,18,15,12,9,6,3,0
2981.0,-3315041218.971585,-3316168755.805948,-3317231304.792471,-3318228315.848322,-3319159233.984515,-3320023499.271163,-3320820546.8028264,-3321549806.6639857,-3322210703.8946247,-3322802658.455952,-3323325085.196279,-3323777393.8170447,-3324158988.8390293,-3324469269.568734,-3324707630.0649943,-3324873459.1057634,-3324966140.155176,-3324985051.330806,-3324929565.3712225,-3324799049.6038136,-3324592865.9128704,-3324310370.7080326,-3323950914.8930063,-3323513843.834668,-3322998497.3324986,-3322404209.588412,-3321730309.1769714,-3320976119.0160403,-3320140956.3378515,-3319224132.660537,-3318224953.7601533,-3317142719.643184,-3315976724.519581,-3314726256.7763405,-3313390598.9516606,-3311969027.709676,-3310460813.8158126,-3308865222.1128,-3307181511.497328,-3305408934.8974195,-3303546739.250511,-3301594165.482292,-3299550448.486316,-3297414817.104432,-3295186494.1080422,-3292864696.1802483,-3290448633.8988733,-3287937511.720454,-3285330527.965184,-3282626874.8028584,-3279825738.2398767,-3276926298.10732,-3273927728.0501366,-3270829195.5175066,-3267629861.75437,-3264328881.794237,-3260925404.453261,-3257418572.3256207,-3253807521.7803226,-3250091382.95939,-3246269279.777523,-3242340329.923312,-3238303644.861982,-3234158329.839802,-3229903483.890156,-3225538199.841358,-3221061564.326289,-3216472657.793858,-3211770554.522425,-3206954322.6351995,-3202023024.117709,-3196975714.8373804,-3191811444.565359,-3186529257.000579,-3181128189.7962112,-3175607274.588545,-3169965537.028408,-3164201996.815192,-3158315667.733593,-3152305557.693148,-3146170668.7706823,-3139909997.25576,-3133522533.699248,-3127007262.965094,-3120363164.285468,-3113589211.3193445,-3106684372.214688,-3099647609.6743426,-3092477881.0258107,-3085174138.2949944,-3077735328.2841096,-3070160392.6539145,-3062448268.010385,-3054597885.996052,-3046608173.386146,-3038478052.1897507,-3030206439.75617,-3021792248.8866663,-3013234387.9518604,-3004531761.014937,-2995683267.960956,-2986687804.6324606,-2977544262.971684,-2968251531.1695924,-2958808493.8220725,-2949214032.09354,-2939467023.8882866,-2929566344.029908,-2919510864.4491243,-2909299454.3803883,-2898930980.567635,-2888404307.47958,-2877718297.5349865,-2866871811.3383346,-2855863707.9263616,-2844692845.025938,-5941646891.177489,-5936656380.930849,-5931525487.05019,-5926253698.950544,-5920840506.706209,-5915285401.182021,-5909587874.174026,-5903747418.560034,-5819740364.047932,-5814176923.0964575,-5808474592.975024,-5802632813.068102,-5796651022.787653,-5790528661.755772,-5784265169.999921,-5933981589.193984,-5927324432.17434,-5920515485.549615,-5913554197.290635,-5906440018.381304,-5899172403.110594,-5662117467.232715,-5655654934.715576,-5649054269.018961,-5642314710.033013,-5635435491.346267,-5628415840.383653,-5621254978.56216,-5472580966.190006,-5465233721.175135,-5457741286.6756,-5450102663.536372,-5442316842.639004,-5434382805.145356,-5433096700.464457,-5425536521.051945,-5417835461.185321,-5409992101.301671,-5402004996.793143,-5393872678.067126,-5423662561.086982,-5411399346.198258,-5398994739.770127,-5386448307.76182,-5373759633.976392,-5360928321.513077,-5347953994.294588,-5425838985.748208,-5414329060.562206,-5402668231.081469,-5390855293.248243,-5378889044.2306185,-5366768283.621677,-5354491814.716923,-5342058445.87409,-5329466991.959561,-5316716275.885925,-5303805130.245323,-5290732399.043506,-5277496939.539723,-5264097624.197807,-5250533342.75407,-5236803004.407817,-5222905540.140637,-5208839905.170788,-5194605081.549295,-5180200080.904705,-5165623947.343576,-5150875760.51421,-5135954638.841289,-5120859742.939404,-5105590279.213734,-5090145503.656315,-5074524725.84674,-5058727313.16618,-5042752695.233988,-5026600368.576243,-5010269901.535812,-4993760939.4336,-4977073209.990758,-4960206529.021645,-4943160806.407343,-4925936052.359364,-4908532383.983025,-4890950032.149696,-4873189348.686673,-4855250813.892901,-4837135044.388047,-4818842801.301497,-4800374998.806822,-4781732713.005754,-4762917191.164142,-4743929861.300385,-4724772342.124405,-4705446453.322481,-4685954226.179941,-4666297914.529802,-4646480006.011105,-4626503233.615184,-4606370587.492212,-4586085326.983317,-4565650992.835224,-4545071419.5452585,-4524350747.773567,-4503493436.747085,-4482504276.56556,-4461388400.303646,-4440151295.784467,-4418798816.878764,-4397337194.159396,-4375773044.713271,-4354113380.881176,-4332365617.659955,-4310537578.460473,-4288637498.8682528,-4266674028.000564,-4244656226.993591,-4222593564.0847774,-4200495905.6778355,-4178373502.6896944,-4156236971.37863,-4134097267.739453,-4111965654.422965,-4089853658.9913716,-4067773022.1561913,-4045735634.458443,-4023753459.63944,-4001838442.711159,-3980002400.464561,-3958256891.8481083,-3936613065.3026524,-3915081479.747842,-3893671895.4730315,-3872393030.686321,-3851252278.9107823,-3830255381.778992,-3809406051.055536,-3788705532.9009504,-3768152106.466215,-3747740507.85846,-3727461269.327675,-3707299962.1673846,-3687236330.2724323,-3667243299.518794,-3647285846.0808372,-3627319704.4249773,-3607289892.9447756,-3587129031.9399037,-3566755424.7722454,-3546070868.404487,-3524958153.9444523,-3503278211.0326333,-3480866841.609627,-3457530978.4036274,-3433044390.941038,-3407142746.5207934,-3379517914.945947,-3349811383.5832734,-3317606623.6765733,-3282420220.8866663,-3243691555.767733,-3200770799.8035913,-3152904992.4489217,-3099222007.954823,-3038712349.7901754,-2970208998.617989,-2892366112.2408986,-2803638442.545009,-2702265241.4683247,-2586265737.0245414,-2453458863.3023763,-2301529197.1984468,-2128175985.486436,-1931405318.352894,-1710059261.7584665,-1464718795.848649,-1199153637.1104515,-922458177.8167729,-651713859.2023504,-413950943.4163463,-243426344.41854796,-166181260.35656005,-171530834.3780337,-224548861.72324044,0.0
2980.0,-3291918756.3527827,-3294020623.7789984,-3296061323.733848,-3298040315.3960752,-3299957052.884281,-3301810985.217716,-3303601556.27705,-3305328204.7652206,-3306990364.168272,-3308587462.716317,-3310118923.344521,-3311584163.654193,-3312982595.873953,-3314313626.8210206,-3315576657.8626027,-3316771084.877445,-3317896298.2174926,-3318951682.669739,-3319936617.4182253,-3320850476.0062594,-3321692626.298799,-3322462430.4450884,-3323159244.8415155,-3323782420.094718,-3324331300.984967,-3324805226.429832,-3325203529.448148,-3325525537.124305,-3325770570.5728865,-3325937944.903662,-3326026969.1869454,-3326036946.4193816,-3325967173.490139,-3325816941.147531,-3325585533.966139,-3325272230.314377,-3324876302.322604,-3324397015.851747,-3323833630.462497,-3323185399.3850822,-3322451569.489644,-3321631381.257263,-3320724068.7516403,-3319728859.5914702,-3318644974.923531,-3317471629.3965297,-3316208031.1357303,-3314853381.718373,-3313406876.149967,-3311867702.8414345,-3310235043.587172,-3308508073.5440617,-3306685961.2114644,-3304767868.412212,-3302752950.274684,-3300640355.2159567,-3298429224.926095,-3296118694.3536234,-3293707891.692212,-3291195938.368631,-3288581949.032,-3285865031.544422,-3283044286.972991,-3280118809.583259,-3277087686.834229,-3273949999.3748813,-3270704821.042322,-3267351218.861609,-3263888253.047288,-3260314977.006727,-3256630437.345313,-3252833673.873536,-3248923719.616081,-3244899600.822955,-3240760336.9827466,-3236504940.838077,-3232132418.403323,-3227641768.984709,-3223031985.202818,-3218302053.0176234,-3213450951.75616,-3208477654.142866,-3203381126.3327456,-3198160327.947427,-3192814212.114219,-3187341725.508304,-3181741808.3981223,-3176013394.6941214,-3170155412.000978,-3164166781.6733885,-3158046418.8756022,-3151793232.64482,-3145406125.958598,-3138883995.8064003,-3132225733.265495,-3125430223.581311,-3118496346.2524605,-3111422975.120592,-3104208978.465276,-3096853219.1040983,-3089354554.4981966,-3081711836.8634324,-3073923913.2874293,-3065989625.852747,-3057907811.766361,-3049677303.4958363,-3041296928.9123144,-3032765511.440751,-3024081870.2175937,-3015244820.256279,-3006253172.620867,-2997105734.6081486,-2987801309.938622,-2978338698.956703,-2968716698.8405824,-2958934103.8221607,-5795379690.440896,-5791702497.46347,-5787887877.191516,-5783935345.076524,-5779844418.1831255,-5775614615.347948,-5771245457.3489,-5766736467.085437,-5676452310.240192,-5672145550.513692,-5667703144.216308,-5663124567.04145,-5658409295.865469,-5653556808.968345,-5648566586.268687,-5798776759.960791,-5793502299.980352,-5788080035.942516,-5782509467.340759,-5776790098.424314,-5770921438.548519,-5525724899.33959,-5520512305.599543,-5515166899.970067,-5509688008.086423,-5504074951.116296,-5498327045.944958,-5492443605.380238,-5346644538.587136,-5340520615.347454,-5334257008.019445,-5327852792.168761,-5321307034.308509,-5314618792.15874,-5305656562.876095,-5299366131.682165,-5292943458.362791,-5286387237.631805,-5279696139.20561,-5272868807.8096485,-5336750914.731661,-5325585583.742325,-5314280779.108028,-5302836072.047709,-5291251052.34971,-5279525329.9580345,-5267658536.646359,-5326454680.97426,-5316075782.648648,-5305551439.857053,-5294880490.192458,-5284061773.089448,-5273094131.140162,-5261976411.500964,-5250707467.395019,-5239286159.716125,-5227711358.739528,-5215981945.945678,-5204096815.963269,-5192054878.638227,-5179855061.235635,-5167496310.781986,-5154977596.555581,-5142297912.733132,-5129456281.201351,-5116451754.542411,-5103283419.202894,-5089950398.856184,-5076451857.968807,-5062787005.58175,-5048955099.318283,-5034955449.630449,-5020787424.29684,-5006450453.184988,-4991944033.292247,-4977267734.07959,-4962421203.113528,-4947404172.031822,-4932216462.849401,-4916857994.621464,-4901328790.481417,-4885628985.071839,-4869758832.387315,-4853718714.048491,-4837509148.027192,-4821130797.842952,-4804584482.251611,-4787871185.4470005,-4770992067.796808,-4753948477.133894,-4736741960.624092,-4719374277.231249,-4701847410.799777,-4684163583.774088,-4666325271.573181,-4648335217.637159,-4630196449.160423,-4611912293.523902,-4593486395.435513,-4574922734.784285,-4556225645.209029,-4537399833.376782,-4518450398.959706,-4499382855.291183,-4480203150.672448,-4460917690.290093,-4441533358.691748,-4422057542.752052,-4402498155.04317,-4382863657.503388,-4363163085.273178,-4343406070.539977,-4323602866.200492,-4303764369.111489,-4283902142.656627,-4264028438.30623,-4244156215.7890553,-4224299161.42775,-4204471704.112632,-4184689028.2992716,-4164967083.3131037,-4145322588.126333,-4125773030.6372113,-4106336660.3260713,-4087032472.9839134,-4067880186.004272,-4048900202.493682,-4030113562.186078,-4011541876.836701,-3993207247.4159503,-3975132160.01644,-3957339356.919659,-3939851678.7337255,-3922691872.9002256,-3905882363.1652813,-3889444973.803739,-3873400601.4609694,-3857768826.4157767,-3842567453.8497376,-3827811974.307843,-3813514930.923452,-3799685179.122069,-3786327022.3704467,-3773439205.0484576,-3761013740.625834,-3749034549.944245,-3737475880.43435,-3726300472.4070673,-3715457432.979022,-3704879771.504183,-3694481542.300061,-3684154530.600844,-3673764405.550062,-3663146249.0213623,-3652099350.3045106,-3640381133.1718845,-3627700052.2658124,-3613707258.606465,-3597986787.6647844,-3580043966.3363996,-3559291666.4175105,-3535033952.721121,-3506446588.5624366,-3472553782.5105333,-3432200515.2260575,-3384019827.827819,-3326394685.222116,-3257414634.347935,-3174828787.3574533,-3075999246.7924986,-2957863936.271597,-2816926559.4469333,-2649306801.227891,-2450910219.7450957,-2217820925.6122537,-1947089046.9784923,-1638183905.8875852,-1295494289.7081625,-932265950.8291295,-575831645.8647658,-271465572.7081135,-74156585.97160585,-5242095.962749495,-174425.5618738956,0.0
2979.0,-3258793427.436778,-3261883524.5237293,-3264916638.403675,-3267892242.1705546,-3270809803.758057,-3273668785.896422,-3276468646.0692053,-3279208836.470006,-3281888803.9591494,-3284507990.02038,-3287065830.7175336,-3289561756.65122,-3291995192.9155173,-3294365559.054697,-3296672269.0199933,-3298914731.1264124,-3301092348.009632,-3303204516.58294,-3305250627.994298,-3307230067.583498,-3309142214.839434,-3310986443.3575087,-3312762120.7971973,-3314468608.839757,-3316105263.146138,-3317671433.315072,-3319166462.841382,-3320589689.0745163,-3321940443.1773367,-3323218050.085164,-3324421828.465111,-3325551090.6757107,-3326605142.7268825,-3327583284.24022,-3328484808.4096584,-3329309001.962516,-3330055145.1209345,-3330722511.5637712,-3331310368.388917,-3331817976.0760946,-3332244588.450161,-3332589452.6449285,-3332851809.0675364,-3333030891.363384,-3333125926.3816924,-3333136134.141663,-3333060727.7993045,-3332898913.614963,-3332649890.921544,-3332312852.093479,-3331886982.516499,-3331371460.558174,-3330765457.539342,-3330068137.7063723,-3329278658.204369,-3328396169.0513096,-3327419813.1131725,-3326348726.0800843,-3325182036.4435306,-3323918865.4746704,-3322558327.2037835,-3321099528.400922,-3319541568.5577755,-3317883539.870824,-3316124527.225786,-3314263608.1834784,-3312299852.9670534,-3310232324.450727,-3308060078.150025,-3305782162.213602,-3303397617.4166927,-3300905477.156247,-3298304767.447829,-3295594506.924303,-3292773706.836416,-3289841371.055294,-3286796496.076971,-3283638071.028962,-3280365077.679026,-3276976490.4461074,-3273471276.413621,-3269848395.3450847,-3266106799.7022457,-3262245434.665728,-3258263238.158364,-3254159140.871222,-3249932066.292482,-3245580930.7392607,-3241104643.392439,-3236502106.334675,-3231772214.591645,-3226913856.176693,-3221925912.138956,-3216807256.61513,-3211556756.885004,-3206173273.4308925,-3200655660.0011177,-3195002763.677684,-3189213424.948328,-3183286477.7830834,-3177220749.715548,-3171015061.9290247,-3164668229.347752,-3158179060.733386,-3151546358.7869587,-3144768920.256566,-3137845536.050936,-3130774991.359199,-3123556065.7770734,-3116187533.439714,-3108668163.1615543,-3100996718.5833783,-3093171958.326976,-3085192636.157666,-3077057501.1550665,-3068765297.892427,-5624576067.592886,-5622194264.609723,-5619677750.717675,-5617026056.113126,-5614238713.169208,-5611315256.606375,-5608255223.673675,-5605058154.341296,-5509339892.461423,-5506267384.118592,-5503062134.621563,-5499723642.466261,-5496251407.995709,-5492644933.637867,-5488903724.158549,-5637652000.020675,-5633728874.279232,-5629661416.552047,-5625449158.329973,-5621091636.895514,-5616588395.701327,-5366363588.140843,-5362366016.56671,-5358240441.792773,-5353986260.6571045,-5349602866.813429,-5345089650.936403,-5340446000.947435,-5199654561.901422,-5194728990.667589,-5189668958.193008,-5184473605.969628,-5179142066.847647,-5173673465.279066,-5156871260.863697,-5151809549.951802,-5146624075.83575,-5141313650.279821,-5135877059.878704,-5130313065.978069,-5228034027.204639,-5217952363.872207,-5207732557.158727,-5197374149.151379,-5186876699.304175,-5176239786.055418,-5165463008.540543,-5204469157.896197,-5195182215.525383,-5185754735.722159,-5176185570.884148,-5166473574.150719,-5156617600.735055,-5146616509.353801,-5136469163.760108,-5126174434.386293,-5115731200.102639,-5105138350.099233,-5094394785.898239,-5083499423.504307,-5072451195.701347,-5061249054.504376,-5049891973.775617,-5038378952.01455,-5026709015.332291,-5014881220.621072,-5002894658.930444,-4990748459.062288,-4978441791.397561,-4965973871.968347,-4953343966.789583,-4940551396.465656,-4927595541.087833,-4914475845.43952,-4901191824.527086,-4887743069.455109,-4874129253.665841,-4860350139.563714,-4846405585.546874,-4832295553.468758,-4818020116.5539875,-4803579467.79395,-4788973928.848755,-4774203959.483416,-4759270167.567438,-4744173319.668221,-4728914352.269993,-4713494383.65122,-4697914726.45474,-4682176900.985979,-4666282649.275833,-4650233949.945742,-4634033033.913566,-4617682400.979512,-4601184837.332071,-4584543434.014211,-4567761606.390232,-4550843114.653392,-4533792085.413678,-4516613034.403985,-4499310890.341077,-4481891019.975223,-4464359254.35898,-4446721916.3611765,-4428985849.446559,-4411158447.734506,-4393247687.341556,-4375262159.001846,-4357211101.946661,-4339104439.008743,-4320952812.898376,-4302767623.575987,-4284561066.619559,-4266346172.453836,-4248136846.2713227,-4229947908.431415,-4211795135.072897,-4193695298.6148562,-4175666207.7507634,-4157726746.4581485,-4139896911.4502826,-4122197847.384203,-4104651879.0088563,-4087282539.285255,-4070114592.3336744,-4053174049.857697,-4036488179.4562087,-4020085502.957659,-4003995782.5896955,-3988249992.4247465,-3972880272.110549,-3957919859.394418,-3943402997.3707886,-3929364811.7108727,-3915841152.3567557,-3902868393.263634,-3890483182.733631,-3878722135.6808624,-3867621457.7737246,-3857216489.7865744,-3847541158.6234274,-3838627319.3080945,-3830503969.7189674,-3823196316.920704,-3816724670.5370016,-3811103134.627545,-3806338064.8663945,-3802426252.3273945,-3799352788.684492,-3797088559.8984323,-3795587306.1820474,-3794782174.811631,-3794581678.6472073,-3794864956.322695,-3795476209.0082555,-3796218162.1450686,-3796844366.896793,-3797050112.9999657,-3796461669.319976,-3794623497.0826564,-3790982989.095777,-3784872171.5141616,-3775485658.456956,-3761853971.9860706,-3742811134.7909584,-3716955228.5537963,-3682600434.037207,-3637719031.2632337,-3579872144.9477882,-3506129066.3967066,-3412977505.7810383,-3296232479.6921887,-3150962166.880789,-2971469379.6968155,-2751405220.160812,-2484161196.853275,-2163812562.5070796,-1787110125.517093,-1357390590.8015218,-891745627.6175766,-432486615.65642995,-57600876.18852386,146782730.4003853,224212263.19892472,0.0
2978.0,-3215000077.342554,-3219086669.214395,-3223120786.720536,-3227101921.263165,-3231029559.036768,-3234903180.981493,-3238722262.736422,-3242486274.592744,-3246194681.44681,-3249846942.753097,-3253442512.4771533,-3256980839.048374,-3260461365.31283,-3263883528.48596,-3267246760.105282,-3270550485.983057,-3273794126.1589546,-3276977094.8526897,-3280098800.41671,-3283158645.2888694,-3286156025.9451666,-3289090332.852521,-3291960950.421609,-3294767256.959788,-3297508624.624113,-3300184419.374451,-3302794000.926732,-3305336722.706324,-3307811931.8015847,-3310218968.9175577,-3312557168.329882,-3314825857.838898,-3317024358.723977,-3319151985.6981,-3321208046.862693,-3323191843.662752,-3325102670.8422604,-3326939816.399941,-3328702561.545347,-3330390180.65531,-3332001941.230793,-3333537103.854148,-3334994922.146796,-3336374642.727384,-3337675505.170422,-3338896741.9654093,-3340037578.476526,-3341097232.90286,-3342074916.239237,-3342969832.237664,-3343781177.369409,-3344508140.787771,-3345149904.2915506,-3345705642.2892394,-3346174521.764002,-3346555702.239445,-3346848335.746221,-3347051566.7895017,-3347164532.3173594,-3347186361.6900663,-3347116176.6504154,-3346953091.295001,-3346696212.04659,-3346344637.627586,-3345897459.034599,-3345353759.514226,-3344712614.5400395,-3343973091.7908354,-3343134251.1301994,-3342195144.587424,-3341154816.339855,-3340012302.69666,-3338766632.0841384,-3337416825.0325704,-3335961894.1646934,-3334400844.185844,-3332732671.875838,-3330956366.082624,-3329070907.7178106,-3327075269.7540803,-3324968417.22461,-3322749307.224519,-3320416888.914435,-3317970103.526263,-3315407884.371205,-3312729156.8501115,-3309932838.4662843,-3307017838.840745,-3303983059.730113,-3300827395.0471563,-3297549730.884106,-3294148945.538845,-3290623909.544049,-3286973485.6993866,-3283196529.106935,-3279291887.2098107,-3275258399.834264,-3271094899.2352586,-3266800210.145714,-3262373149.8295097,-3257812528.1384254,-3253117147.573111,-3248285803.348285,-3243317283.462293,-3238210368.7711663,-3232963833.067411,-3227576443.163637,-3222046958.981272,-3216374133.644512,-3210556713.5797486,-3204593438.6206584,-3198483042.1192026,-3192224251.062769,-3185815786.197682,-3179256362.159404,-3172544687.609619,-5428913003.148519,-5427804301.419018,-5426563334.1496725,-5425189634.492947,-5423682737.942276,-5422042182.498284,-5420267508.845178,-5418358260.537954,-5318147206.888392,-5316282875.457397,-5314288343.856422,-5312163119.419212,-5309906711.488998,-5307518631.652218,-5304998393.986958,-5450310209.495255,-5447702319.841095,-5444953011.660632,-5442061827.975362,-5439028317.901231,-5435852037.023907,-5183833731.9217005,-5181012001.0020895,-5178066496.243772,-5174996669.798143,-5171801971.337433,-5168481848.252157,-5165035745.86832,-5031340974.41366,-5027583889.432234,-5023697212.809369,-5019680142.368225,-5015531867.207315,-5011251567.896777,-4986531476.427629,-4982649374.909217,-4978651679.334805,-4974537319.989722,-4970305201.64972,-4965954203.387191,-5097034444.397612,-5088019794.867327,-5078867788.64732,-5069577906.909533,-5060149645.122068,-5050582514.592702,-5040876044.109695,-5059584819.937455,-5051346987.257068,-5042972963.346559,-5034461590.290441,-5025811708.152702,-5017022156.222487,-5008091774.358093,-4999019404.435494,-4989803891.907965,-4980444087.483769,-4970938848.929346,-4961287043.005877,-4951487547.54758,-4941539253.6906,-4931441068.261963,-4921191916.338592,-4910790743.9869995,-4900236521.195032,-4889528245.007564,-4878664942.878969,-4867645676.255892,-4856469544.404646,-4845135688.498548,-4833643295.981382,-4821991605.224185,-4810179910.493577,-4798207567.251097,-4786073997.80398,-4773778697.329251,-4761321240.294189,-4748701287.297725,-4735918592.358619,-4722973010.677989,-4709864506.9052305,-4696593163.938118,-4683159192.289589,-4669562940.055659,-4655804903.520675,-4641885738.438221,-4627806272.028059,-4613567515.731501,-4599170678.769905,-4584617182.553217,-4569908675.987675,-4555047051.734164,-4540034463.471041,-4524873344.217432,-4509566425.775433,-4494116759.351614,-4478527737.420475,-4462803116.894333,-4446947043.665769,-4430964078.590272,-4414859224.977633,-4398637957.661357,-4382306253.715259,-4365870624.885782,-4349338151.807013,-4332716520.062775,-4316014058.156317,-4299239777.442793,-4282403414.0725193,-4265515472.9837427,-4248587273.9716926,-4231630999.845893,-4214659746.6691313,-4197687576.048832,-4180729569.423802,-4163801884.255808,-4146921811.9948893,-4130107837.6388116,-4113379700.648859,-4096758456.915041,-4080266541.3815045,-4063927830.845309,-4047767706.3265266,-4031813114.2712693,-4016092625.6887393,-4000636492.1343956,-3985476697.2291646,-3970647002.143787,-3956182983.1714697,-3942122059.153538,-3928503506.103197,-3915368455.881587,-3902759875.206732,-3890722520.605766,-3879302864.138868,-3868548983.81102,-3858510411.524252,-3849237930.184198,-3840783310.131992,-3833198973.393471,-3826537572.284164,-3820851466.6363916,-3816192081.2727027,-3812609122.2771378,-3810149627.041579,-3808856818.9036636,-3808768732.344118,-3809916569.05063,-3812322738.5298057,-3815998529.165046,-3820941346.429353,-3827131444.043663,-3834528060.791451,-3843064859.8718424,-3852644548.2880187,-3863132529.698743,-3874349413.8269405,-3886062166.691164,-3897973635.4618816,-3909710115.235094,-3920806536.324116,-3930688731.376051,-3938652080.4112387,-3943835614.0489383,-3945190362.529704,-3941440350.086087,-3931034131.44774,-3912084140.8995414,-3882290395.8627925,-3838844359.896809,-3778308273.944271,-3696465586.602082,-3588140515.2893662,-3446991970.6723037,-3265305033.0446086,-3033845368.6819725,-2741940225.869363,-2378181507.5571804,-1932701727.733522,-1403283793.3823159,-810291309.2042595,-227949923.89039084,182266984.10238925,288708139.4970373,0.0
2977.0,-3159894282.2450647,-3164979813.489616,-3170017660.62186,-3175007337.426507,-3179948352.4837666,-3184840209.1198,-3189682405.357042,-3194474433.86434,-3199215781.9068985,-3203905931.296115,-3208544358.3392453,-3213130533.788928,-3217663922.792588,-3222143984.841731,-3226570173.721116,-3230941937.4578314,-3235258718.2702875,-3239519952.5171328,-3243725070.646103,-3247873497.142819,-3251964650.479527,-3255997943.063842,-3259972781.187433,-3263888564.974742,-3267744688.331685,-3271540538.8943896,-3275275497.977962,-3278948940.525316,-3282560235.056053,-3286108743.615449,-3289593821.7235045,-3293014818.324147,-3296371075.7345266,-3299661929.594486,-3302886708.8161926,-3306044735.53394,-3309135325.0541625,-3312157785.8056736,-3315111419.290131,-3317995520.032775,-3320809375.533443,-3323552266.217883,-3326223465.389389,-3328822239.180796,-3331347846.5068164,-3333799539.016803,-3336176561.0478787,-3338478149.578553,-3340703534.1827765,-3342851936.984481,-3344922572.612646,-3346914648.156904,-3348827363.1237106,-3350659909.393111,-3352411471.17614,-3354081224.9728594,-3355668339.531102,-3357171975.8059044,-3358591286.9197083,-3359925418.1233253,-3361173506.7577195,-3362334682.216627,-3363408065.9100614,-3364392771.2287235,-3365287903.5093703,-3366092560.00116,-3366805829.833023,-3367426793.9820995,-3367954525.243266,-3368388088.1998134,-3368726539.195301,-3368968926.3066416,-3369114289.3184404,-3369161659.698657,-3369110060.575618,-3368958506.716435,-3368706004.5068707,-3368351551.9327035,-3367894138.562643,-3367332745.532847,-3366666345.5330763,-3365893902.794582,-3365014373.079726,-3364026703.673444,-3362929833.376562,-3361722692.501076,-3360404202.8673983,-3358973277.8036923,-3357428822.14733,-3355769732.248522,-3353994895.976244,-3352103192.726473,-3350093493.432845,-3347964660.579793,-3345715548.2182565,-3343345001.984025,-3340851859.118826,-3338234948.494212,-3335493090.6383743,-3332625097.7659407,-3329629773.810887,-3326505914.4626307,-3323252307.205455,-3319867731.3613143,-3316350958.136183,-3312700750.6700697,-3308915864.0907464,-3304995045.57144,-3300937034.3925056,-3296740562.0073023,-3292404352.112368,-3287927120.722085,-3283307576.24797,-3278544419.5827665,-3273636344.189531,-3268582036.19587,-5208208273.301124,-5208346925.400643,-5208355472.455761,-5208233438.793751,-5207980350.857327,-5207595737.35103,-5207079129.396636,-5206430060.69802,-5102756378.37918,-5102071499.831119,-5101258590.520058,-5100317152.8127,-5099246690.759525,-5098046710.303719,-5096716719.5035,-5236627722.701612,-5235295669.954131,-5233824538.664135,-5232213862.920157,-5230463182.485851,-5228572043.1412,-4978077765.74678,-4976389698.904427,-4974581466.455749,-4972652559.371821,-4970602466.275026,-4968430673.6012745,-4966136665.779737,-4841553064.130295,-4838930638.190427,-4836183082.276877,-4833309640.672139,-4830309548.390959,-4827182031.299928,-4794577188.109283,-4791818645.485294,-4788952224.577711,-4785976974.427543,-4782891918.1244135,-4779696052.475173,-4943401560.981208,-4935435869.990161,-4927333141.797263,-4919092769.184173,-4910714154.447398,-4902196710.765749,-4893539863.661237,-4891653413.750582,-4884419433.102057,-4877053070.952138,-4869553137.265405,-4861918435.7074995,-4854147764.705602,-4846239918.601845,-4838193688.905847,-4830007865.652886,-4821681238.874741,-4813212600.190562,-4804600744.525764,-4795844471.9673,-4786942589.7643385,-4777893914.483846,-4768697274.331357,-4759351511.647657,-4749855485.593031,-4740208075.031359,-4730408181.62717,-4720454733.169682,-4710346687.138658,-4700083034.528044,-4689662803.944243,-4679085065.997107,-4668348938.002812,-4657453589.019171,-4646398245.235096,-4635182195.737565,-4623804798.680746,-4612265487.883719,-4600563779.884814,-4588699281.482525,-4576671697.794709,-4564480840.870002,-4552126638.88739,-4539609145.982262,-4526928552.739538,-4514085197.397155,-4501079577.80571,-4487912364.1929655,-4474584412.784765,-4461096780.337039,-4447450739.636746,-4433647796.032885,-4419689705.062234,-4405578491.237973,-4391316468.072969,-4376906259.413337,-4362350822.161561,-4347653470.472355,-4332817901.508242,-4317848222.845529,-4302748981.625106,-4287525195.5458565,-4272182385.801773,-4256726612.0666614,-4241164509.632775,-4225503328.8113856,-4209750976.7043724,-4193916061.4558306,-4178007939.0914574,-4162036763.050737,-4146013536.512254,-4129950167.605605,-4113859527.5937176,-4097755512.096427,-4081653105.4092402,-4065568447.9495554,-4049518906.835184,-4033523149.565998,-4017601220.7372828,-4001774621.661642,-3986066392.7133884,-3970501198.132801,-3955105412.935509,-3939907211.4613023,-3924936656.963769,-3910225791.4832916,-3895808725.0565457,-3881721723.0903573,-3868003290.460335,-3854694250.5776553,-3841837817.2924213,-3829479657.0588756,-3817667938.2650385,-3806453364.013423,-3795889183.9148216,-3786031179.605374,-3776937617.697462,-3768669162.7030945,-3761288741.09638,-3754861346.0775027,-3749453770.727783,-3745134255.061811,-3741972029.94108,-3740036737.8597918,-3739397707.186878,-3740123052.479491,-3742278568.8950024,-3745926383.432038,-3751123319.6263776,-3757918925.297021,-3766353104.843478,-3776453288.2670636,-3788231058.3089356,-3801678144.573789,-3816761678.8287497,-3833418588.228986,-3851548982.1114244,-3871008361.8044553,-3891598449.4164653,-3913056387.317119,-3935041999.5510297,-3957122721.1616545,-3978755678.008893,-3999266217.492635,-4017821918.002988,-4033400693.9185166,-4044750991.701445,-4050341135.091687,-4048293470.235341,-4036296868.9708037,-4011488079.9673133,-3970288015.4597006,-3908172981.595509,-3819353087.09665,-3696321959.088237,-3529239493.478386,-3305133547.1680026,-3007024015.4675565,-2613491097.490157,-2100565973.636825,-1452031284.2086332,-696259030.940769,-8518279.04028936,202687262.9505025,0.0
2976.0,-3092858605.660233,-3098939569.188332,-3104977873.771533,-3110973059.279601,-3116924660.4288626,-3122832206.730282,-3128695222.437337,-3134513226.4936094,-3140285732.4801984,-3146012248.5628653,-3151692277.439019,-3157325316.2844543,-3162910856.699917,-3168448384.6574707,-3173937380.446701,-3179377318.6207385,-3184767667.94212,-3190107891.3285093,-3195397445.798275,-3200635782.41594,-3205822346.237499,-3210956576.255658,-3216037905.344953,-3221065760.20678,-3226039561.314387,-3230958722.857774,-3235822652.68855,-3240630752.2647715,-3245382416.5957594,-3250077034.1868854,-3254713986.9844065,-3259292650.3202896,-3263812392.857089,-3268272576.532875,-3272672556.506239,-3277011681.101373,-3281289291.753267,-3285504722.953012,-3289657302.193253,-3293746349.913794,-3297771179.4473734,-3301731096.965647,-3305625401.425364,-3309453384.5148,-3313214330.600421,-3316907516.6738434,-3320532212.299064,-3324087679.56004,-3327573173.0085807,-3330987939.612616,-3334331218.704848,-3337602241.9318085,-3340800233.203363,-3343924408.642653,-3346973976.5365405,-3349948137.2865467,-3352846083.3603487,-3355666999.2438054,-3358410061.393614,-3361074438.1905327,-3363659289.8933115,-3366163768.5932384,-3368587018.1694303,-3370928174.2448378,-3373186364.1430163,-3375360706.8457074,-3377450312.951216,-3379454284.6336884,-3381371715.6032376,-3383201691.067031,-3384943287.6913056,-3386595573.5644016,-3388157608.160799,-3389628442.306243,-3391007118.143948,-3392292669.1019287,-3393484119.8615503,-3394580486.327223,-3395580775.597402,-3396483985.9368324,-3397289106.7501583,-3397995118.5568705,-3398600992.967664,-3399105692.662276,-3399508171.368765,-3399807373.844377,-3400002235.857944,-3400091684.173936,-3400074636.5381746,-3399950001.665233,-3399716679.2276416,-3399373559.846863,-3398919525.086134,-3398353447.4452176,-3397674190.357104,-3396880608.186714,-3395971546.2316704,-3394945840.725172,-3393802318.8410263,-3392539798.7009263,-3391157089.383984,-3389652990.938598,-3388026294.396748,-3386275781.790695,-3384400226.17226,-3382398391.634635,-3380269033.3368883,-3378010897.5311646,-3375622721.592686,-3373103234.052616,-3370451154.633872,-3367665194.289955,-3364744055.246874,-3361686431.048268,-3358491006.603813,-3355156458.2409687,-4962424755.034715,-4963782485.479252,-4965011989.766603,-4966112772.114484,-4967084338.26824,-4967926195.61351,-4968637853.29591,-4969218822.348264,-4863190630.6657295,-4863654837.397037,-4863992823.751431,-4864204074.078161,-4864288073.633168,-4864244308.74426,-4864072266.987498,-4996657626.961893,-4996560163.462976,-4996325403.054445,-4995952851.35434,-4995442018.561615,-4994792419.73487,-4749182916.295844,-4748584643.967344,-4747869176.625902,-4747036027.701428,-4746084707.864168,-4745014725.126347,-4743825584.957734,-4630263642.3357,-4628739080.14875,-4627093403.577454,-4625325893.716673,-4623435821.449137,-4621422447.462407,-4581104220.163251,-4579407578.532461,-4577610187.327743,-4575711213.402041,-4573709797.189297,-4571605052.218558,-4766916017.63064,-4759980817.342704,-4752908536.519852,-4745698457.895414,-4738349867.474284,-4730862055.630798,-4723234318.290501,-4700679626.887959,-4694403182.61616,-4687997683.646402,-4681461890.739119,-4674794552.794186,-4667994407.636558,-4661060182.883628,-4653990596.900044,-4646784359.846122,-4639440174.826344,-4631956739.144981,-4624332745.67621,-4616566884.356703,-4608657843.809178,-4600604313.105978,-4592404983.682296,-4584058551.409489,-4575563718.839414,-4566919197.631683,-4558123711.176366,-4549175997.425708,-4540074811.949186,-4530818931.227379,-4521407156.201057,-4511838316.09316,-4502111272.522408,-4492224923.928758,-4482178210.33217,-4471970118.447714,-4461599687.181602,-4451066013.534504,-4440368258.940216,-4429505656.069785,-4418477516.133238,-4407283236.713222,-4395922310.167316,-4384394332.638234,-4372699013.713763,-4360836186.781204,-4348805820.124077,-4336608028.812033,-4324243087.438305,-4311711443.762703,-4299013733.321832,-4286150795.072351,-4273123688.137228,-4259933709.7294216,-4246582414.332061,-4233071634.2191086,-4219403501.405455,-4205580471.1208153,-4191605346.907117,-4177481307.4447246,-4163211935.2186413,-4148801247.141503,-4134253727.256251,-4119574361.6470227,-4104768675.692716,-4089842773.80313,-4074803381.7828746,-4059657891.973062,-4044414411.324919,-4029081812.5627728,-4013669788.5961204,-3998188910.3412776,-3982650688.1121507,-3967067636.736439,-3951453344.547729,-3935822546.39446,-3920191200.7934365,-3904576571.3369226,-3888997312.437773,-3873473559.4651203,-3858027023.2822385,-3842681089.1466722,-3827460919.8685865,-3812393563.0437264,-3797508062.079752,-3782835570.6154733,-3768409469.787585,-3754265487.62386,-3740441819.630303,-3726979249.3851337,-3713921267.6475396,-3701314188.124221,-3689207257.6017237,-3677652757.634434,-3666706094.3629,-3656425872.3077254,-3646873947.121465,-3638115451.2622576,-3630218785.3529515,-3623255566.5789537,-3617300523.8242645,-3612431327.311247,-3608728338.255132,-3606274261.4244957,-3605153680.4668937,-3605452452.364868,-3607256933.382084,-3610653004.294938,-3615724857.5400085,-3622553503.111064,-3631214943.596345,-3641777961.6660585,-3654301455.639767,-3668831250.556222,-3685396303.538509,-3704004213.314628,-3724635934.6047883,-3747239588.6754375,-3771723251.3026495,-3797946587.5872703,-3825711187.032854,-3854749426.9704027,-3884711648.124047,-3915151345.1726856,-3945507926.1928267,-3975086323.464628,-4003032251.694626,-4028301053.040095,-4049616584.5925684,-4065414073.2645493,-4073756606.7952027,-4072207866.6415334,-4057632150.7910523,-4025874142.719657,-3971241738.5949907,-3885671698.312349,-3757399562.8753247,-3568900614.8078623,-3293912304.8076344,-2893885726.494114,-2316915993.2004943,-1514642582.495678,-547247217.666036,51316516.00755056,0.0
2975.0,-3013308894.663374,-3020375758.828993,-3027405174.8737764,-3034396712.0364656,-3041349934.4978304,-3048264401.326864,-3055139666.4266424,-3061975278.47993,-3068770780.89446,-3075525711.7479544,-3082239603.7328763,-3088911984.10089,-3095542374.607079,-3102130291.453911,-3108675245.2349434,-3115176740.878311,-3121634277.589967,-3128047348.79672,-3134415442.089035,-3140738039.1636696,-3147014615.766082,-3153244641.632672,-3159427580.432856,-3165562889.71096,-3171650020.8279905,-3177688418.9032297,-3183677522.7557373,-3189616764.845712,-3195505571.2157583,-3201343361.43206,-3207129548.5254707,-3212863538.9325533,-3218544732.4365525,-3224172522.108321,-3229746294.24726,-3235265428.322209,-3240729296.912365,-3246137265.648217,-3251488693.152526,-3256782930.981348,-3262019323.565126,-3267197208.149891,-3272315914.7385416,-3277374766.0322714,-3282373077.3721147,-3287310156.680664,-3292185304.4039693,-3296997813.4536333,-3301746969.149117,-3306432049.1602936,-3311052323.4502525,-3315607054.218386,-3320095495.84379,-3324516894.8289566,-3328870489.74384,-3333155511.1702724,-3337371181.6467857,-3341516715.613817,-3345591319.3593807,-3349594190.965182,-3353524520.253221,-3357381488.7328925,-3361164269.548643,-3364872027.4281573,-3368503918.631145,-3372059090.8987274,-3375536683.40346,-3378935826.700024,-3382255642.6765723,-3385495244.50684,-3388653736.6029367,-3391730214.568946,-3394723765.155292,-3397633466.2139454,-3400458386.6544533,-3403197586.400862,-3405850116.3495283,-3408415018.3278646,-3410891325.0540285,-3413278060.0976167,-3415574237.841337,-3417778863.4437475,-3419890932.8030286,-3421909432.5218644,-3423833339.873452,-3425661622.768604,-3427393239.7240763,-3429027139.832054,-3430562262.7308626,-3431997538.576937,-3433331888.0180354,-3434564222.1677704,-3435693442.581429,-3436718441.2331533,-3437638100.4944754,-3438451293.1142173,-3439156882.1998262,-3439753721.200089,-3440240653.8893385,-3440616514.353073,-3440880126.975081,-3441030306.426052,-3441065857.653698,-3440985575.874388,-3440788246.5663347,-3440472645.464314,-3440037538.555967,-3439481682.079635,-3438803822.5238104,-3438002696.6281424,-3437077031.386051,-3436025544.048932,-3434846942.131944,-3433539923.421428,-3432103175.9838934,-3430535378.176624,-4691673309.834863,-4694220253.364865,-4696640587.800715,-4698933786.918567,-4701099325.115965,-4703136677.478931,-4705045319.853603,-4706824728.922849,-4599615938.596939,-4601198214.067166,-4602655751.762806,-4603988006.267772,-4605194431.901874,-4606274482.826066,-4607227613.155826,-4730630951.723557,-4731726415.799484,-4732685850.049486,-4733508713.872161,-4734194469.558885,-4734742582.485503,-4497382125.348278,-4497829391.010848,-4498161802.985786,-4498378881.635458,-4498480143.671313,-4498465102.173088,-4498333266.617112,-4397572011.973309,-4397106584.751365,-4396523591.116288,-4395822340.012845,-4395002128.909469,-4394062243.691433,-4346368736.241828,-4345668234.624916,-4344873404.556991,-4343983528.635851,-4342997862.628591,-4341915634.8214,-4567492739.876256,-4561570064.34174,-4555510028.981662,-4549311791.882401,-4542974507.025863,-4536497325.037826,-4529879394.005577,-4486823114.284901,-4481458148.133869,-4475967049.566579,-4470348518.949154,-4464601238.251103,-4458723871.480681,-4452715065.185521,-4446573449.023523,-4440297636.409291,-4433886225.2418,-4427337798.719335,-4420650926.248196,-4413824164.452146,-4406856058.290008,-4399745142.289381,-4392489941.905033,-4385088975.011068,-4377540753.536704,-4369843785.25611,-4361996575.743568,-4353997630.506016,-4345845457.30586,-4337538568.687944,-4329075484.725529,-4320454736.001155,-4311674866.839562,-4302734438.810935,-4293632034.524153,-4284366261.731173,-4274935757.765126,-4265339194.3365097,-4255575282.7134395,-4245642779.314041,-4235540491.740936,-4225267285.2900476,-4214822089.968341,-4204203908.057517,-4193411822.263529,-4182445004.494543,-4171302725.3131695,-4159984364.1120386,-4148489420.065353,-4136817523.9128313,-4124968450.6364994,-4112942133.0950127,-4100738676.6848745,-4088358375.1026964,-4075801727.2878084,-4063069455.6300497,-4050162525.5332856,-4037082166.431381,-4023829894.3597336,-4010407536.192253,-3996817255.6607904,-3983061581.2813673,-3969143436.3192554,-3955066170.932995,-3940833596.645469,-3926450023.298754,-3911920298.6577263,-3897249850.83619,-3882444733.7275696,-3867511675.630592,-3852458131.2683635,-3837292337.406433,-3822023372.2822137,-3806661219.0633717,-3791216833.556911,-3775702216.3925996,-3760130489.903945,-3744515979.9263906,-3728874302.72478,-3713222457.2498074,-3697578922.904692,-3681963762.977501,-3666398733.859705,-3650907400.125694,-3635515255.488906,-3620249849.5749063,-3605140920.3573556,-3590220531.984828,-3575523217.5807714,-3561086126.4198146,-3546949174.664651,-3533155198.58128,-3519750108.8276296,-3506783044.0206385,-3494306521.3179727,-3482376581.1878967,-3471052922.8681464,-3460399026.2128186,-3450482254.6733704,-3441373933.031165,-3433149392.166966,-3425887971.5865602,-3419672968.5886564,-3414591520.826309,-3410734406.5417647,-3408195743.914265,-3407072567.724159,-3407464257.8896456,-3409471790.379234,-3413196776.579184,-3418740252.484097,-3426201174.2326765,-3435674571.7805395,-3447249308.2734528,-3461005389.524734,-3477010766.7084675,-3495317577.037822,-3515957773.2045326,-3538938104.4159346,-3564234431.864644,-3591785391.122985,-3621485454.0476522,-3653177491.583942,-3686644989.169398,-3721604100.1332006,-3757695700.846889,-3794477458.1966724,-3831415492.5902634,-3867874260.248931,-3903101332.1234627,-3936200026.7543664,-3966076020.731191,-3991331856.1332006,-4010061914.523775,-4019463624.196191,-4015117792.498073,-3989683788.7854495,-3930571658.024639,-3815835524.615665,-3606994924.3374033,-3236832356.804526,-2592235196.541082,-1526292933.5683937,-237828328.95894533,0.0
2974.0,-2920700553.5036526,-2928737749.629076,-2936742842.716998,-2944715434.200533,-2952655120.590619,-2960561493.420736,-2968434139.1912584,-2976272639.3134537,-2984076570.0531206,-2991845502.4739256,-2999579002.380375,-3007276630.2604365,-3014937941.227905,-3022562484.964374,-3030149805.6609497,-3037699441.9596367,-3045210926.894439,-3052683787.8321643,-3060117546.412948,-3067511718.4905043,-3074865814.072116,-3082179337.258364,-3089451786.182616,-3096682652.9502563,-3103871423.577719,-3111017577.931275,-3118120589.665615,-3125179926.162258,-3132195048.467732,-3139165411.231615,-3146090462.6443872,-3152969644.375143,-3159802391.5091515,-3166588132.485302,-3173326289.03342,-3180016276.11148,-3186657501.842752,-3193249367.4528303,-3199791267.206651,-3206282588.3454094,-3212722711.0234985,-3219111008.24538,-3225446845.802484,-3231729582.210123,-3237958568.644415,-3244133148.879269,-3250252659.223432,-3256316428.4576054,-3262323777.771673,-3268274020.702024,-3274166463.0690355,-3280000402.914669,-3285775130.440278,-3291489927.944561,-3297144069.76176,-3302736822.200035,-3308267443.480151,-3313735183.6743536,-3319139284.645587,-3324478979.986984,-3329753494.961687,-3334962046.443018,-3340103842.8550043,-3345178084.1132903,-3350183961.566449,-3355120657.937733,-3359987347.2672453,-3364783194.854597,-3369507357.202036,-3374158981.958086,-3378737207.8617063,-3383241164.686999,-3387669973.1884813,-3392022745.046928,-3396298582.8158298,-3400496579.868463,-3404615820.345598,-3408655379.1038623,-3412614321.664777,-3416491704.16447,-3420286573.3041134,-3423997966.301053,-3427624910.840683,-3431166425.0290723,-3434621517.3463254,-3437989186.600727,-3441268421.883652,-3444458202.5252724,-3447557498.0510426,-3450565268.1389804,-3453480462.57776,-3456302021.2256,-3459028873.9699507,-3461659940.6879773,-3464194131.2078543,-3466630345.270836,-3468967472.494112,-3471204392.334428,-3473339974.052474,-3475373076.6779995,-3477302548.975645,-3479127229.411484,-3480845946.12022,-3482457516.8730288,-3483960749.045999,-3485354439.589148,-3486637374.995966,-3487808331.2734184,-3488866073.912393,-3489809357.8585167,-3490636927.4832754,-3491347516.555377,-3491939848.212292,-3492412634.931879,-3492764578.5040274,-3492994370.002207,-4396214221.567703,-4399919849.464166,-4403500258.721313,-4406954883.699239,-4410283158.212343,-4413484515.541879,-4416558388.450155,-4419504209.196608,-4312341263.631178,-4315010904.496842,-4317557010.740341,-4319978997.21557,-4322276277.02352,-4324448261.544927,-4326494360.477347,-4438955741.079384,-4441203438.579141,-4443315928.997095,-4445292610.318427,-4447132881.249143,-4448836141.301558,-4223053339.636372,-4224502782.03448,-4225839114.911607,-4227061851.5095577,-4228170500.133598,-4229164564.071935,-4230043541.5186033,-4143705681.387495,-4144259784.608415,-4144699396.484743,-4145023845.932868,-4145232448.909008,-4145324508.1633167,-4090789446.07106,-4091016873.9466906,-4091155582.79212,-4091204967.820562,-4091164397.141982,-4091033210.946336,-4345182653.526968,-4340255855.738336,-4335191325.665565,-4329988090.120524,-4324645163.696402,-4319161549.104836,-4313536237.563252,-4250398955.3537483,-4245900919.859037,-4241279367.7209177,-4236532934.4879923,-4231660230.171532,-4226659839.273556,-4221530320.8595,-4216270208.6793523,-4210878011.341413,-4205352212.543083,-4199691271.363483,-4193893622.623052,-4187957677.3155365,-4181881823.118397,-4175664424.9878783,-4169303825.8456297,-4162798347.3641696,-4156146290.8590746,-4149345938.2963834,-4142395553.4242797,-4135293383.0388794,-4128037658.3946304,-4120626596.770664,-4113058403.2052855,-4105331272.4117155,-4097443390.8891973,-4089392939.2447004,-4081178094.7415485,-4072797034.092623,-4064247936.517117,-4055528987.0812874,-4046638380.345232,-4037574324.339436,-4028335044.896649,-4018918790.366632,-4009323836.7435136,-3999548493.2377005,-3989591108.3268447,-3979450076.3230343,-3969123844.4962044,-3958610920.7969403,-3947909882.2251325,-3937019383.894539,-3925938168.8471446,-3914665078.6754284,-3903199065.014983,-3891539201.9747963,-3879684699.5775223,-3867634918.287642,-3855389384.711157,-3842947808.5567784,-3830310100.9552054,-3817476394.2401967,-3804447063.302659,-3791222748.637044,-3777804381.2077413,-3764193209.2722173,-3750390827.3070254,-3736399207.192773,-3722220731.82447,-3707858231.3246255,-3693315022.0475283,-3678594948.5748816,-3663702428.91474,-3648642503.1277575,-3633420885.616895,-3618044021.3286824,-3602519146.1258903,-3586854351.6025214,-3571058654.6223297,-3555142071.871042,-3539115699.7195644,-3522991799.7003694,-3506783889.9008913,-3490506842.575489,-3474176988.2700977,-3457812226.7399426,-3441432144.9188375,-3425058142.1668262,-3408713562.9790125,-3392423837.279371,-3376216628.346028,-3360121988.3147645,-3344172521.080824,-3328403552.259474,-3312853305.6669245,-3297563085.53662,-3282577463.3828588,-3267944468.0524898,-3253715777.053658,-3239946906.703175,-3226697397.973669,-3214030994.128915,-3202015805.2884974,-3190724453.936815,-3180234194.0606513,-3170626995.0366845,-3161989579.569496,-3154413402.878875,-3147994557.9376683,-3142833588.8671927,-3139035191.6301656,-3136707777.9836226,-3135962875.389153,-3136914332.438008,-3139677296.680983,-3144366930.0959797,-3151096827.5919924,-3159977107.128826,-3171112147.9359355,-3184597968.337362,-3200519260.1058307,-3218946136.41954,-3239930710.9116697,-3263503712.6325703,-3289671463.2157946,-3318413704.479216,-3349682969.218341,-3383406426.262702,-3419491370.461712,-3457835689.471329,-3498344553.479243,-3540953911.5075946,-3585659524.2079654,-3632546110.97474,-3681802786.017113,-3733694884.6771383,-3788432466.0186696,-3845820915.361,-3904476151.198248,-3960183061.3657866,-4002532752.290866,-4007887997.7403584,-3923703898.706349,-3630035814.9864807,-2840331472.6720204,-1023295948.2726811,0.0
2973.0,-2814534730.2924767,-2823520702.033499,-2832479997.198247,-2841412251.748749,-2850317096.896369,-2859194159.045462,-2868043059.736594,-2876863415.5893483,-2885654838.244749,-2894416934.3072658,-2903149305.28644,-2911851547.5381126,-2920523252.2052617,-2929164005.15847,-2937773386.93602,-2946350972.683594,-2954896332.093664,-2963409029.344455,-2971888623.038621,-2980334666.141549,-2988746705.9193063,-2997124283.876305,-3005466935.6926146,-3013774191.1609592,-3022045574.1234217,-3030280602.407839,-3038478787.763919,-3046639635.799075,-3054762645.913978,-3062847311.2378736,-3070893118.563608,-3078899548.2824564,-3086866074.318698,-3094792164.0639634,-3102677278.311396,-3110520871.189605,-3118322390.096422,-3126081275.6325,-3133796961.534746,-3141468874.6096063,-3149096434.666208,-3156679054.449384,-3164216139.5725794,-3171707088.450685,-3179151292.2327595,-3186548134.7346973,-3193896992.371849,-3201197234.0915813,-3208448221.305845,-3215649307.8236966,-3222799839.783852,-3229899155.587255,-3236946585.8296714,-3243941453.2343583,-3250883072.584772,-3257770750.657384,-3264603786.154588,-3271381469.6377287,-3278103083.460241,-3284767901.700974,-3291375190.0976505,-3297924205.98051,-3304414198.206171,-3310844407.0916715,-3317214064.3487625,-3323522393.018444,-3329768607.4057345,-3335951913.014753,-3342071506.48405,-3348126575.5222683,-3354116298.8441057,-3360039846.106616,-3365896377.845832,-3371685045.413768,-3377404990.915776,-3383055347.14826,-3388635237.536799,-3394143776.074658,-3399580067.2616773,-3404943206.043606,-3410232277.751796,-3415446358.04337,-3420584512.8417587,-3425645798.277672,-3430629260.6304903,-3435533936.270067,-3440358851.598934,-3445103022.994898,-3449765456.754058,-3454345149.0341635,-3458841085.7983623,-3463252242.759282,-3467577585.323436,-3471816068.5359325,-3475966637.0254645,-3480028224.949519,-3483999755.9398165,-3487880143.0479016,-3491668288.690864,-3495363084.5971413,-3498963411.7523174,-3502468140.3449183,-3505876129.7120733,-3509186228.2850337,-3512397273.5344143,-3515508091.915127,-3518517498.810877,-3521424298.4781446,-3524227283.9895515,-3526925237.176465,-3529516928.5707626,-3532001117.345607,-3534376551.255066,-3536641966.5724688,-3538796088.027312,-3540837628.7405467,-4076457185.116729,-4081291200.951509,-4086001211.124995,-4090586603.304676,-4095046763.253001,-4099381074.7796345,-4103588919.692225,-4107669677.745729,-4001817395.230092,-4005544921.443579,-4009149900.091725,-4012631698.5126576,-4015989680.574641,-4019223206.627624,-4022331633.4551806,-4122214061.313887,-4125575561.86677,-4128802327.238364,-4131893682.000575,-4134848948.923904,-4137667448.943978,-3926717192.0135474,-3929127577.085772,-3931426053.677524,-3933612115.882447,-3935685251.283704,-3937644940.762186,-3939490658.3016977,-3869020790.748112,-3870555007.090998,-3871977344.49088,-3873287145.366664,-3874483737.58769,-3875566434.0803714,-3814947330.451728,-3816033801.429433,-3817036266.512346,-3817954229.412811,-3818787166.6876345,-3819534526.760199,-4100173149.5028224,-4096227603.207258,-4092144010.4118814,-4087921268.526354,-4083558254.330802,-4079053823.861639,-4074406812.325314,-3991876562.230529,-3988203592.147358,-3984409526.412575,-3980492938.6312356,-3976452369.5382376,-3972286326.5839233,-3967993283.540553,-3963571680.1321063,-3959019921.6902285,-3954336378.8391676,-3949519387.2129493,-3944567247.208194,-3939478223.776252,-3934250546.2587075,-3928882408.2705064,-3923371967.635402,-3917717346.378728,-3911916630.7829556,-3905967871.5118623,-3899869083.809695,-3893618247.7821407,-3887213308.7665353,-3880652177.799303,-3873932732.1892834,-3867052816.206292,-3860010241.895081,-3852802790.025582,-3845428211.191363,-3837884227.069067,-3830168531.852738,-3822278793.878099,-3814212657.452997,-3805967744.9117107,-3797541658.9121943,-3788931984.996922,-3780136294.439801,-3771152147.403388,-3761977096.43275,-3752608690.314495,-3743044478.3318477,-3733282014.9492903,-3723318864.9630213,-3713152609.1565976,-3702780850.5043535,-3692201220.968738,-3681411388.9416447,-3670409067.383852,-3659192022.7212873,-3647758084.5616207,-3636105156.299999,-3624231226.688329,-3612134382.4486437,-3599812822.017687,-3587264870.516859,-3574488996.049344,-3561483827.4343076,-3548248173.496927,-3534781044.0422816,-3521081672.6512723,-3507149541.447339,-3492984407.994295,-3478586334.4976315,-3463955719.494602,-3449093332.2320256,-3434000349.9451084,-3418678398.265782,-3403129595.004781,-3387356597.568314,-3371362654.2871065,-3355151659.953315,-3338728215.878542,-3322097694.8043737,-3305266311.0146713,-3288241196.016441,-3271030480.1727386,-3253643380.6863866,-3236090296.3465652,-3218382909.4608455,-3200534295.4018474,-3182559040.1992416,-3164473366.60277,-3146295269.0283456,-3128044657.7748275,-3109743512.861087,-3091416047.7777224,-3073088883.371458,-3054791231.977638,-3036555091.781216,-3018415451.2123175,-3000410502.959698,-2982581866.9044604,-2964974820.9249535,-2947638538.0877323,-2930626328.2029443,-2913995881.066826,-2897809507.9191284,-2882134376.6872115,-2867042735.449159,-2852612117.204616,-2838925517.477948,-2826071534.4873247,-2814144459.6068087,-2803244303.6684723,-2793476742.389291,-2784952962.0325117,-2777789384.614889,-2772107251.0205507,-2768032041.020522,-2765692712.5613723,-2765220750.4875937,-2766749029.627269,-2770410522.570712,-2776336923.7490916,-2784657325.917224,-2795497182.912113,-2808977936.952505,-2825217896.796553,-2844335245.1747527,-2866454451.8984303,-2891717890.989723,-2920305108.8968315,-2952462930.8559723,-2988550306.7261767,-3029102210.181719,-3074916446.6726885,-3127164802.7196026,-3187523556.471199,-3258304211.2840085,-3342536077.4176764,-3443892049.918677,-3566217683.049043,-3712108206.274396,-3879120529.5108876,-4049506158.552313,-4159009847.669442,-3980743275.529504,-2600583365.0151625,0.0
2972.0,-2694364351.388613,-2704271666.630695,-2714157759.453594,-2724022302.1677485,-2733864962.535188,-2743685403.712433,-2753483284.1929507,-2763258257.749131,-2773009973.373812,-2782738075.221348,-2792442202.5482225,-2802121989.6532183,-2811777065.8171234,-2821407055.2420206,-2831011576.9901166,-2840590244.922148,-2850142667.635356,-2859668448.401048,-2869167185.101715,-2878638470.1677523,-2888081890.5137773,-2897497027.4745297,-2906883456.740384,-2916240748.292473,-2925568466.337421,-2934866169.2417183,-2944133409.4656925,-2953369733.4971523,-2962574681.784672,-2971747788.6705008,-2980888582.323166,-2989996584.669745,-2999071311.3277893,-3008112271.536967,-3017118968.0903883,-3026090897.2656403,-3035027548.7555323,-3043928405.5985928,-3052792944.10927,-3061620633.8078976,-3070410937.3504305,-3079163310.45792,-3087877201.845805,-3096552053.152967,-3105187298.8706045,-3113782366.2709217,-3122336675.335638,-3130849638.684351,-3139320661.5027323,-3147749141.4706173,-3156134468.689944,-3164476025.612585,-3172773186.968127,-3181025319.6914864,-3189231782.850539,-3197391927.5736275,-3205505096.977067,-3213570626.0925817,-3221587841.794758,-3229556062.728464,-3237474599.2362986,-3245342753.286021,-3253159818.398068,-3260925079.573049,-3268637813.2193503,-3276297287.0807667,-3283902760.164226,-3291453482.6676,-3298948695.907592,-3306387632.2477555,-3313769515.0266066,-3321093558.485856,-3328358967.69878,-3335564938.498705,-3342710657.407648,-3349795301.5650845,-3356818038.6568537,-3363778026.844224,-3370674414.6930785,-3377506341.1032605,-3384272935.2380366,-3390973316.453706,-3397606594.229311,-3404171868.096481,-3410668227.569359,-3417094752.074615,-3423450510.8815312,-3429734563.032124,-3435945957.271295,-3442083731.9769683,-3448146915.0901937,-3454134524.0451875,-3460045565.6992435,-3465879036.262514,-3471633921.2275734,-3477309195.2987366,-3482903822.321065,-3488416755.209002,-3493846935.874557,-3499193295.154979,-3504454752.739829,-3509630217.0973573,-3514718585.4001045,-3519718743.449594,-3524629565.600041,-3529449914.680928,-3534178641.91831,-3538814586.854745,-3543356577.267661,-3547803429.086001,-3552153946.305002,-3556406920.898893,-3560561132.7312937,-3564615349.463165,-3568568326.458007,-3572418806.684123,-3732959862.557357,-3738893050.227642,-3744703328.904574,-3750390034.2493615,-3755952498.542515,-3761390050.573652,-3766702015.526613,-3771887714.859681,-3668634440.765525,-3673392436.1988754,-3678028730.922295,-3682542639.448349,-3686933470.974131,-3691200529.247946,-3695343112.4320807,-3781157031.212277,-3785597350.210141,-3789903168.027875,-3794073727.505293,-3798108266.958212,-3802006020.02053,-3609033124.9290586,-3612366502.821388,-3615588703.6993055,-3618699192.950938,-3621697427.71268,-3624582856.560871,-3627354919.193767,-3574001235.582665,-3576477385.3459044,-3578843830.5901327,-3581099922.415778,-3583244995.8014984,-3585278369.0622587,-3519582737.127367,-3521460547.772908,-3523258107.183604,-3524975022.5654745,-3526610874.212848,-3528165214.382097,-3832787405.225848,-3829811079.935347,-3826696604.473511,-3823442757.330348,-3820048288.125522,-3816511917.027029,-3812832334.173501,-3711877075.7553797,-3708991061.993288,-3705986297.981236,-3702861305.7115574,-3699614567.2163167,-3696244523.6992426,-3692749574.663081,-3689128077.033309,-3685378344.279464,-3681498645.5352626,-3677487204.7189384,-3673342199.6553106,-3669061761.2012014,-3664643972.3761244,-3660086867.5001326,-3655388431.3411026,-3650546598.273798,-3645559251.453367,-3640424222.0061293,-3635139288.2407937,-3629702174.8835526,-3624110552.3408036,-3618362035.993622,-3612454185.5284452,-3606384504.3089557,-3600150438.7944803,-3593749378.0108347,-3587178653.0800343,-3580435536.8159466,-3573517243.3935804,-3566420928.100456,-3559143687.1793256,-3551682557.7723274,-3544034517.97766,-3536196487.030912,-3528165325.624318,-3519937836.3784456,-3511510764.4822555,-3502880798.5189466,-3494044571.496634,-3484998662.104782,-3475739596.219206,-3466263848.680715,-3456567845.3747325,-3446647965.6419477,-3436500545.0527515,-3426121878.5814114,-3415508224.2192483,-3404655807.0698266,-3393560823.973167,-3382219448.710382,-3370627837.8449903,-3358782137.26233,-3346678489.474247,-3334313041.7624645,-3321681955.240719,-3308781414.923251,-3295607640.8951783,-3282156900.688988,-3268425522.980923,-3254409912.7313046,-3240106567.9039845,-3225512097.91229,-3210623243.951958,-3195436901.3957453,-3179950144.439878,-3164160253.209113,-3148064743.545186,-3131661399.722836,-3114948310.358499,-3097923907.7992506,-3080587011.3037205,-3062936874.3525996,-3044973236.453993,-3026696379.8383813,-3008107191.4692936,-2989207230.8288946,-2969998803.972722,-2950485044.384228,-2930670001.1979394,-2910558735.3990507,-2890157424.6472297,-2869473477.412258,-2848515657.148423,-2827294217.2718134,-2805821047.73887,-2784109834.0532045,-2762176229.5488753,-2740038041.808516,-2717715434.069841,-2695231142.4491253,-2672610709.758651,-2649882736.608552,-2627079150.352286,-2604235492.2461243,-2581391222.9322314,-2558590046.003486,-2535880248.945646,-2513315060.1543083,-2490953019.9644723,-2468858362.681915,-2447101405.443928,-2425758938.3454413,-2404914608.6468153,-2384659290.066849,-2365091426.2537403,-2346317335.7135196,-2328451464.1194205,-2311616569.6480174,-2295943828.820134,-2281572855.9294357,-2268651641.143346,-2257336434.8251877,-2247791644.7523704,-2240189878.001828,-2234712364.103554,-2231550160.629881,-2230906795.1978145,-2233003378.5476637,-2238087785.273528,-2246450310.5199375,-2258449354.7021503,-2274552250.7748895,-2295398397.149542,-2321894390.5271373,-2355353691.1408615,-2397695959.269579,-2451722298.220407,-2521479371.4488044,-2612711112.0903606,-2733354809.3743057,-2893923711.3017893,-3107307165.55267,-3386649984.6591115,-3736990177.1073766,-4118049962.9066415,-4128196606.940148,0.0
2971.0,-2559799937.8091254,-2570595463.016814,-2581375193.8763165,-2592138840.335349,-2602886108.020884,-2613616698.181628,-2624330307.629977,-2635026628.683482,-2645705349.1057653,-2656366152.04694,-2667008715.98352,-2677632714.6578245,-2688237817.0168514,-2698823687.150678,-2709389984.230343,-2719936362.445228,-2730462470.9399405,-2740967953.750739,-2751452449.741404,-2761915592.5386963,-2772357010.467284,-2782776326.484204,-2793173158.112881,-2803547117.3766327,-2813897810.7317533,-2824224839.000112,-2834527797.301323,-2844806274.984453,-2855059855.559296,-2865288116.6272144,-2875490629.811558,-2885666960.6876545,-2895816668.712398,-2905939307.153411,-2916034423.0178328,-2926101556.980711,-2936140243.312988,-2946150009.8091497,-2956130377.7144747,-2966080861.651948,-2976000969.548805,-2985890202.5627685,-2995748055.007904,-3005574014.2802086,-3015367560.7828493,-3025128167.851106,-3034855301.677047,-3044548421.233864,-3054206978.200015,-3063830416.8830194,-3073418174.1430693,-3082969679.316352,-3092484354.1381607,-3101961612.6657867,-3111400861.2011795,-3120801498.213424,-3130162914.261014,-3139484491.913956,-3148765605.675679,-3158005621.904806,-3167203898.736747,-3176359786.005167,-3185472625.163316,-3194541749.205209,-3203566482.586714,-3212546141.1465025,-3221480032.0269127,-3230367453.5947,-3239207695.3616967,-3248000037.905377,-3256743752.789331,-3265438102.483675,-3274082340.285339,-3282675710.2383018,-3291217447.053746,-3299706776.030098,-3308142912.972983,-3316525064.115122,-3324852426.0360613,-3333124185.58184,-3341339519.7845154,-3349497595.781536,-3357597570.73498,-3365638591.7506084,-3373619795.7967305,-3381540309.622837,-3389399249.677997,-3397195722.0289693,-3404928822.278002,-3412597635.480272,-3420201236.0609365,-3427738687.731739,-3435209043.4071007,-3442611345.1196856,-3449944623.9353123,-3457207899.8672085,-3464400181.789479,-3471520467.349737,-3478567742.8808064,-3485540983.311372,-3492439152.0755057,-3499261201.0209484,-3506006070.316007,-3512672688.3549414,-3519259971.661731,-3525766824.791998,-3532192140.2330265,-3538534798.3015823,-3544793667.03944,-3550967602.106368,-3557055446.6703715,-3563056031.2949424,-3568968173.823106,-3574790679.257945,-3580522339.6393743,-3586161933.9168377,-3366425042.62514,-3373430051.3251605,-3380313202.425121,-3387073776.410817,-3393711048.8750167,-3400224290.346363,-3406612766.1104608,-3412875736.0227656,-3313518024.6093445,-3319281893.2309217,-3324924853.4459643,-3330446164.296632,-3335845077.639783,-3341120837.929841,-3346272681.9934826,-3416697995.667903,-3422186637.088643,-3427540901.43066,-3432759945.4807534,-3437842918.737324,-3442788963.1301355,-3270794031.4959745,-3275016796.4952745,-3279128736.5526075,-3283129281.58593,-3287017851.482708,-3290793855.6765966,-3294456692.707772,-3259256488.9840035,-3262638650.926974,-3265912882.601664,-3269078540.762824,-3272134964.6139555,-3275081475.12334,-3205589757.0527577,-3208194290.5455494,-3210721331.639098,-3213170585.2633915,-3215541730.0448594,-3217834417.051436,-3543482697.6029863,-3541466602.391696,-3539312609.2869763,-3537019396.6270266,-3534585606.277466,-3532009842.592427,-3529290671.3543835,-3411169298.9657516,-3409036854.091122,-3406788049.1282024,-3404421372.023492,-3401935264.351156,-3399328120.0049205,-3396598283.8596525,-3393744050.4021277,-3390763662.3305006,-3387655309.12196,-3384417125.5680804,-3381047190.2774243,-3377543524.1448703,-3373904088.7872686,-3370126784.944933,-3366209450.848614,-3362149860.5515203,-3357945722.2260456,-3353594676.424897,-3349094294.306354,-3344442075.8234406,-3339635447.8768477,-3334671762.431575,-3329548294.597262,-3324262240.672359,-3318810716.1523724,-3313190753.7025375,-3307399301.0954924,-3301433219.1146436,-3295289279.4241505,-3288964162.4067206,-3282454454.970623,-3275756648.3276944,-3268867135.7444263,-3261782210.2686586,-3254498062.4348397,-3247010777.9512997,-3239316335.373653,-3231410603.7690134,-3223289340.3764963,-3214948188.2703114,-3206382674.0326815,-3197588205.4448857,-3188560069.2059054,-3179293428.6895027,-3169783321.752005,-3160024658.604794,-3150012219.7673206,-3139740654.118545,-3129204477.0671005,-3118398068.862969,-3107315673.076449,-3095951395.273366,-3084299201.9191284,-3072352919.5481873,-3060106234.2399693,-3047552691.44732,-3034685696.229023,-3021498513.9441047,-3007984271.4725657,-2994135959.0347176,-2979946432.6899095,-2965408417.6048036,-2950514512.191953,-2935257193.231182,-2919628822.0993023,-2903621652.248354,-2887227838.088769,-2870439445.452064,-2853248463.827915,-2835646820.5931225,-2817626397.47531,-2799179049.5225215,-2780296626.8816276,-2760970999.723897,-2741194086.6960053,-2720957887.3193016,-2700254518.810268,-2679076257.851275,-2657415587.9038014,-2635265252.7269974,-2612618316.8438826,-2589468233.786391,-2565808923.050214,-2541634856.8017483,-2516941157.504045,-2491723707.767048,-2465979273.881313,-2439705644.6641307,-2412901787.4336185,-2385568023.1296625,-2357706222.8201895,-2329320028.0651016,-2300415097.855286,-2270999385.09416,-2241083445.836077,-2210680784.725637,-2179808240.275944,-2148486413.7549424,-2116740145.4798727,-2084599042.2002206,-2052098058.911875,-2019278137.8011422,-1986186905.9537308,-1952879431.8385756,-1919419038.2171302,-1885878165.835081,-1852339277.8082986,-1818895788.8111718,-1785652995.8716147,-1752728978.7993958,-1720255428.4004402,-1688378350.702968,-1657258587.6780818,-1627072093.6717162,-1598009919.7222793,-1570277898.5219839,-1544096113.4803975,-1519698412.9601703,-1497332554.092858,-1477262121.4762356,-1459772304.1116016,-1445183134.4733298,-1433876185.0786328,-1426344358.3324788,-1423279732.5972102,-1425721821.2796977,-1435298079.9657125,-1454599054.0843835,-1487738882.4952252,-1541150114.1204653,-1624635292.7967277,-1752637664.4466898,-1945754815.613757,-2234206164.373348,-2677689047.8617067,-3474930988.625127,0.0
2970.0,-2410515138.486758,-2422160274.645906,-2433794965.2676554,-2445418958.6884084,-2457031999.171461,-2468633826.8492823,-2480224177.665257,-2491802783.314826,-2503369371.186064,-2514923664.2996874,-2526465381.2485123,-2537994236.136302,-2549509938.5160747,-2561012193.327853,-2572500700.835799,-2583975156.564849,-2595435251.2367306,-2606880670.7054625,-2618311095.89224,-2629726202.719836,-2641125662.0463686,-2652509139.598587,-2663876295.90456,-2675226786.2258406,-2686560260.489084,-2697876363.21712,-2709174733.459502,-2720455004.7225094,-2731716804.8986363,-2742959756.1955576,-2754183475.064552,-2765387572.12845,-2776571652.10905,-2787735313.754015,-2798878149.763316,-2809999746.715149,-2821099684.991369,-2832177538.70246,-2843232875.6120048,-2854265257.060724,-2865274237.890012,-2876259366.3650484,-2887220184.097453,-2898156225.967495,-2909067020.045877,-2919952087.515086,-2930810942.590338,-2941643092.44008,-2952448037.106142,-2963225269.4234333,-2973974274.939292,-2984694531.832439,-2995385510.831558,-3006046675.1335115,-3016677480.321191,-3027277374.281026,-3037845797.120165,-3048382181.083268,-3058885950.469018,-3069356521.5462985,-3079793302.470036,-3090195693.19674,-3100563085.399749,-3110894862.384157,-3121190399.001445,-3131449061.563836,-3141670207.758344,-3151853186.560527,-3161997338.1479883,-3172101993.81354,-3182166475.878134,-3192190097.603462,-3202172163.1042967,-3212111967.260502,-3222008795.62879,-3231861924.3541217,-3241670620.0808244,-3251434139.863369,-3261151731.076808,-3270822631.326858,-3280446068.3596087,-3290021259.9708505,-3299547413.914974,-3309023727.8134327,-3318449389.0627427,-3327823574.7419868,-3337145451.519753,-3346414175.5605545,-3355628892.4305634,-3364788737.00274,-3373892833.361193,-3382940294.704809,-3391930223.2499976,-3400861710.1325684,-3409733835.3085904,-3418545667.454219,-3427296263.864344,-3435984670.350001,-3444609921.1344323,-3453171038.747678,-3461667033.919576,-3470096905.47106,-3478459640.2036023,-3486754212.7866154,-3494979585.642732,-3503134708.8306937,-3511218519.9257493,-3519229943.897284,-3527167892.983516,-3535031266.5630016,-3542818951.022752,-3550529819.6225805,-3558162732.355576,-3565716535.8042173,-3573190062.99194,-3580582133.229756,-2977696456.675124,-2985748509.542818,-2993679789.46384,-3001489520.818491,-3009176921.6245623,-3016741203.3104906,-3024181570.477828,-3031497220.65253,-2937324272.907702,-2944072898.2888627,-2950701445.4391494,-2957209118.026922,-2963595110.7454715,-2969858609.017884,-2975998788.6897964,-3029903991.870001,-3036415831.756396,-3042793447.052332,-3049035908.305522,-3055142276.1281376,-3061111600.803907,-2912919511.489764,-2918003345.6263103,-2922976431.050507,-2927838158.4284053,-2932587906.7115817,-2937225042.607132,-2941748920.025077,-2925518140.9915123,-2929773627.43291,-2933922607.0578227,-2937964441.091245,-2941898472.0426245,-2945724022.8938723,-2874007856.2510023,-2877279486.11389,-2880475375.9629555,-2883595322.07177,-2886639095.4416065,-2889606440.4435616,-3232847861.273012,-3231786360.640773,-3230587701.41088,-3229250488.066977,-3227773282.102615,-3226154600.559571,-3224392914.520871,-3090664228.2702203,-3089257537.1524596,-3087737036.326381,-3086101203.9032097,-3084348466.301589,-3082477196.5373564,-3080485712.45864,-3078372274.9241548,-3076135085.9227386,-3073772286.631789,-3071281955.412384,-3068662105.7385974,-3065910684.0584745,-3063025567.583972,-3060004562.0070305,-3056845399.138812,-3053545734.4689713,-3050103144.6416507,-3046515124.8447485,-3042779086.108814,-3038892352.5117173,-3034852158.28505,-3030655644.8180547,-3026299857.5545506,-3021781742.7782016,-3017098144.281204,-3012245799.911176,-3007221337.990849,-3002021273.6048436,-2996642004.7475643,-2991079808.325966,-2985330836.0106616,-2979391109.9285154,-2973256518.1896486,-2966922810.2414045,-2960385592.0415773,-2953640321.042904,-2946682300.9805303,-2939506676.45387,-2932108427.2940526,-2924482362.7078648,-2916623115.1889114,-2908525134.18645,-2900182679.522371,-2891589814.5464406,-2882740399.020097,-2873628081.7189975,-2864246292.7445836,-2854588235.5352297,-2844646878.567721,-2834414946.7403445,-2823884912.4293995,-2813048986.2117386,-2801899107.2469387,-2790426933.3139043,-2778623830.498246,-2766480862.5286536,-2753988779.762636,-2741138007.8248076,-2727918635.9039984,-2714320404.719356,-2700332694.170104,-2685944510.688903,-2671144474.3251286,-2655920805.591655,-2640261312.1174564,-2624153375.1584244,-2607583936.0306644,-2590539482.5443993,-2573006035.532805,-2554969135.5890217,-2536413830.146675,-2517324661.065043,-2497685652.910124,-2477480302.1580124,-2456691567.588051,-2435301862.1811,-2413293046.8942537,-2390646426.7485676,-2367342749.742564,-2343362209.1932383,-2318684450.2098866,-2293288581.1270943,-2267153190.863984,-2240256373.3408136,-2212575760.2747107,-2184088563.897497,-2154771631.395211,-2124601513.1652796,-2093554547.329197,-2061606963.3311198,-2028735007.9017174,-1994915097.1769934,-1960123999.3380702,-1924339052.7823887,-1887538425.549416,-1849701422.4991834,-1810808847.5677216,-1770843429.275941,-1729790318.5083582,-1687637668.342369,-1644377306.3017714,-1600005509.687419,-1554523894.3963428,-1507940426.5821104,-1460270564.2166464,-1411538531.507311,-1361778722.4082203,-1311037219.0684044,-1259373395.5560915,-1206861554.734643,-1153592514.3948922,-1099675014.8131864,-1045236760.5240135,-990424830.88067,-935405094.168146,-880360138.0191274,-825485089.0843447,-770980551.9363476,-717041784.7357359,-663843214.6506922,-611517603.3132371,-560129815.3463429,-509646567.1457637,-459906258.0271328,-410597707.413719,-361264083.69816875,-311358841.0725489,-260392815.72764352,-208220421.88877428,-155503956.78694016,-104335898.72567369,-58813853.658414364,-24863668.824449785,-7526537.590676547,-4026127.865545676,-3107859.7376653706,0.0
2969.0,-2246251916.48501,-2258702894.9915285,-2271148645.649112,-2283588955.398901,-2296023607.371036,-2308452380.82694,-2320875051.1009946,-2333291389.5415783,-2345701163.451481,-2358104136.0276856,-2370500066.3005333,-2382888709.072231,-2395269814.85476,-2407643129.8071227,-2420008395.6719794,-2432365349.711632,-2444713724.6433983,-2457053248.574336,-2469383644.935332,-2481704632.4145784,-2494015924.8904,-2506317231.363456,-2518608255.88832,-2530888697.504423,-2543158250.1663704,-2555416602.673638,-2567663438.5996485,-2579898436.220208,-2592121268.4413543,-2604331602.726559,-2616529101.0233264,-2628713419.689193,-2640884209.417104,-2653041115.1601715,-2665183776.055876,-2677311825.349621,-2689424890.3177137,-2701522592.189764,-2713604546.070471,-2725670360.86086,-2737719639.178892,-2749751977.279568,-2761766964.974384,-2773764185.550288,-2785743215.6880445,-2797703625.380032,-2809644977.8475275,-2821566829.4574103,-2833468729.638343,-2845350220.796406,-2857210838.2302194,-2869050110.0455093,-2880867557.069191,-2892662692.7629004,-2904435023.136028,-2916184046.658272,-2927909254.171633,-2939610128.8019657,-2951286145.8700047,-2962936772.8019104,-2974561469.0393248,-2986159685.948946,-2997730866.731618,-3009274446.330948,-3020789851.34142,-3032276499.916073,-3043733801.67366,-3055161157.6053534,-3066557959.980956,-3077923592.254642,-3089257428.9701905,-3100558835.665756,-3111827168.778104,-3123061775.546376,-3134261993.9153166,-3145427152.4379854,-3156556570.1779184,-3167649556.6107616,-3178705411.525298,-3189723424.923917,-3200702876.922461,-3211643037.649445,-3222543167.144601,-3233402515.2567453,-3244220321.5409303,-3254995815.154806,-3265728214.7542143,-3276416728.3879185,-3287060553.391444,-3297658876.2799745,-3308210872.640245,-3318715707.0213566,-3329172532.824461,-3339580492.1912274,-3349938715.8910246,-3360246323.2066936,-3370502421.818878,-3380706107.68873,-3390856464.938963,-3400952565.7330384,-3410993470.1524506,-3420978226.0719013,-3430905869.0322347,-3440775422.1109734,-3450585895.7902846,-3460336287.822179,-3470025583.090742,-3479652753.471183,-3489216757.685483,-3498716541.154378,-3508151035.845425,-3517519160.1168585,-3526819818.5569444,-3536051901.8185005,-3545214286.448248,-3554305834.710628,-2567753319.958256,-2576830835.421649,-2585788779.4007506,-2594626321.48672,-2603342623.557196,-2611936839.50216,-2620408114.9367104,-2628755586.900192,-2541033673.8853188,-2548749972.7415085,-2556347157.549744,-2563824379.4071,-2571180778.825036,-2578415485.366586,-2585527617.268097,-2621985681.428925,-2629501676.9413905,-2636883772.3579683,-2644130955.891763,-2651242203.4418125,-2658216478.104292,-2536447858.980955,-2542370543.3255706,-2548182392.7631674,-2553882757.963303,-2559470976.4199924,-2564946371.82988,-2570308253.4423094,-2573635190.1040583,-2578735461.222092,-2583730357.43793,-2588619245.060242,-2593401470.896582,-2598076361.334423,-2526010811.0483603,-2529896756.9633427,-2533707726.0697737,-2537443599.173197,-2541104233.309495,-2544689460.315113,-2901600052.7031355,-2901491065.5801096,-2901246256.2230787,-2900864187.9280424,-2900343375.9681654,-2899682285.767889,-2898879331.0098467,-2751408250.2373857,-2750705803.626086,-2749892362.9620304,-2748966426.438374,-2747926436.6983767,-2746770778.78363,-2745497778.0057955,-2744105697.738494,-2742592737.1258116,-2740957028.703621,-2739196635.9298005,-2737309550.619087,-2735293690.278133,-2733146895.336017,-2730866926.2652225,-2728451460.5877266,-2725898089.7605987,-2723204315.9350643,-2720367548.582728,-2717385100.9821506,-2714254186.5586095,-2710971915.0694323,-2707535288.6267557,-2703941197.5491166,-2700186416.032688,-2696267597.6324253,-2692181270.5427403,-2687923832.66672,-2683491546.4621224,-2678880533.5517507,-2674086769.0849285,-2669106075.836039,-2663934118.02514,-2658566394.8448367,-2652998233.6764803,-2647224782.9778657,-2641241004.8233576,-2635041667.076378,-2628621335.1728077,-2621974363.492735,-2615094886.296541,-2607976808.199957,-2600613794.161246,-2592999258.9521914,-2585126356.0828915,-2576987966.1488194,-2568576684.566835,-2559884808.6651335,-2550904324.0902734,-2541626890.4926558,-2532043826.4499016,-2522146093.5857396,-2511924279.8401456,-2501368581.844588,-2490468786.354474,-2479214250.6890984,-2467593882.127832,-2455596116.2097607,-2443208893.88276,-2430419637.446944,-2417215225.2368298,-2403581964.986273,-2389505565.8205967,-2374971108.8213186,-2359963016.110709,-2344465018.4062862,-2328460120.9994326,-2311930568.117934,-2294857805.639748,-2277222442.1349254,-2259004208.225009,-2240181914.264842,-2220733406.3711295,-2200635520.8463182,-2179864037.0759583,-2158393629.014226,-2136197815.4164875,-2113248909.031838,-2089517965.0336351,-2064974729.0449023,-2039587585.2102604,-2013323504.8799403,-1986147996.6079857,-1958025058.3300734,-1928917132.781232,-1898785067.4460578,-1867588080.609878,-1835283735.4066944,-1801827924.1469014,-1767174865.6644835,-1731277118.9606006,-1694085617.0498095,-1655549725.6495008,-1615617332.20545,-1574234971.7294934,-1531347997.0505538,-1486900802.3553512,-1440837110.3218699,-1393100334.7181756,-1343634032.0255027,-1292382457.395949,-1239291241.979836,-1184308210.2053304,-1127384356.7261162,-1068475003.109451,-1007541153.3738272,-944551064.4042759,-879482040.9138005,-812322453.3180308,-743073958.2877172,-671753872.5343583,-598397605.993993,-523060994.7682477,-445822278.6158799,-366783331.5618625,-286069563.5352428,-203827649.32619613,-120219890.32100756,-35413557.46008104,50437008.428684235,137218438.61759984,224900143.9667763,313594142.9845836,403637423.7899622,495700735.17931956,590925413.5234878,691084832.6693671,798758329.4496468,917493234.6420188,1051919098.824573,1207780959.401595,1391909921.6750872,1612344213.4509466,1879535817.470153,2212772832.208325,2670382340.158726,3469956000.6420484,0.0
2968.0,-2066825326.373098,-2080033562.444336,-2093241607.3725245,-2106449286.3952007,-2119656421.210038,-2132862829.9172788,-2146068326.961485,-2159272723.0725965,-2172475825.2063265,-2185677436.483827,-2198877356.1307096,-2212075379.415342,-2225271297.5864515,-2238464897.8100386,-2251655963.105582,-2264844272.281551,-2278029599.870186,-2291211716.061622,-2304390386.6372423,-2317565372.902374,-2330736431.6182485,-2343903314.9332457,-2357065770.3134484,-2370223540.472455,-2383376363.300503,-2396523971.792855,-2409666093.977489,-2422802452.842061,-2435932766.260155,-2449056746.916831,-2462174102.233428,-2475284534.291681,-2488387739.757126,-2501483409.8017564,-2514571230.0260115,-2527650880.3800287,-2540722035.084192,-2553784362.5489697,-2566837525.2940555,-2579881179.866792,-2592914976.759897,-2605938560.328491,-2618951568.706416,-2631953633.721876,-2644944380.8123546,-2657923428.938864,-2670890390.4994955,-2683844871.2422686,-2696786470.1773267,-2709714779.488411,-2722629384.443674,-2735529863.3058176,-2748415787.2415414,-2761286720.2303324,-2774142218.9725485,-2786981832.796878,-2799805103.5671024,-2812611565.5881834,-2825400745.51171,-2838172162.240653,-2850925326.8334703,-2863659742.407547,-2876374904.0419626,-2889070298.6795883,-2901745405.028527,-2914399693.462887,-2927032625.9228554,-2939643655.814128,-2952232227.906641,-2964797778.232612,-2977339733.983898,-2989857513.408649,-3002350525.7072506,-3014818170.927541,-3027259839.859305,-3039674913.928025,-3052062765.0878515,-3064422755.7138176,-3076754238.493248,-3089056556.3163323,-3101329042.1658955,-3113571019.006258,-3125781799.671218,-3137960686.7511005,-3150106972.478834,-3162219938.615035,-3174298856.3320208,-3186342986.096752,-3198351577.552612,-3210323869.3999887,-3222259089.2755995,-3234156453.630475,-3246015167.6065483,-3257834424.911772,-3269613407.6936603,-3281351286.4111786,-3293047219.7049,-3304700354.265265,-3316309824.6989183,-3327874753.3928967,-3339394250.3766227,-3350867413.181506,-3362293326.698037,-3373671063.0301538,-3384999681.346777,-3396278227.730249,-3407505735.021545,-3418681222.661942,-3429803696.531035,-3440872148.780728,-3451885557.6650133,-3462842887.3652134,-3473743087.810388,-3484585094.492587,-3495367828.2765675,-3506090195.203649,-2137703680.68672,-2147788797.941574,-2157755748.0327625,-2167603649.248962,-2177331611.000977,-2186938733.5116568,-2196424107.4909697,-2205786813.7955766,-2125743914.25208,-2134415277.7224767,-2142968722.1437783,-2151403351.4078126,-2159718257.478881,-2167912519.9776416,-2175985205.7468348,-2194285940.796731,-2202793655.079669,-2211168109.771508,-2219408218.527009,-2227512880.713,-2235480980.846646,-2142526914.6798987,-2149272995.884322,-2155908113.234277,-2162431579.615632,-2168842693.6183963,-2175140738.843735,-2181324983.178559,-2204568137.678426,-2210489641.245214,-2216306677.682726,-2222018620.65923,-2227624824.0342345,-2233124620.8598943,-2162893071.8032217,-2167349157.799204,-2171730086.520429,-2176035816.2591915,-2180266283.54933,-2184421401.699742,-2550580974.134535,-2551426074.4837627,-2552137369.54285,-2552713418.9429164,-2553152731.076432,-2553453760.986443,-2553614908.170236,-2394575077.4524894,-2394562289.9754677,-2394441679.3251057,-2394211798.162649,-2393871141.5146894,-2393418144.4598823,-2392851179.7213264,-2392168555.1601324,-2391368511.1654105,-2390449217.9355903,-2389408772.645785,-2388245196.495411,-2386956431.6300945,-2385540337.931367,-2383994689.667348,-2382317171.997101,-2380505377.3209314,-2378556801.468352,-2376468839.714918,-2374238782.6185474,-2371863811.6653433,-2369340994.714201,-2366667281.2288847,-2363839497.2853446,-2360854340.3413763,-2357708373.7547207,-2354398021.034856,-2350919559.812667,-2347269115.5111103,-2343442654.698914,-2339435978.1079564,-2335244713.293882,-2330864306.9178686,-2326290016.6261606,-2321516902.502234,-2316539818.064848,-2311353400.783363,-2305952062.0797915,-2300329976.7849655,-2294481072.014021,-2288399015.424062,-2282077202.814353,-2275508745.0268245,-2268686454.1018157,-2261602828.641041,-2254250038.326672,-2246619907.5420804,-2238703898.0363235,-2230493090.570782,-2221978165.4825187,-2213149382.0948257,-2203996556.901305,-2194509040.4452825,-2184675692.8118596,-2174484857.6451197,-2163924334.5980835,-2152981350.1179743,-2141642526.4642386,-2129893848.851516,-2117720630.6045885,-2105107476.207095,-2092038242.1208127,-2078495995.2474074,-2064462968.9001017,-2049920516.1486397,-2034849060.3976312,-2019228043.0558546,-2003035868.1527545,-1986249843.7586527,-1968846120.0671134,-1950799624.002462,-1932083990.2227612,-1912671488.3996966,-1892532946.6723793,-1871637671.1932542,-1849953361.7123165,-1827446023.1820686,-1804079873.4121473,-1779817246.8610604,-1754618494.7260988,-1728441881.5837998,-1701243478.946283,-1672977056.2377799,-1643593969.8656828,-1613043051.2677836,-1581270495.0693774,-1548219748.7889721,-1513831405.899674,-1478043104.4966955,-1440789434.353442,-1402001855.78504,-1361608634.4972222,-1319534797.5000691,-1275702116.2334454,-1230029124.308043,-1182431178.7390833,-1132820575.2645462,-1081106730.3201213,-1027196444.507052,-970994264.9433894,-912402966.7211463,-851324176.7557782,-787659166.5128622,-721309843.2516842,-652179972.2359287,-580176664.3440692,-505212163.91023767,-427205969.286819,-346087311.81115425,-261798005.01746956,-174295651.31490764,-83557152.53685984,10417593.982472569,107602031.74933869,207939681.44683865,311341865.2289088,417687325.6866358,526825098.8951616,638582631.1203578,752781985.2611138,869268111.7635905,987954582.9526833,1108893870.510709,1232381006.514648,1359100861.9147215,1490329367.6715477,1628196044.466282,1776006199.8538241,1938601326.1902728,2122698220.7453446,2337078119.7177343,2592362642.298067,2899792323.0813217,3267476549.5928473,3689478767.8552856,4108318209.259849,4122866556.09848,0.0
2967.0,-1872127823.8504872,-1886040324.2772017,-1899957442.0908248,-1913879040.0120823,-1927804977.4967868,-1941735110.678516,-1955669292.3105075,-1969607371.7068405,-1983549194.682866,-1997494603.4948783,-2011443436.7790427,-2025395529.4895515,-2039350712.8360207,-2053308814.22014,-2067269657.171489,-2081233061.2826664,-2095198842.1435523,-2109166811.27486,-2123136776.0608351,-2137108539.6812208,-2151081901.042392,-2165056654.707699,-2179032590.827032,-2193009495.065552,-2206987148.531636,-2220965327.704003,-2234943804.3580303,-2248922345.4912634,-2262900713.248095,-2276878664.8436413,-2290855952.486772,-2304832323.302355,-2318807519.2526474,-2332781277.057861,-2346753328.115912,-2360723398.421338,-2374691208.483378,-2388656473.2432284,-2402618901.990454,-2416578198.278577,-2430534059.839817,-2444486178.499025,-2458434240.086723,-2472377924.3513737,-2486316904.87076,-2500250848.9625463,-2514179417.594013,-2528102265.2909174,-2542019040.045544,-2555929383.223898,-2569832929.472067,-2583729306.6217265,-2597618135.594819,-2611499030.30738,-2625371597.572514,-2639235437.002535,-2653090140.91026,-2666935294.209443,-2680770474.314372,-2694595251.0385995,-2708409186.4928365,-2722211834.981968,-2736002742.9012303,-2749781448.631503,-2763547482.433749,-2777300366.342576,-2791039614.0589046,-2804764730.8417854,-2818475213.3992934,-2832170549.778528,-2845850219.25472,-2859513692.219407,-2873160430.067675,-2886789885.084465,-2900401500.3299294,-2913994709.523803,-2927568936.928781,-2941123597.232928,-2954658095.430991,-2968171826.704731,-2981664176.302128,-2995134519.4155,-3008582221.0584984,-3022006635.941904,-3035407108.3482533,-3048782972.005192,-3062133549.9575605,-3075458154.438132,-3088756086.7369804,-3102026637.0693884,-3115269084.442265,-3128482696.518998,-3141666729.4826727,-3154820427.897554,-3167943024.568809,-3181033740.400309,-3194091784.250478,-3207116352.7860365,-3220106630.3335543,-3233061788.728696,-3245980987.1629934,-3258863372.028063,-3271708076.757068,-3284514221.6632776,-3297280913.775568,-3310007246.6706786,-3322692300.301987,-3335335140.82464,-3347934820.416769,-3360490377.0965986,-3373000834.5351257,-3385465201.864129,-3397882473.4792128,-3410251628.83753,-3422571632.2498894,-3434841432.66686,-1688776670.9001827,-1699855673.396184,-1710818201.997608,-1721663329.1950438,-1732390117.6812437,-1742997620.0187335,-1753484878.2915883,-1763850923.7406018,-1692661800.330674,-1702280419.669202,-1711782640.3510509,-1721167526.7528298,-1730434130.3260355,-1739581489.1451266,-1748608627.435712,-1748267316.016097,-1757761254.4635346,-1767123029.4655662,-1776351491.3883855,-1785445474.8548212,-1794403798.1376967,-1732403929.217934,-1739965232.497941,-1747415522.5494108,-1754754079.439037,-1761980168.2596784,-1769093038.3919334,-1776091922.7302804,-1819381950.9017608,-1826106875.1003504,-1832728089.5750804,-1839244979.077484,-1845656908.800605,-1851963223.3333447,-1786053759.5642562,-1791046024.8688245,-1795962081.933565,-1800801959.4626122,-1805565666.947021,-1810253193.1999683,-2180752690.473749,-2182557134.340502,-2184230523.424521,-2185771454.274308,-2187178471.0463624,-2188450063.2055817,-2189584663.126293,-2021456500.645153,-2022126217.7362392,-2022691708.9056149,-2023151618.6582456,-2023504533.784387,-2023748980.8803391,-2023883423.761938,-2023906260.7654533,-2023815821.9302511,-2023610366.057211,-2023288077.6364846,-2022847063.6378374,-2022285350.1563554,-2021600878.9057612,-2020791503.5512276,-2019854985.872889,-2018788991.750768,-2017591086.9611506,-2016258732.7738647,-2014789281.3390315,-2013179970.8512936,-2011427920.4785256,-2009530125.0412095,-2007483449.427717,-2005284622.7296576,-2002930232.0803614,-2000416716.1784217,-1997740358.476862,-1994897280.017188,-1991883431.8860798,-1988694587.2709022,-1985326333.0885153,-1981774061.1600733,-1978032958.902468,-1974097999.5050955,-1969963931.5582824,-1965625268.097359,-1961076275.0237699,-1956310958.8618882,-1951323053.807217,-1946106008.0185266,-1940652969.1031587,-1934956768.7410161,-1929009906.3891044,-1922804532.0042095,-1916332427.7170973,-1909584988.3868873,-1902553200.9593937,-1895227622.547943,-1887598357.149662,-1879655030.9043305,-1871386765.7966847,-1862782151.6964889,-1853829216.6237874,-1844515395.1194377,-1834827494.5934882,-1824751659.5158646,-1814273333.3056557,-1803377217.7665744,-1792047229.907344,-1780266455.9765782,-1768017102.5324357,-1755280444.3579197,-1742036769.0232785,-1728265317.8876915,-1713944223.3234296,-1699050441.9372172,-1683559683.5557475,-1667446335.7357278,-1650683383.5535178,-1633242324.4263108,-1615093077.7159915,-1596203888.8694296,-1576541227.8556309,-1556069681.6720974,-1534751840.7111855,-1512548178.8037972,-1489416926.794329,-1465313939.5496683,-1440192556.3691077,-1414003454.8446126,-1386694498.3259735,-1358210577.2780087,-1328493444.9828584,-1297481548.2467215,-1265109854.025425,-1231309673.19711,-1196008483.095009,-1159129750.8831177,-1120592760.429316,-1080312446.024256,-1038199237.1334652,-994158919.3823328,-948092518.1904794,-899896212.9306884,-849461291.2296085,-796674155.0996902,-741416393.0459392,-683564935.1810322,-622992311.7633742,-559567039.4949968,-493154164.41790354,-423615995.34155846,-350813067.38802826,-274605381.34596133,-194853970.84713238,-111422855.49181178,-24181443.221944004,66992551.71368635,162209609.81766185,261564268.90418965,365130309.8093038,472955263.9582746,585054306.1627511,701403702.4321754,821934151.017097,946524613.9055148,1074997624.8441885,1207117630.9513857,1342594744.342685,1481097424.7117581,1622279157.1838143,1765826165.705095,1911535518.408294,2059435231.7220008,2209959050.8508563,2364185846.29033,2524141230.8822765,2693124749.318838,2875943700.4064255,3078746651.4020963,3307713326.2151117,3564745843.166039,3834966796.735412,4048854903.0598965,3952222007.7654405,2592940417.1038394,0.0
2966.0,-1662133052.3636422,-1676692873.6931996,-1691261848.8671043,-1705839876.7989872,-1720426853.4114213,-1735022671.578864,-1749627221.069769,-1764240388.4879246,-1778862057.2129607,-1793492107.3400528,-1808130415.618816,-1822776855.391341,-1837431296.529414,-1852093605.370919,-1866763644.655341,-1881441273.458473,-1896126347.1262195,-1910818717.2075768,-1925518231.3867023,-1940224733.4141424,-1954938063.0371568,-1969658055.9291704,-1984384543.6183264,-1999117353.415136,-2013856308.3392408,-2028601227.045248,-2043351923.7476687,-2058108208.1449203,-2072869885.3424325,-2087636755.7747865,-2102408615.126959,-2117185254.2546003,-2131966459.1033947,-2146752010.6274405,-2161541684.706716,-2176335252.063568,-2191132478.178234,-2205933123.2034283,-2220736941.87793,-2235543683.4392166,-2250353091.5351105,-2265164904.134464,-2279978853.4368253,-2294794665.7811613,-2309612061.55357,-2324430755.093953,-2339250454.601794,-2354070862.040828,-2368891673.042758,-2383712576.809958,-2398533256.017168,-2413353386.712133,-2428172638.215278,-2442990673.018316,-2457807146.681842,-2472621707.7319,-2487433997.555496,-2502243650.2950816,-2517050292.7419963,-2531853544.228838,-2546653016.5208,-2561448313.7059126,-2576239032.0842686,-2591024760.056122,-2605805078.0089226,-2620579558.203272,-2635347764.657772,-2650109253.0327635,-2664863570.5129585,-2679610255.688933,-2694348838.437503,-2709078839.8009334,-2723799771.8649817,-2738511137.6357813,-2753212430.915527,-2767903136.1769347,-2782582728.436507,-2797250673.1265125,-2811906425.965721,-2826549432.8288326,-2841179129.614613,-2855794942.112633,-2870396285.8686905,-2884982566.048768,-2899553177.301589,-2914107503.619659,-2928644918.1987934,-2943164783.2960844,-2957666450.0862284,-2972149258.516185,-2986612537.1581187,-3001055603.0605435,-3015477761.597595,-3029878306.3163905,-3044256518.7823706,-3058611668.4225526,-3072943012.366603,-3087249795.285632,-3101531249.228596,-3115786593.456226,-3130015034.2723093,-3144215764.852261,-3158387965.068789,-3172530801.314522,-3186643426.3214617,-3200724978.9770627,-3214774584.13675,-3228791352.432712,-3242774380.078714,-3256722748.6707325,-3270635524.9831834,-3284511760.760426,-3298350492.503338,-3312150741.250612,-3325911512.354479,-3339631795.250525,-1222313762.532072,-1234377395.7517257,-1246326621.0967278,-1258160472.5628176,-1269877973.717079,-1281478137.3585017,-1292959965.1624937,-1304322447.3085554,-1243094377.925879,-1253657454.1161227,-1264106067.105117,-1274439251.4454396,-1284656028.1696815,-1294755404.3226323,-1304736372.4728234,-1285498556.120091,-1295980314.8106525,-1306331592.7037964,-1316551191.1244214,-1326637894.8030488,-1336590471.255772,-1307414593.3817244,-1315790576.8033304,-1324055698.7174597,-1332209213.7694108,-1340250361.4754994,-1348178365.4687424,-1355992432.7075486,-1419237973.941236,-1426754902.4137783,-1434168806.649619,-1441479087.3734803,-1448685126.6165955,-1455786286.6604822,-1396978578.2956624,-1402484693.0423443,-1407912777.3866932,-1413262923.5346105,-1418535207.5721931,-1423729688.0430975,-1793193137.4223354,-1795965846.095272,-1798611004.346227,-1801127287.2944732,-1803513318.72104,-1805767668.687955,-1807888851.0497084,-1633452036.8634453,-1634804937.3306704,-1636057685.3369155,-1637209055.9452868,-1638257768.5715866,-1639202484.4452734,-1640041803.9558218,-1640774263.8787067,-1641398334.4748237,-1641912416.45676,-1642314837.8149753,-1642603850.496426,-1642777626.9277625,-1642834256.37465,-1642771741.12824,-1642587992.509232,-1642280826.679275,-1641847960.2488315,-1641287005.669797,-1640595466.4004893,-1639770731.8295887,-1638810071.9448614,-1637710631.7313547,-1636469425.2827601,-1635083329.608428,-1633549078.1173215,-1631863253.7587733,-1630022281.7985635,-1628022422.207191,-1625859761.6355557,-1623530204.9515212,-1621029466.3087852,-1618353059.7175007,-1615496289.0837722,-1612454237.6827743,-1609221757.0276318,-1605793455.093448,-1602163683.852821,-1598326526.0760245,-1594275781.3455744,-1590004951.2312107,-1585507223.5673435,-1580775455.7707944,-1575802157.1321363,-1570579470.0090368,-1565099149.844831,-1559352543.93007,-1553330568.818692,-1547023686.3043873,-1540421877.8557982,-1533514617.4021192,-1526290842.353078,-1518738922.7291617,-1510846628.26939,-1502601093.3749583,-1493988779.737441,-1484995436.490275,-1475606057.7116103,-1465804837.095645,-1455575119.5979466,-1444899349.8483844,-1433759017.112822,-1422134596.572063,-1410005486.6735725,-1397349942.2983196,-1384145003.4720376,-1370366419.3371987,-1355988567.0895758,-1340984365.5713775,-1325325183.2023368,-1308980739.920949,-1291919002.8010616,-1274106075.0048401,-1255506077.7326622,-1236081024.8348188,-1215790689.7601817,-1194592464.535132,-1172441210.4935155,-1149289100.5180461,-1125085452.6078548,-1099776554.6595209,-1073305480.4439981,-1045611896.8845236,-1016631862.8970368,-986297620.2520992,-954537377.1653237,-921275085.6320662,-886430213.9053056,-849917515.9889064,-811646800.6006911,-771522702.7741776,-729444462.1420002,-685305713.010746,-638994292.6363988,-590392075.688626,-539374844.8079174,-485812209.47858566,-429567588.24295366,-370498272.66036355,-308455595.4779185,-243285230.35327697,-174827656.29492694,-102918826.91973436,-27391092.839284897,51925564.854069024,135201920.76694903,222607428.83586392,314307586.4756933,410460626.00048256,511213402.6034268,616696330.4743373,727017202.3701626,842253716.031835,962444528.0149492,1087578669.3425465,1217583199.639238,1352309064.8597963,1491515284.6732507,1634851866.679979,1781842277.6280515,1931866962.751654,2084150366.5833693,2237755225.115343,2391589525.1422224,2544433123.2762666,2694991483.290785,2841980377.623359,2984230455.6567106,3120757298.2275224,3250632237.884273,3372225104.90837,3480775473.62246,3561800239.7492037,3574139607.512415,3405585706.0445065,2754575380.25965,1015394583.2080696,0.0
2965.0,-1436899055.8626585,-1452045808.4185443,-1467205939.1887908,-1482379381.5480294,-1497566066.148078,-1512765920.861167,-1527978870.7222786,-1543204837.87063,-1558443741.4902935,-1573695497.749919,-1588960019.7415907,-1604237217.418759,-1619526997.5332875,-1634829263.5715728,-1650143915.6897502,-1665470850.647955,-1680809961.7436728,-1696161138.744102,-1711524267.8175902,-1726899231.4641025,-1742285908.444696,-1757684173.7100432,-1773093898.3279614,-1788514949.4099193,-1803947190.0365684,-1819390479.182246,-1834844671.638476,-1850309617.9364111,-1865785164.2682707,-1881271152.407711,-1896767419.629161,-1912273798.6260889,-1927790117.4282088,-1943316199.317595,-1958851862.743756,-1974396921.2375631,-1989951183.324128,-2005514452.4345627,-2021086526.816616,-2036667199.4442053,-2052256257.9258225,-2067853484.4117987,-2083458655.500436,-2099071542.142991,-2114691909.5475028,-2130319517.081456,-2145954118.173288,-2161595460.212703,-2177243284.4498253,-2192897325.893136,-2208557313.20624,-2224222968.603405,-2239894007.7439184,-2255570139.625187,-2271251066.4746456,-2286936483.640416,-2302626079.480722,-2318319535.252062,-2334016524.996121,-2349716715.425425,-2365419765.8076982,-2381125327.848967,-2396833045.575352,-2412542555.2135653,-2428253485.070085,-2443965455.4090376,-2459678078.328706,-2475390957.6367254,-2491103688.723912,-2506815858.436717,-2522527044.9483085,-2538236817.628254,-2553944736.910779,-2569650354.161621,-2585353211.543421,-2601052841.8796577,-2616748768.517096,-2632440505.186739,-2648127555.8632574,-2663809414.6228404,-2679485565.499527,-2695155482.3398714,-2710818628.6560297,-2726474457.4771547,-2742122411.199092,-2757761921.432362,-2773392408.848352,-2789013283.023693,-2804623942.2827954,-2820223773.538448,-2835812152.1304774,-2851388441.6623755,-2866951993.835862,-2882502148.283286,-2898038232.397832,-2913559561.1614285,-2929065436.970291,-2944555149.457999,-2960027975.3160467,-2975483178.111722,-2990920008.103248,-3006337702.0520344,-3021735483.031968,-3037112560.235534,-3052468128.7767057,-3067801369.490404,-3083111448.728366,-3098397518.151264,-3113658714.5168886,-3128894159.464172,-3144102959.292875,-3159284204.7386665,-3174436970.7433987,-3189560316.22026,-3204653283.8135805,-3219714899.65296,-739759139.3530235,-752802821.4654346,-765734613.856456,-778553520.8564167,-791258536.0553381,-803848641.9724741,-816322809.7104414,-828679998.5931964,-778439367.8570371,-789949207.286303,-801347016.426621,-812631811.3094871,-823802594.2930684,-834858353.5996377,-845798062.8328114,-807640442.5505748,-819118674.4718592,-830468812.9528453,-841689626.8761523,-852779868.3373313,-863738272.0448029,-868971397.7527801,-878169346.2398747,-887256903.5445833,-896233308.3087122,-905097784.4682112,-913849540.5148342,-922487768.7210282,-1005384879.6561078,-1013689339.474598,-1021891470.1526116,-1029990694.1120948,-1037986416.5918452,-1045878024.6196332,-997219999.0560015,-1003230440.8996308,-1009160381.925024,-1015009971.2618468,-1020779345.5624936,-1026468627.66311,-1389091372.2266712,-1392844903.874477,-1396475130.7778685,-1399980847.2763114,-1403360799.666622,-1406613683.854659,-1409738142.8966403,-1232057555.5251675,-1234102457.7691555,-1236051784.515419,-1237904479.695438,-1239659435.8541813,-1241315491.6626291,-1242871429.3143878,-1244325971.8004682,-1245677780.0558925,-1246925449.9715104,-1248067509.263846,-1249102414.1954503,-1250028546.1376953,-1250844207.9674275,-1251547620.2883272,-1252136917.467241,-1252610143.4750447,-1252965247.5209484,-1253200079.4683385,-1253312385.019442,-1253299800.6552944,-1253159848.316351,-1252889929.8082948,-1252487320.916257,-1251949165.2096343,-1251272467.5183115,-1250454087.0597353,-1249490730.1947618,-1248378942.7886472,-1247115102.1517224,-1245695408.5324674,-1244115876.133681,-1242372323.6202374,-1240460364.0845802,-1238375394.4335883,-1236112584.1577103,-1233666863.4403367,-1231032910.5622616,-1228205138.5526261,-1225177681.0341725,-1221944377.2066605,-1218498755.9081504,-1214834018.689292,-1210943021.8309603,-1206818257.230373,-1202451832.075307,-1197835447.219986,-1192960374.1699994,-1187817430.5766897,-1182396954.1342666,-1176688774.765133,-1170682184.9707184,-1164365908.2163274,-1157728065.2092183,-1150756137.9192803,-1143436931.1812694,-1135756531.7065349,-1127700264.3205755,-1119252645.2306175,-1110397332.1146817,-1101117070.810251,-1091393638.3669498,-1081207782.2133226,-1070539155.1732384,-1059366246.052464,-1047666305.5009999,-1035415266.8416874,-1022587661.5408595,-1009156528.9826268,-995093320.1949885,-980367795.1640432,-964947913.3623991,-948799717.1103561,-931887207.3842994,-914172211.686927,-895614243.5999765,-876170353.6531607,-855794971.1653768,-834439736.7477717,-812053325.2061548,-788581258.6455792,-763965709.6669824,-738145294.6596735,-711054857.3400923,-682625242.8742849,-652783063.1578844,-621450454.1240659,-588544826.3204486,-553978610.4564215,-517659000.1929104,-479487695.1513283,-439360647.9870844,-397167820.4417271,-352792954.60096055,-306113367.19787616,-256999776.77851504,-205316175.97274458,-150919764.08874595,-93660958.89976156,-33383510.97212851,30075250.6129573,96884005.52597576,167216818.5000853,241252250.48510927,319172137.7908151,401159956.741203,487398672.046286,578067943.199172,673340533.6212491,773377730.6543663,878323539.1949006,988297355.8243853,1103384761.441192,1223625986.1007624,1349001497.3839834,1479414040.7181208,1614666315.1122706,1754433301.1080468,1898228073.3586376,2045359738.0114868,2194881953.1464815,2345530345.5565534,2495647055.1846647,2643090607.0586896,2785129161.204649,2918314276.996818,3038328696.466831,3139790019.9207106,3215959220.7951074,3258217313.2078996,3254966663.398551,3189156032.4839444,3032756859.351095,2735426970.6424503,2206381899.886586,1318091419.4350185,215992010.84403926,0.0
2964.0,-1196570871.9380484,-1212241264.4474006,-1227928911.8512492,-1243633779.854156,-1259355831.6965222,-1275095028.0980625,-1290851327.2003565,-1306624684.5084925,-1322415052.8317437,-1338222382.2233152,-1354046619.9191298,-1369887710.275639,-1385745594.706653,-1401620211.6191835,-1417511496.3482733,-1433419381.0908358,-1449343794.8384476,-1465284663.3091176,-1481241908.8780026,-1497215450.507089,-1513205203.6737678,-1529211080.298373,-1545232988.6706183,-1561270833.3749115,-1577324515.2145884,-1593393931.135018,-1609478974.1455634,-1625579533.2404108,-1641695493.318254,-1657826735.1007824,-1673973135.05003,-1690134565.2845175,-1706310893.4942057,-1722501982.8542223,-1738707691.93741,-1754927874.6256003,-1771162380.0196707,-1787411052.3483586,-1803673730.87578,-1819950249.8077164,-1836240438.1965911,-1852544119.8451536,-1868861113.2088697,-1885191231.296992,-1901534281.5722888,-1917890065.8494608,-1934258380.1921928,-1950639014.808838,-1967031753.946767,-1983436375.7852824,-1999852652.3271968,-2016280349.2889605,-2032719225.989409,-2049169035.2370737,-2065629523.2160325,-2082100429.3703587,-2098581486.2870696,-2115072419.5776205,-2131572947.7579155,-2148082782.1268234,-2164601626.643177,-2181129177.801266,-2197665124.504785,-2214209147.939252,-2230760921.4428453,-2247320110.3756914,-2263886371.987549,-2280459355.2839146,-2297038700.890479,-2313624040.915987,-2330214998.813425,-2346811189.2395754,-2363412217.912846,-2380017681.4694424,-2396627167.3178105,-2413240253.4913297,-2429856508.499263,-2446475491.175928,-2463096750.528057,-2479719825.5803304,-2496344245.219084,-2512969528.0341,-2529595182.1585217,-2546220705.10682,-2562845583.6107936,-2579469293.453562,-2596091299.3015327,-2612711054.534275,-2629328001.072299,-2645941569.202641,-2662551177.4022827,-2679156232.159273,-2695756127.791568,-2712350246.2634897,-2728937956.999767,-2745518616.697071,-2762091569.1330137,-2778656144.972476,-2795211661.571268,-2811757422.776943,-2828292718.726754,-2844816825.642622,-2861329005.622993,-2877828506.4315224,-2894314561.282418,-2910786388.6223464,-2927243191.9087653,-2943684159.3845043,-2960108463.8484807,-2976515262.4223614,-2992903696.312993,-3009272890.570411,-3025621953.841237,-3041949978.117221,-3058256038.4787097,-3074539192.832803,-242649300.70179248,-256673226.8015332,-270588306.5480826,-284393524.6499102,-298087855.096936,-311670260.8550253,-325139693.5465908,-338495093.1165881,-300175034.6569309,-312639035.315696,-324994009.1803944,-337238966.2397523,-349372903.1148863,-361394802.623498,-373303633.3252921,-316431130.03528666,-328921339.0806813,-341286649.0520458,-353525814.6371219,-365637574.2217586,-377620649.3431344,-418551487.3414326,-428586548.1754882,-438512117.3905363,-448327428.5769024,-458031701.6479521,-467624142.150618,-477103940.5410576,-579148765.7881081,-588243660.5882204,-597237014.1064303,-606128276.655359,-614916883.522706,-623602254.0114453,-588376138.3577387,-594895091.8351281,-601330569.0407751,-607682769.9038229,-613951886.0560164,-620138099.6179572,-969742562.5683366,-974493104.8605676,-979125286.0250711,-983638057.2192372,-988030327.0172788,-992300959.2077824,-996448770.484182,-818852966.3721372,-821607046.6289798,-824270636.6848885,-826842885.4935783,-829322897.0229388,-831709727.9301119,-834002385.1253281,-836199823.2187712,-838300941.8445122,-840304582.8550941,-842209527.3800133,-844014492.7408541,-845718129.2154647,-847319016.6429567,-848815660.8608706,-850206489.9652311,-851489850.3836111,-852664002.7506323,-853727117.5746739,-854677270.6836951,-855512438.4373294,-856230492.6914517,-856829195.5004584,-857306193.5414624,-857659012.2434396,-857885049.603205,-857981569.668677,-857945695.6685426,-857774402.7658823,-857464510.4115965,-857012674.2717886,-856415377.7011629,-855668922.7326362,-854769420.5508443,-853712781.4150555,-852494703.9941733,-851110664.073847,-849555902.5926002,-847825412.960608,-845913927.6112946,-843815903.7321086,-841525508.1167513,-839036601.0767965,-836342719.3459584,-833437057.9052011,-830312450.6515253,-826961349.8274809,-823375804.1222807,-819547435.3487995,-815467413.5936787,-811126430.7302339,-806514672.1759102,-801621786.7674589,-796436854.617997,-790948352.8105671,-785144118.77265,-779011311.1654453,-772536368.1104767,-765704962.5642824,-758501954.6397192,-750911340.6594232,-742916198.7138414,-734498630.482441,-725639699.0627017,-716319362.5372221,-706516402.9949503,-696208350.7082676,-685371403.1536531,-673980338.5504167,-662008423.5793862,-649427314.9325051,-636206954.3350419,-622315456.6755221,-607718990.8751884,-592381653.1299024,-576265332.1639035,-559329566.1484821,-541531390.9608992,-522825179.4921428,-503162471.7588887,-482491795.63863873,-460758478.131027,-437904447.1579987,-413868024.05603117,-388583707.09239835,-361981946.5628796,-333988912.3107845,-304526254.85946643,-273510861.78833985,-240854611.52475595,-206464127.39467245,-170240535.60303605,-132079231.8359924,-91869662.4364838,-49495127.658062875,-4832616.419227064,42247315.65019858,91880610.14608783,144209693.44753635,199383365.00676996,257556557.83711565,318889935.5953495,383549281.7668768,451704625.2388445,523529032.30450225,599196976.9764335,678882178.1891092,762754762.4252138,850977571.3299525,943701383.0490735,1041058749.3740504,1143156062.938725,1250063352.4393392,1361801149.3834639,1478323564.1380897,1599496434.691354,1725069045.862214,1854637430.613183,1987596622.6141622,2123078387.9054756,2259869877.9294806,2396307275.888641,2530136834.4432826,2658333756.6516476,2776867277.891202,2880398325.0453954,2961894653.2493505,3012147722.640584,3019175413.472545,2967492875.369974,2837228751.6302543,2603087470.0276814,2233493531.4660363,1692613890.885633,961006598.4638752,148571513.93534073,-159823795.5656341,0.0
2963.0,-941382465.3303304,-957510884.3600144,-973660056.5527248,-989829977.4613744,-1006020640.420341,-1022232036.4891864,-1038464154.3953916,-1054716980.4760962,-1070990498.6188416,-1087284690.201275,-1103599534.0298562,-1119935006.2774882,-1136291080.4200978,-1152667727.1721716,-1169064914.4211595,-1185482607.160842,-1201920767.4235258,-1218379354.2111688,-1234858323.425325,-1251357627.7959783,-1267877216.8091657,-1284417036.6334715,-1300977030.0453005,-1317557136.3529413,-1334157291.3194308,-1350777427.0841708,-1367417472.0833051,-1384077350.9688168,-1400756984.5263808,-1417456289.591897,-1434175178.9667327,-1450913561.3316505,-1467671341.159397,-1484448418.625928,-1501244689.5203147,-1518060045.1532364,-1534894372.264077,-1551747552.9266677,-1568619464.4535434,-1585509979.2988148,-1602418964.959561,-1619346283.8757806,-1636291793.3288424,-1653255345.3384583,-1670236786.558143,-1687235958.1691437,-1704252695.7728443,-1721286829.2816026,-1738338182.8080263,-1755406574.552663,-1772491816.6900933,-1789593715.2534015,-1806712070.0170336,-1823846674.3779948,-1840997315.2353776,-1858163772.8682425,-1875345820.811791,-1892543225.7318115,-1909755747.29744,-1926983138.0521505,-1944225143.282996,-1961481500.888087,-1978751941.2422624,-1996036187.0609765,-2013333953.2623336,-2030644946.82732,-2047968866.6581287,-2065305403.4346647,-2082654239.4691064,-2100015048.5585792,-2117387495.8358884,-2134771237.618321,-2152165921.2544384,-2169571184.9689093,-2186986657.705324,-2204411958.966964,-2221846698.655525,-2239290476.907764,-2256742883.930036,-2274203499.830696,-2291671894.4503803,-2309147627.1900687,-2326630246.8369694,-2344119291.3881493,-2361614287.871927,-2379114752.1669226,-2396620188.81883,-2414130090.854785,-2431643939.595357,-2449161204.4640875,-2466681342.7945585,-2484203799.634932,-2501728007.549928,-2519253386.420184,-2536779343.2389584,-2554305271.9060955,-2571830553.019247,-2589354553.662221,-2606876627.1904726,-2624396113.013586,-2641912336.374751,-2659424608.1271048,-2676932224.5068846,-2694434466.90328,-2711930601.624927,-2729419879.662912,-2746901536.4501867,-2764374791.617289,-2781838848.744256,-2799292895.1085715,-2816736101.4290333,-2834167621.605402,-2851586592.453636,-2868992133.436584,-2886383346.389933,-2903759315.243228,267397983.7340881,252388841.18366504,237484911.2123389,222687217.81198144,207996795.3396194,193414688.78282145,178941954.03673387,164579658.19333625,190150395.5038402,176719860.8509941,163394716.62798667,150175945.69804168,137064543.53117633,124061518.59265876,111167892.74776769,186328792.07144213,172804615.60075998,159401252.96485114,146119944.5206995,132961945.77980304,119928527.87013578,42315823.16340494,31420758.52405739,20633755.380541325,9955573.242416143,-613016.3368012905,-11071229.15122199,-21418267.70294189,-141922509.77354908,-151818431.81743646,-161613776.70066285,-171308028.91159964,-180900660.6936212,-190391131.1923156,-172068807.55954742,-179114755.58890748,-186073906.21187425,-192946504.54564047,-199732792.1009484,-206433005.73411536,-536542648.73347867,-542310062.2717255,-547964686.0722358,-553505660.7523868,-558932091.7826658,-564243047.5371494,-569437557.2459543,-395489056.3461325,-398977986.7816458,-402382004.3745086,-405700495.41992223,-408932809.61732996,-412078258.01314354,-415136110.8424834,-418105595.26487267,-420985892.9885267,-423776137.77757716,-426475412.836182,-429082748.0631627,-431597117.1703781,-434017434.65764296,-436342552.63649154,-438571257.49469197,-440702266.392764,-442734223.5832999,-444665696.54315865,-446495171.9080404,-448221051.19813967,-449841646.3228768,-451355174.8518033,-452759755.0379096,-454053400.5785799,-455234015.0983708,-456299386.3366637,-457247180.0219784,-458074933.4134451,-458780048.4884598,-459359784.75399864,-459811251.6573982,-460131400.57058775,-460317016.3197901,-460364708.23064935,-460270900.65637493,-460031822.954118,-459643498.8721309,-459101735.3073627,-458402110.3901583,-457539960.8493384,-456510368.60747945,-455308146.5522952,-453927823.4260709,-452363627.7705673,-450609470.8601972,-448658928.55126405,-446505221.96958137,-444141196.9531814,-441559302.1605823,-438751565.7486567,-435709570.51720446,-432424427.40996045,-428886747.2540745,-425086610.61183417,-421013535.6098196,-416656443.601611,-412003622.5106467,-407042687.6900208,-401760540.1256986,-396143321.79905397,-390176368.01379126,-383844156.4812354,-377130252.9467833,-370017253.1292114,-362486720.73349774,-354519121.2871837,-346093751.5403168,-337188664.15982085,-327780587.4412537,-317844839.75467604,-307355238.437337,-296284002.8446663,-284601651.27354395,-272276891.47872835,-259276504.51607114,-245565221.6657732,-231105594.21744037,-215857855.9376452,-199779778.0929848,-182826516.9696296,-164950453.91794753,-146101028.06202197,-126224561.95388561,-105264080.62719792,-83159124.72270572,-59845558.626934886,-35255374.897571445,-9316496.657801569,18047419.856075764,46917179.792956114,77378237.67374712,109520874.38063377,143440357.5214085,179237078.1372289,217016654.99053627,256889995.52896446,298973299.96558607,343387991.6092993,390260552.44354093,439722237.75240344,491908637.02017486,546959039.9680452,605015555.8813341,666221920.5646148,730721907.3060744,798657234.7166722,870164833.2743546,945373291.1312304,1024398244.4515754,1107336402.9652553,1194257800.1757934,1285195719.4581294,1380133557.7576,1478987627.8049648,1581584540.1513162,1687631310.2968004,1796675653.2389016,1908052991.848545,2020815433.857508,2133636269.0301998,2244681309.3991575,2351435590.675533,2450470663.000512,2537134375.579794,2605142989.431405,2646057776.010675,2648642156.092541,2598136865.3313656,2475594909.7195873,2257664657.7192492,1917786899.3062205,1431181166.0476365,789799241.2668276,44739876.96210826,-580172512.204601,-540751887.0151314,0.0
2962.0,-671657968.128581,-688177086.0302172,-704720051.5091405,-721286887.1884089,-737877613.7024097,-754492249.6407843,-771130811.4913158,-787793313.5817375,-804479768.0204864,-821190184.6363544,-837924570.9170537,-854682931.9466467,-871465270.3418441,-888271586.187171,-905101876.9689244,-921956137.5080136,-938834359.891531,-955736533.4031717,-972662644.4523706,-989612676.5022296,-1006586609.9961638,-1023584422.2832664,-1040606087.5423936,-1057651576.7049036,-1074720857.3760924,-1091813893.7552762,-1108930646.554491,-1126071072.915822,-1143235126.327342,-1160422756.537604,-1177633909.4687133,-1194868527.127952,-1212126547.5179205,-1229407904.5451777,-1246712527.9273944,-1264040343.098971,-1281391271.1150863,-1298765228.5542326,-1316162127.4191065,-1333581875.0359442,-1351024373.9522097,-1368489521.8326595,-1385977211.353726,-1403487330.0962522,-1421019760.4364944,-1438574379.4354355,-1456151058.726354,-1473749664.4006164,-1491370056.8917308,-1509012090.8575642,-1526675615.0607786,-1544360472.2474024,-1562066499.023569,-1579793525.7303643,-1597541376.3167777,-1615309868.210756,-1633098812.1882844,-1650908012.2405384,-1668737265.439053,-1686586361.7988815,-1704455084.139741,-1722343207.9451065,-1740250501.2192624,-1758176724.3422563,-1776121629.922734,-1794084962.6486776,-1812066459.135965,-1830065847.774786,-1848082848.5738344,-1866117173.002305,-1884168523.8296523,-1902236594.963079,-1920321071.2827384,-1938421628.4746344,-1956537932.8611915,-1974669641.2294729,-1992816400.656989,-2010977848.3351536,-2029153611.390254,-2047343306.701993,-2065546540.7195623,-2083762909.275164,-2101991997.3950367,-2120233379.1078973,-2138486617.250786,-2156751263.272296,-2175026857.033139,-2193312926.6040444,-2211608988.0609136,-2229914545.2772446,-2248229089.7137623,-2266552100.205216,-2284883042.744334,-2303221370.262872,-2321566522.409714,-2339917925.3260026,-2358274991.417231,-2376637119.122272,-2395003692.679284,-2413374081.888426,-2431747641.871369,-2450123712.8275065,-2468501619.78683,-2486880672.359383,-2505260164.481257,-2523639374.157028,-2542017563.198584,-2560393976.960228,-2578767844.0700293,-2597138376.157275,-2615504767.575948,-2633866195.124153,-2652221817.759343,-2670570776.309258,-2688912193.1784344,-2707245172.0501795,788695247.1893528,772691237.4350576,756788160.052309,740987036.2784505,725288897.0480556,709694783.2047536,694205745.7217371,678822845.9313807,690929654.7734151,676515450.4115484,662202316.9206009,647991216.5803351,633883123.08639,619879021.8726666,605979910.4466131,698791319.3668563,684205204.9813184,669734864.6417215,655381514.4488841,641146383.898082,627030716.2282062,512061710.7431839,500276271.00868034,488596842.037415,477024164.0443604,465558987.0824089,454202071.5395806,442954188.6623753,304845494.8183991,294130078.40525675,283514016.0121436,272997782.9692786,262581863.50453544,252266751.4527357,250078749.4856658,242472763.5100853,234957070.972965,227531386.6838421,220195423.8989674,212948895.16493344,-90982554.6686461,-97790491.48092128,-104491746.69138564,-111085676.4143591,-117571610.7440623,-123948852.15313137,-130216673.8073299,36326433.23887634,32068420.13877821,27889285.29949522,23789378.12511003,19769074.476374865,15828778.366292119,11968923.741413832,8189976.353013158,4492435.722512364,876837.2057803869,-2656245.838779688,-6106199.773231983,-9472368.288702607,-12754049.893786788,-15950495.276626945,-19060904.534177303,-22084424.261709094,-25020144.49525702,-27867095.4991498,-30624244.390360832,-33290491.590780735,-35864667.097996354,-38345526.56448376,-40731747.17446113,-43021923.30688679,-45214561.97231519,-47308078.01042616,-49300789.03413761,-51190910.105162024,-52976548.124833584,-54655695.92279196,-56226226.02485514,-57685884.08005071,-59032281.925270796,-60262890.26439309,-61375030.93702257,-62365868.750085235,-63232402.843547106,-63971457.559292555,-64579672.77995992,-65053493.70191383,-65389160.00393939,-65582694.37029338,-65629890.323667765,-65526299.32032728,-65267217.05610883,-64847668.92823839,-64262394.593860984,-63505831.5619117,-62572097.7504648,-61454972.93682742,-60147879.022639036,-58643859.03089744,-56935554.746192634,-55015182.903669596,-52874509.82608551,-50504824.40207052,-47896909.29220331,-45041010.24288362,-41926803.38123047,-38543360.357531846,-34879111.19495839,-30921804.699738026,-26658466.278723836,-22075353.005250394,-17157905.76909381,-11890698.341655254,-6257383.18429023,-240633.82559645176,6177916.366735935,13017739.191839278,20299480.56701857,28045033.583931744,36277615.81683707,45021851.012649715,54303855.2692191,64151327.77738327,74593646.16263425,85661966.4120537,97389327.30904728,109810759.22017193,122963396.98198825,136886596.51751423,151622054.66780406,167213931.54888028,183708974.531855,201156642.68724507,219609230.22426784,239121987.08159196,259753234.37447244,281564471.8583236,304620473.9106568,328989369.7374062,354742702.5448534,381955461.2461575,410706076.8417818,441076373.8631321,473151465.1154858,507019575.29270154,542771775.7200564,580501608.3232243,620304571.666213,662277435.2026289,706517339.2686212,753120627.1582901,802181340.9531825,853789293.355364,908027601.8103449,964969536.1772783,1024674483.5331986,1087182768.306743,1152508975.6052403,1220633300.0650976,1291490267.2603238,1364953929.0722296,1440818289.5703473,1518771233.7577624,1598359553.1759548,1678941716.895882,1759623730.949669,1839171654.7326016,1915891992.7845726,1987468204.9919605,2050738121.3987317,2101393768.184398,2133583917.5922275,2139405381.658345,2108293100.018793,2026387628.9761882,1876130258.64429,1636736620.713887,1287079370.9048796,814263554.0445459,233885208.4345841,-371919258.9548329,-818413535.4031107,-894778006.377213,0.0
2961.0,-387812199.8215809,-404653604.4650593,-421521527.4042859,-438416015.3157773,-455337113.0994277,-472284863.8226218,-489259308.6632319,-506260486.8514767,-523288435.6106629,-540343190.0967417,-557424783.3367248,-574533246.1658826,-591668607.1637211,-608830892.5887632,-626020126.3120522,-643236329.7493987,-660479521.7923388,-677749718.7377982,-695046934.2164173,-712371179.1195312,-729722461.5248055,-747100786.6204576,-764506156.62812,-781938570.7242289,-799398024.9599977,-816884512.1799235,-834398021.938808,-851938540.4172525,-869506050.3356576,-887100530.8666391,-904721957.5459046,-922370302.1815062,-940045532.7615108,-957747613.3599944,-975476504.0414176,-993232160.7632914,-1011014535.277142,-1028823575.0277648,-1046659223.0507038,-1064521417.8679676,-1082410093.3819618,-1100325178.7675729,-1118266598.3624258,-1136234271.5552697,-1154228112.672471,-1172248030.8625789,-1190293929.9789748,-1208365708.4605188,-1226463259.2102396,-1244586469.4719896,-1262735220.7050714,-1280909388.4567738,-1299108842.2328565,-1317333445.365887,-1335583054.8814385,-1353857521.3621347,-1372156688.8095024,-1390480394.503568,-1408828468.8602638,-1427200735.2865264,-1445597010.0330973,-1464017102.04502,-1482460812.8097718,-1500927936.2030196,-1519418258.3319757,-1537931557.3763244,-1556467603.4266782,-1575026158.3205729,-1593606975.4759371,-1612209799.722011,-1630834367.1277285,-1649480404.8274865,-1668147630.8442967,-1686835753.910286,-1705544473.28454,-1724273478.5682209,-1743022449.516965,-1761791055.8505237,-1780578957.0596094,-1799385802.2099297,-1818211229.743392,-1837054867.276406,-1855916331.3953228,-1874795227.448908,-1893691149.337895,-1912603679.301509,-1931532387.7010195,-1950476832.8002048,-1969436560.542775,-1988411104.3266551,-2007399984.7751715,-2026402709.505032,-2045418772.891124,-2064447655.828092,-2083488825.488624,-2102541735.0784647,-2121605823.5880933,-2140680515.541025,-2159765220.738729,-2178859334.002093,-2197962234.9094286,-2217073287.5309668,-2236191840.1597843,-2255317225.0391493,-2274448758.0862494,-2293585738.6122093,-2312727449.03842,-2331873154.609063,-2351022103.099848,-2370173524.5228586,-2389326630.8274813,-2408480615.5973406,-2427634653.7432146,-2446787901.191817,-2465939494.570424,-2485088550.8872576,1319497306.105768,1302484293.0559297,1285567239.8175645,1268747153.2231083,1252025048.8510246,1235401951.1729136,1218878893.705809,1202456919.1698904,1200507583.0871978,1185088107.9627955,1169764663.259429,1154538177.4458714,1139409588.8300576,1124379845.799526,1109449907.07058,1219075947.9472744,1203394573.8662903,1187822936.9574506,1172362210.3367229,1157013578.2222412,1141778236.1478095,989090524.5921236,976377259.3700476,963767256.239084,951261223.834962,938859877.91117,926563941.6984552,914374146.2840456,759663089.74634,748101779.9006648,736638260.8021872,725272962.2184203,714006318.9803365,702838771.5156615,676463889.7044545,668250340.5664258,660130578.65764,652104283.4313114,644171127.2188914,636330775.8337336,365358229.2339084,357482116.16644835,349706144.24341273,342030723.7190465,334456280.42026114,326983256.9217962,319612113.7867209,474843391.67457306,469773508.0624614,464776060.7556,459851114.5598955,454998749.1686084,450219060.4175924,445512161.60696316,440878184.8921784,436317282.74771166,431829629.506629,427415422.97954214,423074886.1565782,418808268.99620104,414615850.3048929,410497939.71195245,406454879.7438257,402487048.00271153,398594859.4543431,394778768.8302536,391039273.1499487,387376914.36898685,383792282.15901387,380286016.8264773,376858812.3768977,373511419.7321987,370244650.10895157,367059378.5659691,363956547.73023415,360937171.7106935,358002340.2101612,355153222.8462614,352391073.69307375,349717236.0559616,347133147.49301326,344640345.09735894,342240471.0557952,339935278.50013554,337726637.6689465,335616542.39863455,333607116.9641384,331700623.2910553,329899468.5624902,328206213.2456893,326623579.56524396,325154460.4515463,323801928.9952413,322569248.44046843,321459882.75195897,320477507.79341376,319626023.1569313,318909564.6859627,318332517.73667693,317899531.2254914,317615532.5130962,317485743.1781647,317515695.7365722,317711251.3646497,318078618.68754935,318624373.6961713,319355480.85820395,320279315.49062276,321403687.46233094,322736866.29630405,324287607.74068296,326065181.8772362,328079402.83362544,330340660.16239417,332859951.94452256,335648919.66807014,338719884.9230389,342085887.9408485,345760727.99099547,349759005.6273731,354096166.75186646,358788548.43236333,363853426.3751275,369309063.90655583,375174762.26534706,381470911.9414659,388219044.7212923,395441886.0069548,403163406.8697666,411408875.1699848,420204904.92491186,429579502.93079215,439562111.43667686,450183645.4255822,461476522.7738676,473474685.2267308,486213607.73796403,499730293.2657534,514063249.581237,529252444.0187602,545339231.3581046,562366249.1580145,580377273.829113,599417029.5081043,619530940.3286226,640764814.9180112,663164449.8055234,686775135.7998103,711641048.1386741,737804497.1333745,765305010.8470101,794178214.6734067,824454463.9695904,856157174.3573931,889300778.8248994,923888219.7120388,959907854.7282298,997329615.9644089,1036100204.5762724,1076137024.439353,1117320445.5627177,1159483828.0343716,1202400509.3925118,1245766634.0483105,1289178243.5231464,1332100398.5070179,1373825201.770825,1413414358.4043858,1449620277.238758,1480777670.3366601,1504655307.7383747,1518255655.3601766,1517550305.7170868,1497145745.4826086,1449897341.3830209,1366552842.3563325,1235661643.1066256,1044338906.7439837,781211307.760128,444145570.48453027,56220737.372710615,-313657795.3165817,-572177399.3486792,-768149255.7281862,0.0
2960.0,-90350447.6349988,-107445286.8752718,-124568877.43423603,-141721286.8479705,-158902581.06886005,-176112824.40986538,-193352079.487628,-210620407.1643772,-227917866.48863745,-245244514.63471365,-262600406.8409238,-279985596.34657574,-297400134.327631,-314844069.8311043,-332317449.7080803,-349820318.54542685,-367352718.5961085,-384914689.7081204,-402506269.2519822,-420127492.046823,-437778390.28497934,-455458993.455122,-473169328.2638736,-490909418.5558844,-508679285.23235226,-526478946.1679816,-544308416.1263127,-562167706.6734319,-580056826.0900364,-597975779.2817988,-615924567.6880417,-633903189.1886826,-651911638.0094156,-669949904.6250954,-688017975.6613488,-706115833.7943096,-724243457.6485052,-742400821.6928782,-760587896.1348224,-778804646.8123527,-797051035.0842295,-815327017.7181358,-833632546.7767711,-851967569.5019345,-870332028.1964726,-888725860.1041319,-907148997.2872758,-925601366.5023768,-944082889.073349,-962593480.7626096,-981133051.6398884,-999701505.9487166,-1018298741.9706104,-1036924651.8868804,-1055579121.6380246,-1074262030.780747,-1092973252.3424697,-1111712652.6733837,-1130480091.2959714,-1149275420.7519877,-1168098486.4468343,-1186949126.4913316,-1205827171.5408554,-1224732444.631763,-1243664761.0151184,-1262623927.987687,-1281609744.720116,-1300622002.0823402,-1319660482.4661143,-1338724959.6046834,-1357815198.3895333,-1376930954.6842196,-1396071975.1351812,-1415237996.9795835,-1434428747.850106,-1453643945.5766537,-1472883297.9849646,-1492146502.6920874,-1511433246.8986783,-1530743207.1780975,-1550076049.262283,-1569431427.8243475,-1588808986.2578826,-1608208356.4529366,-1627629158.568643,-1647071000.8024433,-1666533479.155901,-1686016177.1970756,-1705518665.8194053,-1725040502.997091,-1744581233.5369463,-1764140388.8266878,-1783717486.5796216,-1803312030.57573,-1822923510.399108,-1842551401.1717165,-1862195163.2834723,-1881854242.1185904,-1901528067.7781868,-1921216054.799124,-1940917601.869062,-1960632091.5376868,-1980358889.92413,-2000097346.420482,-2019846793.391497,-2039606545.8703487,-2059375901.2504983,-2079154138.9736097,-2098940520.2135408,-2118734287.5563407,-2138534664.6762788,-2158340856.007864,-2178152046.413863,-2197967400.849265,-2217786064.021219,-2237607160.0449142,1858013527.5300224,1839973169.8377512,1822023071.854732,1804164214.4799416,1786397586.1671188,1768724182.9989765,1751145008.7626576,1733661075.026516,1717192404.2993786,1700741965.458776,1684381770.8573933,1668112702.551224,1651935650.5340638,1635851512.8837066,1619861195.9121337,1745284317.1977897,1728469741.4090712,1711757847.6129136,1695149748.4450405,1678646564.9257257,1662249426.5211334,1471792336.012112,1458107241.3311172,1444521898.4465146,1431036972.7628808,1417653133.6524863,1404371054.655461,1391191413.692153,1221006454.9249797,1208564994.717919,1196219343.1049564,1183969879.8349197,1171816985.502889,1159761041.8803515,1105525829.200124,1096643129.7299764,1087857530.7206583,1079168680.769189,1070576215.4532214,1062079757.6631794,830818908.8454251,821842659.6216078,812959688.0440077,804170161.371474,795474251.1002811,786872133.6553988,778363991.1254617,918284480.123147,912351455.3695494,906484078.0951687,900682115.8908391,894945338.6173528,889273519.1606191,883666434.2310673,878123865.2089599,872645599.0374385,867231429.16511,861881156.5401119,856594590.6575139,851371550.6620998,846211866.5085698,841115380.1812022,836081946.9752145,831111436.8419532,826203735.8002514,821358747.4162757,816576394.3542783,811856620.0007625,807199390.1646043,802604694.8558341,798072550.145797,793603000.111549,789196118.8674499,784852012.6870445,780570822.2183709,776352724.796104,772197936.8539392,768106716.4408734,764079365.8451763,760116234.3300052,756217720.9848672,752384277.6972356,748616412.248954,744914691.5422354,741279744.9602917,737712267.8679233,734213025.257661,730782855.5472709,727422674.5347863,724133479.5174788,720916353.5813814,717772470.068408,714703097.2281655,711709603.0619172,708793460.3662457,705956251.9841114,703199676.2710032,700525552.783886,697935828.2003902,695432582.4753189,693018035.2411144,690694552.4579805,688464653.3183658,686331017.4089828,684296492.1316833,682364100.3820386,680537048.4814092,678818734.3545058,677212755.9396887,675722919.813509,674353250.0040152,673107996.9588706,671991646.6242032,671008929.577945,670164830.1470928,669464595.4210508,668913744.0532466,668518074.7192779,668283674.0721135,668216924.0022284,668324507.9726119,668613416.1544198,669090949.037792,669764719.1331247,670642650.3096842,671732974.2397423,673044223.3259959,674585219.3864242,676365057.2524233,678393082.3009708,680678860.7881508,683232141.6770841,686062808.4563653,689180819.2224823,692596133.0496659,696318620.3896419,700357954.9298162,704723483.9885383,709424074.137399,714467928.3108395,719862370.1901306,725613591.1300318,731726354.3310201,738203650.3465158,745046297.3533924,752252478.9052916,759817211.1332202,767731730.557373,775982792.8283931,784551871.8221494,793414247.5605915,802537970.401005,811882687.7848415,821398318.4868759,831023557.6195592,840684193.3956381,850291213.4591337,859738673.8604105,868901296.5391569,877631750.0533469,885757551.094509,893077497.8792465,899357506.2293932,904325658.6643496,907666187.5981998,909011985.1270268,907935052.3204103,903934061.72861,896417912.3713263,884683848.2240455,867888521.692648,845010654.6049614,814805485.3069886,775755790.2167828,726035807.4789175,663530910.8387941,586013150.4000705,491688256.6851262,380535964.48882467,257121746.18045753,135317421.31464377,41875366.296186015,2530814.1778651522,-701181.1923059161,0.0
2959.0,220132504.78982115,202852871.21082067,185542698.98813963,168201903.03397703,150830399.67101192,133428106.68794204,115994943.3962655,98530830.68829298,81035691.09644508,63509448.85384321,45952029.956178665,28363362.224959373,10743375.37211132,-6907998.934077263,-24590827.00155353,-42305173.04569054,-60051099.11902571,-77828665.03951979,-95637928.31728028,-113478944.0797987,-131351764.99559116,-149256441.1962719,-167193020.19703245,-185161546.815444,-203162063.0886325,-221194608.1887321,-239259218.3366428,-257355926.7140197,-275484763.37350893,-293645755.14712906,-311838925.5528755,-330064294.6994171,-348321879.1889167,-366611692.0179053,-384933742.476223,-403288036.0439496,-421674574.2863255,-440093354.7466197,-458544370.8369045,-477027611.7267265,-495543062.2296009,-514090702.6873646,-532670508.8522568,-551282451.7668037,-569926497.6413684,-588602607.7294054,-607310738.2003708,-626050840.0101957,-644822858.769392,-663626734.608635,-682462402.0419002,-701329789.8270278,-720228820.8237264,-739159411.8489807,-758121473.5297706,-777114910.153167,-796139619.5136483,-815195492.7576852,-834282414.225523,-853400261.2901268,-872548904.193239,-891728205.8785377,-910938021.821834,-930178199.8582808,-949448580.0065272,-968748994.2898498,-988079266.554118,-1007439212.2826508,-1026828638.4078624,-1046247343.119683,-1065695115.6707242,-1085171736.178123,-1104676975.42204,-1124210594.6407795,-1143772345.3224916,-1163361968.9933922,-1182979197.002503,-1202623750.3028429,-1222295339.2290463,-1241993663.2713573,-1261718410.8460057,-1281469259.0618515,-1301245873.4833531,-1321047907.889737,-1340875004.0304203,-1360726791.376558,-1380602886.8687866,-1400502894.6610312,-1420426405.860421,-1440372998.2632463,-1460342236.086928,-1480333669.697997,-1500346835.3360205,-1520381254.8334825,-1540436435.3315763,-1560511868.9918962,-1580607032.7039945,-1600721387.7888129,-1620854379.69793,-1641005437.7086492,-1661173974.6148882,-1681359386.4138782,-1701561051.9886584,-1721778332.786316,-1742010572.4920824,-1762257096.6991386,-1782517212.5742583,-1802790208.519201,-1823075353.8279307,-1843371898.3396327,-1863679072.0875545,-1883996084.9436908,-1904322126.2593448,-1924656364.5015628,-1944997946.885507,-1965345999.0027888,2402420265.895485,2383330376.623492,2364324295.2699885,2345402965.678367,2326567337.868219,2307818368.031732,2289157018.527249,2270584257.8697686,2239267032.262328,2221756283.8039794,2204329235.5016446,2186986711.3891377,2169729541.286687,2152558560.844793,2135474611.587039,2275514429.1009235,2257524901.3820534,2239629981.706951,2221830706.539689,2204128117.713364,2186523262.3301053,1958555217.1582024,1943848372.8599584,1929236958.826393,1914721586.6814816,1900302868.5426607,1885981417.045868,1871757845.374512,1687332421.445,1673968901.9978054,1660698714.291785,1647522184.7676835,1634439636.2354355,1621451387.980528,1535765595.6247756,1526138847.2136145,1516612157.446568,1507185148.602048,1497857423.8130302,1488628567.10115,1303665733.7187352,1293552685.870895,1283525834.209241,1273585102.7915664,1263730408.1618545,1253961659.5233655,1244278758.9318154,1364860712.7279284,1358004934.8531091,1351207735.0072083,1344468579.3206372,1337786922.9559264,1331162210.3244326,1324593875.3234007,1318081341.5937636,1311624022.7990768,1305221322.9258485,1298872636.605536,1292577349.4583495,1286334838.4589472,1280144472.3240259,1274005611.9216805,1267917610.7023282,1261879815.150825,1255891565.2593265,1249952195.0202253,1244061032.9384212,1238217402.5618806,1232420623.0293775,1226670009.6340144,1220964874.4009004,1215304526.6771216,1209688273.731877,1204115421.364326,1198585274.5163956,1193097137.887424,1187650316.5471618,1182244116.5432005,1176877845.4984922,1171550813.1941102,1166262332.1318686,1161011718.070865,1155798290.531368,1150621373.2587926,1145480294.6397505,1140374388.0613935,1135302992.2043014,1130265451.2582777,1125261115.049272,1120289339.0645385,1115349484.3617508,1110440917.3464649,1105563009.4006238,1100715136.3431368,1095896677.7015023,1091107015.7713275,1086345534.4380748,1081611617.7327342,1076904648.0899045,1072224004.2733735,1067569058.930428,1062939175.7316071,1058333706.0477169,1053751985.1102633,1049193327.5950468,1044657022.561442,1040142327.6716232,1035648462.6046231,1031174601.5695043,1026719864.8097477,1022283308.9772085,1017863916.2382925,1013460581.957089,1009072100.7799139,1004697150.9226047,1000334276.4355164,995981867.1914351,991638136.307578,987301094.6745646,982968522.2214882,978637935.4971817,974306551.0919532,969971244.3615005,965628502.8440586,961274373.6826379,956904404.2755415,952513575.2792339,948096224.9773511,943645963.9074531,939155578.5018532,934616922.350595,930020793.5322704,925356796.2823331,920613185.078855,915776689.023556,910832314.1830983,905763121.3350254,900549976.3392566,895171270.1359859,889602605.1640465,883816444.8134087,877781722.3895701,871463406.0011593,864822015.8184274,857813090.3345755,850386598.6545409,842486296.5180984,834049024.844491,825003951.2101927,815271757.0356193,804763776.6245368,793381098.9278862,781013649.4752004,767539278.9897532,752822897.6782949,736715711.300164,719054638.5837598,699662021.7454522,678345786.0931973,654900265.6160982,629107995.6270565,600742890.2062464,569575384.5175213,535380348.6354437,497948896.580603,457105658.5703199,412733706.66707337,364810191.63980895,313456946.9693226,259011938.2804439,202129551.03081518,143920256.32264704,86142714.70455897,31462314.547030568,-16214904.367743641,-51346553.35664976,-66378932.83191386,-51658473.45889422,3666209.139578432,108164195.88098322,259518709.9779937,431792489.8437984,586232292.5179774,767070261.3193297,0.0
2958.0,542954104.4555049,525557453.01669455,508128923.2445278,490668415.8572388,473175832.8298621,455651077.4495311,438094054.3720784,420504669.6799288,402882830.9413161,385228447.2708612,367541429.3915105,349821689.6978884,332069142.32107687,314283703.1948314,296465290.12330866,278613822.8502612,260729223.1297946,242811414.7986684,224860323.8502121,206875878.50982523,188858009.3121548,170806649.1799302,152721733.5045085,134603200.22816944,116450989.92816114,98265045.90255453,80045314.25792074,61791743.99888754,43504287.11956597,25182898.69692707,6827536.986131191,-11561836.482151983,-29985256.80239439,-48442755.59276295,-66934360.89163971,-85460097.05193567,-104019984.63328408,-122614040.291996,-141242276.66879272,-159904702.2742262,-178601321.3718152,-197332133.8588009,-216097135.1444845,-234896316.0261855,-253729662.5626669,-272597155.9450631,-291498772.365263,-310434482.88167,-329404253.2823491,-348408043.94545364,-367445809.6969795,-386517499.6657,-405623057.1353245,-424762419.39379454,-443935517.57967424,-463142276.52561474,-482382614.598814,-501656443.538465,-520963668.2901096,-540304186.8368938,-559677890.0276306,-579084661.4016681,-598524377.0104914,-617996905.2360315,-637502106.6055901,-657039833.6034133,-676609930.4787858,-696212233.050643,-715846568.508652,-735512755.2106957,-755210602.4767332,-774939910.3789904,-794700469.5284007,-814492060.8572884,-834314455.3982539,-854167414.0591664,-874050687.3942463,-893964015.3712344,-913907127.134508,-933879740.7641938,-953881563.0311856,-973912289.1480186,-993971602.5155914,-1014059174.465664,-1034174663.9991184,-1054317717.5198944,-1074487968.5646443,-1094685037.5279777,-1114908531.3833249,-1135158043.3993683,-1155433152.8519895,-1175733424.7317352,-1196058409.4467351,-1216407642.5210893,-1236780644.2886558,-1257176919.582245,-1277595957.418201,-1298037230.6763306,-1318500195.7751884,-1338984292.342697,-1359488942.8820963,-1380013552.4332163,-1400557508.2290835,-1421120179.3478208,-1441700916.359943,-1462299050.9709308,-1482913895.6592257,-1503544743.3095658,-1524190866.8417685,-1544851518.8349326,-1565525931.1471405,-1586213314.5306842,-1606912858.2428727,-1627623729.6524727,-1648345073.8418531,-1669076013.204934,2950873354.465299,2930708332.236023,2910619901.3775005,2890608958.204148,2870676403.699964,2850823143.435795,2831050087.4796367,2811358150.299542,2765000316.5594625,2746396753.8067474,2727869589.181216,2709419578.3793383,2691047480.5667906,2672754058.316485,2654540077.540386,2807874312.388853,2788665146.1551204,2769541514.33324,2750504363.785288,2731554643.57004,2712693304.680306,2447777118.8570366,2431993424.056481,2416299991.15743,2400697368.9524784,2385186103.05159,2369766735.7229314,2354439805.7289624,2157090850.4019337,2142756048.1091127,2128511533.552867,2114357577.9119887,2100294444.135104,2086322386.810038,1965764177.7494617,1955306230.30428,1944950778.550584,1934697423.3327208,1924545740.1176264,1914495278.710457,1782101668.1159086,1770809990.9532757,1759597302.4777565,1748463292.385405,1737407631.176228,1726429969.7991202,1715529939.292703,1812787348.3721704,1804941078.6258435,1797146103.639841,1789401592.5446975,1781706690.098516,1774060516.349294,1766462166.293419,1758910709.5294604,1751405189.9062262,1743944625.163898,1736528006.566905,1729154298.5269852,1721822438.2146888,1714531335.1573544,1707279870.821329,1700066898.175938,1692891241.2364044,1685751694.582622,1678647022.850278,1671575960.1904984,1664537209.6937232,1657529442.7730813,1650551298.5020375,1643601382.9005327,1636678268.1632857,1629780491.823229,1622906555.842435,1616054925.6220675,1609224028.9221454,1602412254.680984,1595617951.723218,1588839427.3443315,1582074945.7584305,1575322726.39482,1568580942.0276031,1561847716.721122,1555121123.5724716,1548399182.2306309,1541679856.16997,1534961049.6938686,1528240604.641996,1521516296.7724776,1514785831.7876723,1508046840.969333,1501296876.3860383,1494533405.6323729,1487753806.0557117,1480955358.422522,1474135239.971684,1467290516.7975926,1460418135.500598,1453514914.036488,1446577531.6904588,1439602518.0940104,1432586241.1954846,1425524894.0864823,1418414480.5769749,1411250799.401509,1404029426.927412,1396745698.2230575,1389394686.33009,1381971179.567748,1374469656.6798344,1366884259.6154745,1359208763.71301,1351436545.032293,1343560544.5536952,1335573228.9322844,1327466547.4622078,1319231884.8693385,1310860009.5089464,1302341016.499403,1293664265.2720933,1284818310.9613721,1275790828.996141,1266568532.1858318,1257137079.517876,1247480975.80064,1237583461.19499,1227426389.5786922,1216990094.5807834,1206253242.0079107,1195192667.2616706,1183783196.216219,1171997447.8900623,1159805617.107141,1147175235.2031252,1134070906.6979194,1120454019.730475,1106282427.9459767,1091510101.4493544,1076086744.4084795,1059957376.9252902,1043061878.9209988,1025334494.0377622,1006703291.9914064,987089588.4806857,966407322.7506232,944562394.3315151,921451962.476954,896963714.5999348,870975113.8177247,843352640.9175563,813951053.1246234,782612691.6436341,749166882.9473351,713429496.4292605,675202745.0248107,634275348.1044888,590423220.6711848,543410914.3120639,492994120.0458312,438923660.4863991,380951561.83399266,318840023.8641334,252374424.88440844,181381946.01296574,105758027.36395359,25503749.524891376,-59221537.33762592,-148026316.49258322,-240183415.50538546,-334485573.68341184,-429044973.66736454,-521017592.80329317,-606230317.0469233,-678691019.9888397,-729979429.5662522,-748574071.8916719,-719324637.3071527,-623654997.6218022,-441928374.7749021,-161071057.39071417,207295822.687119,595993431.7559141,869684939.3971701,893993323.1319468,0.0
2957.0,877346507.859396,859899106.8707547,842418931.3875942,824905871.278213,807359817.5326829,789780662.317821,772168299.0334892,754522622.3702621,736843528.368443,719130914.478517,701384679.6230011,683604724.2597828,665790950.446938,647943261.9090419,630061564.1050644,612145764.2978106,594195771.6249657,576211497.1717901,558192854.0454745,540139757.4511747,522052124.7698102,503929875.6375928,485772932.0273504,467581218.3317108,449354661.4481087,431093190.8657069,412796738.7542524,394465240.0548964,376098632.572999,357696857.0730119,339259857.3754058,320787580.4557185,302279976.54576206,283736999.2370362,265158605.5863366,246544756.2236576,227895415.46243384,209210551.41206264,190490136.09289885,171734145.5536399,152942559.99120712,134115363.87314606,115252546.06260347,96354099.94589949,77420023.56276703,58450319.73930836,39444996.22366667,20404065.824530125,1327546.552444458,-17784538.23594761,-36932159.69076252,-56115283.31871367,-75333868.82993078,-94587869.98169136,-113877234.41900206,-133201903.51199722,-152561812.1901083,-171956888.77291727,-191387054.7976856,-210852224.84349537,-230352306.35190392,-249887199.4441309,-269456796.73467875,-289060983.1413331,-308699635.6915088,-328372623.3248811,-348079806.69222164,-367821037.95043325,-387596160.5536797,-407405009.0405915,-427247408.8174644,-447123175.9374347,-467032116.8755057,-486974028.2994602,-506948696.836545,-526955898.83587694,-546995400.1265368,-567066955.7712967,-587170309.8158927,-607305195.0338426,-627471332.6667259,-647668432.1598616,-667896190.8933735,-688154293.9085553,-708442413.6295171,-728760209.5800366,-749107328.0955997,-769483402.0305634,-789888050.4604025,-810320878.3790185,-830781476.391042,-851269420.3991032,-871784271.286056,-892325574.5920875,-912892860.1867188,-933485641.9356344,-954103417.362352,-974745667.3047004,-995411855.5660616,-1016101428.5614172,-1036813814.958136,-1057548425.3115532,-1078304651.6952896,-1099081867.326342,-1119879426.1849816,-1140696662.6294165,-1161532891.0053017,-1182387405.250087,-1203259478.4922583,-1224148362.6455216,-1245053287.9979596,-1265973462.796235,-1286908072.824936,-1307856280.9810867,-1328817226.8439488,-1349790026.240235,3501520540.3242674,3480251863.5495872,3459051794.643565,3437921172.760048,3416860840.15032,3395871642.003571,3374954426.276413,3354110043.510893,3292658143.9579744,3272926642.903461,3253263491.2340984,3233669367.515258,3214144951.388059,3194690923.4027743,3175307964.8410206,3340495019.2006054,3320019502.7830534,3299619484.343609,3279295810.2998867,3259049326.0843945,3238880875.7258286,2937877229.3944697,2920957221.7722225,2904121438.817818,2887370359.2464485,2870704454.84626,2854124190.132941,2837630021.9909105,2628736931.362378,2613374774.6927395,2598099225.8742056,2582910500.292787,2567808800.5292106,2552794315.986067,2394198428.600169,2382811219.0506225,2371528267.311014,2360349158.361548,2349273445.611218,2338300650.2818418,2264277599.270381,2251759790.5335894,2239313707.49636,2226938822.7743587,2214634578.64596,2202400386.1831765,2190235624.354935,2260299949.2027926,2251387617.0183926,2242519144.7084146,2233693417.536522,2224909283.2821383,2216165551.355018,2207460991.8827453,2198794334.7691436,2190164268.721284,2181569440.24263,2173008452.5894966,2164479864.6878486,2155982190.006958,2147513895.3863177,2139073399.8116357,2130659073.1354592,2122269234.7374566,2113902152.1189446,2105556039.4256802,2097229055.8924031,2088919304.201919,2080624828.7509522,2072343613.8140917,2064073581.5965085,2055812590.1651428,2047558431.2471678,2039308827.8834639,2031061431.9237661,2022813821.3489199,2014563497.4043312,2006307881.527343,1998044312.049685,1989770040.6544557,1981482228.5653424,1973177942.4437525,1964854149.967489,1956507715.0621738,1948135392.754283,1939733823.6117785,1931299527.7355528,1922828898.2615504,1914318194.3301585,1905763533.4755254,1897160883.3835635,1888506052.9628456,1879794682.6679296,1871022234.0092916,1862183978.1785672,1853274983.711419,1844290103.103852,1835223958.2903223,1826070924.8841672,1816825115.0720606,1807480359.044884,1798030184.8369348,1788467796.4341888,1778786049.999942,1768977428.052713,1759034011.4164314,1748947448.746864,1738708923.4204574,1728309117.5523338,1717738172.8890014,1706985648.297856,1696040473.5500977,1684890899.0655212,1673524441.2569153,1661927823.0780773,1650086909.3424625,1637986636.3390746,1625610935.2280045,1612942648.649662,1599963439.929178,1586653694.2002106,1572992410.7102745,1558957085.5026612,1544523583.5977752,1529665999.719409,1514356506.529202,1498565189.2457,1482259865.4337134,1465405888.6562057,1447965934.5859895,1429899768.0808904,1411163989.6361003,1391711759.5461807,1371492498.041596,1350451559.618872,1328529879.7690191,1305663592.3391178,1281783615.8538077,1256815207.299205,1230677482.1602726,1203282899.941525,1174536715.0386462,1144336393.728824,1112570999.292362,1079120548.975646,1043855348.7967218,1006635315.2655978,967309297.1877437,925714416.1680802,881675451.6711708,835004306.109771,785499598.225216,732946450.0753582,677116555.7489512,617768650.5359888,554649540.5568063,487495908.77392447,416037189.4668834,339999907.5049794,259114022.1985727,173122013.8115005,81791726.07596534,-15065638.663939059,-117570440.38288051,-225739761.276411,-339439090.00316447,-458315381.57645994,-581704386.0571599,-708502521.9390184,-836990201.0644798,-964589470.616529,-1087534686.350755,-1200432423.0173035,-1295690482.4521747,-1362816398.7786837,-1387647535.1455941,-1351730810.894462,-1232432409.350542,-1005151918.3113477,-650658975.8735459,-173722991.1466197,355643424.6319015,726310586.6649632,543207544.7391456,0.0
2956.0,1222459799.6231108,1205025779.7780924,1187558522.7641764,1170057910.867967,1152523827.3799305,1134956156.6488762,1117354784.1378045,1099719596.4811697,1082050481.543529,1064347328.4796692,1046610027.7961916,1028838471.4146152,1011032552.736034,993192166.707286,975317209.8888032,957407580.5240268,939463178.6105196,921483905.9727612,903469666.3366911,885420365.4059913,867335910.9402027,849216212.8346367,831061183.2021842,812870736.4570243,794644789.4002781,776383261.3076406,758086074.0190322,739753152.030319,721384422.5871129,702979815.7807348,684539264.6463308,666062705.2632303,647550076.8575487,629001321.9071293,610416386.2487845,591795219.1879697,573137773.6108885,554444006.0990624,535713877.0464654,516947350.7791839,498144395.67776585,479304984.3021808,460429093.5195496,441516704.634608,422567803.523016,403582380.7675395,384560431.7971325,365501957.0290284,346406962.01383257,327275457.58371973,308107460.00374985,288902991.1263981,269662078.5493169,250384755.77639723,231071062.3822279,211721044.1799188,192334753.39245176,172912248.8275466,153453596.05611563,133958867.59438086,114428143.08972596,94861509.51028776,75259061.3384223,55620900.76804447,35947137.90595579,16237890.977165222,-3506713.4656624794,-23286540.32863856,-43101445.75885391,-62951276.922299385,-82835871.77744722,-102755058.84443474,-122708656.96975088,-142696475.08640075,-162718311.9694898,-182773955.9871104,-202863184.8465089,-222985765.33549023,-243141453.05891323,-263329992.1703244,-283551115.0985799,-303804542.2694392,-324089981.82204604,-344407129.3202648,-364755667.45878863,-385135265.763973,-405545580.28933454,-425986253.30567145,-446456912.9857366,-466957173.0834243,-487486632.6074202,-508044875.4892602,-528631470.24576926,-549245969.6358168,-569887910.3113825,-590556812.4628539,-611252179.4585671,-631973497.4785409,-652720235.1423769,-673491843.1313093,-694287753.8044095,-715107380.8089044,-735950118.6846242,-756815342.4625645,-777702407.2576079,-798610647.855365,-819539378.2932029,-840487891.435463,-861455458.5429235,-882441328.8365328,-903444729.0554976,-924464863.0097584,-945500911.1269633,-966552029.9939872,-987617351.8931352,-1008695984.3331224,4052513755.884256,4030110531.560657,4007767172.918221,3985484453.300272,3963263147.572496,3941104031.892384,3919007883.464175,3896975480.278536,3820514317.717658,3799617710.3996553,3778780678.43949,3758003816.145814,3737287716.523798,3716632971.009722,3696040169.189781,3871542860.90616,3849753189.183729,3828028068.702302,3806368237.367575,3784774429.054689,3763247373.0477953,3427306708.441872,3409187453.0912714,3391145507.010211,3373181273.5996647,3355295145.6594143,3337487504.861651,3319758721.2028155,3100743253.9710016,3084291416.9421434,3067921807.3077493,3051634585.5542765,3035429894.961631,3019307860.99114,2819854348.5660024,2807430478.8139715,2795111815.575817,2782897934.556638,2770788373.898804,2758782633.229394,2748305245.659141,2734507634.154713,2720774472.177454,2707105039.935817,2693498577.135444,2679954281.6325464,2666471308.03796,2705670445.939554,2695609034.051718,2685583948.273231,2675593811.4110584,2665637196.4143333,2655712624.9691877,2645818566.045344,2635953434.391485,2626115588.9760914,2616303331.370175,2606514904.0679812,2596748488.7414002,2587002204.423374,2577274105.615223,2567562180.312315,2557864347.941959,2548178457.2069106,2538502283.8272038,2528833528.172416,2519169812.775707,2509508679.7202196,2499847587.887578,2490183910.0572867,2480514929.8447933,2470837838.464991,2461149731.306625,2451447604.301855,2441728350.0738487,2431988753.8437033,2422225489.0764008,2412435112.843726,2402614060.880119,2392758642.3053713,2382865033.9858437,2372929274.5033016,2362947257.6980705,2352914725.7500114,2342827261.75801,2332680281.775097,2322469026.252812,2312188550.844346,2301833716.51188,2291399178.8787966,2280879376.7624655,2270268519.8179336,2259560575.216936,2248749253.2803316,2237827991.9751654,2226789940.180143,2215627939.615243,2204334505.3224497,2192901804.5751657,2181321634.0835843,2169585395.3522625,2157684068.034066,2145608181.1116552,2133347781.7235875,2120892401.4367647,2108231019.7504416,2095352024.5989485,2082243169.6009684,2068891527.7819152,2055283441.4733267,2041404468.0682518,2027239321.2850292,2012771807.5627856,1997984757.1807551,1982859949.6598506,1967378032.9684134,1951518436.0151715,1935259273.8703005,1918577245.1106708,1901447520.637469,1883843623.2635098,1865737297.313787,1847098367.4264674,1827894585.6827822,1808091466.1337147,1787652105.7300267,1766536990.6007109,1744703786.56535,1722107112.709939,1698698296.8063018,1674425111.3159795,1649231488.6950326,1623057214.7129138,1595837598.5239902,1567503118.2952173,1537979041.3101268,1507185017.655065,1475034646.869228,1441435017.3327048,1406286218.7105722,1369480828.510242,1330903374.7988584,1290429778.4392707,1247926779.9274483,1203251358.168241,1156250151.4600654,1106758894.7671418,1054601892.2927278,999591550.7588606,941528007.0819438,880198894.8841326,815379308.2646348,746832039.501735,674308191.2560312,597548295.2898777,516284111.29640245,430241334.7074936,339143516.2507996,242717595.38584277,140701584.06919304,32855119.78056264,-81026144.31186682,-201091003.53699332,-327406245.0470247,-459920856.25717086,-598417613.5566068,-742447589.5837685,-891241551.1529398,-1043590189.4294225,-1197682608.0942726,-1350889630.837469,-1499475793.3844166,-1638222705.76415,-1759949865.5198445,-1854933359.0653303,-1910260706.4170372,-1909244379.0116768,-1831187700.6681724,-1652132337.5390716,-1347947177.8388953,-903382967.6354082,-340501400.6723244,182319286.3466075,188135561.79880112,0.0
2955.0,1577365930.8616695,1560006678.0186749,1542614143.0381932,1525188203.758283,1507728738.9178948,1490235628.2106645,1472708752.3400812,1455147993.0761104,1437553233.3132346,1419924357.1300087,1402261249.8501022,1384563798.1049085,1366831889.8977163,1349065414.6695,1331264263.3663545,1313428328.508598,1295557504.2615955,1277651686.508325,1259710772.9237256,1241734663.0508697,1223723258.378991,1205676462.4234018,1187594180.8073306,1169476321.3457716,1151322794.1312966,1133133511.621948,1114908388.7312174,1096647342.9201608,1078350294.29168,1060017165.68705,1041647882.7846744,1023242374.201185,1004800571.594877,986322409.771555,967807826.792818,949256764.0868528,930669166.5617666,912044982.7215068,893384164.7844479,874686668.8046498,855952454.7958832,837181486.8584425,818373733.3088293,799529166.812319,780647764.5185254,761729508.1999614,742774384.3936734,723782384.5460386,704753505.1607213,685687747.9499097,666585119.9888442,647445633.8737397,628269307.8831229,609056166.1426759,589806238.7936642,570519562.1649377,551196178.948679,531836138.3798697,512439496.4196038,493006315.9422636,473536666.9266865,454030626.6513319,434488279.8935571,414909719.1330536,395295044.7595274,375644365.2846694,355957797.55852795,336235466.99031067,316477507.77372074,296684063.1168983,276855285.47701335,256991336.79960108,237092388.7627509,217158623.0261397,197190231.4850621,177187416.52948594,157150391.3082366,137079379.998348,116974618.07971,96836352.6150136,76664842.53513551,56460358.92999077,36223185.34494686,15953618.082853556,-4348033.4882256985,-24681446.6214962,-45046284.87213135,-65442197.77201486,-85868820.49855804,-106325773.53746724,-126812662.3394382,-147329076.97067833,-167874591.7572472,-188448764.9231212,-209051138.2219545,-229681236.56247377,-250338567.6274793,-271022621.4864061,-291732870.20137167,-312468767.42676425,-333229748.00223947,-354015227.53919816,-374824602.0006597,-395657247.2745521,-416512518.7404306,-437389750.8295872,-458288256.5785966,-479207327.1763036,-500146231.5042853,-521104215.6708248,-542080502.5384364,-563074291.2450252,-584084756.7187133,-605111049.186461,-626152293.6765156,-647207589.5148885,4602021124.233163,4578450682.839619,4554930624.434683,4531461648.968639,4508044456.39554,4484679746.380623,4461368217.990217,4438110569.3631935,4346861142.418982,4324760819.699963,4302710603.411109,4280710998.211488,4258762505.178727,4236865621.454921,4215020839.872747,4399230807.80807,4376079016.902041,4352979985.844746,4329934338.782977,4306942693.060756,4284005658.538394,3914558702.773617,3895174736.620985,3875860288.550462,3856615683.517292,3837441232.409228,3818337231.351418,3799303960.981885,3571611507.322662,3554002125.5649405,3536469829.847788,3519014727.9892097,3501636906.519864,3484336429.843133,3241637458.941293,3228061967.8271294,3214591697.3300776,3201226221.7792525,3187965072.3324823,3174807735.6912384,3232271853.114936,3217134160.038301,3202053636.1769066,3187029399.970394,3172060520.541828,3157146015.9294662,3142284851.2504478,3147223033.1154995,3135922564.6024833,3124650828.54941,3113406214.2595167,3102187049.9559345,3090991600.9039755,3079818067.467073,3068664583.0926113,3057529212.223673,3046409948.1323295,3035304710.66975,3024211343.9279923,3013127613.807913,3002051205.487118,2990979720.781392,2979910675.3924394,2968841496.0341463,2957769517.428918,2946691979.164892,2935606022.4040117,2924508686.4300904,2913396905.025044,2902267502.660409,2891117190.490187,2879942562.129797,2868740089.2046003,2857506116.6500587,2846236857.743994,2834928388.8497214,2823576643.8470373,2812177408.226023,2800726312.81647,2789218827.123433,2777650252.236863,2766015713.2805448,2754310151.3626122,2742528314.98673,2730664750.8795156,2718713794.1860886,2706669557.981572,2694525922.041972,2682276520.8131375,2669914730.5114827,2657433655.2844834,2644826112.3531523,2632084616.0522175,2619201360.6767797,2606168202.036792,2592976637.612623,2579617785.196296,2566082359.893577,2552360649.352147,2538442487.070035,2524317223.6270056,2509973695.668904,2495400192.4614987,2480584419.8158536,2465513461.171656,2450173735.6082296,2434550952.5350237,2418630062.794153,2402395205.887095,2385829653.015596,2368915745.6035833,2351634828.941793,2333967180.570491,2315891932.9874773,2297386990.2390156,2278428937.919938,2258992946.0766034,2239052664.472076,2218580109.637545,2197545543.097633,2175917340.1201277,2153661848.303566,2130743235.279333,2107123324.7696602,2082761420.210012,2057614115.11554,2031635089.3481746,2004774890.4261637,1976980699.0144308,1948196077.745808,1918360702.5550969,1887410075.7659793,1855275220.2629943,1821882354.2166345,1787152546.0213149,1751001349.368689,1713338418.7314143,1674067105.9982905,1633084039.6106088,1590278688.3372135,1545532912.8384159,1498720509.4626067,1449706752.3650174,1398347942.123789,1344490971.664525,1287972923.6294107,1228620717.5147986,1166250830.171691,1100669119.8954997,1031670792.6795921,959040559.7257655,882553048.5784643,801973547.0351565,717059180.2681537,627560648.6633949,533224688.4365746,433797461.36897695,329029136.984807,218680004.10641652,102528544.18453288,-19617977.035696387,-147909681.1553446,-282436082.8629453,-423202726.49617654,-570100896.1237347,-722868389.9129701,-881038784.050904,-1043875926.9813526,-1210289621.5507,-1378727645.0427191,-1547038598.745619,-1712299904.531775,-1870606118.890418,-2016815267.6952057,-2144255213.5051746,-2244395250.690327,-2306477058.20436,-2317032473.0475173,-2258990980.866067,-2109537402.6337261,-1835261542.0915473,-1386346530.6942744,-723686876.6513265,-77139613.9050793,0.0
2954.0,1941063349.3986423,1923836926.626742,1906577573.2131767,1889285165.489996,1871959580.599434,1854600696.5467243,1837208392.2543187,1819782547.6175592,1802323043.5618088,1784829762.1010995,1767302586.3983066,1749741400.8268995,1732146091.0342908,1714516544.0068257,1696852648.136453,1679154293.2890773,1661421370.874689,1643653773.9192452,1625851397.1383967,1608014137.013043,1590141891.8668203,1572234561.945489,1554292049.4983113,1536314258.8614626,1518301096.5434766,1500252471.3128142,1482168294.287563,1464048479.0273433,1445892941.6274347,1427701600.8152013,1409474378.048831,1391211197.6184552,1372911986.7497056,1354576675.7097402,1336205197.9157825,1317797490.046249,1299353492.154519,1280873147.7853444,1262356404.0940554,1243803211.9684937,1225213526.1538465,1206587305.3803468,1187924512.4939556,1169225114.590048,1150489083.1501994,1131716394.1820972,1112907028.362641,1094060971.1843505,1075178213.105048,1056258749.7009676,1037302581.823319,1018309715.7583578,999280163.3910636,980213942.372469,961111076.2907268,941971594.8459594,922795534.0290036,903582936.304076,884333850.7954655,865048333.4783139,845726447.37356,826368262.7471323,806973857.3134446,787543316.4433043,768076733.3762829,748574209.4376414,729035854.2598934,709461786.009089,689852131.6158617,670207027.0114036,650526617.3683591,630811057.3467736,611060511.345187,591275153.7569208,571455169.2316628,551600752.9424372,531712110.8580518,511789460.0210719,491833028.8314602,471843057.3359289,451819797.5230813,431763513.624485,411674482.4216833,391552993.5593059,371399349.86428976,351213867.6713612,330996877.1548076,310748722.6666455,290469763.0812645,270160372.14661145,249820938.8420112,229451867.74267745,209053579.3909948,188626510.6746536,168171115.21167564,147687863.7424395,127177244.52870822,106639763.759768,86075945.96571493,65486334.43792081,44871491.65674734,24231999.72654104,3568460.817919016,-17118502.38256097,-37828246.215430975,-58560105.58391237,-79313393.48216772,-100087400.51615976,-120881394.41713262,-141694619.54776597,-162526296.40098143,-183375621.0914824,-204241764.84007192,-225123873.45079327,-246021066.780988,-266932438.2043784,5148238600.261704,5123467128.464877,5098735843.893892,5074045366.624685,5049396315.328207,5024789306.927565,5000224956.235289,4975703875.56971,4870019646.860821,4846676181.012821,4823372695.789797,4800109602.526121,4776887306.877634,4753706208.392705,4730566700.060381,4921828994.109749,4897267883.96915,4872746973.809557,4848266771.501463,4823827775.734597,4799430475.243707,4398177562.865982,4377461881.248733,4356807063.530678,4336213355.181648,4315680984.475996,4295210161.64759,4274801078.008716,4039883664.365727,4021044168.483673,4002275800.810596,3983578619.895192,3964952659.376231,3946397926.933798,3658580070.8458176,3643732350.618843,3628988827.529737,3614349083.948946,3599812654.042196,3585379022.166785,3714256671.289246,3697711688.8062897,3681216564.126816,3664770288.815368,3648371797.958452,3632019968.046323,3615713614.771529,3583349700.626025,3570713840.830475,3558099081.7492075,3545503614.6417236,3532925559.9810166,3520362965.166772,3507813802.157736,3495275965.0191917,3482747267.381063,3470225439.801941,3457708127.033854,3445192885.1821856,3432677178.7547846,3420158377.5937066,3407633753.682559,3395100477.8218074,3382555616.1637726,3369996126.5983734,3357418854.979844,3344820531.1839447,3332197764.984181,3319547041.734657,3306864717.846056,3294147016.040203,3281390020.3672814,3268589670.9685287,3255741758.565736,3242841918.657251,3229885625.3985095,3216868185.1431947,3203784729.619136,3190630208.7108345,3177399382.818105,3164086814.75782,3150686861.1728234,3137193663.4092045,3123601137.8197656,3109902965.448025,3096092581.0433016,3082163161.353285,3068107612.636131,3053918557.3292513,3039588319.8069115,3025108911.153141,3010472012.870495,2995668959.438858,2980690719.6314845,2965527876.48812,2950170605.8370743,2934608653.249601,2918831309.3008003,2902827383.001471,2886585173.254894,2870092438.18139,2853336362.141541,2836303520.276368,2818979840.369188,2801350561.8196383,2783400191.5052037,2765112456.289519,2746470251.9198885,2727455588.0387135,2708049529.014899,2688232130.2819495,2667982369.8492956,2647278074.632588,2626095841.2272873,2604410950.7282476,2582197277.175891,2559427189.1879153,2536071444.3140554,2512099075.630978,2487477270.075475,2462171237.997417,2436144073.4002957,2409356604.327851,2381767232.851596,2353331764.117657,2324003223.924516,2293731664.328563,2262463956.8148327,2230143572.6303644,2196710349.961523,2162100247.7509093,2126245086.1008532,2089072273.4084718,2050504520.6320138,2010459543.4137168,1968849753.1962566,1925581938.988046,1880556942.0811672,1833669326.833602,1784807051.630083,1733851145.3765802,1680675396.413759,1625146062.6182103,1567121613.7727213,1506452520.1202388,1442981104.4812317,1376541479.5435286,1306959597.0866275,1234053442.1687782,1157633412.910445,1077502935.718447,993459376.923265,905295325.2090139,812800335.3129923,715763242.7160144,613975181.9222312,507233467.91816056,395346531.9110234,278140138.6796198,155465153.60252815,27207171.615003526,-106701634.53410298,-246268048.39854383,-391420300.66639996,-541987094.0125923,-697672800.8007029,-858028638.8580964,-1022419974.846375,-1189990536.2898235,-1359625382.3544235,-1529916162.2028697,-1699134578.6301837,-1865222801.1514645,-2025811353.1576524,-2178270873.5642047,-2319780580.387137,-2447318548.1705174,-2557263262.1420536,-2643749166.4495482,-2693605606.7266083,-2672595415.6981297,-2490052084.98229,-1915743456.7638698,-595240702.382426,0.0
2953.0,2312482286.3219504,2295442891.899006,2278371288.4503536,2261267353.50326,2244130965.3135986,2226962002.9173403,2209760346.183448,2192525875.8682632,2175258473.671321,2157958022.292702,2140624405.4919283,2123257508.1484268,2105857216.3236184,2088423417.3246405,2070955999.769774,2053454853.655572,2035919870.42576,2018350943.0419245,2000747966.056052,1983110835.6849265,1965439449.8864613,1947733708.437974,1929993513.016466,1912218767.28096,1894409376.9568987,1876565249.922708,1858686296.2984967,1840772428.5370264,1822823561.516918,1804839612.6381943,1786820501.920189,1768766152.101871,1750676488.7446463,1732551440.3376796,1714390938.4057784,1696194917.6199317,1677963315.9105148,1659696074.583229,1641393138.4378612,1623054455.8898797,1604679979.0949495,1586269664.0764196,1567823470.8558586,1549341363.586666,1530823310.69087,1512269284.9991317,1493679263.8940403,1475053229.4567914,1456391168.6172523,1437693073.3075576,1418958940.6192489,1400188772.9640584,1381382578.2383933,1362540369.991609,1343662167.5981476,1324747996.433579,1305797888.0546863,1286811880.3836212,1267790017.896218,1248732351.814572,1229638940.303936,1210509848.6740284,1191345149.584845,1172144923.25703,1152909257.6869464,1133638248.8664467,1114332001.007552,1094990626.771998,1075614247.505826,1056202993.4791036,1036757004.1308084,1017276428.3190275,997761424.5765504,978212161.3719336,958628817.376142,939011581.734863,919360654.3465992,899676246.1466086,879958579.3968291,860207887.9818478,840424417.7110181,820608426.6268635,800760185.3198047,780879977.2493491,760968099.0718265,741024860.9747801,721050587.0180802,701045615.4818866,681010299.2215505,660945006.02953,640850119.0044374,620726036.9272866,600573174.6450572,580391963.4616284,560182851.536207,539946304.2893009,519682804.8163433,499392854.3090067,479076972.4843504,458735698.0217884,438369589.0080128,417979223.3898804,397565199.4353705,377128136.2026296,356668674.0171449,336187474.9571221,315685223.34705496,295162626.2595551,274620414.0254102,254059340.7519226,233480184.84949803,212883749.5664811,192270863.5322092,171642381.3082621,150999183.9478476,130342179.56324744,5689401154.242341,5663394357.352669,5637416874.832926,5611469241.491023,5585551989.47583,5559665647.897903,5533810742.428813,5507987794.877929,5388349381.705049,5363723162.196254,5339126184.965305,5314558765.976236,5290021213.666855,5265513828.46191,5241036902.261126,5437674284.454611,5411658316.483627,5385669304.228437,5359707639.280424,5333773702.165726,5307867861.509401,4876767191.572515,4854652264.321239,4832588705.66531,4810576682.522309,4788616341.942357,4766707810.137739,4744851191.471071,4504152512.762377,4484006572.442234,4463924935.667573,4443907616.039345,4423954599.207428,4404065841.639364,4069845355.091877,4053601161.210883,4037459018.462514,4021418528.281082,4005479239.634598,3989640647.126471,4192349092.834407,4174322540.521034,4156338440.297256,4138395694.1172495,4120493142.1615257,4102629560.4515247,4084803658.370001,4012525192.221159,3998451978.759041,3984392198.3009214,3970343884.7425804,3956304993.3057537,3942273397.9181814,3928246888.5025644,3914223168.1701994,3900199850.3148117,3886174455.601814,3872144408.847739,3858107035.7843523,3844059559.701422,3829999097.9617023,3815922658.3811817,3801827135.467078,3787709306.505513,3773565827.4900646,3759393228.8817887,3745187911.190448,3730946140.3658876,3716664042.9875865,3702337601.2394056,3687962647.6554823,3673534859.622074,3659049753.618828,3644502679.181645,3629888812.5677567,3615203150.1020465,3600440501.181838,3585595480.9155474,3570662502.3684416,3555635768.3866053,3540509262.9677033,3525276742.1446123,3509931724.3451085,3494467480.1877575,3478877021.6709228,3463153090.70819,3447288146.9597363,3431274354.905063,3415103570.0980787,3398767324.5407696,3382256811.106645,3365562866.939583,3348675955.7480116,3331586148.9079213,3314283105.281674,3296756049.65234,3278993749.665777,3260984491.164544,3242716051.789194,3224175672.713434,3205350028.370061,3186225194.014468,3166786610.9619493,3147019049.323909,3126906568.056569,3106432472.1236362,3085579266.5621576,3064328607.227895,3042661247.9837155,3020556984.0812473,2997994591.4731326,2974951761.7801256,2951405032.6249566,2927329713.032995,2902699803.5890536,2877487911.030324,2851665156.948162,2825201080.2666116,2798063533.1641827,2770218570.10815,2741630329.6788073,2712260908.875765,2682070229.6213903,2651015897.2094946,2619053050.492666,2586134203.66218,2552209079.5530796,2517224434.507978,2481123874.9608936,2443847666.0626707,2405332532.868742,2365511454.8562546,2324313454.840337,2281663383.729757,2237481703.014096,2191684267.4234805,2144182110.8675613,2094881239.5645318,2043682437.241301,1990481088.45295,1935167027.4712262,1877624421.8707302,1817731701.9482176,1755361549.5028038,1690380962.3487165,1622651414.3015778,1552029134.3551686,1478365533.4346907,1401507812.5627947,1321299792.5877843,1237583012.8642526,1150198154.4714575,1058986852.6625993,963793973.0990186,864470436.6831422,760876687.7964576,652886909.3127533,540394092.9608936,423316072.3292168,301602613.0772612,175243622.9969774,44278481.46507636,-91193624.7629779,-231002662.23037553,-374896618.95469433,-522531378.2400013,-673463448.4765586,-827148534.4814744,-982950603.8613088,-1140168465.397389,-1298090042.6432936,-1456088355.7118578,-1613776864.4000595,-1771242632.9094007,-1929366963.36322,-2090208870.7288885,-2257332374.6808805,-2435731725.6429424,-2630499429.9236174,-2842238602.9814243,-3054295203.032623,-3197117331.0725813,-3035746258.873888,-1798623689.1001496,0.0
2952.0,2690490656.141404,2673688123.7551413,2656854443.062232,2639989495.200123,2623093161.9589114,2606165325.831121,2589205870.0628657,2572214678.7064843,2555191636.674613,2538136629.7957826,2521049544.8715167,2503930269.735037,2486778693.31156,2469594705.680215,2452378198.13768,2435129063.263488,2417847194.987127,2400532488.656906,2383184841.110666,2365804150.748361,2348390317.6065674,2330943243.4349294,2313462831.774613,2295948988.0388184,2278401619.595379,2260820635.8514714,2243205948.3405457,2225557470.8114734,2207875119.3199563,2190158812.3222966,2172408470.771531,2154624018.2159905,2136805380.900362,2118952487.869287,2101065271.0735364,2083143665.478853,2065187609.1775024,2047197043.5025668,2029171913.1451,2011112166.274124,1993017754.659612,1974888633.798447,1956724763.0434847,1938526105.73572,1920292629.3396904,1902024305.582132,1883721110.5939703,1865383025.0557508,1847010034.3465123,1828602128.69624,1810159303.341948,1791681558.6874442,1773168900.4668932,1754621339.9122236,1736038893.9244902,1717421585.2492232,1698769442.6559029,1680082501.121599,1661360802.0188851,1642604393.308092,1623813329.7340126,1604987673.027128,1586127492.109445,1567232863.3050418,1548303870.555431,1529340605.6397758,1510343168.4001498,1491311666.9718258,1472246218.0187812,1453146946.9744797,1434013988.2880197,1414847485.6757762,1395647592.3786235,1376414471.424853,1357148295.8988645,1337849249.215765,1318517525.401986,1299153329.3819747,1279756877.2711563,1260328396.6751735,1240868126.9955883,1221376319.7421422,1201853238.8516457,1182299161.013667,1162714376.003081,1143099187.019626,1123453911.0345464,1103778879.1444812,1084074436.9326391,1064340944.8374572,1044578778.5287656,1024788329.2916412,1004970004.418008,985124227.606126,965251439.3680482,945352097.445163,925426677.2319326,905475672.207897,885499594.3780847,865498974.7218778,845474363.6504674,825426331.4729404,805355468.871124,785262387.3832543,765147719.8965015,745012121.1485021,724856268.2378705,704680861.1438298,684486623.254936,664274301.9069953,644044668.9301724,623798521.2053216,603536681.2295644,583259997.691108,562969346.0532951,542665629.1478696,6223793409.44479,6196517195.836,6169258790.441505,6142018638.441305,6114797181.291368,6087594856.32328,6060412096.321804,6033249329.079214,5900257731.954046,5874309608.80304,5848379426.42631,5822467404.849417,5796573755.028095,5770698678.322639,5744842365.945982,5945178871.322199,5917665030.591505,5890164306.368183,5862676976.15534,5835203305.072699,5807743544.993761,5348998467.708996,5325417272.95909,5301877140.000817,5278378159.890041,5254920401.699042,5231503911.450056,5208128711.003372,4963071399.401266,4941539970.384237,4920065108.905141,4898646788.551458,4877284952.60367,4855979512.654028,4474728220.755421,4456961724.647739,4439293943.099189,4421724509.168758,4404253000.152162,4386878935.423184,4664668219.872129,4645078837.432766,4625524309.971401,4606003487.52512,4586515155.048216,4567058029.848929,4547630758.925247,4433321167.954513,4417703881.236134,4402092305.030949,4386484360.292842,4370877883.464606,4355270623.609431,4339660239.445243,4324044296.27789,4308420262.829005,4292785507.953953,4277137297.245103,4261472789.515264,4245789033.1557765,4230082962.363353,4214351393.229352,4198591019.6846886,4182798409.2930603,4166969998.8847,4151102090.022101,4135190844.288706,4119232278.390684,4103222259.061198,4087156497.755767,4071030545.126324,4054839785.260664,4038579429.6728134,4022244511.0287585,4005829876.5906453,3989330181.3611965,3972739880.908602,3956053223.8505254,3939264243.974102,3922366751.9669204,3905354326.7319307,3888220306.2570105,3870957778.007535,3853559568.8077173,3836018234.173773,3818326047.058869,3800474985.966793,3782456722.3876657,3764262607.505484,3745883658.123321,3727310541.74773,3708533560.769549,3689542635.6734753,3670327287.2037,3650876617.4075823,3631179289.4736867,3611223506.274474,3590996987.5177774,3570486945.404519,3549680058.6834183,3528562444.9862475,3507119631.319974,3485336522.5845847,3463197367.977823,3440685725.1403856,3417784421.8875437,3394475515.3656125,3370740248.4646225,3346559003.311698,3321911251.663699,3296775502.0124416,3271129243.211931,3244948884.434646,3218209691.263526,3190885717.7284713,3162949734.1014056,3134373150.2730217,3105125934.5481267,3075176527.7159624,3044491752.2782516,3013036716.7523217,2980774715.011301,2947667120.67979,2913673276.674059,2878750380.0632215,2842853362.5353217,2805934766.883282,2767944620.084663,2728830303.7412925,2688536422.8756685,2647004674.357809,2604173716.5667477,2559979042.284728,2514352857.289954,2467223967.668647,2418517679.5231886,2368155715.5280266,2316056153.6974187,2262133394.80214,2206298166.1304464,2148457570.761035,2088515193.233413,2026371274.4987144,1961922971.3478348,1895064718.180956,1825688712.0383065,1753685545.286173,1678945014.2613206,1601357136.5165887,1520813414.0368004,1437208384.803379,1350441510.1768627,1260419450.3888056,1167058784.4098947,1070289232.6667233,970057440.0761213,866331370.4428236,759105348.0699776,648405753.4214547,534297329.33211136,416889971.45957756,296345745.0698141,172885666.08291233,46795473.428764164,-81570846.06277046,-211791706.2542442,-343385666.5662968,-475830611.61442816,-608600658.2314808,-741229667.1863853,-873413422.0065176,-1005165955.8464425,-1137048007.3550258,-1270484354.1656876,-1408175742.9662075,-1554578417.9367583,-1716348752.5375543,-1902499469.7314048,-2123745477.872349,-2390083623.414073,-2704910272.682485,-3051857807.7281604,-3356775274.1132684,-3214594338.310766,0.0
2951.0,3073900521.008716,3057379867.888964,3040829431.0908227,3024249097.452099,3007638754.3892155,2990998289.9447846,2974327592.8365774,2957626552.507914,2940895059.179457,2924133003.902521,2907340278.6138406,2890516776.1919346,2873662390.515002,2856777016.520443,2839860550.2660594,2822912888.9929013,2805933931.189861,2788923576.6600366,2771881726.5889,2754808283.6142983,2737703151.8983765,2720566237.201401,2703397446.957564,2686196690.352835,2668963878.404852,2651698924.0449343,2634401742.202259,2617072249.8902454,2599710366.295196,2582316012.8672466,2564889113.413692,2547429594.194687,2529937384.0214663,2512412414.357052,2494854619.419543,2477263936.288042,2459640305.0113,2441983668.719055,2424293973.736256,2406571169.700105,2388815209.680072,2371026050.300884,2353203651.868617,2335347978.499884,2317458998.254256,2299536683.269946,2281581009.902819,2263591958.8688545,2245569515.390062,2227513669.343972,2209424415.416785,2191301753.260208,2173145687.652109,2154956228.6610403,2136733391.8147392,2118477198.27264,2100187675.002544,2081864854.9614964,2063508777.280962,2045119487.4563973,2026697037.5413127,2008241486.3459103,1989752899.640384,1971231350.3630035,1952676918.8330588,1934089692.9687564,1915469768.5102088,1896817249.2475643,1878132247.2544224,1859414883.1266284,1840665286.2265413,1821883594.9329016,1803069956.8964005,1784224529.3010695,1765347479.1315732,1746438983.4465628,1727499229.6581936,1708528415.817874,1689526750.908466,1670494455.1429424,1651431760.2696958,1632338909.8846087,1613216159.749989,1594063778.1204972,1574882046.076213,1555671257.8629422,1536431721.239896,1517163757.8348732,1497867703.5070753,1478543908.717672,1459192738.908243,1439814574.8872502,1420409813.2246208,1400978866.6546135,1381522164.4870706,1362040153.0271764,1342533296.003871,1323002075.0070093,1303446989.933421,1283868559.4419646,1264267321.4177089,1244643833.4453435,1224998673.2919407,1205332439.399192,1185645751.385177,1165939250.555822,1146213600.4261086,1126469487.2511346,1106707620.5671206,1086928733.7424312,1067133584.5386811,1047322955.682014,1027497655.4445772,1007658518.2362788,987806405.2068404,967942204.8581786,6749759650.430267,6721180830.396765,6692607730.028096,6664040701.464876,6635480092.270338,6606926245.024957,6578379496.89917,6549840179.203121,6404208687.057833,6376900617.0127945,6349598676.376213,6322302989.941494,6295013672.231342,6267730826.953794,6240454546.431776,6442837883.480892,6413786497.398685,6384733886.202673,6355680217.2883415,6326625644.95916,6297570309.572678,5813615698.400043,5788502763.280171,5763419807.766115,5738366851.201393,5713343889.463597,5688350893.83459,5663387809.822855,5415363063.153196,5392365527.781958,5369415874.704506,5346514042.6831255,5323659938.582563,5300853435.876406,4872653109.195918,4853238946.751857,4833918918.656136,4814692703.446655,4795559921.744695,4776520133.8800335,5129383504.871347,5108143433.110453,5086930301.659874,5065742944.875895,5044580130.737342,5023440558.195478,5002322854.420561,4844419337.145261,4827147521.950375,4809873600.188162,4792595426.431005,4775310767.108097,4758017297.477406,4740712598.498567,4723394153.60321,4706059345.358981,4688705452.023441,4671329643.98362,4653928980.076945,4636500403.788857,4619040739.32221,4601546687.533209,4584014821.728315,4566441583.31617,4548823277.308139,4531156067.660731,4513435972.452544,4495658858.887999,4477820438.119387,4459916259.878324,4441941706.906855,4423891989.177855,4405762137.893449,4387546999.249458,4369241227.952776,4350839280.477671,4332335408.045911,4313723649.31431,4294997822.752135,4276151518.689328,4257178091.0150495,4238070648.5043416,4218822045.749141,4199424873.667784,4179871449.5653014,4160153806.714572,4140263683.4261527,4120192511.572073,4099931404.526388,4079471144.4823847,4058802169.103551,4037914557.4621663,4016798015.216245,3995441858.972093,3973834999.776223,3951965925.676642,3929822683.2897673,3907392858.305368,3884663554.857875,3861621373.688605,3838252389.019379,3814542124.0542955,3790475525.0227075,3766036933.673154,3741210058.124978,3715977941.9819465,3690322931.610472,3664226641.4841924,3637669917.497028,3610632798.148558,3583094473.50916,3555033241.8780217,3526426464.0555444,3497250515.163201,3467480733.959333,3437091369.6194205,3406055525.9748187,3374345103.236039,3341930737.2664,3308781736.520735,3274866016.82343,3240150034.2323494,3204598716.3221197,3168175392.3245463,3130841722.688405,3092557628.7687416,3053281223.531166,3012968744.363565,2971574489.331531,2929050758.5001073,2885347802.2799487,2840413779.148162,2794194725.55136,2746634541.330584,2697674994.6254764,2647255750.9305873,2595314431.8034825,2541786709.6771493,2486606446.324368,2429705883.776228,2371015897.929015,2310466326.70118,2247986386.4420958,2183505192.3612638,2116952401.0494246,2048258995.701973,1977358237.4147654,1904186808.8645267,1828686179.7358522,1750804226.285038,1670497140.2273393,1587731664.3686147,1502487693.5687985,1414761278.9614944,1324568069.7281446,1231947218.4674673,1136965760.8713517,1039723454.4760761,940358019.5958979,839050660.8547201,736031649.6308163,631585601.6365162,526055869.5665374,419847160.8266075,313425048.6093894,207310425.44111246,102066098.78870238,-1728403.845598638,-103519197.86147301,-202844668.4492256,-299435244.5759496,-393356509.73463017,-485205460.061282,-576365317.2831218,-669311814.5587916,-767937197.133842,-877810433.0647115,-1006221958.3685212,-1161793575.037473,-1353489111.824808,-1589548072.2774873,-1880449948.4770954,-2264697797.118934,-2904792669.1747146,0.0
2950.0,3461475063.22905,3445276091.340124,3429048965.49285,3412793579.9594536,3396509829.514794,3380197609.48125,3363856815.774928,3347487344.953257,3331089094.263936,3314661961.695346,3298205846.0283976,3281720646.889872,3265206264.8073106,3248662601.2654285,3232089558.764184,3215487040.8784347,3198854952.319299,3182193198.9972253,3165501688.086813,3148780328.093439,3132029028.9217205,3115247701.9458427,3098436260.0818243,3081594617.86176,3064722691.5100555,3047820399.021735,3030887660.2428527,3013924396.953068,2996930532.950411,2979905994.138314,2962850708.614953,2945764606.7649326,2928647621.353405,2911499687.622648,2894320743.391156,2877110729.1553354,2859869588.193826,2842597266.674509,2825293713.764316,2807958881.741808,2790592726.1126885,2773195205.728229,2755766282.906744,2738305923.558117,2720814097.3115096,2703290777.646282,2685735942.0261903,2668149572.036997,2650531653.5274687,2632882176.7539425,2615201136.528446,2597488532.3705416,2579744368.662865,2561968654.8105583,2544161405.404613,2526322640.3891783,2508452385.2330303,2490550671.1051865,2472617535.054788,2454653020.1953816,2436657175.893636,2418630057.962623,2400571728.8597603,2382482257.889497,2364361721.4108624,2346210203.049963,2328027793.91756,2309814592.8317924,2291570706.546193,2273296249.9830966,2254991346.4725304,2236656127.9967213,2218290735.440356,2199895318.8466563,2181470037.6794405,2163015061.091253,2144530568.1977355,2126016748.3582883,2107473801.463244,2088901938.22758,2070301380.4913805,2051672361.527148,2033015126.35408,2014329932.059476,1995617048.127392,1976876756.774704,1958109353.294664,1939315146.408162,1920494458.622777,1901647626.599788,1882775001.5292816,1863876949.5134945,1844953851.958548,1826006105.9746928,1807034124.7852645,1788038338.1444197,1769019192.7638688,1749977152.748701,1730912700.042485,1711826334.8817525,1692718576.2600465,1673589962.4016452,1654441051.245119,1635272420.936873,1616084670.3347592,1596878419.521974,1577654310.3312964,1558413006.8798518,1539155196.1144855,1519881588.3679042,1500592917.925663,1481289943.604143,1461973449.3395965,1442644244.788389,1423303165.9385033,1403951075.7323856,7265713123.982418,7235800115.733713,7205880213.570143,7175953674.022937,7146020748.414406,7116081682.463507,7086136715.870611,7056186081.880384,6898731013.63666,6870026705.190767,6841316261.156115,6812599712.834831,6783877080.421673,6755148372.462358,6726413585.286382,6929235994.628428,6898611502.111185,6867971034.064856,6837314653.087392,6806642408.597706,6775954336.026018,6269442064.442686,6242734502.68026,6216045104.476093,6189373822.705256,6162720585.981112,6136085297.497101,6109467833.819923,5859827439.582928,5835282830.129337,5810776438.169458,5786308172.692879,5761877910.019726,5737485492.236004,5263168901.537443,5241984175.335226,5220887719.066035,5199879271.459768,5178958512.474848,5158125060.760229,5584736004.377662,5561751495.946131,5538785547.420616,5515837010.533827,5492904671.301281,5469987247.372749,5447083385.281926,5244623322.227793,5225583967.901444,5206534535.75977,5187472861.033676,5168396689.458753,5149303674.177334,5130191372.543301,5111057242.826759,5091898640.815715,5072712816.311664,5053496909.515932,5034247947.303477,5014962839.380652,4995638374.323377,4976271215.491859,4956857896.817938,4937394818.460837,4917878242.326893,4898304287.448657,4878668925.21838,4858967974.470683,4839197096.408915,4819351789.369231,4799427383.416215,4779419034.763312,4759321720.010998,4739130230.195049,4718839164.636842,4698442924.58691,4677935706.652526,4657311495.999305,4636564059.316143,4615686937.532029,4594673438.272468,4573516628.042306,4552209324.120884,4530744086.154342,4509113207.428891,4487308705.807728,4465322314.313003,4443145471.333081,4420769310.433956,4398184649.7523365,4375381980.946527,4352351457.679717,4329082883.608984,4305565699.851662,4281788971.8994617,4257741375.949271,4233411184.6182833,4208786252.0099506,4183853998.096286,4158601392.3813086,4133014936.8100176,4107080647.887324,4080784037.971858,4054110095.710859,4027043265.5842385,3999567426.5290465,3971665869.6196737,3943321274.7848334,3914515686.549784,3885230488.8017783,3855446378.588691,3825143338.975825,3794300611.004346,3762896664.817428,3730909170.047727,3698314965.5929885,3665090028.9465246,3631209445.2970324,3596647376.6690154,3561377031.44255,3525370634.670744,3488599399.707215,3451033501.7662034,3412642054.167234,3373393088.167295,3333253537.459553,3292189228.6224685,3250164879.040582,3207144104.093199,3163089435.724535,3117962354.8744025,3071723340.6684875,3024331939.748585,2975746859.67317,2925926090.945628,2874827062.939481,2822406839.7963,2768622363.281066,2713430750.600705,2656789656.3317204,2598657708.869176,2538995033.204885,2477763873.3676524,2414929329.505627,2350460226.3444533,2284330131.585081,2216518544.662697,2147012278.0962453,2075807055.3001525,2002909350.034687,1928338493.3903072,1852129073.977644,1774333655.3225904,1695025830.6315289,1614303628.096616,1532293268.3658369,1449153257.7882767,1365078773.9320014,1280306260.0918055,1195118088.279231,1109847069.2343526,1024880475.2685486,940663087.3307018,857698570.1690468,776548207.2480137,697825681.7373581,622186173.2363085,550307577.9220579,482861228.3064655,420469257.72204375,363646059.8516563,312722740.77885747,267757049.03260842,228438462.70385993,194010659.33887905,163252622.75966057,134583283.99987248,106373622.65580308,77543288.8023035,48451105.91026635,21881887.35784828,3200723.1032687644,-3412697.1051330785,-2826943.867375238,0.0
2949.0,3851936004.66488,3836092959.419247,3820223613.188135,3804327869.032386,3788405630.433726,3772456801.336362,3756481286.1898713,3740478989.9933777,3724449818.3410335,3708393677.4688926,3692310474.303134,3676200116.5097456,3660062512.545641,3643897571.711265,3627705204.2047567,3611485321.177634,3595237834.792116,3578962658.2800627,3562659706.003595,3546328893.517442,3529970137.633044,3513583356.484439,3497168469.596016,3480725397.952134,3464254064.068686,3447754392.066618,3431226307.747498,3414669738.6711235,3398084614.2352686,3381470865.757584,3364828426.559728,3348157232.0537386,3331457219.8307667,3314728329.752148,3297970504.0429296,3281183687.387867,3264367827.0299788,3247522872.871687,3230648777.578639,3213745496.686244,3196812988.7089987,3179851215.2526484,3162860141.1293035,3145839734.4754853,3128789966.873273,3111710813.474539,3094602253.128382,3077464268.5118465,3060296846.2639456,3043099977.123124,3025873656.068208,3008617882.4629245,2991332660.204061,2974017997.8733788,2956673908.8933387,2939300411.686717,2921897529.8402224,2904465292.272212,2887003733.404536,2869512893.338688,2851992818.036294,2834443559.5040693,2816865175.983314,2799257732.1440854,2781621299.2841177,2763955955.532594,2746261786.0589185,2728538883.2865376,2710787347.1119585,2693007285.1290874,2675198812.85896,2657362053.985016,2639497140.594033,2621604213.4228373,2603683422.110892,2585734925.4589305,2567758891.693741,2549755498.7392087,2531724934.493815,2513667397.11464,2495583095.3080745,2477472248.627356,2459335087.777057,2441171854.9246902,2422982804.019552,2404768201.1189923,2386528324.722196,2368263466.1116853,2349973929.702676,2331660033.4004154,2313322108.965713,2294960502.3887725,2276575574.2715,2258167700.2184696,2239737271.236679,2221284694.144279,2202810391.988436,2184314804.47248,2165798388.3925424,2147261618.083807,2128704985.8765635,2110129002.562247,2091534197.869592,2072921120.95112,2054290340.8800795,2035642447.1580355,2016978050.233275,1998297782.030177,1979602296.4897227,1960892270.12131,1942168402.566012,1923431417.1714635,1904682061.5785065,1885921108.319749,1867149355.4302,1848367627.0700696,7770144560.232159,7738868095.889152,7707571662.254923,7676255418.404871,7644919517.793503,7613564107.886136,7582189329.771732,7550795317.755778,7382425777.595666,7352291331.423454,7322138089.432098,7291965991.9469795,7261774967.717464,7231564933.397617,7201335793.003306,7403053028.389294,7370824695.473572,7338565320.91612,7306274868.668495,7273953290.018768,7241600522.859259,6715384032.697375,6687022569.983469,6658666766.960381,6630316515.962971,6601971684.98093,6573632116.507864,6545297626.342569,6295348332.184069,6269176624.582844,6243032468.50374,6216915747.679121,6190826313.242878,6164763982.138323,5645941217.01777,5622867417.148307,5599874707.81031,5576962902.875738,5554131758.009007,5531380968.026712,6029059692.021929,6004232179.566146,5979414219.507185,5954604709.364314,5929802483.417751,5905006310.14361,5880214889.552099,5632869012.897969,5611947895.724743,5591008498.433298,5570048682.786856,5549066221.978199,5528058797.548466,5507023996.213566,5485959306.5962715,5464862115.861919,5443729706.255712,5422559251.539551,5401347813.326338,5380092337.309652,5358789649.386723,5337436451.672546,5316029318.403031,5294564691.724987,5273038877.370779,5251448040.215471,5229788199.714132,5208055225.217128,5186244831.161023,5164352572.132785,5142373837.804867,5120303847.73877,5098137646.054572,5075870095.963874,5053495874.163569,5031009465.087784,5008405155.015175,4985677026.028871,4962818949.826086,4939824581.374466,4916687352.412137,4893400464.788302,4869956883.641243,4846349330.410439,4822570275.679547,4798611931.846908,4774466245.620297,4750124890.33264,4725579258.075532,4700820451.64757,4675839276.314706,4650626231.380198,4625171501.56221,4599464948.177707,4573496100.132108,4547254144.715231,4520727918.205326,4493905896.284736,4466776184.272689,4439326507.183394,4411544199.620654,4383416195.524065,4354929017.786558,4326068767.768604,4296821114.741193,4267171285.2978263,4237104052.7854686,4206603726.8159533,4175654142.9331455,4144238652.527446,4112340113.108512,4079940879.0698595,4047022793.105813,4013567178.4726834,3979554832.3230767,3944966020.385304,3909780473.3103523,3873977385.0676427,3837535413.8391027,3800432685.940608,3762646803.391697,3724154855.861086,3684933437.8383102,3644958672.02357,3604206240.090767,3562651422.1657257,3520269146.5758057,3477034051.6718473,3432920561.802315,3387902979.8366323,3341955598.994237,3295052837.1420255,3247169397.1804643,3198280457.6518097,3148361898.2773366,3097390565.7677526,3045344585.955692,2992203729.0728455,2937949835.8377504,2882567312.9306026,2826043707.403547,2768370370.597431,2709543223.1921515,2649563634.081074,2588439426.7927103,2526186028.131422,2462827774.499552,2398399391.895616,2332947665.722072,2266533316.1024404,2199233093.1648107,2131142104.3884358,2062376382.2332296,1993075694.3678024,1923406590.2357972,1853565665.6543913,1783783010.6588566,1714325783.7759087,1645501827.113779,1577663199.9452386,1511209463.0590081,1446590492.3060138,1384308539.8791633,1324919202.563794,1269030911.819044,1217302558.946999,1170438960.4054537,1129184141.0878282,1094313011.8208554,1066623168.7269754,1046930580.4921559,1036076296.3338052,1034956471.6178316,1044595180.9370105,1066287895.8400495,1101849880.0571342,1153999952.7334182,1226881524.0725882,1326657489.6480143,1462064216.096718,1645167711.2742057,1895257468.9614255,2260753715.504307,2900611820.2464614,0.0
2948.0,4243971406.729066,4228512696.956848,4213029718.205132,4197522383.281975,4181990605.325041,4166434297.839328,4150853374.736085,4135247750.3729343,4119617339.595224,4103962057.778648,4088281820.873189,4072576545.448349,4056846148.739788,4041090548.6973047,4025309664.034321,4009503414.278749,3993671719.8254175,3977814501.9900055,3961931683.0645633,3946023186.374631,3930088936.3380194,3914128858.525274,3898142879.7218704,3882130927.992172,3866092932.745228,3850028824.802395,3833938536.466882,3817822001.595245,3801679155.670845,3785509935.8793936,3769314281.1865454,3753092132.417651,3736843432.339697,3720568125.745485,3704266159.540103,3687937482.8297415,3671582047.0129457,3655199805.87426,3638790715.680473,3622354735.279377,3605891826.201201,3589401952.7627244,3572885082.174174,3556341184.648919,3539770233.516103,3523172205.3361964,3506547080.0196047,3489894840.948371,3473215475.1010566,3456508973.18086,3439775329.747073,3423014543.3499336,3406226616.66894,3389411556.6547527,3372569374.674732,3355700086.662176,3338803713.2694044,3321880280.024741,3304929817.493448,3287952361.442789,3270947953.011237,3253916638.881974,3236858471.46074,3219773509.0581603,3202661816.076655,3185523463.201988,3168358527.599644,3151167093.116058,3133949250.48485,3116705097.5382013,3099434739.423417,3082138288.8248653,3064815866.1913705,3047467599.9692016,3030093626.840764,3012694091.969131,2995269149.2485714,2977818961.561141,2960343701.0395474,2942843549.3363643,2925318697.8997755,2907769348.255977,2890195712.298372,2872598012.583724,2854976482.635417,2837331367.2539606,2819662922.8349075,2801971417.6943407,2784257132.4020967,2766520360.122864,2748761406.965368,2730980592.3397527,2713178249.323385,2695354725.0352173,2677510381.0189047,2659645593.6348486,2641760754.461344,2623856270.705009,2605932565.6207123,2587990078.9411354,2570029267.316198,2552050604.76253,2534054583.123151,2516041712.537612,2498012521.922729,2479967559.464152,2461907393.11893,2443832611.129309,2425743822.5479403,2407641657.774667,2389526769.105168,2371399831.291558,2353261542.1152306,2335112622.972076,2316953819.470313,2298785902.0410824,8261629847.57506,8228963672.126978,8196264058.80584,8163531067.989778,8130764754.229731,8097965165.921049,8065132344.958736,8032266326.375601,7853973164.078066,7822377705.839811,7790750456.337072,7759091267.940434,7727399981.33078,7695676425.020866,7663920414.856155,7863068561.28074,7829211140.683685,7795307388.017201,7761357175.090823,7727360362.120357,7693316797.10244,7150434718.751406,7120364697.368717,7090287193.925266,7060202046.394154,7030109069.03013,7000008051.261048,6969898756.533836,6720898857.380188,6693022321.342334,6665161658.0647545,6637316729.609295,6609487366.347464,6581673365.385333,6020742443.767498,5995667260.132025,5970664649.008726,5945734513.807832,5920876701.790695,5896091001.393976,6460802208.865913,6434029741.687509,6407257027.83549,6380483033.234745,6353706664.665951,6326926767.356467,6300142122.482382,6008233175.131279,5985316361.517102,5962372743.827914,5939400253.499345,5916396736.522097,5893359950.458025,5870287561.371225,5847177140.672962,5824026161.879383,5800831997.281092,5777591914.523645,5754303073.09826,5730962520.742067,5707567189.747399,5684113893.179715,5660599321.00398,5637020036.119383,5613372470.302611,5589652920.059898,5565857542.388491,5541982350.448228,5518023209.144342,5493975830.622717,5469835769.6792555,5445598419.085279,5421259004.831225,5396812581.29131,5372254026.312262,5347578036.229577,5322779120.815409,5297851598.162517,5272789589.509494,5247587014.012949,5222237583.473115,5196734797.02006,5171071935.768484,5145242057.450075,5119237991.033295,5093052331.341602,5066677433.682395,5040105408.500221,5013328116.0693245,4986337161.242326,4959123888.273638,4931679375.73831,4903994431.569405,4876059588.239574,4847865098.115501,4819400929.017263,4790656760.018433,4761621977.527077,4732285671.692673,4702636633.18961,4672663350.434168,4642354007.299258,4611696481.399368,4580678343.027669,4549286854.838034,4517508972.377164,4485331345.586151,4452740321.407152,4419721947.649448,4386261978.290657,4352345880.413332,4317958843.005415,4283085787.8852806,4247711383.0490885,4211820058.7807016,4175396026.9128776,4138423303.6841345,4100885736.69931,4062767036.574411,4024050813.929421,3984720622.487218,3944760009.144453,3904152572.002626,3862882027.486582,3820932287.834853,3778287550.4242506,3734932400.5915375,3690851929.8405356,3646031871.575709,3600458756.7856636,3554120092.4140697,3507004565.50338,3459102276.579939,3410405006.16852,3360906518.780213,3310602909.2084107,3259492996.490867,3207578771.4455976,3154865904.2566843,3101364319.160195,3047088843.8424983,2992059941.68907,2936304535.478257,2879856931.4579315,2822759852.917041,2765065592.2961183,2706837290.4790125,2648150351.058004,2589093995.9250717,2529772966.3429155,2470309370.4884763,2410844674.1061893,2351541825.1000776,2292587495.3642993,2234194413.6519036,2176603751.638214,2120087511.5506535,2064950848.1583726,2011534241.5176258,1960215421.715317,1911410936.8331687,1865577257.3478122,1823211335.8525763,1784850609.492749,1751072574.4434135,1722494324.6384845,1699772902.2027838,1683608057.547593,1674750202.0399013,1674018124.2081947,1682333590.9388237,1700783303.5507035,1730722459.3049629,1773937012.320714,1832880054.0904486,1910983504.8811088,2013003103.275158,2145251104.7307575,2315349463.2308526,2530692356.9283094,2793948041.406205,3091958965.4895797,3361549892.4285746,3210521850.831883,0.0
2947.0,4636243780.50796,4621191762.642158,4606117640.904746,4591021338.406395,4575902778.483093,4560761884.7293415,4545598581.03245,4530412791.607945,4515204441.036081,4499973454.299525,4484719756.822222,4469443274.509474,4454143933.789271,4438821661.6548815,4423476385.708775,4408108034.207854,4392716536.110096,4377301821.122555,4361863819.750853,4346402463.350101,4330917684.177392,4315409415.445768,4299877591.379835,4284322147.272977,4268743019.5462527,4253140145.808967,4237513464.921024,4221862917.057062,4206188443.772396,4190489988.070886,4174767494.474679,4159020909.095946,4143250179.710649,4127455255.8343487,4111636088.8001385,4095792631.83874,4079924840.160843,4064032671.041669,4048116083.907917,4032175040.427052,4016209504.599044,4000219442.850623,3984204824.132063,3968165620.016605,3952101804.80256,3936013355.618155,3919900252.529181,3903762478.6495447,3887600020.254739,3871412866.8983474,3855201011.5316434,3838964450.626327,3822703184.300529,3806417216.448107,3790106554.871357,3773771211.4171705,3757411202.116776,3741026547.3291016,3724617271.8878784,3708183405.252546,3691724981.663064,3675242040.298744,3658734625.441131,3642202786.6411095,3625646578.890286,3609066062.79674,3592461304.765299,3575832377.182385,3559179358.605562,3542502333.9579263,3525801394.7273893,3509076639.171032,3492328172.524585,3475556107.2172413,3458760563.0918136,3441941667.630457,3425099556.1860547,3408234372.2193537,3391346267.542076,3374435402.5660496,3357501946.558547,3340546077.903994,3323567984.37213,3306567863.392829,3289545922.3377028,3272502378.8086567,3255437460.93353,3238351407.6690307,3221244469.1110687,3204116906.812706,3186968994.109866,3169801016.454995,3152613271.758827,3135406070.740469,3118179737.2859583,3100934608.815499,3083671036.659561,3066389386.4440384,3049090038.4846573,3031773388.1908464,3014439846.4792705,2997089840.1972184,2979723812.556077,2962342223.575106,2944945550.535686,2927534288.4463367,2910108950.518641,2892670068.6543703,2875218193.943997,2857753897.176836,2840277769.363052,2822790422.26775,2805292488.957409,2787784624.358876,2770267505.8311768,2752741833.750357,8738836801.517717,8704758357.717707,8670632687.76757,8636459752.602417,8602239507.305305,8567971900.830364,8533656875.7127695,8499294367.764924,8312138545.446896,8279054848.044029,8245926090.032484,8212752039.101498,8179532451.463142,8146267071.431002,8112955630.981633,8308165529.367269,8272659862.688623,8237092438.102966,8201463041.6756735,8165771449.427855,8130017426.842145,7573676191.8834915,7541848546.584998,7509999693.067976,7478129420.936962,7446237497.385841,7414323666.164814,7382387646.505619,7135545585.008469,7105890174.795523,7076237945.59532,7046588740.095564,7016942371.003478,6987298619.531428,6387439889.957959,6360258897.442281,6333140602.094655,6306085009.779943,6279092073.790968,6252161692.20768,6878544389.702444,6849723431.889584,6820891479.992245,6792047584.394991,6763190741.800138,6734319893.035417,6705433920.782765,6369940091.585411,6344915594.991831,6319855348.991016,6294757393.66742,6269619688.844053,6244440111.26815,6219216451.72076,6193946412.049952,6168627602.127539,6143257536.72937,6117833632.339487,6092353203.87858,6066813461.357553,6041211506.457127,6015544329.034801,5989808803.560777,5964001685.484797,5938119607.536235,5912159075.960142,5886116466.692495,5859988021.47826,5833769843.936499,5807457895.577297,5781047991.77587,5754535797.7099495,5727916824.267197,5701186423.930304,5674339786.648121,5647371935.702314,5620277723.579794,5593051827.862541,5565688747.147381,5538182797.009756,5510528106.026783,5482718611.876559,5454748057.53217,5426609987.570833,5398297744.620418,5369804465.9678,5341123080.355843,5312246304.998299,5283166642.844769,5253876380.130829,5224367584.251848,5194632102.002614,5164661558.228943,5134447354.941864,5103980670.949842,5073252462.069826,5042253461.983918,5010974183.814956,4979404922.501573,4947535758.061382,4915356559.839851,4882856991.852351,4850026519.338028,4816854416.656393,4783329776.67135,4749441521.782807,4715178416.783207,4680529083.735592,4645482019.091506,4610025613.291184,4574148173.115789,4537837947.091903,4501083154.282928,4463872016.840461,4426192796.732154,4388033837.111201,4349383608.847272,4310230762.8001,4270564188.485884,4230373079.8638105,4189647009.0565295,4148376008.91518,4106550665.447391,4064162221.247121,4021202691.198749,3977664991.875925,3933543086.21929,3888832145.2569094,3843528728.828006,3797630987.484644,3751138887.977098,3704054464.9761415,3656382101.9476275,3608128844.368668,3559304748.7560415,3509923271.2595305,3460001699.8468466,3409561634.359809,3358629518.9370008,3307237231.4539742,3255422734.6996403,3203230793.9498644,3150713765.3700495,3097932459.219232,3044957081.066837,2991868253.0819373,2938758115.807609,2885731508.5650725,2832907223.599245,2780419325.1174836,2728418519.312922,2677073555.1293006,2626572627.7630415,2577124747.6163545,2528961026.6376133,2482335821.953691,2437527664.026321,2394839884.4712887,2354600849.355707,2317163700.93554,2282905520.4185357,2252225855.886651,2225544627.456061,2203299547.649527,2185943409.918677,2173941945.349412,2167773482.8010626,2167932436.2634172,2174939743.925081,2189364806.7325783,2211865084.1668997,2243250810.317118,2284582025.26373,2337300409.001086,2403383235.4050503,2485468953.327317,2586818868.5109234,2710794875.636942,2859123797.030072,3027229056.0078597,3192149409.5503197,3279409950.286289,3059484334.820245,1793449328.3977654,0.0
2946.0,5027398433.233753,5012769261.859406,4998120237.867669,4983451294.824636,4968762366.401194,4954053386.401081,4939324288.78989,4924575007.725053,4909805477.586825,4895015633.01029,4880205408.918417,4865374740.556196,4850523563.525887,4835651813.823366,4820759427.875691,4805846342.579805,4790912495.342477,4775957824.121502,4760982267.468176,4745985764.571079,4730968255.301222,4715929680.258549,4700869980.819871,4685789099.18825,4670686978.44386,4655563562.596371,4640418796.638904,4625252626.603571,4610064999.618658,4594855863.967495,4579625169.149024,4564372865.940159,4549098906.459927,4533803244.235468,4518485834.269932,4503146633.112315,4487785598.92929,4472402691.579062,4456997872.687331,4441571105.725376,4426122356.09035,4410651591.187794,4395158780.51648,4379643895.755584,4364106910.854298,4348547802.123896,4332966548.33233,4317363130.801446,4301737533.506834,4286089743.1804,4270419749.415752,4254727544.7764153,4239013124.9069858,4223276488.647285,4207517638.149586,4191736578.9989696,4175933320.336922,4160107874.988228,4144260259.5912337,4128390494.731586,4112498605.079511,4096584619.5307393,4080648571.351128,4064690498.325119,4048710442.9081,4032708452.382742,4016684579.019468,4000638880.241104,3984571418.791804,3968482262.9104304,3952371486.508401,3936239169.352172,3920085397.250456,3903910262.2462873,3887713862.814042,3871496304.0615497,3855257697.937423,3838998163.443702,3822717826.85399,3806416821.9371634,3790095290.1868143,3773753381.056589,3757391252.201518,3741009069.725506,3724607008.4351377,3708185252.099952,3691743993.719306,3675283435.796042,3658803790.617075,3642305280.541103,3625788138.2935743,3609252607.269126,3592698941.8416348,3576127407.6820927,3559538282.08448,3542931854.2998166,3526308425.878619,3509668311.0219145,3493011836.9410725,3476339344.2266006,3459651187.2261662,3442947734.4320383,3426229368.8781657,3409496488.547141,3392749506.787228,3375988852.739766,3359214971.777117,3342428325.951423,3325629394.4544587,3308818674.0887504,3291996679.750304,3275163944.923146,3258321022.185956,3241468483.731075,3224606921.8961515,3207736949.708686,9200530974.767591,9165022066.89618,9129451902.956703,9093820344.099487,9058127245.746635,9022372457.375782,8986555822.29433,8950677177.403715,8755777749.60422,8721182841.876944,8686529392.804335,8651817088.687557,8617045604.847214,8582214605.272379,8547323742.256522,8737332847.502867,8700166409.54438,8662922738.512482,8625601540.61282,8588202513.939889,8550725348.132281,7984280722.880979,7950652920.2934065,7916989655.8710785,7883290676.243355,7849555707.5623665,7815784454.57562,7781976599.661657,7538451312.29952,7506948080.743747,7475434338.210789,7443909908.708994,7412374588.7140465,7380828145.756882,6745982470.455469,6716600676.806954,6687270332.361431,6657991555.862207,6628764418.540472,6599588941.581272,7281017896.829785,7250045461.144617,7219050197.324597,7188031249.320112,7156987713.947228,7125918638.960067,7094823021.055589,6717366029.118461,6690125607.460333,6662839966.2299595,6635507287.731312,6608125681.048851,6580693179.465063,6553207737.811654,6525667229.754843,6498069445.015489,6470412086.524988,6442692767.518223,6414909008.565144,6387058234.542918,6359137771.550946,6331144843.771485,6303076570.279076,6274929961.802448,6246701917.443146,6218389221.355678,6189988539.394678,6161496415.735218,6132909269.473227,6104223391.213707,6075434939.65549,6046539938.182018,6017534271.468963,5988413682.120395,5959173767.346579,5929809975.697858,5900317603.87038,5870691793.601195,5840927528.671785,5811019632.041089,5780962763.130981,5750751415.289392,5720379913.45862,5689842412.078862,5659132893.259914,5628245165.256807,5597172861.288552,5565909438.742578,5534448178.811432,5502782186.612278,5470904391.844465,5438807550.045137,5406484244.508426,5373926888.939354,5341127730.920137,5308078856.273235,5274772194.413242,5241199524.787755,5207352484.516365,5173222577.34671,5138801184.057174,5104079574.447554,5069048921.071791,5033700314.880879,4998024782.959441,4962013308.556318,4925656853.628064,4888946384.134414,4851872898.347345,4814427458.459639,4776601225.806025,4738385500.039523,4699771762.638322,4660751725.15429,4621317382.653789,4581461072.844677,4541175541.4310665,4500454014.2895,4459290277.117525,4417678763.268066,4375614650.551325,4333093967.8602085,4290113712.555873,4246671979.6370964,4202768103.810765,4158402815.680806,4113578413.37896,4068298951.072106,4022570445.8962297,3976401104.9849715,3929801574.377989,3882785211.70804,3835368384.670316,3787570797.366941,3739415846.684765,3690931010.8942833,3642148272.6372304,3593104578.3811083,3543842336.2369547,3494409953.732077,3444862416.6646776,3395261909.4959497,3345678476.800352,3296190724.026862,3246886554.1394544,3197863934.504621,3149231685.5605655,3101110279.203181,3053632630.307468,3006944859.2074294,2961206996.1156077,2916593590.219021,2873294176.4200745,2831513541.3531055,2791471717.489778,2753403620.1708345,2717558227.9561334,2684197193.026374,2653592757.603272,2626024847.8178725,2601777223.219198,2581132585.5901074,2564366605.322169,2551740921.149818,2543495326.6416907,2539839592.7881494,2540945703.69504,2546941695.563824,2557908730.082982,2573883327.9552956,2594866419.5351562,2620839139.1597834,2651780280.145687,2687668508.2785306,2728427111.0198226,2773717601.887477,2822386354.940073,2871164130.6857967,2911789367.386089,2924734973.473982,2865131051.1079173,2629346245.20977,1979748211.4491045,596038716.6430176,0.0
2945.0,5416071974.860205,5401875520.939234,5387661504.515517,5373429869.369368,5359180559.246431,5344913517.87994,5330628689.01376,5316326016.426289,5302005443.955184,5287666915.52298,5273310375.16359,5258935767.049728,5244543035.521284,5230132125.114636,5215702980.59299,5201255546.977711,5186789769.580709,5172305594.037889,5157802966.343689,5143281832.886761,5128742140.486808,5114183836.432556,5099606868.5210085,5085011185.097897,5070396735.099405,5055763468.095238,5041111334.332984,5026440284.783883,5011750271.189994,4997041246.112792,4982313162.983273,4967565976.153546,4952799640.950002,4938014113.728064,4923209351.928587,4908385314.135907,4893541960.137633,4878679250.986179,4863797149.062126,4848895618.139383,4833974623.452319,4819034131.764751,4804074111.440994,4789094532.518916,4774095366.785085,4759076587.8520775,4744038171.237959,4728980094.448045,4713902337.058948,4698804880.804998,4683687709.667092,4668550809.964017,4653394170.446339,4638217782.392878,4623021639.709885,4607805739.032948,4592570079.831707,4577314664.517463,4562039498.553734,4546744590.569828,4531429952.47755,4516095599.591058,4500741550.750005,4485367828.446009,4469974458.952559,4454561472.45843,4439128903.204709,4423676789.625499,4408205174.492419,4392714105.062988,4377203633.232981,4361673815.692862,4346124714.088413,4330556395.185646,4314968931.040099,4299362399.170658,4283736882.738002,4268092470.727771,4252429258.138613,4236747346.175213,4221046842.446417,4205327861.16862,4189590523.3745146,4173834957.127357,4158061297.740879,4142269688.005017,4126460278.4175553,4110633227.421893,4094788701.651058,4078926876.178125,4063047934.773224,4047152070.167285,4031239484.322718,4015310388.7111616,3999365004.598545,3983403563.3375926,3967426306.6679926,3951433487.024417,3935425367.852602,3919402223.9336896,3903364341.7170377,3887312019.6617246,3871245568.586961,3855165312.031664,3839071586.623376,3822964742.4568233,3806845143.48232,3790713167.9042897,3774569208.590162,3758413673.48989,3742246986.0663686,3726069585.73705,3709881928.326992,3693684486.533681,3677477750.403879,3661262227.822828,9645580463.765276,9608627893.08912,9571599877.055244,9534496177.024227,9497316548.861874,9460060742.789837,9422728503.230686,9385319568.647062,9183841483.682602,9147717242.23555,9111520831.092968,9075251858.285805,9038909921.592169,9002494608.266619,8966005494.760723,9149667052.67482,9110834437.738785,9071909148.521442,9032890816.406631,8993779066.871437,8954573519.302498,8381510983.667047,8346047917.578506,8310534669.189267,8274970946.574288,8239356439.812379,8203690820.190325,8167973739.375948,7928876427.418583,7895462944.124012,7862024284.848369,7828560253.771016,7795070630.634834,7761555169.474577,7096386351.838961,7064719605.764453,7033091675.8725605,7001502800.677227,6969953177.62656,6938442960.745981,7667120319.2267475,7633896392.93904,7600636608.235214,7567340204.794453,7534006382.499497,7500634299.808458,7467223072.070873,7050041355.847509,7020482429.520609,6990868187.3853855,6961196981.116965,6931467097.825376,6901676757.756394,6871824111.935963,6841907239.75899,6811924146.524063,6781872760.915663,6751750932.435907,6721556428.78826,6691286933.216047,6660940041.7990885,6630513260.712287,6600004003.450546,6569409588.025051,6538727234.136548,6507954060.33202,6477087081.151985,6446123204.2764015,6415059227.678216,6383891836.794501,6352617601.72633,6321232974.479634,6289734286.260681,6258117744.84113,6226379432.0092325,6194515301.125309,6162521174.801505,6130392742.727711,6098125559.667632,6065715043.651331,6033156474.392841,6000444991.964401,5967575595.7613735,5934543143.795307,5901342352.355791,5867967796.085442,5834413908.516206,5800674983.119507,5766745174.9272,5732618502.785337,5698288852.308004,5663749979.604296,5628995515.85766,5594018972.843613,5558813749.4789915,5523373139.503793,5487690340.405096,5451758463.701584,5415570546.717118,5379119565.982394,5342398452.415101,5305400108.44143,5268117427.23502,5230543314.263868,5192670711.351066,5154492623.472048,5116002148.528831,5077192510.361114,5038057095.274828,4998589492.391023,4958783538.141889,4918633365.266324,4878133456.684965,4837278704.663677,4796064475.705934,4754486681.647405,4712541857.461278,4670227246.319702,4627540892.495519,4584481742.728813,4541049756.724447,4497246027.489449,4453072912.262158,4408534174.827569,4363635140.0546255,4318382861.529546,4272786303.1931095,4226856535.916668,4180606949.9685893,4134053484.3260083,4087214873.7712393,4040112914.6718607,3992772750.270471,3945223176.194751,3897496966.7284307,3849631222.1438775,3801667737.0685225,3753653389.4167128,3705640548.837354,3657687502.870501,3609858898.030283,3562226191.7847595,3514868109.823253,3467871101.012815,3421329779.9587507,3375347343.9945736,3330035947.612233,3285517012.664717,3241921446.97346,3199389737.081561,3158071872.630867,3118127050.0280576,3079723091.5408,3043035502.611922,3008246074.958443,2975540926.0257554,2945107846.885739,2917132811.274496,2891795479.107599,2869263509.8880424,2849685486.799883,2833182243.1334424,2819836380.960374,2809679778.0649524,2802678889.0569634,2798717646.3089943,2797577720.9846067,2798915738.2825146,2802236602.056279,2806861081.838325,2811883716.83253,2816112949.354831,2817977581.4155087,2815369416.734724,2805366846.0654325,2783741072.713534,2744074778.3339553,2676207027.038583,2563545001.6154375,2378596136.3372774,2076325923.9304504,1588872071.9204233,855673666.7554435,103242611.49887587,0.0
2944.0,5800900906.927866,5787140744.161943,5773365300.942141,5759574530.644151,5745768386.44838,5731946821.355737,5718109788.204121,5704257239.68552,5690389128.363854,5676505406.693454,5662606027.038311,5648690941.692045,5634760102.898632,5620813462.873898,5606850973.827858,5592872587.98781,5578878257.62232,5564867935.066067,5550841572.745535,5536799123.205672,5522740539.13744,5508665773.406343,5494574779.081932,5480467509.468319,5466343918.135727,5452203958.953102,5438047586.121816,5423874754.210477,5409685418.190901,5395479533.475249,5381257055.954363,5367017942.037359,5352762148.692474,5338489633.489216,5324200354.641849,5309894271.054247,5295571342.366161,5281231529.000898,5266874792.214524,5252501094.146518,5238110397.872052,5223702667.45579,5209277868.007384,5194835965.7386055,5180376928.022203,5165900723.452545,5151407321.908026,5136896694.615379,5122368814.215843,5107823654.833305,5093261192.144437,5078681403.450886,5064084267.753561,5049469765.829077,5034837880.308436,5020188595.75794,5005521898.762465,4990837778.011103,4976136224.385273,4961417231.04933,4946680793.54376,4931926909.881029,4917155580.644122,4902366809.08791,4887560601.243316,4872736966.024477,4857895915.338861,4843037464.2005205,4828161630.846455,4813268436.856296,4798357907.275267,4783430070.740613,4768484959.611511,4753522610.102631,4738543062.421351,4723546360.908821,4708532554.184902,4693501695.297129,4678453841.873783,4663389056.281186,4648307405.785343,4633208962.718037,4618093804.647493,4602962014.553759,4587813681.008888,4572648898.362112,4557467766.930069,4542270393.192293,4527056889.992071,4511827376.742814,4496581979.640092,4481320831.879532,4466044073.880668,4450751853.51696,4435444326.352146,4420121655.88308,4404784013.78925,4389431580.1891775,4374064543.903848,4358683102.727418,4343287463.705365,4327877843.420307,4312454468.285692,4297017574.8476095,4281567410.094898,4266104231.7778425,4250628308.735649,4235139921.233003,4219639361.305904,4204126933.1170654,4188602953.321196,4173067751.440341,4157521670.2496586,4141965066.173897,4126398309.694846,4110821785.770113,10072959675.527576,10034555840.14905,9996062296.927664,9957478707.728086,9918804729.220358,9880040012.800665,9841184204.510494,9802236944.954205,9595378871.7295,9557712592.079252,9519960432.057108,9482121924.216991,9444196591.758236,9406183948.341312,9368083497.899397,9544372985.414743,9503876335.46101,9463271684.818687,9422558593.997711,9381736619.954632,9340805316.07446,8764719216.168282,8727394050.956089,8690003580.818771,8652547478.412842,8615025401.329727,8577436991.452546,8539781874.2882595,8306178838.355675,8270800591.469321,8235381573.805386,8199921566.561214,8164420330.130371,8128877603.004965,7438719967.766949,7404696231.168549,7370697283.696271,7336723485.998507,7302775165.33212,7268852613.449101,8035927153.979153,8000357356.365063,7964737402.031005,7929066621.971725,7893344315.218245,7857569747.530888,7821742150.048532,7367650164.301344,7335677828.413248,7303639361.659429,7271533305.063473,7239358145.069673,7207112311.567715,7174794175.870139,7142402048.64391,7109934177.797909,7077388746.328407,7044763870.125035,7012057595.740145,6979267898.125048,6946392678.336929,6913429761.221044,6880376893.073221,6847231739.288504,6813991882.002449,6780654817.73239,6747217955.026913,6713678612.132633,6680034014.688576,6646281293.459366,6612417482.119861,6578439515.105049,6544344225.540573,6510128343.270676,6475788493.002236,6441321192.58519,6406722851.451783,6371989769.239141,6337118134.622011,6302104024.384985,6266943402.766304,6231632121.10818,6196165917.851743,6160540418.918132,6124751138.5209875,6088793480.459367,6052662739.944543,6016354106.01864,5979862664.627999,5943183402.419427,5906311211.333292,5869240894.073343,5831967170.539925,5794484685.320075,5756788016.335708,5718871684.759008,5680730166.31291,5642357904.0836935,5603749322.982561,5564898846.003671,5525800912.43708,5486449998.207137,5446840638.519319,5406967453.01196,5366825173.62338,5326408675.399828,5285713010.485352,5244733445.550999,5203465502.938051,5161905005.807673,5120048127.607859,5077891446.1874695,5035432002.906546,4992667367.111487,4949595706.363355,4906215862.826652,4862527436.244469,4818530873.94328,4774227568.326239,4729619962.327,4684711663.305835,4639507565.87509,4594013984.140345,4548238793.835597,4502191584.812789,4455883824.316139,4409329031.426444,4362542962.996261,4315543811.308985,4268352413.577871,4220992473.2480717,4173490792.8676615,4125877518.042575,4078186391.673165,4030455017.2722974,3982725129.6690273,3935042870.7866883,3887459067.4242363,3840029507.0344863,3792815206.345509,3745882666.268362,3699304104.8228908,3653157657.731765,3607527533.8072515,3562504109.19937,3518183940.88616,3474669675.3494983,3432069823.0572824,3390498363.0097284,3350074134.029716,3310919960.4894586,3273161449.5550017,3236925384.565398,3202337624.598039,3169520403.343429,3138588900.8361697,3109646939.035042,3082781626.287339,3058056745.7125254,3035504647.4176073,3015116362.251312,2996829601.8762083,2980514239.546595,2965954765.8335276,2952829061.673494,2940682589.1595383,2928896702.9719048,2916649123.4136515,2902863510.0164423,2886143259.3435383,2864681717.410363,2836136390.901635,2797447799.0761223,2744573785.353849,2672097692.719527,2572656942.899449,2436139032.6159363,2248643163.459415,1991434219.8832583,1640965549.021,1174168813.596902,594695889.5345471,31080079.6959243,-95370675.84921645,0.0
2943.0,6180530215.251029,6167203674.195029,6153864080.777136,6140511396.995581,6127145584.469887,6113766604.449637,6100374417.82373,6086968985.130116,6073550266.56604,6060118221.998792,6046672810.976971,6033213992.742327,6019741726.242112,6006255970.142051,5992756682.839861,5979243822.4794,5965717346.965431,5952177213.979013,5938623380.993563,5925055805.291575,5911474443.982059,5897879254.018643,5884270192.218452,5870647215.28171,5857010279.812117,5843359342.338009,5829694359.334339,5816015287.245501,5802322082.508968,5788614701.579859,5774893100.956358,5761157237.206107,5747407066.993504,5733642547.108007,5719863634.493422,5706070286.27821,5692262459.8068905,5678440112.672464,5664603202.750002,5650751688.2313385,5636885527.660955,5623004679.973054,5609109104.529869,5595198761.161238,5581273610.205482,5567333612.551615,5553378729.682912,5539408923.721893,5525424157.476752,5511424394.489246,5497409599.084138,5483379736.420162,5469334772.542618,5455274674.4375925,5441199410.087888,5427108948.530657,5413003259.916853,5398882315.572464,5384746088.061667,5370594551.251886,5356427680.380819,5342245452.125537,5328047844.673625,5313834837.796499,5299606412.924917,5285362553.22675,5271103243.687086,5256828471.190714,5242538224.607071,5228232494.877719,5213911275.10639,5199574560.651726,5185222349.2227335,5170854640.977087,5156471438.622282,5142072747.519804,5127658575.792341,5113228934.434153,5098783837.424659,5084323301.845391,5069847348.00033,5055355999.539795,5040849283.58795,5026327230.874041,5011789875.867462,4997237256.9168,4982669416.392914,4968086400.83622,4953488261.108282,4938875052.5478325,4924246835.131379,4909603673.638496,4894945637.821985,4880272802.583002,4865585248.151346,4850883060.271048,4836166330.391392,4821435155.863593,4806689640.143262,4791929892.998829,4777156030.726146,4762368176.369427,4747566459.94874,4732751018.694242,4717921997.287368,4703079548.109209,4688223831.496273,4673355016.003893,4658473278.677504,4643578805.332027,4628671790.83966,4613752439.426271,4598820964.976742,4583877591.349505,4568922552.7005625,4553956093.8173065,10481752028.164871,10441895479.824678,10401934977.730276,10361870084.836672,10321700359.227003,10281425354.103577,10241044617.781317,10200557693.683714,9989540069.662924,9950325012.26157,9911010348.625984,9871595538.204844,9832080032.096148,9792463272.951809,9752744694.882605,9920763525.901752,9878612900.142038,9836339141.074736,9793941741.05035,9751420191.242392,9708773981.792286,9133345396.554636,9094140350.745804,9054854544.605425,9015487616.986288,8976039194.944443,8936508893.264198,8896896313.965414,8669812464.197731,8632424223.766586,8594978748.573072,8557475791.613032,8519915089.117949,8482296359.659208,7773088789.187271,7736649282.097961,7700219139.331823,7663798840.625107,7627388841.008582,7590989568.997297,8386700175.2216015,8348698572.500534,8310631220.2211485,8272497530.390022,8234296891.096857,8196028665.538868,8157692191.01281,7670027298.447374,7635556396.457166,7601007751.774639,7566380107.095986,7531672161.550446,7496882569.078628,7462009936.771908,7427052823.174404,7392009736.549415,7356879133.112564,7321659415.234258,7286348929.614553,7250945965.433985,7215448752.484403,7179855459.284522,7144164191.185423,7108372988.472031,7072479824.467248,7036482603.646326,7000379159.769909,6964167254.045139,6927844573.325357,6891408728.359917,6854857252.107091,6818187598.12422,6781397139.050814,6744483165.201889,6707442883.290585,6670273415.300847,6632971797.533176,6595534979.848418,6557959825.137098,6520243109.0442295,6482381519.982317,6444371659.4682455,6406210042.822893,6367893100.275731,6329417178.520447,6290778542.771428,6251973379.375348,6212997799.036578,6173847840.720026,6134519476.300279,6095008616.031478,6055311114.91833,6015422780.075025,5975339379.165646,5935056650.026767,5894570311.58069,5853876076.155794,5812969663.339045,5771846815.494771,5730503315.093243,5688935004.002587,5647137804.90789,5605107745.0322485,5562840982.345574,5520333834.458618,5477582810.411318,5434584645.576675,5391336339.913253,5347835199.811375,5304078883.789817,5260065452.310884,5215793421.992241,5171261824.503199,5126470270.440958,5081419018.488135,5036109050.156159,4990542150.418979,4944720994.537291,4898649241.364037,4852331633.405935,4805774103.892044,4758983891.066802,4711969659.879786,4664741631.184983,4617311718.485804,4569693672.164803,4521903231.015365,4473958280.741051,4425879018.901708,4377688125.556709,4329410938.57707,4281075632.2600627,4232713397.471531,4184358621.04917,4136049061.609423,4087826018.193241,4039734487.340913,3991823303.1783233,3944145253.897902,3896757166.5925975,3849719950.7113557,3803098588.4028296,3756962057.646803,3711383171.27644,3666438311.696099,3622207037.213007,3578771531.327657,3536215860.9515467,3494625003.2067933,3454083593.0527663,3414674335.293295,3376476014.322051,3339561022.9913936,3303992317.901722,3269819691.762896,3237075233.6805334,3205767824.4262204,3175876484.725114,3147342358.455944,3120059066.4778113,3093861105.94242,3068509887.0486984,3043676882.534822,3018923196.313063,2993674607.842511,2967190774.5086107,2938526711.3531737,2906483826.4226437,2869546555.853584,2825798891.574036,2772812750.9108186,2707497329.946288,2625896014.468756,2522917214.3373227,2391993054.362525,2224688139.154556,2010360000.9739547,1736175921.8974185,1388298281.3544178,956332574.645074,446395399.45321554,-84424091.89715286,-455434892.0600809,-342183327.7411937,0.0
2942.0,6553621888.219509,6540720176.920223,6527807543.188454,6514883956.348475,6501949385.138683,6489003797.712767,6476047161.641213,6463079443.913068,6450100610.938033,6437110628.54883,6424109462.003916,6411097075.990513,6398073434.627993,6385038501.471575,6371992239.516432,6358934611.202118,6345865578.417433,6332785102.505619,6319693144.270002,6306589663.980044,6293474621.377828,6280347975.684949,6267209685.609913,6254059709.355966,6240898004.629412,6227724528.648435,6214539238.152414,6201342089.411779,6188133038.238405,6174912039.996534,6161679049.614292,6148434021.595784,6135176910.033798,6121907668.623115,6108626250.674459,6095332609.129114,6082026696.574196,6068708465.258631,6055377867.109835,6042034853.751135,6028679376.519922,6015311386.4866085,6001930834.474344,5988537671.07958,5975131846.693447,5961713311.524017,5948282015.619439,5934837908.891987,5921380941.143061,5907911062.089127,5894428221.388673,5880932368.670174,5867423453.561097,5853901425.717999,5840366234.857726,5826817830.789757,5813256163.449707,5799681182.934061,5786092839.536128,5772491083.783276,5758875866.475487,5745247138.72527,5731604851.998945,5717948958.159373,5704279409.510167,5690596158.8414,5676899159.476896,5663188365.323116,5649463730.919708,5635725211.491764,5621972763.003828,5608206342.21572,5594425906.740225,5580631415.102721,5566822826.802747,5553000102.377661,5539163203.468376,5525312092.887277,5511446734.688387,5497567094.239818,5483673138.298636,5469764835.088163,5455842154.377831,5441905067.565642,5427953547.763351,5413987569.884418,5400007110.734871,5386012149.107109,5372002665.876828,5357978644.1030855,5343940069.131663,5329886928.701832,5315819213.056612,5301736915.056665,5287640030.297941,5273528557.233198,5259402497.297541,5245261855.038087,5231106638.247971,5216936858.10474,5202752529.313397,5188553670.254168,5174340303.135208,5160112454.150433,5145870153.6426,5131613436.271885,5117342341.190121,5103056912.220915,5088757198.045845,5074443252.396964,5060115134.255841,5045772908.05937,5031416643.912594,5017046417.808828,5002662311.857294,4988264414.518599,10871151568.749285,10829847519.041946,10788425379.254864,10746884614.3375,10705224684.669952,10663445046.121536,10621545150.11555,10579524443.700468,10365577926.664074,10324813832.614056,10283936460.67544,10242945199.101332,10201839428.83794,10160618523.51682,10119281849.451836,10278258404.562449,10234472089.51921,10190547780.216827,10146484902.288376,10102282882.466225,10057941148.880913,9486914430.040022,9445821491.615738,9404632079.45486,9363345798.551294,9321962245.58466,9280481008.623386,9238901666.81712,9019324308.36717,8979891428.167406,8940384059.207172,8900801919.03571,8861144712.741287,8821412132.279043,8099620192.679659,8060720422.028669,8021813197.732838,7982899109.463131,7943978731.615623,7905052621.854864,8718891809.015085,8678383801.785866,8637793181.89196,8597119427.104172,8556361999.282474,8515520343.731741,8474593888.53565,7957152730.067376,7920109950.171066,7882976961.930002,7845752714.188645,7808436123.945502,7771026075.105081,7733521417.198059,7695920964.070969,7658223492.547225,7620427741.061495,7582532408.269844,7544536151.638506,7506437586.014567,7468235282.182362,7429927765.409828,7391513513.989837,7352990957.781955,7314358476.761001,7275614399.579306,7236757002.150705,7197784506.264889,7158695078.242021,7119486827.638416,7080157806.015358,7040706005.78434,7001129359.143453,6961425737.121095,6921592948.744846,6881628740.355078,6841530795.084721,6801296732.528809,6760924108.629408,6720410415.804155,6679753083.348965,6638949478.148466,6597996905.730452,6556892611.703979,6515633783.624138,6474217553.330076,6432640999.806902,6390901152.626173,6348994996.0241785,6306919473.681921,6264671494.275849,6222247937.8735695,6179645663.254588,6136861516.242019,6093892339.137529,6050734981.358309,6007386311.381924,5963843230.111952,5920102685.784846,5876161690.546158,5832017338.832203,5787666827.701195,5743107479.266094,5698336765.389466,5653352334.808642,5608152042.867144,5562733984.035695,5517096527.412716,5471238355.399984,5425158505.753758,5378856417.214672,5332331978.920778,5285585583.806843,5238618186.188324,5191431363.720421,5144027383.909514,5096409275.3358555,5048580903.721042,5000547052.940118,4952313511.03498,4903887161.230546,4855276077.886255,4806489627.229955,4757538572.616275,4708435183.923655,4659193350.549077,4609828697.272957,4560358702.042524,4510802814.45471,4461182573.401399,4411521721.962625,4361846317.187566,4312184831.877508,4262568244.867474,4213030115.5787325,4163606637.7672563,4114336666.4044747,4065261710.475157,4016425883.1393456,3967875799.1538405,3919660407.6531453,3871830746.316229,3824439600.554785,3777541048.607688,3731189870.265681,3685440793.324007,3640347547.7046175,3595961692.4289694,3552331175.169144,3509498577.8516326,3467498994.6011047,3426357480.0174885,3386085996.148353,3346679775.2303996,3308113001.876062,3270333702.214038,3233257707.5799603,3196761535.233201,3160673996.045007,3124766295.838911,3088740338.073567,3052214853.4066334,3014708865.4675217,2975621836.3043942,2934209597.989536,2889554841.032825,2840530463.796048,2785753463.1640444,2723526267.7595615,2651761570.458882,2567886110.19518,2468719267.462273,2350325579.78805,2207850266.927328,2035371747.279352,1825861541.0630186,1571462957.1573277,1264549002.877162,900506773.1184734,484040080.4852447,41672381.32150608,-359385618.4897026,-608685951.456176,-616030175.1626726,0.0
2941.0,6918863283.687452,6906371672.808034,6893871129.358192,6881361628.404443,6868843144.196198,6856315650.158928,6843779118.887367,6831233522.138844,6818678830.826651,6806115015.0135765,6793542043.905464,6780959885.844923,6768368508.30513,6755767877.883739,6743157960.296921,6730538720.37351,6717910122.049306,6705272128.361464,6692624701.443068,6679967802.517828,6667301391.89493,6654625428.964035,6641939872.190455,6629244679.110484,6616539806.326915,6603825209.504715,6591100843.366926,6578366661.690726,6565622617.303717,6552868662.080395,6540104746.938854,6527330821.83773,6514546835.773347,6501752736.777103,6488948471.913152,6476133987.276264,6463309227.990046,6450474138.205345,6437628661.099003,6424772738.872878,6411906312.75318,6399029322.990095,6386141708.857788,6373243408.654675,6360334359.704111,6347414498.355368,6334483759.985057,6321542078.99888,6308589388.833789,6295625621.960572,6282650709.886866,6269664583.160569,6256667171.373762,6243658403.167056,6230638206.234438,6217606507.32863,6204563232.266956,6191508305.937732,6178441652.307244,6165363194.427278,6152272854.4432335,6139170553.602893,6126056212.265786,6112929749.913239,6099791085.15909,6086640135.761135,6073476818.6332855,6060301049.858496,6047112744.702474,6033911817.628218,6020698182.311396,6007471751.656578,5994232437.814438,5980980152.199841,5967714805.510943,5954436307.749302,5941144568.241056,5927839495.659175,5914520998.046907,5901188982.842331,5887843356.90422,5874484026.539145,5861110897.529927,5847723875.165465,5834322864.272018,5820907769.245993,5807478494.088275,5794034942.44022,5780577017.621307,5767104622.668587,5753617660.3779545,5740116033.347348,5726599644.021941,5713068394.741424,5699522187.789464,5685960925.445423,5672384510.038455,5658792844.0040455,5645185829.943167,5631563370.684091,5617925369.347012,5604271729.411613,5590602354.78769,5576917149.888957,5563216019.710209,5549498869.907957,5535765606.884706,5522016137.877054,5508250371.047759,5494468215.581953,5480669581.787707,5466854381.201146,5453022526.696291,5439173932.599861,5425308514.811283,5411426190.92808,11240463503.321878,11197724271.747011,11154853019.191486,11111849113.876244,11068711919.695942,11025440796.339697,10982035099.421429,10938494180.62025,10722848669.424572,10680542239.916622,10638108987.123903,10595548229.566986,10552859279.479752,10510041442.8848,10467094019.677458,10616382110.954758,10570986869.289412,10525439121.659449,10479738227.21379,10433883548.262514,10387874450.714802,9825032420.956629,9782053985.567266,9738963185.99651,9695759591.600754,9652442766.990234,9609012271.914211,9565467661.142427,9354350157.011469,9312849790.927052,9271256990.71455,9229571429.353992,9187792771.781548,9145920674.455755,8418448718.976818,8377059402.645864,8335644438.50643,8294204510.458929,8252740296.996032,8211252470.13919,9032145264.479378,8989070455.723495,8945894979.24062,8902618359.515009,8859240112.864437,8815759747.119005,8772176761.287556,8229143283.236729,8189469233.730237,8149691625.835198,8109809611.256399,8069822321.9614105,8029728869.317486,7989528343.202524,7949219811.091077,7908802317.116738,7868274881.112541,7827636497.631209,7786886134.947556,7746022734.045691,7705045207.593992,7663952438.911471,7622743280.929468,7581416555.153271,7539971050.628812,7498405522.920325,7456718693.105451,7414909246.795142,7372975833.186602,7330917064.158309,7288731513.417337,7246417715.7100935,7203974166.109013,7161399319.388812,7118691589.507452,7075849349.208418,7032870929.762508,6989754620.869196,6946498670.739327,6903101286.383211,6859560634.130075,6815874840.407423,6772041992.8112135,6728060141.500505,6683927300.9531765,6639641452.122198,6595200545.035459,6550602501.885352,6505845220.658252,6460926579.357693,6415844440.87932,6370596658.599873,6325181082.747087,6279595567.622013,6233837979.750228,6187906207.043388,6141798169.057886,6095511828.44252,6049045203.672564,6002396383.172925,5955563540.938341,5908544953.763708,5861339020.202527,5813944281.375792,5766359443.757686,5718583404.067485,5670615276.399297,5622454421.722145,5574100479.882299,5525553404.237054,5476813499.044202,5427881459.723406,5378758416.094116,5329445978.678809,5279946288.139169,5230262067.885722,5180396679.866583,5130354183.497766,5080139397.64379,5029757965.491351,4979216422.078863,4928522264.147737,4877684021.864873,4826711331.826759,4775615010.58994,4724407127.776283,4673101077.569767,4621711647.148721,4570255080.277569,4518749133.908227,4467213125.205326,4415667965.9029455,4364136180.31361,4312641902.632232,4261210848.3967266,4209870254.0702715,4158648777.683718,4107576352.3056083,4056683982.77593,4006003474.631489,3955567082.448949,3905407062.9188023,3855555115.823028,3806041693.704314,3756895158.370189,3708140759.4562383,3659799407.065643,3611886206.9936857,3564408723.2213297,3517364928.2013903,3470740796.9343657,3424507495.887522,3378618112.363084,3333003863.821288,3287569719.664818,3242189359.694467,3196699383.2227993,3150892669.717637,3104510774.3969736,3057235218.316215,3008677499.244568,2958367603.106517,2905740731.118533,2850121869.746311,2790707715.3311744,2726545324.2804637,2656506709.413654,2579258493.606688,2493225785.483312,2396549926.3871884,2287041225.242124,2162131338.9857674,2018837656.7223973,1853767775.9266338,1663222863.5117211,1443516215.8268363,1191725793.1632826,907266296.5591888,594878943.7165247,269649396.76644194,-36761492.952563494,-276854793.8529062,-423504321.4720521,-552768235.606202,0.0
2940.0,7274975269.483213,7262873339.095204,7250764286.899199,7238648091.874315,7226524731.927829,7214394183.879838,7202256423.447835,7190111425.231126,7177959162.695123,7165799608.155522,7153632732.762325,7141458506.483752,7129276898.090009,7117087875.136912,7104891403.949417,7092687449.604958,7080475975.916679,7068256945.4165535,7056030319.338287,7043796057.600188,7031554118.787794,7019304460.136427,7007047037.513575,6994781805.401141,6982508716.877539,6970227723.599644,6957938775.784607,6945641822.191517,6933336810.102896,6921023685.306069,6908702392.074366,6896372873.148175,6884035069.715852,6871688921.394449,6859334366.210318,6846971340.579524,6834599779.28814,6822219615.472328,6809830780.598322,6797433204.442176,6785026815.069429,6772611538.814535,6760187300.260167,6747754022.216345,6735311625.699394,6722860029.910731,6710399152.215496,6697928908.120986,6685449211.254961,6672959973.343735,6660461104.1901245,6647952511.651209,6635434101.615934,6622905777.982533,6610367442.635773,6597818995.424047,6585260334.13628,6572691354.478673,6560111950.05128,6547522012.324405,6534921430.614862,6522310092.062046,6509687881.603855,6497054681.952452,6484410373.569881,6471754834.643524,6459087941.061409,6446409566.387409,6433719581.836252,6421017856.2484455,6408304256.065076,6395578645.302467,6382840885.52676,6370090835.828386,6357328352.796459,6344553290.4930725,6331765500.427567,6318964831.53072,6306151130.12893,6293324239.918341,6280484001.939013,6267630254.549068,6254762833.398915,6241881571.405491,6228986298.726624,6216076842.73549,6203153027.995203,6190214676.233576,6177261606.318089,6164293634.231086,6151310573.045235,6138312232.899318,6125298420.974351,6112268941.470129,6099223595.582198,6086162181.479349,6073084494.281647,6059990326.039087,6046879465.710955,6033751699.145882,6020606809.062775,6007444575.032622,5994264773.461283,5981067177.573343,5967851557.397142,5954617679.751051,5941365308.231129,5928094203.200241,5914804121.7788,5901494817.837191,5888166041.990097,5874817541.592777,5861449060.739517,5848060340.264376,5834651117.744406,5821221127.505497,11589103645.633797,11544949041.96822,11500648790.00275,11456202162.960129,11411608429.887024,11366866855.829275,11321976702.019794,11276937226.079504,11060811594.31303,11016976927.050282,10973002092.420103,10928886340.2956,10884628915.201824,10840229056.46687,10795685998.384918,10934760929.668962,10887792185.278503,10840656850.518805,10793354217.238483,10745883582.194544,10698244247.609636,10147382072.833826,10102531495.645485,10057552574.663069,10012444840.14796,9967207821.140472,9921841045.52546,9876344040.100887,9674608970.015278,9631031178.629662,9587342435.014791,9543542356.835564,9499630558.09166,9455606648.930037,8729701956.547827,8685809852.290693,8641872564.161465,8597890847.890518,8553865463.768513,8509797176.003011,9326290315.30802,9280605264.000898,9234800431.215635,9188875366.559353,9142829618.77378,9096662735.722662,9050374264.375036,8486241763.359575,8443892979.113006,8401426402.833691,8358841378.387548,8316137242.084599,8273313322.204619,8230368938.501619,8187303401.687547,8144116012.895921,8100806063.126345,8057372832.670901,8013815590.523922,7970133593.776717,7926326086.999208,7882392301.610842,7838331455.24337,7794142751.098691,7749825377.305212,7705378506.276802,7660801294.078968,7616092879.8073635,7571252384.9845,7526278912.981171,7481171548.469932,7435929356.918695,7390551384.133538,7345036655.8607025,7299384177.458876,7253592933.653943,7207661888.389698,7161589984.789232,7115376145.24327,7069019271.643109,7022518245.7776165,6975871929.915348,6929079167.594854,6882138784.648113,6835049590.484288,6787810379.663101,6740419933.789636,6692877023.764777,6645180412.428192,6597328857.633429,6549321115.797686,6501155945.971623,6452832114.477716,6404348400.16878,6355703600.361376,6306896537.501978,6257926066.626991,6208791083.680617,6159490534.757511,6110023426.339883,6060388836.600948,6010585927.848585,5960613960.184441,5910472306.454281,5860160468.565145,5809678095.243414,5759025001.305087,5708201188.504988,5657206868.024999,5606042484.652318,5554708742.686445,5503206633.598019,5451537465.442393,5399702894.005811,5347704955.630855,5295546101.629691,5243229234.147108,5190757743.27919,5138135545.185979,5085367120.855852,5032457555.08326,4979412575.108026,4926238588.23008,4872942717.556011,4819532834.849048,4766017589.238294,4712406430.292134,4658709623.669214,4604938257.223333,4551104235.050121,4497220256.5164385,4443299776.801863,4389356944.897491,4335406514.3431,4281463721.231472,4227544123.1604877,4173663391.861913,4119837051.1735935,4066080150.843524,4012406865.356191,3958830005.5526476,3905360429.279073,3852006335.6518745,3798772425.7856083,3745658911.0161715,3692660347.799447,3639764276.620781,3586949640.4741163,3534184956.83783,3481426215.682159,3428614475.0022545,3375673124.809981,3322504790.5772676,3268987847.9506974,3214972522.294323,3160276549.3940244,3104680377.5775795,3047921896.6564136,2989690685.5817556,2929621778.7625656,2867288961.24072,2802197616.938047,2733777175.6237497,2661373240.9294753,2584239549.5910993,2501530042.16872,2412291576.2681804,2315458291.744794,2209849534.136987,2094174888.5547166,1967052829.6990182,1827054664.0732203,1672794237.936592,1503098321.25097,1317315047.053966,1115849636.911434,901052840.9326823,678599283.9855319,459375440.36926407,261328405.48830977,108901954.5420182,23708817.933934867,367986.85669016774,-530382.9891464815,0.0
2939.0,7620720065.504185,7608982009.996546,7597238428.703238,7585489302.486364,7573734610.85907,7561974331.961435,7550208442.536076,7538436917.903341,7526659731.936215,7514876857.034805,7503088264.100506,7491293922.509761,7479493800.087458,7467687863.079936,7455876076.1276,7444058402.237137,7432234802.753317,7420405237.330385,7408569663.903032,7396728038.656933,7384880315.998849,7373026448.526273,7361166386.996643,7349300080.296066,7337427475.407595,7325548517.378992,7313663149.290042,7301771312.219341,7289872945.210568,7277967985.238277,7266056367.173093,7254138023.746448,7242212885.514711,7230280880.822769,7218341935.767044,7206395974.157936,7194442917.481641,7182482684.861384,7170515193.018045,7158540356.230116,7146558086.293053,7134568292.477956,7122570881.489566,7110565757.423602,7098552821.723398,7086531973.13581,7074503107.666418,7062466118.533987,7050420896.12417,7038367327.942433,7026305298.56622,7014234689.596298,7002155379.607294,6990067244.097404,6977970155.437256,6965863982.817893,6953748592.197907,6941623846.249657,6929489604.304555,6917345722.297472,6905192052.710133,6893028444.513615,6880854743.109796,6868670790.271849,6856476424.083692,6844271478.878414,6832055785.175645,6819829169.617857,6807591454.905539,6795342459.731335,6783081998.712981,6770809882.325148,6758525916.830088,6746229904.207141,6733921642.081005,6721600923.648813,6709267537.605982,6696921268.070808,6684561894.507809,6672189191.649765,6659802929.418516,6647402872.844397,6634988781.984388,6622560411.83894,6610117512.2674265,6597659827.902269,6585187098.061687,6572699056.661082,6560195432.12304,6547675947.285956,6535140319.31127,6522588259.589306,6510019473.643744,6497433661.034662,6484830515.260256,6472209723.657113,6459570967.299179,6446913920.895315,6434238252.685558,6421543624.336014,6408829690.832472,6396096100.372723,6383342494.257645,6370568506.781036,6357773765.118286,6344957889.213887,6332120491.66787,6319261177.621143,6306379544.63991,6293475182.599079,6280547673.564863,6267596591.676573,6254621503.027693,6241621965.546355,6228597528.875282,6215547734.251292,11916596803.623568,11871054437.292118,11825353198.775,11779492268.580086,11733470823.070463,11687288034.684765,11640943072.172638,11594435100.845776,11379027762.588337,11333686737.765083,11288192481.108122,11242544174.6665,11196740995.948149,11150782118.1367,11104666710.323263,11233119138.021025,11184621094.10258,11135942881.899303,11087083724.33632,11038042850.598083,10988819496.781506,10453717283.739737,10407019335.255442,10360177069.607792,10313189972.967936,10266057533.643965,10218779242.320024,10171354592.304585,9979896056.701572,9934244779.81866,9888463598.569384,9842552063.288296,9796509724.83655,9750336134.661366,9033487226.406937,8987095871.291775,8940638511.417494,8894115945.449705,8847528986.33437,8800878461.088205,9601334774.43835,9553015540.768429,9504556539.948042,9455957323.890902,9407217450.36332,9358336483.261513,9309313992.89201,8728803607.977478,8683754437.2781,8638572393.360012,8593256994.738775,8547807764.326052,8502224229.341572,8456505921.207809,8410652375.427103,8364663131.4412,8318537732.473169,8272275725.351833,8225876660.318991,8179340090.81988,8132665573.277428,8085852666.851165,8038900933.1817465,7991809936.122409,7944579241.458829,7897208416.619243,7849697030.376963,7802044652.547779,7754250853.685157,7706315204.776531,7658237276.9444685,7610016641.156996,7561652867.951944,7513145527.180657,7464494187.777246,7415698417.560035,7366757783.07279,7317671849.4739895,7268440180.483303,7219062338.395379,7169537884.171953,7119866377.624426,7070047377.700039,7020080442.88599,6969965131.747105,6919701003.6137705,6869287619.438393,6818724542.839756,6768011341.35624,6717147587.930157,6666132862.646961,6614966754.754428,6563648864.988346,6512178808.232532,6460556216.542191,6408780742.560766,6356852063.361273,6304769884.743723,6252533946.020588,6200144025.3221445,6147599945.452867,6094901580.328806,6042048862.02386,5989041788.449747,5935880431.690442,5882564947.006203,5829095582.515149,5775472689.551128,5721696733.685125,5667768306.383113,5613688137.25568,5559457106.833376,5505076259.775754,5450546818.39094,5395870196.305248,5341048012.077883,5286082102.5031185,5230974535.280016,5175727620.656472,5120343921.568365,5064826261.693865,5009177730.725832,4953401686.028623,4897501749.687647,4841481799.777201,4785345954.461492,4729098547.301891,4672744091.866242,4616287233.4198675,4559732685.118248,4503085145.71374,4446349195.329103,4389529165.334309,4332628977.786549,4275651949.2531767,4218600553.131136,4161476133.8042707,4104278565.1427674,4047005844.9524455,3989653616.0347266,3932214603.5359025,3874677957.269688,3817028486.7221546,3759245775.5381804,3701303161.5037484,3643166567.459457,3584793168.3111897,3526129879.4784083,3467111652.9078655,3407659568.393423,3347678710.6440353,3287055826.656537,3225656763.8752837,3163323697.845069,3099872169.1895494,3035087964.530367,2968723895.3764477,2900496554.3631973,2830083161.340074,2757118655.3973613,2681193247.1622705,2601850725.239912,2518587922.3745036,2430855908.5914507,2338063719.533797,2239585796.076803,2134774882.358698,2022983022.684362,1903594692.654308,1776078251.7449648,1640065143.893478,1495470946.42776,1342678623.8814294,1182811524.6877565,1018128774.1659791,852569814.520535,692434890.6608148,547060805.4646487,429028545.3949124,352777152.0167412,329690638.15494716,359286509.617697,428997184.51116276,551969253.2777454,0.0
2938.0,7954908719.098521,7943503705.976963,7932094516.563299,7920681131.422096,7909263529.471392,7897841687.949631,7886415582.382075,7874985186.546619,7863550472.439045,7852111410.237652,7840667968.267332,7829220112.962988,7817767808.832348,7806311018.418116,7794849702.2595005,7783383818.853054,7771913324.612838,7760438173.829894,7748958318.631005,7737473708.9367485,7725984292.418789,7714490014.456432,7702990818.092406,7691486643.987871,7679977430.376597,7668463113.018362,7656943625.1514845,7645418897.444522,7633888857.947088,7622353432.039791,7610812542.383242,7599266108.866164,7587714048.552543,7576156275.62778,7564592701.343922,7553023233.963795,7541447778.704186,7529866237.677918,7518278509.834856,7506684490.901829,7495084073.321415,7483477146.189566,7471863595.192057,7460243302.539776,7448616146.902708,7436982003.342735,7425340743.245127,7413692234.248688,7402036340.174632,7390372920.954029,7378701832.553878,7367022926.901741,7355336051.80892,7343641050.892136,7331937763.493689,7320226024.600032,7308505664.758797,7296776509.994127,7285038381.720411,7273291096.654265,7261534466.7248,7249768298.982108,7237992395.503936,7226206553.300506,7214410564.217432,7202604214.836728,7190787286.375807,7178959554.584517,7167120789.640044,7155270756.039795,7143409212.49208,7131535911.804629,7119650600.770872,7107753020.053951,7095842904.068381,7083919980.859381,7071983971.979742,7060034592.36429,7048071550.2017765,7036094546.804251,7024103276.473822,7012097426.366739,7000076676.354809,6988040698.884022,6975989158.83041,6963921713.353025,6951838011.744049,6939737695.27593,6927620397.045538,6915485741.815277,6903333345.8511095,6891162816.75742,6878973753.308733,6866765745.278162,6854538373.262611,6842291208.504651,6830023812.711025,6817735737.867756,6805426526.051832,6793095709.239372,6780742809.110311,6768367336.84952,6755968792.944328,6743546666.978474,6731100437.422359,6718629571.41969,6706133524.570403,6693611740.709902,6681063651.684575,6668488677.123575,6655886224.2069,6643255687.429688,6630596448.362837,6617907875.409878,6605189323.560136,6592440134.138218,12222574135.450935,12175679644.923843,12128613562.550522,12081374979.071987,12033962980.979336,11986376650.768509,11938615067.212032,11890677305.648323,11677157705.16041,11630340313.001232,11583356985.7981,11536206838.49355,11488888982.12382,11441402524.08992,11393746568.445724,11511274407.433151,11461300093.510344,11411132620.657207,11360771140.754322,11310214812.836292,11259462803.814846,10743857013.07919,10695348229.03764,10646679264.094898,10597849554.030762,10548858539.838058,10499705668.123608,10450390391.5239,10270075152.696844,10222369024.090471,10174513763.250313,10126508840.339268,10078353729.912577,10030047911.218134,9329879188.242723,9281009548.698511,9232051884.117,9183007001.26691,9133875730.3236,9084658925.09327,9857451851.176737,9806496244.132383,9755380248.89713,9704103396.946005,9652665231.643078,9601065308.787516,9549303197.169174,8957281238.819782,8909525558.36466,8861621150.06015,8813567683.565626,8765364844.376892,8717012334.116676,8668509870.81138,8619857189.152985,8571054040.745268,8522100194.333273,8472995436.01511,8423739569.435133,8374332415.957569,8324773814.819687,8275063623.263648,8225201716.646233,8175187988.525596,8125022350.72444,8074704733.368846,8024235084.902293,7973613372.074301,7922839579.903359,7871913711.613892,7820835788.547063,7769605850.045471,7718223953.311871,7666690173.2422,7615004602.233464,7563167349.967142,7511178543.168945,7459038325.346158,7406746856.503778,7354304312.841078,7301710886.430388,7248966784.88018,7196072230.984696,7143027462.362693,7089832731.0880995,7036488303.315464,6982994458.90343,6929351491.039451,6875559705.869156,6821619422.133693,6767530970.818349,6713294694.815554,6658910948.604975,6604380097.952957,6549702519.632769,6494878601.166139,6439908740.585274,6384793346.212767,6329532836.45471,6274127639.599602,6218578193.612232,6162884945.90765,6107048353.085268,6051068880.59701,5994947002.316074,5938683199.964067,5882277962.343639,5825731784.311288,5769045165.409964,5712218608.06368,5655252615.215366,5598147687.26505,5540904318.136636,5483522990.268318,5426004168.2825165,5368348291.046009,5310555761.778093,5252626935.803715,5194562105.477888,5136361481.726432,5078025171.554401,5019553150.766315,4960945231.019162,4902201020.1889105,4843319874.871409,4784300843.657108,4725142599.613901,4665843360.181132,4606400792.418167,4546811901.261014,4487072898.118121,4427179046.780311,4367124483.229374,4306902005.504756,4246502829.3303175,4185916304.716406,4125129588.243064,4064127265.207632,4002890915.299062,3941398614.962299,3879624369.168074,3817537464.9449515,3755101738.8136625,3692274750.2572007,3629006853.653496,3565240161.80659,3500907395.4863586,3435930615.4157925,3370219836.1702123,3303671525.7792873,3236167000.8347325,3167570735.0874863,3097728610.477709,3026466154.049862,2953586823.24734,2878870426.9262238,2802071801.743818,2722919905.6025496,2641117544.6408925,2556342022.2005944,2468247093.530391,2376466737.930578,2280621434.3280516,2180327867.405741,2075213329.8325434,1964936566.187228,1849217488.1736376,1727879160.9141579,1600906812.3126822,1468530432.5570426,1331339792.9351382,1190443109.7264879,1047682050.2141942,905913556.7882789,769356631.5012991,643966010.7638844,537707302.1314225,460422168.3217898,422629291.35999906,432142401.59416497,487392774.3289034,569117828.1857307,639230069.4106734,615306642.5786594,0.0
2937.0,8276408149.939932,8265300727.679354,8254190204.54894,8243076558.535667,8231959765.664586,8220839799.956702,8209716633.386127,8198590235.836414,8187460575.056101,8176327616.61343,8165191323.850224,8154051657.834933,8142908577.314758,8131762038.666922,8120611995.849036,8109458400.348504,8098301201.130998,8087140344.587963,8075975774.483126,8064807431.898003,8053635255.176359,8042459179.867631,8031279138.669258,8020095061.367905,8008906874.779585,7997714502.688618,7986517865.785395,7975316881.602976,7964111464.452443,7952901525.356999,7941686971.984779,7930467708.580357,7919243635.894922,7908014651.115069,7896780647.79019,7885541515.758441,7874297141.071259,7863047405.916325,7851792188.539075,7840531363.162583,7829264799.905873,7817992364.700594,7806713919.2059965,7795429320.722213,7784138422.101812,7772841071.659503,7761537113.080052,7750226385.324311,7738908722.533338,7727583953.930521,7716251903.721745,7704912390.993473,7693565229.608737,7682210228.10097,7670847189.565681,7659475911.549813,7648096185.938874,7636707798.841667,7625310530.472635,7613904155.031734,7602488440.581813,7591063148.923385,7579628035.466784,7568182849.10163,7556727332.0635395,7545261219.797999,7533784240.821386,7522296116.57903,7510796561.300242,7499285281.850315,7487761977.579306,7476226340.167669,7464678053.468531,7453116793.346667,7441542227.513968,7429954015.361459,7418351807.78769,7406735247.023449,7395103966.452766,7383457590.430039,7371795734.093296,7360118003.173418,7348423993.799314,7336713292.298916,7324985474.995923,7313240108.002219,7301476747.005846,7289694937.054461,7277894212.334194,7266074095.943804,7254234099.664032,7242373723.722061,7230492456.551037,7218589774.544453,7206665141.805412,7194718009.890612,7182747817.548938,7170753990.454645,7158735940.934961,7146693067.692023,7134624755.519109,7122530375.010983,7110409282.268333,7098260818.596176,7086084310.196105,7073879067.852364,7061644386.611576,7049379545.456087,7037083806.970827,7024756417.003571,7012396604.318574,7000003580.243433,6987576538.309152,6975114653.883288,6962617083.796154,6950082965.959943,12506769519.964138,12458566715.736746,12410180205.064823,12361608992.650549,12312852078.696302,12263908459.182589,12214777126.164028,12165457068.084349,11954958155.96871,11906702757.455334,11858269166.817204,11809656432.687138,11760863600.225355,11711889711.432016,11662733805.478376,11769132458.545818,11717743701.917667,11666149465.555742,11614348828.033337,11562340875.479862,11510124702.347015,11017678507.272,10967407422.6926,10916960514.646791,10866337161.228552,10815536748.437391,10764558670.725435,10713402331.56412,10545069538.162523,10495342520.01872,10445447042.925411,10395382483.723797,10345148227.061802,10294743665.92289,9618908438.412416,9567599464.21904,9516179364.358885,9464648913.848122,9413008919.315132,9361260219.64525,10094963718.163795,10041393164.45397,9987641246.705748,9933707454.498604,9879591294.596132,9825292291.738894,9770809989.452532,9172206356.623793,9121759062.50165,9071146526.07318,9020368539.645327,8969424922.032274,8918315519.21223,8867040204.974072,8815598881.551937,8763991480.246038,8712217962.027702,8660278318.126568,8608172570.597797,8555900772.866957,8503463010.250225,8450859400.447252,8398090094.004103,8345155274.743351,8292055160.158367,8238790001.7686205,8185360085.432681,8131765731.615371,8078007295.6054,8024085167.67952,7969999773.209099,7915751572.704693,7861341061.794039,7806768771.128522,7752035266.212939,7697141147.153059,7642087048.31506,7586873637.890684,7531501617.361382,7475971720.854382,7420284714.383046,7364441394.963387,7308442589.597946,7252289154.11758,7195981971.870958,7139521952.250704,7082910029.044176,7026147158.595804,6969234317.766712,6912172501.675959,6854962721.206274,6797606000.255348,6740103372.711767,6682455879.13254,6624664563.096453,6566730467.204728,6508654628.697081,6450438074.64749,6392081816.699672,6333586845.29741,6274954123.359085,6216184579.339487,6157279099.614498,6098238520.115862,6039063617.133605,5979755097.192649,5920313585.897539,5860739615.624847,5801033611.926285,5741195878.486801,5681226580.460504,5621125725.9826765,5560893145.628423,5500528469.556549,5440031102.041321,5379400193.053599,5318634606.506393,5257732884.7270775,5196693208.658946,5135513353.227473,5074190637.230819,5012721867.029024,4951103273.210844,4889330439.310658,4827398221.529244,4765300658.280589,4703030868.242043,4640580935.425697,4577941779.6154785,4515103010.326774,4452052762.244357,4388777509.881585,4325261858.981962,4261488311.9572897,4197437004.430976,4133085409.7388864,4068408008.0458755,4003375916.5791454,3937956477.3821473,3872112798.9827924,3805803248.485053,3738980890.882016,3671592872.9143934,3603579749.642224,3534874753.163192,3465403004.7314963,3395080674.0755253,3323814093.1959248,3251498836.620556,3178018786.3449883,3103245207.934758,3027035875.0640154,2949234293.8209405,2869669096.3237586,2788153696.7171383,2704486332.9461803,2618450656.7720304,2529817084.843872,2438345188.653625,2343787485.397023,2245895101.25916,2144425921.7145896,2039156031.259958,1929895492.4315681,1816509840.0425713,1698949093.9856358,1577286645.5435088,1451771060.605347,1322894645.5903265,1191483423.2330594,1058813640.4586847,926759308.4302733,797971890.0904293,676083732.287344,565904759.1188849,473535893.5756208,406234646.3361932,371716420.89802057,376353152.5668778,421506961.6408978,497201878.007377,572198142.1643348,575047153.02836,342413405.6844471,0.0
2936.0,8584147705.794434,8573298255.370035,8562446482.454154,8551592360.129246,8540735859.185844,8529876948.071464,8519015592.838495,8508151757.091163,8497285401.931396,8486416485.903689,8475544964.938896,8464670792.296919,8453793918.508309,8442914291.314702,8432031855.6081295,8421146553.36911,8410258323.603558,8399367102.278435,8388472822.256155,8377575413.227687,8366674801.644347,8355770910.648222,8344863660.001255,8333952966.012878,8323038741.466236,8312120895.542926,8301199333.746237,8290273957.822855,8279344665.682992,8268411351.318898,8257473904.721754,8246532211.796864,8235586154.277142,8224635609.634819,8213680450.991396,8202720547.025704,8191755761.880138,8180785955.06492,8169810981.3604355,8158830690.717515,8147844928.155723,8136853533.659452,8125856342.071942,8114853182.987046,8103843880.638768,8092828253.788471,8081806115.609738,8070777273.570816,8059741529.314576,8048698678.535954,8037648510.8568,8026590809.698066,8015525352.149298,8004451908.835329,7993370243.780177,7982280114.267962,7971181270.700911,7960073456.4543,7948956407.728258,7937829853.396403,7926693514.851196,7915547105.84597,7904390332.333519,7893222892.301205,7882044475.602456,7870854763.784629,7859653429.913084,7848440138.391447,7837214544.777923,7825976295.597589,7814725028.150582,7803460370.3160515,7792181940.351817,7780889346.68962,7769582187.725843,7758260051.60763,7746922516.014265,7735569147.933741,7724199503.434353,7712813127.431283,7701409553.44795,7689988303.372136,7678548887.206652,7667090802.8145075,7655613535.658402,7644116558.534455,7632599331.300022,7621061300.595448,7609501899.559681,7597920547.539559,7586316649.792668,7574689597.18358,7563038765.873409,7551363517.00247,7539663196.365932,7527937134.08231,7516184644.254633,7504405024.624186,7492597556.216579,7480761502.980103,7468896111.416118,7457000610.201389,7445074209.802156,7433116102.079817,7421125459.888029,7409101436.661104,7397043165.993507,7384949761.210274,7372820314.928268,7360653898.6079855,7348449562.095863,7336206333.156843,7323923216.997074,7311599195.776552,7299233228.111567,7286824248.566771,12769014999.523258,12719555914.95268,12669901714.248796,12620051320.69318,12570003652.674149,12519757623.97618,12469312144.088232,12418666118.53157,12212277846.588924,12162631358.853985,12112794955.82537,12062767620.90569,12012548334.240318,11962136073.058306,11911529812.032787,12006681029.101583,11953948345.882584,11900998616.220913,11847830843.35983,11794444037.99616,11740837219.06282,11275109983.035894,11223137240.713158,11170973373.079073,11118617692.633774,11066069522.006596,11013328194.63034,10960393055.439222,10804852360.05242,10753154176.35354,10701268301.952778,10649194007.483406,10596930574.241753,10544477294.926128,9900551130.487406,9846860198.748014,9793034117.479002,9739073586.309692,9684979343.47365,9630752166.848429,10314321739.709528,10258182704.151957,10201841290.906391,10145296928.573414,10088549067.465862,10031597180.626606,9974440764.867134,9374170480.31047,9321068704.495304,9267784665.321339,9214318245.409315,9160669363.559145,9106837975.756844,9052824076.175316,8998627698.166584,8944248915.242786,8889687842.043139,8834944635.283764,8780019494.687103,8724912663.887356,8669624431.308088,8614155131.00793,8558505143.489904,8502674896.469623,8446664865.597227,8390475575.127592,8334107598.532837,8277561559.050793,8220838130.162625,8163938035.992205,8106862051.619421,8049611003.298827,7992185768.57463,7934587276.282124,7876816506.425045,7818874489.917502,7760762308.178245,7702481092.564167,7644032023.628806,7585416330.190641,7526635288.194696,7467690219.349704,7408582489.521732,7349313506.863474,7289884719.65702,7230297613.84581,7170553710.229748,7110654561.295124,7050601747.648757,6990396874.023093,6930041564.816292,6869537459.128109,6808886205.2491255,6748089454.557083,6687148854.770006,6626066042.501347,6564842635.057428,6503480221.411999,6441980352.286791,6380344529.260309,6318574192.819851,6256670709.263655,6194635356.351279,6132469307.590434,6070173615.037684,6007749190.478485,5945196784.838672,5882516965.665026,5819710092.496205,5756776289.927514,5693715418.1532,5630527040.7481365,5567210389.42666,5503764325.4898205,5440187297.643038,5376477295.834155,5312631800.72654,5248647728.383472,5184521369.697962,5120248324.056443,5055823426.675198,4991240668.995068,4926493111.462741,4861572787.965982,4796470601.126063,4731176207.583534,4665677892.34474,4599962431.186884,4534014940.051094,4467818710.288179,4401355028.563772,4334602980.1826725,4267539234.5623813,4200137811.5798454,4132369827.543516,4064203219.6165366,3995602447.652339,3926528172.6204433,3856936911.1232824,3786780665.9659634,3716006533.380033,3644556288.3698363,3572365950.80959,3499365336.450018,3425477598.9960704,3350618772.0173345,3274697322.809145,3197613734.6346273,3119260139.2979484,3039520029.0451436,2958268085.763441,2875370176.8634644,2790683581.728169,2704057531.0203304,2615334164.5015273,2524350042.65621,2430938385.013536,2334932255.7312584,2236168977.3852463,2134496130.2250085,2029779590.252635,1921914179.6967664,1810837652.1853259,1696548915.563098,1579131607.8882854,1458784378.5516567,1335859461.0185893,1210911295.419712,1084756939.2654283,958549538.3643266,833864738.344501,712796735.6793069,598054208.1227448,493034221.5148401,401830862.3850224,329100610.24869823,279656026.0369239,257599940.53931987,264770801.0448307,298269895.24433327,346622246.4439636,381936957.5508714,338140255.6004142,109778578.32499266,0.0
2935.0,8877125176.397835,8866490400.663511,8855853765.618938,8845215237.12104,8834574778.394085,8823932349.969742,8813287909.625973,8802641412.324734,8791992810.148422,8781342052.235077,8770689084.712297,8760033850.629866,8749376289.890995,8738716339.182243,8728053931.902023,8717388998.087673,8706721464.341072,8696051253.752779,8685378285.82464,8674702476.390823,8664023737.537308,8653341977.519688,8642657100.67937,8631969007.358036,8621277593.810387,8610582752.115105,8599884370.084003,8589182331.169319,8578476514.369126,8567766794.130774,8557053040.25236,8546335117.782195,8535612886.916158,8524886202.892951,8514154915.887176,8503418870.900183,8492677907.648684,8481931860.450979,8471180558.11087,8460423823.799106,8449661474.932345,8438893323.049581,8428119173.685943,8417338826.243868,8406552073.861495,8395758703.278315,8384958494.697916,8374151221.647858,8363336650.836497,8352514542.006797,8341684647.786955,8330846713.537876,8320000477.197306,8309145669.120621,8298282011.918184,8287409220.289177,8276527000.8517885,8265635051.969755,8254733063.575085,8243820716.986915,8232897684.726408,8221963630.327602,8211018208.144077,8200061063.151375,8189091830.745066,8178110136.534348,8167115596.131083,8156107814.934162,8145086387.909033,8134050899.362405,8123000922.711866,8111936020.250375,8100855742.905514,8089759629.993315,8078647208.966609,8067517995.157682,8056371491.515188,8045207188.335115,8034024562.985708,8022823079.626169,8011602188.91904,8000361327.73603,7989099918.857258,7977817370.663631,7966513076.822277,7955186415.964846,7943836751.358507,7932463430.56949,7921065785.118968,7909643130.131142,7898194763.973311,7886719967.887794,7875218005.615438,7863688123.010616,7852129547.647446,7840541488.417074,7828923135.115814,7817273658.023914,7805592207.474799,7793877913.414496,7782129884.951135,7770347209.894182,7758528954.283304,7746674161.906563,7734781853.807722,7722851027.78248,7710880657.86334,7698869693.792921,7686817060.485449,7674721657.476177,7662582358.358555,7650398010.208771,7638167432.997591,7625889418.989075,7613562732.126026,7601186107.401871,13009235365.90614,12958580211.09418,12907719333.059635,12856651579.268711,12805375791.767216,12753890807.470402,12702195458.471771,12650288572.371643,12449052408.949692,12398070406.93431,12346887390.495195,12295502279.376774,12243913990.058071,12192121436.10903,12140123528.566578,12223983223.269876,12169985624.190712,12115760251.541773,12061306031.838545,12006621898.454391,11951706792.39429,11516122878.124638,11462521202.432224,11408713567.338856,11354699211.659958,11300477386.028748,11246047353.676249,11191408391.238329,11049436341.669155,10995832692.19328,10942022423.688946,10888004688.56544,10833778652.108349,10779343493.40542,10174719621.22161,10118722849.16314,10062566178.921236,10006250188.855476,9949775501.463,9893142784.776794,10516083918.856588,10457448819.925,10398590636.286276,10339508719.76286,10280202447.65314,10220671223.953302,10160914480.605455,9563804088.342346,9508108093.566595,9452212499.267838,9396117243.470999,9339822308.85571,9283327724.093304,9226633565.18275,9169739956.782467,9112647073.534784,9055355141.37953,8997864438.85272,8940175298.366276,8882288107.464077,8824203310.049381,8765921407.578167,8707442960.21252,8648768587.927725,8589898971.566055,8530834853.82986,8471577040.205788,8412126399.811373,8352483866.154512,8292650437.795538,8232627178.900814,8172415219.675788,8112015756.664628,8051430052.90234,7990659437.904255,7929705307.476543,7868569123.33004,7807252412.478359,7745756766.39964,7684083839.939665,7622235349.932323,7560213073.511518,7498018846.086346,7435654558.949431,7373122156.485647,7310423632.945912,7247561028.748024,7184536426.26326,7121351945.044387,7058009736.446991,6994511977.592346,6930860864.615778,6867058605.140052,6803107409.90854,6739009483.507536,6674767014.101641,6610382162.099938,6545857047.6641655,6481193736.962984,6416394227.068912,6351460429.386151,6286394151.488829,6221197077.239596,6155870745.048364,6090416524.119997,6024835588.528073,5959128888.939251,5893297121.799431,5827340695.778594,5761259695.2561035,5695053840.612133,5628722445.074042,5562264367.848705,5495677963.253202,5428961025.5370865,5362110729.069543,5295123563.544599,5227995263.837219,5160720734.123063,5093293965.855286,5025707949.173664,4957954577.305295,4890024543.502957,4821907230.058437,4753590588.9248,4685061013.485969,4616303201.02629,4547300005.479642,4478032280.08093,4408478709.606796,4338615631.982038,4268416849.1504874,4197853427.271534,4126893486.5156794,4055501981.006271,3983640469.8036156,3911266880.269448,3838335265.704196,3764795559.842183,3690593331.6500025,3615669544.937761,3539960328.6049385,3463396764.9556613,3385904705.4965076,3307404626.051948,3227811535.9941163,3147034960.0021725,3064979015.186978,2981542611.818331,2896619812.497431,2810100392.704383,2721870655.5669007,2631814565.8760014,2539815283.3582563,2445757193.670052,2349528558.3197722,2251024932.711277,2150153535.8251214,2046838796.8443422,1941029354.2666783,1832706842.1379404,1721896865.0596256,1608682634.862183,1493221808.301434,1375767108.2521403,1256691295.3234248,1136516918.9956176,1015950907.382489,895923269.7894782,777627694.6574216,662559185.5122163,552539471.4542397,449714012.1164812,356494396.5854949,275407225.4277307,208798724.8399597,158344598.10099435,124353145.77462745,104970935.12708646,95629988.2131705,89240256.46281517,77054887.25937632,49190815.92543277,7466512.555274721,0.0
2934.0,9154412219.016846,9143945663.728,9133477383.952051,9123007336.057276,9112535473.43216,9102061746.416912,9091586102.233664,9081108484.915253,9070628835.232582,9060147090.62054,9049663185.102415,9039177049.212824,9028688609.91904,9018197790.540794,9007704510.66843,8997208686.079409,8986710228.653114,8976209046.28397,8965705042.792759,8955198117.836147,8944688166.814375,8934175080.777073,8923658746.327126,8913139045.522614,8902615855.776693,8892089049.755468,8881558495.273737,8871024055.188583,8860485587.290804,8849942944.19406,8839395973.22174,8828844516.29148,8818288409.797281,8807727484.489166,8797161565.350315,8786590471.471668,8776014015.923836,8765432005.62638,8754844241.214317,8744250516.901787,8733650620.342886,8723044332.489517,8712431427.446224,8701811672.32196,8691184827.078695,8680550644.376755,8669908869.4169,8659259239.77899,8648601485.25718,8637935327.691586,8627260480.796303,8616576649.983707,8605883532.184963,8595180815.666605,8584468179.843177,8573745295.085726,8563011822.526167,8552267413.857336,8541511711.128656,8530744346.537335,8519964942.214941,8509173110.009279,8498368451.261437,8487550556.577923,8476719005.597695,8465873366.754047,8455013197.031185,8444138041.715374,8433247434.140479,8422340895.427875,8411417934.220467,8400478046.4107485,8389520714.862746,8378545409.127678,8367551585.1532,8356538684.986053,8345506136.468006,8334453352.924872,8323379732.848457,8312284659.571285,8301167500.9339,8290027608.944562,8278864319.431202,8267676951.685375,8256464808.09808,8245227173.787237,8233963316.216579,8222672484.80583,8211353910.531886,8200006805.520831,8188630362.630553,8177223755.023729,8165786135.730986,8154316637.203938,8142814370.857946,8131278426.604279,8119707872.371496,8108101753.615723,8096459092.819663,8084778888.979957,8073060117.082749,8061301727.567093,8049502645.775964,8037661771.39459,8025777977.875791,8013850111.852067,8001876992.534103,7989857411.095419,7977790130.042828,7965673882.572388,7953507371.910591,7941289270.640344,7929018220.011549,7916692829.235844,7904311674.765234,7891873299.554234,13227441972.305117,13175658987.323082,13123660568.878086,13071445495.288464,13019012538.809343,12966360465.91258,12913488037.585308,12860394009.64783,12665298447.72181,12613045174.103146,12560580502.630678,12507903291.659475,12455012396.053738,12401906667.546196,12348584955.117165,12421170321.031555,12365995027.499432,12310582158.7862,12254930564.273514,12199039099.14539,12142906625.13037,11740723789.994793,11685577817.78072,11630211653.428802,11574624454.259346,11518815390.518234,11462783646.239697,11406528420.13874,11278863080.935623,11223435620.607208,11167783136.558563,11111904652.445038,11055799206.307976,10999465851.660234,10441254130.35902,10383046529.403072,10324653798.212744,10266076347.49717,10207314635.991096,10148369172.16609,10700890204.807447,10639857784.357676,10578582240.578648,10517062836.704184,10455298864.46742,10393289645.506874,10331034532.804665,9741754770.681635,9683548481.55236,9625125168.540846,9566484788.919691,9507627351.73196,9448552919.434368,9389261609.545725,9329753596.297226,9270029112.28089,9210088450.09216,9149931963.96213,9089560071.37462,9028973254.662704,8968172062.578884,8907157111.832554,8845929088.587847,8784488749.914236,8722836925.181751,8660974517.391762,8598902504.433723,8536621940.257135,8474133955.947448,8411439760.693249,8348540642.631372,8285437969.555206,8222133189.470335,8158627830.980326,8094923503.484062,8031021897.164417,7966924782.746525,7902634011.002037,7838151511.973848,7773479293.893789,7708619441.76341,7643574115.565797,7578345548.07361,7512936042.215817,7447347967.962753,7381583758.685741,7315645906.944235,7249536959.649702,7183259512.551575,7116816203.986258,7050209707.825825,6983442725.557995,6916517977.424004,6849438192.535269,6782206097.883997,6714824406.156451,6647295802.251113,6579622928.396611,6511808367.757027,6443854626.404056,6375764113.527178,6307539119.744148,6239181793.364898,6170694114.45218,6102077866.512358,6033334605.639203,5964465626.923014,5895471927.926297,5826354169.016386,5757112630.334194,5687747165.167559,5618257149.48703,5548641427.392202,5478898252.207648,5409025222.959925,5339019215.961392,5268876311.222934,5198591713.417451,5128159667.119449,5057573366.054475,4986824856.106728,4915904931.855472,4844803026.442332,4773507094.614703,4702003488.847379,4630276828.5184,4558309862.209407,4486083323.319428,4413575779.329091,4340763475.23547,4267620171.902417,4194116980.3456626,4120222193.304788,4045901115.8561945,3971115897.3045464,3895825367.1687703,3819984878.769074,3743546164.741607,3666457209.7789135,3588662147.040834,3510101186.029305,3430710581.301997,3350422653.248459,3269165874.306565,3186865036.499913,3103441519.0762973,3018813678.3773556,2932897385.930564,2845606745.194852,2756855022.487868,2666555833.463789,2574624633.1954703,2480980565.554603,2385548736.297435,2288262984.1669364,2189069235.4997635,2087929540.274208,1984826901.049552,1879771020.2121186,1772805103.9539075,1664013870.610229,1553532910.9477572,1441559528.8818583,1328365135.697576,1214309149.9915578,1099854121.3593562,985581372.2870451,872205723.7509072,760586667.8505087,651731451.5843873,546782683.0353248,446979071.163545,353572896.73685133,267682866.96525833,190059475.3139779,120749980.80101895,58688631.941795826,1335873.6297399402,-55303195.071217835,-115562818.17255503,-180412674.18993443,-237513513.40163517,-235875840.55914816,-77820125.37574837,0.0
2933.0,9415159156.071045,9404811756.06718,9394462429.967464,9384111122.496498,9373757775.05026,9363402325.619593,9353044708.712095,9342684855.272532,9332322692.601542,9321958144.272787,9311591130.048449,9301221565.792906,9290849363.384829,9280474430.62736,9270096671.156574,9259715984.348013,9249332265.221376,9238945404.343252,9228555287.72786,9218161796.73579,9207764807.970673,9197364193.17372,9186959819.11615,9176551547.489332,9166139234.792755,9155722732.21965,9145301885.540253,9134876534.982674,9124446515.111313,9114011654.70272,9103571776.61892,9093126697.678078,9082676228.5225,9072220173.483831,9061758330.44551,9051290490.702269,9040816438.816738,9030335952.473013,9019848802.327148,9009354751.854488,8998853557.193794,8988344966.988026,8977828722.221794,8967304556.055325,8956772193.654896,8946231352.019659,8935681739.804745,8925123057.140593,8914554995.448383,8903977237.251505,8893389455.982958,8882791315.788597,8872182471.32611,8861562567.559624,8850931239.549866,8840288112.239729,8829632800.235186,8818964907.58137,8808284027.533773,8797589742.32442,8786881622.922869,8776159228.79197,8765422107.63821,8754669795.156511,8743901814.769405,8733117677.360369,8722316881.001236,8711498910.673532,8700663237.983543,8689809320.871029,8678936603.31139,8668044515.01112,8657132471.096386,8646199871.79464,8635246102.108917,8624270531.484856,8613272513.470093,8602251385.36595,8591206467.871151,8580137064.717446,8569042462.296868,8557921929.280489,8546774716.228413,8535600055.190815,8524397159.299814,8513165222.351945,8501903418.380983,8490610901.2209215,8479286804.058839,8467930238.977421,8456540296.486834,8445116045.04581,8433656530.571543,8422160775.938199,8410627780.46378,8399056519.385001,8387445943.319927,8375794977.718094,8364102522.297743,8352367450.469942,8340588608.749236,8328764816.150488,8316894863.571615,8304977513.161898,8293011497.675453,8280995519.80961,8268928251.527735,8256808333.366251,8244634373.725389,8232404948.143344,8220118598.553431,8207773832.523877,8195369122.47979,8182902904.906985,8170373579.537191,8157779508.514215,13423725865.926989,13370891070.96356,13317832118.579716,13264547725.722645,13211036602.542616,13157297452.653889,13103328973.413446,13049129856.218304,12861106858.701511,12807655134.811289,12753982437.481514,12700087566.831242,12645969319.062286,12591626486.810644,12537057859.51702,12598434136.185225,12542176202.77729,12485671903.356594,12428920011.08491,12371919303.46323,12314668563.022892,11948946232.650118,11892352194.318005,11835524471.276363,11778462132.296492,11721164259.577858,11663629949.669956,11605858314.425594,11493192153.877562,11436038225.883518,11378641621.56842,11321001227.390451,11263115944.96561,11204984692.282349,10699915401.856106,10639610840.433352,10579095717.362278,10518370230.715166,10457434628.712557,10396289211.694756,10869436363.05101,10806131485.71214,10742564483.145638,10678734522.65492,10614640802.364197,10550282552.790035,10485659038.45119,9908664842.96657,9848055977.76867,9787212834.24068,9726135352.8527,9664823531.474134,9603277427.295214,9541497158.76141,9479482907.5173,9417234920.356087,9354753511.170506,9292039062.90041,9229092029.471903,9165912937.722322,9102502389.304853,9038861062.565903,8974989714.387785,8910889181.98851,8846560384.669724,8782004325.503035,8717222092.944078,8652214862.36273,8586983897.476814,8521530551.675564,8455856269.217955,8389962586.289583,8323851131.900621,8257523628.6056,8190981893.024412,8124227836.142052,8057263463.36275,7990090874.292269,7922712262.219822,7855129913.268854,7787346205.183435,7719363605.714327,7651184670.565905,7582812040.862106,7514248440.086253,7445496670.446091,7376559608.611637,7307440200.769431,7238141456.932501,7168666444.440752,7099018280.581768,7029200124.256725,6959215166.6107435,6889066620.541235,6818757708.991688,6748291651.931873,6677671651.91885,6606900878.12593,6535982448.719505,6464919411.456008,6393714722.363342,6322371222.363004,6250891611.680942,6179278421.886715,6107533985.3922615,6035660402.23325,5963659503.9480295,5891532814.361567,5819281507.074748,5746906359.453367,5674407702.906156,5601785369.237731,5529038632.861168,5456166148.655671,5383165885.259386,5310035053.595308,5236770030.441301,5163366276.873923,5089818251.441591,5016119317.957006,4942261647.84323,4868236117.024772,4794032197.426268,4719637843.230171,4645039372.153905,4570221342.1402445,4495166424.016366,4419855270.871815,4344266385.139375,4268375984.641732,4192157869.1982336,4115583289.7780004,4038620822.6477637,3961236251.5046983,3883392461.218445,3805049347.543933,3726163748.0219016,3646689400.270826,3566576935.0075054,3485773912.4289474,3404224912.0600905,3321871687.8339224,3238653402.033846,3154506953.8002043,3069367420.1848373,2983168630.222784,2895843895.159208,2807326920.7874975,2717552930.7634034,2626460032.6739793,2533990861.4332404,2440094537.0722947,2344728975.944045,2247863595.430749,2149482451.953605,2049587849.7725198,1948204452.7824168,1845383921.8765054,1741210084.3952308,1635804616.579972,1529333179.9703867,1422011890.8054166,1314113905.998843,1205975762.0405624,1098002876.617394,990673275.8639107,884538084.496546,780216533.5284587,678382107.7795208,579734888.2308415,484953130.99669814,394614879.2528762,309078685.8929792,228313254.021738,151673148.65017444,77639799.95848665,3597994.489958793,-74179696.36608231,-159980128.39131606,-256819083.6710869,-361831914.01833266,-455136766.5855419,-473541036.89007574,-269064453.5870558,0.0
2932.0,9658599112.354095,9648319756.226597,9638037932.993404,9627753573.735807,9617466605.861109,9607176953.018532,9596884535.013523,9586589267.720274,9576291062.9925,9565989828.57246,9555685467.998098,9545377880.508362,9535066960.946589,9524752599.661928,9514434682.408829,9504113090.24443,9493787699.423923,9483458381.293758,9473125002.182713,9462787423.290726,9452445500.575487,9442099084.6367,9431748020.597982,9421392147.986383,9411031300.609394,9400665306.429453,9390293987.4359,9379917159.514256,9369534632.31284,9359146209.10664,9348751686.658318,9338350855.076431,9327943497.670628,9317529390.803877,9307108303.74162,9296679998.49779,9286244229.677582,9275800744.316969,9265349281.718843,9254889573.285732,9244421342.348944,9233944303.99419,9223458164.88348,9212962623.073246,9202457367.828632,9191942079.433838,9181416428.99842,9170880078.259457,9160332679.379503,9149773874.740225,9139203296.731577,9128620567.536469,9118025298.910826,9107417091.958822,9096795536.903343,9086160212.851406,9075510687.554527,9064846517.163857,9054167245.979963,9043472406.197186,9032761517.642342,9022034087.507751,9011289610.078333,9000527566.452734,8989747424.258287,8978948637.359636,8968130645.56093,8957292874.30141,8946434734.344154,8935555621.45795,8924654916.092014,8913731983.043425,8902786171.117107,8891816812.778154,8880823223.796303,8869804702.882408,8858760531.316662,8847689972.568396,8836592271.907257,8825466656.005495,8814312332.531235,8803128489.73242,8791914296.011234,8780668899.488794,8769391427.559807,8758080986.43701,8746736660.685104,8735357512.74392,8723942582.440565,8712490886.490286,8701001417.985727,8689473145.874352,8677905014.423695,8666295942.674158,8654644823.879063,8642950524.93158,8631211885.77832,8619427718.81914,8607596808.29291,8595717909.648872,8583789748.903224,8571811021.980558,8559780394.039858,8547696498.784564,8535557937.756403,8523363279.612585,8511111059.385907,8498799777.727407,8486427900.131132,8473993856.140581,8461496038.536383,8448932802.504802,8436302464.786531,8423603302.805428,8410833553.776584,8397991413.793346,13598250346.159784,13544447187.61703,13490412217.162523,13436144099.271584,13381641490.82793,13326903041.357868,13271927393.2813,13216713182.180046,13036635483.968723,12982066515.445026,12927267897.094109,12872238374.99764,12816976690.71802,12761481581.632229,12705751781.283848,12756019021.092836,12698780861.673454,12641288639.36972,12583541053.630377,12525536806.439983,12467274602.943457,12140842350.450129,12082907596.03754,12024726546.769672,11966298177.040085,11907621474.564983,11848695441.34026,11789519094.631325,11692490251.244616,11633722366.577026,11574695137.74255,11515407308.205845,11455857636.615543,11396044898.11547,10950378366.033045,10888109305.64416,10825604377.03711,10762863523.998611,10699886740.771566,10636674074.229485,11022447146.721148,10957020021.422806,10891313169.55933,10825325659.878012,10759056593.61288,10692505106.203257,10625670369.057377,10065148908.6949,10002268684.375885,9939137380.905252,9875754887.341251,9812121154.194376,9748236195.594757,9684100091.48169,9619712989.811869,9555075108.782715,9490186739.066652,9425048246.051699,9359660072.083397,9294022738.702364,9228136848.87138,9162003089.185087,9095622232.05489,9028995137.860832,8962122757.061333,8895006132.251049,8827646400.15599,8760044793.554085,8692202643.108429,8624121379.099085,8555802533.038277,8487247739.152281,8418458735.712078,8349437366.193004,8280185580.242288,8210705434.431279,8140999092.767389,8071068826.938696,8000917016.261809,7930546147.301406,7859958813.127056,7789157712.170435,7718145646.642938,7646925520.470602,7575500336.700053,7503873194.325356,7432047284.482136,7360025885.951138,7287812359.909157,7215410143.860784,7142822744.679594,7070053730.682315,6997106722.654339,6923985383.739215,6850693408.099049,6777234508.24665,6703612400.943985,6629830791.555038,6555893356.734484,6481803725.326948,6407565457.344691,6333182020.884791,6258656766.840288,6183992901.25313,6109193455.150785,6034261251.702646,5959198870.527604,5884008608.980157,5808692440.239796,5733251968.0274315,5657688377.773441,5582002384.065552,5506194174.211264,5430263347.759802,5354208851.843561,5278028912.219347,5201720959.91666,5125281553.435207,5048706296.477921,4971989751.261135,4895125347.511795,4818105287.3453865,4740920446.319874,4663560271.083781,4586012674.183789,4508263926.772892,4430298550.169053,4352099207.4608555,4273646596.647208,4194919347.1386986,4115893921.8458185,4036544527.5416965,3956843036.722726,3876758924.808088,3796259227.2286577,3715308521.7660265,3633868942.423599,3551900232.1523356,3469359842.9215155,3386203092.925232,3302383392.1499205,3217852549.093331,3132561173.1098294,3046459188.6380577,2959496479.4078503,2871623682.565849,2782793154.418621,2692960131.0469723,2602084108.226627,2510130465.667776,2417072360.247054,2322892911.234567,2227587696.9640565,2131167576.23096,2033661837.9791565,1935121668.3066823,1835623902.8513322,1735275003.0634522,1634215153.9050364,1532622324.3735423,1430716055.9232926,1328760640.6415145,1227067211.9900103,1125994084.2901757,1025944427.9397756,927360037.7914193,830709523.9660383,736468716.1458509,645090436.4928347,556960135.5970353,472333405.54815364,391251554.13045114,313433202.1162181,238145037.09142715,164066463.7772814,89185571.01863495,10803626.294982463,-74211642.32499838,-168692611.65546483,-273601303.35606086,-385110753.60444385,-489953006.06228393,-560213841.0651288,-522114584.3452517,0.0
2931.0,9884051466.81123,9873787573.285324,9863520334.319368,9853249665.550896,9842975478.60677,9832697681.012274,9822416176.098412,9812130862.907404,9801841636.096205,9791548385.838194,9781250997.722857,9770949352.653437,9760643326.74259,9750332791.205915,9740017612.253374,9729697650.978476,9719372763.245316,9709042799.573269,9698707605.01942,9688367019.05856,9678020875.460815,9667669002.166777,9657311221.160095,9646947348.3375,9636577193.376194,9626200559.598534,9615817243.83395,9605427036.278076,9595029720.34899,9584625072.540508,9574212862.272476,9563792851.738005,9553364795.747547,9542928441.56979,9532483528.769222,9522029789.040413,9511566946.038809,9501094715.208048,9490612803.60369,9480120909.713264,9469618723.272602,9459105925.078308,9448582186.796318,9438047170.766443,9427500529.802834,9416941906.990215,9406370935.475857,9395787238.257122,9385190427.964584,9374580106.640451,9363955865.51238,9353317284.762403,9342663933.291002,9331995368.476042,9321311135.926657,9310610769.231762,9299893789.703209,9289159706.113392,9278408014.427183,9267638197.528091,9256849724.938429,9246042052.53346,9235214622.249289,9224366861.784374,9213498184.294523,9202607988.081192,9191695656.272934,9180760556.49985,9169802040.560844,9158819444.08352,9147812086.176542,9136779269.074286,9125720277.773552,9114634379.662216,9103520824.139538,9092378842.22799,9081207646.176365,9070006429.053938,9058774364.335531,9047510605.477133,9036214285.481949,9024884516.456612,9013520389.157305,9002120972.52552,8990685313.213245,8979212435.097284,8967701338.782465,8956151001.093393,8944560374.554607,8932928386.85865,8921253940.321936,8909535911.328012,8897773149.757908,8885964478.407286,8874108692.390026,8862204558.527952,8850250814.726288,8838246169.33456,8826189300.492538,8814078855.46085,8801913449.935894,8789691667.348686,8777412058.147179,8765073139.061703,8752673392.353092,8740211265.043056,8727685168.126379,8715093475.764471,8702434524.459877,8689706612.211159,8676907997.647823,8664036899.144665,8651091493.915142,8638069917.083172,8624970260.732933,8611790572.936031,13751243062.422466,13696561955.559263,13641642527.231756,13586483399.44118,13531083185.774849,13475440491.607565,13419553914.318594,13363422043.52459,13192101208.382313,13136504280.615583,13080670014.925907,13024597108.7271,12968284254.168133,12911730138.441402,12854933444.108238,12894213625.075453,12836104441.067177,12777734670.699009,12719102944.009842,12660207891.509232,12601048144.72384,12316474734.576324,12257317101.75402,12197901589.900509,12138227074.869757,12078292445.142015,12018096602.793,11957638464.496595,11876820583.448433,11816565644.281069,11756035910.228329,11695229979.10702,11634146463.217026,11572783990.715267,11192226825.040483,11128143793.537216,11063800071.746964,10999195312.75933,10934329218.635729,10869201542.72659,11160649519.490065,11093274352.517038,11025603606.619934,10957636254.09904,10889371300.799614,10820807787.958723,10751944794.10442,10211771878.884787,10146774271.070251,10081509539.444536,10015977489.759258,9950177991.645319,9884110980.989271,9817776462.342182,9751174511.358017,9684305277.25838,9617168985.31982,9549765939.379627,9482096524.355515,9414161208.774067,9345960547.302263,9277495183.27575,9208765851.21702,9139773379.33572,9070518692.002743,9001002812.188843,8931226863.857597,8861192074.301653,8790899776.410055,8720351410.853422,8649548528.172531,8578492790.754431,8507185974.678986,8435629971.417212,8363826789.3609705,8291778555.162176,8219487514.857458,8146956034.752552,8074186602.038265,8001181825.107856,7927944433.542925,7854477277.732643,7780783328.088018,7706865673.810242,7632727521.168757,7558372191.241568,7483803117.066561,7409023840.149023,7334038006.266491,7258849360.507929,7183461741.479864,7107879074.607502,7032105364.454147,6956144685.977182,6880001174.633835,6803679015.244627,6727182429.517088,6650515662.126795,6573682965.247319,6496688581.415368,6419536724.6119175,6342231559.435129,6264777178.236154,6187177576.08454,6109436623.426374,6031558036.295577,5953545343.937017,5875401853.699862,5797130613.061012,5718734368.64205,5640215522.089232,5561576082.695485,5482817616.656349,5403941192.869538,5324947325.210897,5245835911.2489605,5166606167.397482,5087256560.551434,5007784736.30845,4928187443.946684,4848460458.413197,4768598499.676945,4688595149.9196,4608442769.179001,4528132410.227271,4447653733.662244,4366994924.421474,4286142611.196786,4205081790.5398407,4123795757.8109174,4042266047.5399156,3960472386.2473545,3878392661.3201575,3796002910.1592655,3713277334.520363,3630188345.76095,3546706647.5922117,3462801363.9155436,3378440220.401932,3293589789.643983,3208215810.9660816,3122283597.300019,3035758542.892838,2948606746.965926,2860795769.724494,2772295538.2317157,2683079420.482105,2593125486.3567953,2502417973.7782717,2410948976.9820523,2318720370.960589,2225745981.249622,2132054000.588728,2037689642.6527617,1942718006.812666,1847227105.2158659,1751330972.46978,1655172736.5200315,1558927474.1138911,1462804602.2358193,1367049464.4384508,1271943654.3448832,1177803474.629654,1084975757.2455342,993830072.6325047,904746143.9695852,818095085.6224339,734212961.1107202,653365215.354756,575700975.1855813,501197363.93235195,429596371.9908564,360341249.6955161,292526854.91529405,224889875.79247692,155880485.70375526,83874175.01866725,7592396.023729533,-73218617.45991662,-156907781.4095387,-239300892.07362092,-315347027.93961763,-389190071.7141335,-495703745.79568547,0.0
2930.0,10090924601.405386,10080622700.661482,10070316245.808683,10060005135.478918,10049689263.97079,10039368521.152697,10029042792.36396,10018711958.314129,10008375894.980148,9998034473.501623,9987687560.073923,9977335015.839216,9966976696.77535,9956612453.582478,9946242131.567516,9935865570.52622,9925482604.62299,9915093062.268234,9904696765.993313,9894293532.322994,9883883171.645336,9873465488.078997,9863040279.337885,9852607336.593077,9842166444.331984,9831717380.21471,9821259914.927462,9810793812.033064,9800318827.818447,9789834711.139042,9779341203.260012,9768838037.694328,9758324940.03752,9747801627.799046,9737267810.23029,9726723188.149023,9716167453.760271,9705600290.473562,9695021372.716366,9684430365.743786,9673826925.444263,9663210698.14136,9652581320.39138,9641938418.776855,9631281609.695757,9620610499.1463,9609924682.50735,9599223744.314144,9588507258.029484,9577774785.809994,9567025878.26761,9556260074.225986,9545476900.471832,9534675871.50096,9523856489.25903,9513018242.876757,9502160608.399551,9491283048.511383,9480385012.25278,9469465934.732813,9458525236.834904,9447562324.91638,9436576590.501509,9425567409.967972,9414534144.226572,9403476138.393982,9392392721.458452,9381283205.938225,9370146887.532516,9358983044.764904,9347790938.618896,9336569812.165514,9325318890.182716,9314037378.766426,9302724464.93298,9291379316.212765,9280001080.234903,9268588884.302635,9257141834.959324,9245659017.544697,9234139495.74121,9222582311.110262,9210986482.6179,9199351006.14996,9187674854.016155,9175956974.443027,9164196291.055365,9152391702.34586,9140542081.132664,9128646274.004606,9116703100.7537,9104711353.794664,9092669797.571114,9080577167.948095,9068432171.590622,9056233485.327862,9043979755.502617,9031669597.305716,9019301594.094976,9006874296.698296,8994386222.700535,8981835855.71373,8969221644.630268,8956542002.858574,8943795307.540855,8930979898.752504,8918094078.682663,8905136110.795479,8892104218.97163,8878996586.62952,8865811355.825775,8852546626.33443,8839200454.704296,8825770853.294022,8812255789.284256,8798653183.666363,13882987773.432749,13827525543.825483,13771819694.45816,13715868815.891094,13659671489.455494,13603226287.417791,13546531773.158035,13489586501.362776,13327771614.689552,13271243674.717085,13214471782.224266,13157454592.581312,13100190755.041271,13042678913.016644,12984917704.37206,13013342521.022308,12954477631.984932,12895346880.353672,12835948832.981636,12776282054.950611,12716345110.032175,12475908492.732924,12415655516.133686,12355134244.601332,12294343453.351082,12233281928.97358,12171948470.394302,12110341889.866829,12046232791.605425,11984631061.063389,11922740529.267262,11860559649.281813,11798086887.270174,11735320723.896645,11424949215.14021,11359219983.399357,11293206111.96077,11226906933.80341,11160321827.69259,11093450220.57931,11284746668.573977,11215619773.85863,11146183519.403126,11076436787.708366,11006378495.315336,10936007594.760271,10865323076.589672,10349027970.639196,10282088520.974926,10214866972.539265,10147363019.768549,10079576421.769821,10011507004.864435,9943154665.17545,9874519371.256516,9805601166.759708,9736400173.13937,9666916592.388529,9597150709.804222,9527102896.77743,9456773613.602854,9386163412.303291,9315272939.462704,9244102939.061464,9172654255.306564,9100927835.448847,9028924732.578468,8956646108.389023,8884093235.899714,8811267502.124052,8738170410.672394,8664803584.274542,8591168767.207338,8517267827.610819,8443102759.675121,8368675685.678724,8293988857.85699,8219044660.078192,8143845609.302291,8068394356.795807,7992693689.073812,7916746528.537953,7840555933.776903,7764125099.492956,7687457356.016013,7610556168.362984,7533425134.797866,7456067984.844356,7378488576.69962,7300690893.994246,7222679041.839791,7144457242.101496,7066029827.829887,6987401236.780878,6908576003.9499655,6829558753.041875,6750354186.792963,6670967076.059532,6591402247.581097,6511664570.324086,6431758940.307615,6351690263.809996,6271463438.851896,6191083334.850105,6110554770.334694,6029882488.62228,5949071131.339386,5868125209.692688,5787049073.387865,5705846877.105917,5624522544.455963,5543079729.336952,5461521774.658417,5379851668.392511,5298071996.957776,5216184895.969507,5134191998.43397,5052094380.515028,4969892505.0634775,4887586163.173302,4805174414.1168165,4722655524.114586,4640026904.518269,4557285050.127882,4474425478.532195,4391442671.555382,4308330020.118248,4225079774.0818396,4141682998.9395094,4058129541.5646486,3974408007.6098914,3890505753.5940905,3806408897.210619,3722102349.948028,3637569876.736164,3552794188.019148,3467757070.4125795,3382439562.923874,3296822186.5969286,3210885236.374979,3124609144.942156,3037974929.278471,2950964731.606903,2863562467.2697725,2775754592.768163,2687531007.627558,2598886103.7712584,2509819975.498695,2420339801.7214584,2330461409.467337,2240211023.3781056,2149627199.423637,2058762931.5913439,1967687906.9415731,1876490865.9617355,1785282000.1452854,1694195285.4152334,1603390606.383277,1513055470.2876778,1423406038.651695,1334687117.6627514,1247170644.8554323,1161152092.7943993,1076944088.724362,994866441.2939986,915231707.1038164,838325483.8389411,764380887.9300324,693547329.1031914,625854980.8262756,561178611.7767799,499208120.1582664,439438617.34058106,381200353.5396666,323757298.2317637,266509575.20236987,209331306.16477385,153045559.68091297,99952052.89473069,54125704.370779514,20800149.877317246,3592511.0171616725,-538503.0572447241,-503940.25490876817,0.0
2929.0,10278717937.2398,10268324250.486347,10257924482.322376,10247518513.085155,10237106218.475452,10226687469.45548,10216262132.144894,10205830067.714764,10195391132.279442,10184945176.786392,10174492046.903788,10164031582.905998,10153563619.556776,10143087985.990196,10132604505.589245,10122112995.86205,10111613268.315697,10101105128.327534,10090588375.013975,10080062801.096731,10069528192.766417,10058984329.543425,10048430984.136145,10037867922.296291,10027294902.671469,10016711676.65473,10006117988.231249,9995513573.821877,9984898162.123665,9974271473.947157,9963633222.05048,9952983110.970146,9942320836.848454,9931646087.257437,9920958541.01932,9910257868.023369,9899543729.03906,9888815775.525503,9878073649.437037,9867316983.02488,9856545398.63482,9845758508.50079,9834955914.534248,9824137208.109322,9813301969.843554,9802449769.374214,9791580165.130013,9780692704.09818,9769786921.58677,9758862340.982077,9747918473.50109,9736954817.938814,9725970860.410423,9714966074.088053,9703939918.93213,9692891841.417175,9681821274.25184,9670727636.093151,9659610331.254768,9648468749.409138,9637302265.283396,9626110238.348866,9614892012.504036,9603646915.750832,9592374259.864012,9581073340.053572,9569743434.61998,9558383804.602028,9546993693.417189,9535572326.494244,9524118910.898062,9512632634.946257,9501112667.81762,9489558159.152048,9477968238.641842,9466342015.61407,9454678578.603916,9442976994.918612,9431236310.191929,9419455547.928812,9407633709.04007,9395769771.366756,9383862689.194056,9371911392.754456,9359914787.719765,9347871754.68198,9335781148.62245,9323641798.369225,9311452506.042244,9299212046.486044,9286919166.68968,9274572585.193604,9262170991.48307,9249713045.367825,9237197376.347675,9224622582.963655,9211987232.134314,9199289858.476889,9186528963.61289,9173703015.45775,9160810447.494112,9147849658.028376,9134819009.430067,9121716827.353603,9108541399.941996,9095290977.01208,9081963769.220787,9068557947.211962,9055071640.74328,9041502937.792755,9027849883.644333,9014110479.952003,9000282683.782034,8986364406.632572,8972353513.430296,8958247821.503342,13993815895.509296,13937675123.328283,13881286700.124798,13824649196.98462,13767761174.99085,13710621185.348442,13653227769.521286,13595579459.382164,13443956325.798729,13386601449.13913,13328997158.437515,13271142074.936848,13213034812.843529,13154673979.567844,13096058175.979416,13113757820.933895,13054257899.463852,12994488152.704063,12934447092.506895,12874133226.62154,12813545059.06654,12619203725.142672,12557991689.243076,12496502249.02382,12434734079.358389,12372685864.743393,12310356300.228016,12247744092.377182,12200753600.057364,12137957426.383322,12074860106.414043,12011459953.209454,11947755290.925133,11883744456.210669,11647935535.265188,11580743968.467628,11513245092.86078,11445437900.430584,11377321424.216751,11308894740.73494,11395393512.81192,11324730920.416143,11253747546.123903,11182442193.43414,11110813699.855474,11038860938.94756,10966582822.42982,10477321205.282837,10408635379.683022,10339653865.955566,10270376224.129822,10200802078.092316,10130931118.251272,10060763104.256672,9990297867.774353,9919535315.312546,9848475431.09886,9777118280.005398,9705464010.519348,9633512857.756058,9561265146.511097,9488721294.347458,9415881814.713478,9342747320.086613,9269318525.137585,9195596249.908794,9121581423.000341,9047275084.756056,8972678390.441526,8897792613.404877,8822619148.210554,8747159513.735107,8671415356.21317,8595388452.22061,8519080711.580708,8442494180.17795,8365631042.662712,8288493625.028663,8211084397.043179,8133405974.509529,8055461121.337734,7977252751.399363,7898783930.139404,7820057875.91654,7741077961.040796,7661847712.475456,7582370812.167701,7502651096.969969,7422692558.111548,7342499340.177191,7262075739.546835,7181426202.247808,7100555321.167925,7019467832.5751705,6938168611.886688,6856662668.627085,6774955140.513275,6693051286.600592,6610956479.422335,6528676196.053133,6446216008.024435,6363581570.019481,6280778607.274288,6197812901.6114645,6114690276.034598,6031416577.813259,5947997659.992231,5864439361.263876,5780747484.149648,5696927771.44654,5612985880.906538,5528927358.132738,5444757607.69543,5360481862.495308,5276105151.430136,5191632265.4565115,5107067722.18046,5022415729.160849,4937680146.169114,4852864446.7187,4767971679.259682,4683004428.529717,4597964777.663643,4512854271.792581,4427673884.011671,4342423984.765512,4257104315.8949018,4171713970.809659,4086251382.5032024,4000714321.407534,3915099905.4050827,3829404624.668578,3743624384.3941865,3657754568.9272413,3571790131.2551847,3485725712.3571267,3399555795.451642,3313274900.76805,3226877827.0731893,3140359946.8015018,3053717562.242023,2966948330.8032436,2880051767.867779,2793029836.1106014,2705887630.3168817,2618634166.6043043,2531283284.405337,2443854668.4339805,2356374995.93468,2268879211.510313,2181411927.3919306,2094028940.6844006,2006798850.3142943,1919804744.3860965,1833145912.51847,1746939516.4040833,1661322124.0742202,1576450977.8228307,1492504821.2046547,1409684056.1461453,1328209937.242165,1248322439.1933656,1170276361.574182,1094335176.290442,1020762102.4682738,949807954.8478392,881695526.4737905,816600745.1217368,754631746.5551181,695808553.297662,640048492.8099207,587166067.1665395,536900736.0420606,488991468.08635575,443321142.1190134,400152613.70309454,360462818.0289963,326336420.71370524,301283712.1328052,290180239.71341634,298365753.5469694,329956210.3232949,389162896.60486025,494996702.761396,0.0
2928.0,10447023255.695234,10436484266.480583,10425937366.067574,10415382415.511368,10404819270.952076,10394247783.508562,10383667799.170282,10373079158.68703,10362481697.456549,10351875245.410025,10341259626.89537,10330634660.55829,10320000159.221008,10309355929.758736,10298701772.97373,10288037483.466942,10277362849.50718,10266677652.8978,10255981668.840755,10245274665.798124,10234556405.350868,10223826642.054928,10213085123.294523,10202331589.132614,10191565772.158451,10180787397.332218,10169996181.82661,10159191834.865372,10148374057.558683,10137542542.73536,10126696974.771748,10115837029.417328,10104962373.616886,10094072665.329214,10083167553.342276,10072246677.084734,10061309666.433777,10050356141.519192,10039385712.523548,10028397979.478489,10017392532.056948,10006368949.361296,9995326799.70729,9984265640.40372,9973185017.527697,9962084465.695454,9950963507.828602,9939821654.915691,9928658405.769016,9917473246.776554,9906265651.648922,9895035081.161228,9883780982.889742,9872502790.943222,9861199925.68886,9849871793.472595,9838517786.33382,9827137281.714212,9815729642.1607,9804294215.022274,9792830332.140676,9781337309.534653,9769814447.077782,9758261028.169613,9746676319.40002,9735059570.206612,9723410012.525024,9711726860.431929,9700009309.78058,9688256537.828793,9676467702.859056,9664641943.790714,9652778379.783936,9640876109.83538,9628934212.365234,9616951744.795538,9604927743.119522,9592861221.461752,9580751171.628876,9568596562.65076,9556396340.31171,9544149426.671663,9531854719.576988,9519511092.160686,9507117392.33179,9494672442.253613,9482175037.810598,9469623948.06354,9457017914.692848,9444355651.42955,9431635843.473757,9418857146.900295,9406018188.051168,9393117562.914474,9380153836.489594,9367125542.138096,9354031180.920216,9340869220.916395,9327638096.533607,9314336207.796013,9300961919.619633,9287513561.070614,9273989424.6066,9260387765.30095,9246706800.049212,9232944706.75753,9219099623.512444,9205169647.731709,9191152835.295574,9177047199.658115,9162850710.938082,9148561294.988722,9134176832.446148,9119695157.755676,9105114058.175545,9090431272.757532,14084097971.501022,14027386244.346205,13970424145.887089,13913210240.495407,13855743081.84063,13798021212.97352,13740043166.420696,13681807464.290497,13540998172.241293,13482926915.200758,13424602007.814917,13366022046.396929,13307185619.277096,13248091307.00428,13188737682.561296,13195830905.471085,13135821120.463406,13075538917.763584,13014982764.324036,12954151120.656982,12893042441.11866,12746408559.653755,12684381400.518251,12622069165.320114,12559470431.54118,12496583784.099854,12433407816.232351,12369941130.407345,12340378438.048803,12276550746.773603,12212411427.02962,12147958660.64938,12083190638.025364,12018105559.472383,11860475568.369938,11792020130.903126,11723236412.142708,11654123051.957354,11584678725.197777,11514902144.0855,11493174357.432957,11421208974.919456,11348913990.231842,11276288142.262974,11203330203.387997,11130038981.56667,11056413322.520502,10596947912.615326,10526729025.822763,10456202556.223886,10385367912.120636,10314224563.32425,10242772043.890308,10171009954.920944,10098937967.433538,10026555825.295546,9953863348.224478,9880860434.852036,9807547065.85111,9733923307.124043,9659989313.050318,9585745329.791391,9511191698.650253,9436328859.482677,9361157354.156918,9285677830.058002,9209891043.63248,9133797863.968777,9057399276.40792,8980696386.178734,8903690422.05099,8826382739.999287,8748774826.8698,8670868304.041197,8592664931.070154,8514166609.311174,8435375385.499302,8356293455.283493,8276923166.697202,8197267023.5517845,8117327688.737004,8037107987.411795,7956610910.067127,7875839615.441347,7794797433.26717,7713487866.827792,7631914595.298283,7550081475.846638,7467992545.467502,7385652022.519739,7303064307.937532,7220233986.082943,7137165825.206373,7053864777.479679,6970335978.565324,6886584746.68346,6802616581.137747,6718437160.259619,6634052338.729982,6549468144.236991,6464690773.428495,6379726587.1183195,6294582104.706718,6209263997.77724,6123779082.835104,6038134313.156049,5952336769.719849,5866393651.209398,5780312263.064642,5694100005.591245,5607764361.136738,5521312880.362585,5434753167.659501,5348092865.775888,5261339639.756071,5174501160.3165865,5087585086.825814,5000599050.095589,4913550635.243643,4826447364.944022,4739296683.449476,4652105941.846878,4564882385.094387,4477633141.489077,4390365215.326771,4303085483.643376,4215800698.070146,4128517492.9950066,4041242401.3995147,3953981879.9367657,3866742345.0302753,3779530222.007326,3692352009.5322967,3605214361.8742595,3518124191.8268337,3431088797.39264,3344116015.6446314,3257214407.4742136,3170393477.2210197,3083663931.4372635,2997037981.2527037,2910529692.9499755,2824155391.4040866,2737934120.944468,2651888167.913356,2566043648.6571703,2480431165.818214,2395086534.4921937,2310051577.956826,2225374990.100676,2141113258.1924133,2057331634.9848723,1974105143.0447707,1891519586.2734761,1809672533.4047976,1728674225.3420076,1648648342.0087416,1569732544.4639552,1492078684.0943117,1415852542.9577904,1341232939.0112069,1268410000.063048,1197582387.1387687,1128953243.1926944,1062724676.9179347,999090696.714569,938228737.480911,880290346.3538525,825392310.7224468,773610636.5536187,724981415.7025907,679514763.9479762,637230424.9359055,598225543.6019913,562784738.8101851,531536469.21610177,505641659.88143194,486960836.50619936,478071252.72773445,481885661.53308374,500472601.6918772,532405227.09729517,565158273.3456365,521464750.9542466,0.0
2927.0,10595525309.79378,10584788320.802467,10574041308.604614,10563284114.310074,10552516573.8647,10541738517.941124,10530949771.827477,10520150155.314053,10509339482.577845,10498517562.064846,10487684196.370264,10476839182.11638,10465982309.828154,10455113363.80651,10444232121.999224,10433338355.869356,10422431830.261278,10411512303.264118,10400579526.072647,10389633242.845589,10378673190.561176,10367699098.870092,10356710689.945536,10345707678.330511,10334689770.782228,10323656666.113537,10312608055.031391,10301543619.972227,10290463034.934258,10279365965.306534,10268252067.69479,10257120989.743992,10245972369.957487,10234805837.5127,10223621012.073364,10212417503.598091,10201194912.145369,10189952827.674734,10178690829.844246,10167408487.80397,10156105359.985554,10144780993.887745,10133434925.85778,10122066680.868538,10110675772.291422,10099261701.664806,10087823958.458036,10076362019.830824,10064875350.38798,10053363401.929356,10041825613.194927,10030261409.604876,10018670202.994606,10007051391.34454,9995404358.50464,9983728473.913471,9972023092.311756,9960287553.450245,9948521181.791803,9936723286.207636,9924893159.667383,9913030078.923132,9901133304.187073,9889202078.802711,9877235628.909485,9865233163.100666,9853193872.07433,9841116928.277325,9829001485.541971,9816846678.715485,9804651623.281776,9792415414.975582,9780137129.388706,9767815821.568218,9755450525.606342,9743040254.221966,9730583998.333471,9718080726.62275,9705529385.090149,9692928896.600197,9680278160.417805,9667576051.734816,9654821421.186611,9642013094.35854,9629149871.281963,9616230525.919647,9603253805.640251,9590218430.681623,9577123093.6027,9563966458.723684,9550747161.5542,9537463808.20922,9524114974.81236,9510699206.886324,9497215018.730145,9483660892.782888,9470035278.973526,9456336594.056622,9442563220.933456,9428713507.958292,9414785768.229374,9400778278.864292,9386689280.25932,9372516975.332386,9358259528.749172,9343915066.132051,9329481673.25133,9314957395.19842,9300340235.540524,9285628155.456257,9270819072.85192,9255910861.45778,9240901349.903954,9225788320.775415,9210569509.645576,9195242604.087872,14154235193.86932,14097064275.628197,14039641607.75058,13981965761.276253,13924035295.946072,13865848760.244535,13807404691.452,13748701615.706678,13619264330.202156,13560592970.379992,13501665012.018831,13442479036.920872,13383033617.971222,13323327319.298733,13263358696.45003,13259944394.85439,13199553469.300886,13138888949.214918,13077949268.538158,13016732852.508512,12955238117.859213,12857552895.509071,12794860959.988674,12731877835.130302,12668602006.796314,12605031965.743166,12541166208.438534,12477003237.911114,12465064245.113377,12400376818.455795,12335369324.984877,12270039828.158323,12204386397.025852,12138407107.52616,12061758556.22826,11992250459.54828,11922395218.55027,11852191120.47716,11781636480.39408,11710729643.491688,11578583276.57982,11505561669.87816,11432204434.871712,11358510263.162756,11284477878.83015,11210106040.564064,11135393543.882051,10708081719.983776,10636558453.889671,10564717697.751524,10492558697.240942,10420080755.765781,10347283237.222185,10274165568.82447,10200727244.013351,10126967825.443163,10052886948.04855,9978484322.190784,9903759736.884048,9828713063.101583,9753344257.161655,9677653364.192913,9601640521.67873,9525305963.079723,9448650021.533564,9371673133.63084,9294375843.265568,9216758805.55856,9138822790.851704,9060568688.77071,8981997512.353724,8903110402.242668,8823908630.93394,8744393607.084587,8664566879.869629,8584430143.385912,8503985241.097107,8423234170.314295,8342179086.705736,8260822308.8291235,8179166322.678923,8097213786.240814,8014967534.044699,7932430581.707087,7849606130.453054,7766497571.607333,7683108491.043523,7599442673.579674,7515504107.308088,7431296987.846443,7346825722.496967,7262094934.299872,7177109465.966956,7091874383.680941,7006394980.746117,6920676781.075758,6834725542.502164,6748547259.895582,6662148168.079048,6575534744.527367,6488713711.839957,6401692039.979309,6314476948.269379,6227075907.15163,6139496639.700226,6051747122.903076,5963835588.721176,5875770524.945932,5787560675.882633,5699215042.898217,5610742884.883308,5522153718.692259,5433457319.640905,5344663722.160212,5255783220.725394,5166826371.204357,5077803992.797243,4988727170.770494,4899607260.224539,4810455891.174585,4721284975.268933,4632106714.519566,4542933612.475363,4453778488.329594,4364654494.52032,4275575138.4551315,4186554309.069996,4097606309.0153303,4008745893.3504024,3919988315.718313,3831349383.0668907,3742845520.073509,3654493844.521533,3566312254.958807,3478319532.040187,3390535455.0102057,3302980934.811796,3215678165.3037024,3128650794.022312,3041924113.8208838,2955525276.5461392,2869483529.652437,2783830476.2890725,2698600358.905903,2613830365.7854505,2529560959.102906,2445836222.1176715,2362704221.89077,2280217382.48613,2198432861.9413757,2117412924.3874736,2037225296.574311,1957943495.7610946,1879647113.5271478,1802422037.6630971,1726360592.08496,1651561572.925924,1578130157.9708614,1506177666.9478168,1435821152.6828773,1367182808.9678159,1300389192.0128078,1235570271.3219223,1172858356.8428068,1112386998.1908572,1054290026.5336912,998701019.6971447,945753624.3887565,895583365.9290469,848331790.9245178,804153941.4137404,763230058.7186428,725781674.314711,692090170.2469542,662511373.2171799,637471182.9699144,617412434.031454,602638726.424274,592958903.7063465,586947533.190426,580352202.0589724,561785367.638843,496625305.07978547,268363741.27774984,0.0
2926.0,10724001738.220217,10713015407.635223,10702016683.622368,10691005387.023577,10679981333.302109,10668944332.43137,10657894188.78173,10646830701.005243,10635753661.918274,10624662858.381945,10613558071.18044,10602439074.89706,10591305637.787992,10580157521.653786,10568994481.70848,10557816266.446337,10546622617.506077,10535413269.532743,10524187950.036922,10512946379.251434,10501688269.98539,10490413327.475586,10479121249.235142,10467811724.899387,10456484436.068895,10445139056.149668,10433775250.190334,10422392674.716396,10410990977.56141,10399569797.695072,10388128765.048084,10376667500.333868,10365185614.866953,10353682710.377975,10342158378.825333,10330612202.203287,10319043752.34656,10307452590.73128,10295838268.272251,10284200325.116468,10272538290.432756,10260851682.197548,10249140006.97662,10237402759.702797,10225639423.449492,10213849469.2,10202032355.61248,10190187528.780573,10178314421.989431,10166412455.46728,10154481036.132189,10142519557.334152,10130527398.592266,10118503925.32692,10106448488.586964,10094360424.77161,10082239055.347168,10070083686.55827,10057893609.133663,10045668097.986343,10033406411.907955,10021107793.257332,10008771467.643038,9996396643.599804,9983982512.258717,9971528247.011011,9959033003.165382,9946495917.59858,9933916108.399263,9921292674.504845,9908624695.331297,9895911230.395617,9883151318.930944,9870343979.494068,9857488209.565165,9844582985.139626,9831627260.31179,9818619966.850378,9805560013.765474,9792446286.866814,9779277648.31323,9766052936.153055,9752770963.855234,9739430519.83094,9726030366.945534,9712569242.02056,9699045855.32563,9685458890.059868,9671807001.822777,9658088818.074171,9644302937.583042,9630447929.864956,9616522334.607853,9602524661.085838,9588453387.56084,9574306960.671658,9560083794.810268,9545782271.485004,9531400738.670267,9516937510.142565,9502390864.80238,9487759045.981705,9473040260.736769,9458232679.125664,9443334433.470484,9428343617.603617,9413258286.09782,9398076453.47964,9382796093.425837,9367415137.942352,9351931476.52548,9336342955.304665,9320647376.166689,9304842495.860613,9288926025.08315,9272895627.543926,14204651115.255869,14147136040.098495,14089369195.938904,14031349174.288351,13973074554.88932,13914543905.718348,13855755782.997032,13796708731.211555,13679137580.450235,13619987250.469334,13560578713.732132,13500910549.063622,13440981325.485674,13380789602.336828,13320333929.40451,13306484488.453262,13245843680.109978,13184929547.91793,13123740506.283337,13062274958.787788,13000531298.307724,12952642998.843369,12889441673.214865,12825944710.7251,12762150514.284472,12698057488.885532,12633664042.342323,12568968586.061546,12574723656.178436,12509355224.371107,12443660486.686497,12377637405.039936,12311283943.650482,12244598070.246157,12250874515.760666,12180535510.954838,12109833004.52324,12038764941.633677,11967329287.309755,11895524028.602089,11652007719.745224,11578186589.899296,11504026735.627972,11429526820.710085,11354685539.926989,11279501621.197208,11203973827.79778,10810761463.38366,10738175018.459518,10665263430.693245,10592025779.05291,10518461195.1898,10444568866.151882,10370348037.184406,10295798014.61914,10220918168.854122,10145707937.425617,10070166828.173845,9994294422.504337,9918090378.746386,9841554435.610394,9764686415.745502,9687486229.399315,9609953878.181034,9532089458.929653,9453893167.68861,9375365303.78834,9296506274.038128,9217316597.028576,9137796907.546055,9057947961.100353,8977770638.566746,8897265950.943748,8816435044.227646,8735279204.404945,8653799862.563889,8571998600.126076,8489877154.199362,8407437423.053028,8324681471.716484,8241611537.702547,8158230036.856653,8074539569.333269,7990542925.700993,7906243093.178012,7821643261.999716,7736746831.92067,7651557418.853304,7566078861.646247,7480315229.005642,7394270826.563351,7307950204.096659,7221358162.904998,7134499763.350052,7047380332.566812,6960005472.354509,6872381067.257814,6784513292.850626,6696408624.236607,6608073844.783382,6519516055.109621,6430742682.347752,6341761489.708405,6252580586.37685,6163208437.776356,6073653876.238547,5983926112.1269,5894034745.466005,5803989778.13691,5713801626.706911,5623481135.971731,5533039593.29813,5442488743.866376,5351840806.924512,5261108493.179867,5170305023.468117,5079444148.855946,4988540172.350409,4897607972.40592,4806663028.438513,4715721448.576171,4624799999.893322,4533916141.396537,4443088060.046425,4352334710.116545,4261675856.203144,4171132120.207983,4080725032.618625,3990477088.404336,3900411807.8284116,3810553802.445962,3720928846.506175,3631563953.9053545,3542487460.7356787,3453729113.339211,3365320161.599134,3277293456.9732456,3189683554.4891157,3102526817.567057,3015861524.105981,2929727971.749965,2844168579.6410627,2759227983.2519426,2674953118.079013,2591393287.0694356,2508600205.670862,2426628017.36424,2345533271.5231266,2265374854.5248227,2186213864.348759,2108113418.6217754,2031138386.467949,1955355035.9452152,1880830591.7710443,1807632703.06124,1735828828.6924667,1665485559.5759144,1596667913.6672723,1529438662.0866284,1463857774.36092,1399982108.2480361,1337865514.6810894,1277559579.108531,1219115271.6149364,1162585818.6534824,1108031118.3743095,1055523963.251667,1005158147.5065678,957058125.1793532,911389096.0966103,868365005.775862,828249634.8701438,791342320.4959674,757934471.6922134,728215676.6896414,702099247.8216662,678928208.3082396,657017097.9767387,632983055.9181694,600799096.3585894,550349875.2250192,464659101.9590234,314505619.4279424,79851657.81877737,0.0
2925.0,10832322301.329166,10821037153.248432,10809737010.63086,10798421674.078337,10787090938.637848,10775744593.689516,10764382422.832642,10753004203.76973,10741609708.188442,10730198701.64145,10718770943.424149,10707326186.450209,10695864177.124891,10684384655.216167,10672887353.72346,10661371998.74414,10649838309.3376,10638285997.386938,10626714767.45818,10615124316.65698,10603514334.482843,10591884502.680672,10580234495.089745,10568563977.48998,10556872607.4455,10545160034.145378,10533425898.241596,10521669831.684092,10509891457.55291,10498090389.887337,10486266233.512009,10474418583.85996,10462547026.792477,10450651138.41576,10438730484.894356,10426784622.26122,10414813096.224417,10402815441.970385,10390791183.963663,10378739835.743084,10366660899.714272,10354553866.938488,10342418216.917646,10330253417.375542,10318058924.0351,10305834180.391651,10293578617.48216,10281291653.650276,10268972694.30717,10256621131.688068,10244236344.604397,10231817698.191444,10219364543.651474,10206876217.992188,10194352043.760458,10181791328.771206,10169193365.831385,10156557432.45892,10143882790.59655,10131168686.320423,10118414349.543385,10105618993.712805,10092781815.502934,10079901994.50152,10066978692.890709,10054011055.12206,10040998207.585552,10027939258.272448,10014833296.431938,10001679392.221382,9988476596.350042,9975223939.716171,9961920433.037315,9948565066.47368,9935156809.244438,9921694609.236774,9908177392.607616,9894604063.377748,9880973503.018312,9867284570.029385,9853536099.510532,9839726902.7232,9825855766.64466,9811921453.513432,9797922700.36592,9783858218.564129,9769726693.314203,9755526783.17564,9741257119.56094,9726916306.225456,9712502918.74731,9698015503.997044,9683452579.596836,9668812633.36905,9654094122.773842,9639295474.33562,9624415083.058023,9609451311.827274,9594402490.803509,9579266916.799944,9564042852.649456,9548728526.558409,9533322131.447338,9517821824.278303,9502225725.36842,9486531917.689465,9470738446.153038,9454843316.88111,9438844496.461475,9422739911.187847,9406527446.284237,9390204945.1132,9373770208.3676,9357220993.245577,9340555012.608212,9323769934.11956,14235783677.487844,14178041779.657623,14120049454.7236,14061805328.67094,14003308015.391443,13944556116.648544,13885548222.049109,13826282909.02253,13721007840.805485,13661503562.637806,13601740848.639631,13541718287.157978,13481434455.930832,13420887922.16622,13360077242.632956,13335833797.969856,13275075813.339458,13214046240.102282,13152743487.923218,13091165953.721962,13029312021.71994,13031657083.11731,12968105306.556644,12904255201.93121,12840105100.7356,12775653333.556278,12710898230.721949,12645838122.984612,12669220738.571602,12603354912.974598,12537158867.096865,12470630481.886875,12403767637.10714,12336568212.424557,12426817402.176758,12355877232.894176,12284560076.648657,12212863558.147009,12140785313.477772,12068322992.109608,11713715741.975182,11639358181.601751,11564661806.433884,11489625273.228573,11414247267.806112,11338526507.148438,11262461741.58789,10904882403.064129,10831483333.654713,10757753955.171144,10683693182.793276,10609299978.228325,10534573352.32993,10459512367.811424,10384116142.056013,10308383850.026724,10232314727.279,10155908073.078947,10079163253.630283,10002079705.413267,9924656938.63884,9846894540.821426,9768792180.473965,9690349610.928856,9611566674.288671,9532443305.510662,9452979536.629183,9373175501.120518,9293031438.414642,9212547698.558702,9131724747.037415,9050563169.755611,8969063678.188622,8887227114.706524,8805054458.078508,8722546829.164167,8639705496.79882,8556531883.880592,8473027573.667249,8389194316.291757,8305034035.505665,8220548835.660561,8135741008.93828,8050613042.841511,7965167627.9573555,7879407666.007339,7793336278.198488,7706956813.891264,7620272859.601465,7533288248.354641,7446007069.413101,7358433678.397287,7270572707.825224,7182429078.095701,7094008008.943067,7005315031.393978,6916356000.258993,6827137107.194788,6737664894.375738,6647946268.817132,6557988517.395584,6467799322.616306,6377386779.18085,6286759411.413426,6195926191.608519,6104896559.367541,6013680441.997381,5922288276.049255,5830731030.081839,5739020228.7384,5647167978.23363,5555186993.35153,5463090626.061474,5370892895.864759,5278608521.988855,5186252957.550331,5093842425.810266,5001393958.64707,4908925437.370595,4816455635.997657,4724004267.101579,4631592030.336466,4539240663.719121,4446972997.72659,4354813012.233509,4262785896.2686996,4170918110.5125265,4079237452.382248,3987773123.4590225,3896555798.8933377,3805617698.2808337,3714992657.3228483,3624716199.3697443,3534825605.683442,3445359982.941823,3356360326.1335297,3267869574.5496006,3179932658.059493,3092596530.2560105,3005910184.359125,2919924646.9785337,2834692943.9474845,2750270031.461382,2666712684.697112,2584079334.9801226,2502429845.451074,2421825214.1341214,2342327192.4318686,2263997806.5248127,2186898769.1576614,2111090770.1602683,2036632636.1974916,1963580354.2319446,1891985959.7512174,1821896300.895862,1753351704.3907719,1686384590.0180984,1621018108.831811,1557264917.9813876,1495126253.1700058,1434591518.8132825,1375638684.3303876,1318235847.406305,1262344389.6417394,1207924183.8745947,1154941275.1673462,1103378281.7743292,1053247342.2293781,1004604610.9082417,957563851.7467219,912304302.3133909,869064331.8868611,828107177.2533039,789638103.5127923,753644217.6314943,719620779.8085701,686145954.8786142,650279258.2258793,606804500.027805,547443937.3319598,460436815.0597512,332107341.71321976,159753032.78446868,14275026.775271524,0.0
2924.0,10920447464.964005,10908816368.829369,10897167476.344908,10885500568.254168,10873815419.611696,10862111799.671429,10850389471.773182,10838648193.22718,10826887715.196585,10815107782.578035,10803308133.880096,10791488501.099644,10779648609.596104,10767788177.963558,10755906917.900667,10744004534.0783,10732080724.00497,10720135177.889946,10708167578.50399,10696177601.037754,10684164912.957745,10672129173.859798,10660070035.320126,10647987140.743732,10635880125.2103,10623748615.317444,10611592229.021276,10599410575.474253,10587203254.860302,10574969858.227066,10562709967.315355,10550423154.385689,10538108982.041836,10525767003.051409,10513396760.16338,10500997785.922491,10488569602.480528,10476111721.404312,10463623643.480549,10451104858.517233,10438554845.14175,10425973070.595505,10413358990.52507,10400712048.769764,10388031677.145636,10375317295.22573,10362568310.11665,10349784116.231256,10336964095.05756,10324107614.923588,10311214030.758308,10298282683.848398,10285312901.590927,10272303997.24173,10259255269.659544,10246166003.04569,10233035466.679356,10219862914.64827,10206647585.574802,10193388702.337303,10180085471.786688,10166737084.45809,10153342714.27758,10139901518.26379,10126412636.224354,10112875190.44714,10099288285.38609,10085651007.341583,10071962424.135284,10058221584.779284,10044427519.139458,10030579237.59298,10016675730.67978,10002715968.747929,9988698901.592772,9974623458.089664,9960488545.8203,9946293050.692345,9932035836.552406,9917715744.792076,9903331593.946938,9888882179.288506,9874366272.408772,9859782620.797352,9845129947.411022,9830406950.235504,9815612301.83932,9800744648.919594,9785802611.839584,9770784784.15781,9755689732.148582,9740515994.31376,9725262080.885536,9709926473.320116,9694507623.781982,9679003954.61869,9663413857.825865,9647735694.502275,9631967794.294712,9616108454.832502,9600155941.151386,9584108485.106564,9567964284.774685,9551721503.844433,9535378270.99566,9518932679.266611,9502382785.409096,9485726609.23133,9468962132.92815,9452087300.39834,9435100016.548794,9417998146.58519,9400779515.288967,9383441906.280195,9365983061.266125,9348400679.275024,14248077685.41415,14190227576.87347,14132129731.434956,14073782823.52238,14015185515.299091,13956336456.597448,13897234284.853935,13837877625.05037,13745264124.272173,13685533753.861294,13625546122.628918,13565299841.721302,13504793510.976864,13444025718.96514,13382995043.036907,13348364794.201448,13287622648.270172,13226612114.281471,13165331612.952492,13103779550.579254,13041954319.018816,13094541994.449017,13030800676.050983,12966760165.54293,12902418737.28094,12837774661.637163,12772826205.552292,12707571633.117472,12748368424.330317,12682191506.887297,12615682870.691124,12548840339.668308,12481661732.989223,12414144866.024223,12588490328.341463,12517183874.530392,12445490143.4551,12373406471.60101,12300930198.156725,12228058666.805168,11763847153.112707,11689218771.361223,11614254503.91838,11538953021.828192,11463313022.793043,11387333233.196371,11311012410.21734,10990191059.000622,10916235853.737434,10841947848.555166,10767325804.64333,10692368522.664116,10617074845.222538,10541443659.43539,10465473899.602627,10389164549.984915,10312514647.691364,10235523285.681496,10158189615.885828,10080512852.449669,10002492275.104834,9924127232.674389,9845417146.715698,9766361515.307442,9686959916.986458,9607212014.840752,9527117560.76528,9446676399.887526,9365888475.170462,9284753832.200699,9203272624.170425,9121445117.062084,9039271695.04536,8956752866.096924,8873889267.853642,8790681673.711254,8707130999.180859,8623238308.516788,8539004821.630249,8454431921.30419,8369521160.7259655,8284274271.355688,8198693171.149315,8112779973.157037,8026536994.519165,7939966765.883092,7853072041.266964,7765855808.397513,7678321299.551421,7590472002.932009,7502311674.615269,7413844351.101751,7325074362.513592,7236006346.478775,7146645262.747748,7056996408.590691,6967065435.027232,6876858363.943859,6786381606.157967,6695641980.491563,6604646733.921427,6513403562.876838,6421920635.760103,6330206616.769451,6238270691.108083,6146122591.667297,6053772627.275721,5961231712.610298,5868511399.868107,5775623912.300718,5682582179.714924,5589399876.0445,5496091459.097424,5402672212.580819,5309158290.501977,5215566764.036888,5121915670.947878,5028224067.618049,4934512083.751472,4840800979.763611,4747113206.854742,4653472469.719242,4559903791.793279,4466433582.881355,4373089708.925422,4279901563.5868287,4186900141.197852,4094118110.5025363,4001589888.442134,3909351713.0441036,3817441714.240183,3725899981.162881,3634768624.14471,3544091829.263419,3453915902.832607,3364289302.7221165,3275262652.799564,3186888736.1051073,3099222461.6004004,3012320798.464102,2926242670.93945,2841048805.6762867,2756801522.3615513,2673564457.2179832,2591402207.7065535,2510379885.549205,2430562564.079735,2352014605.0557446,2274798849.60076,2198975658.140668,2124601785.394217,2051729079.136169,1980402996.1909044,1910660936.7418873,1842530409.594495,1776027057.7996511,1711152597.589651,1647892755.6689565,1586215332.3864307,1526068572.7823024,1467380094.6570153,1410056701.3323116,1353985491.4065564,1299036756.242617,1245069204.0518618,1191938024.3627262,1139506137.22024,1087658546.4452329,1036318872.2316916,985465651.8705914,935143592.469852,885461349.7505025,836562405.6762917,788549370.41655,741335468.173086,694392663.9501283,646369943.1861703,594581678.9717314,534447810.0984352,459185927.51394796,360634643.00943434,233793372.39771515,92824848.02871273,4712187.6931281425,0.0
2923.0,10988426363.926935,10976404978.44864,10964362826.656,10952299670.166737,10940215264.82062,10928109360.569405,10915981701.364923,10903832025.045368,10891660063.219627,10879465541.149742,10867248177.631414,10855007684.872543,10842743768.369757,10830456126.78288,10818144451.807411,10805808428.044825,10793447732.870775,10781062036.30117,10768651000.855995,10756214281.42095,10743751525.106812,10731262371.106506,10718746450.549852,10706203386.35592,10693632793.083029,10681034276.776243,10668407434.81249,10655751855.74305,10643067119.133589,10630352795.401554,10617608445.65096,10604833621.504478,10592027864.932867,10579190708.081594,10566321673.09471,10553420271.935852,10540486006.206398,10527518366.960688,10514516834.518251,10501480878.273071,10488409956.499748,10475303516.156565,10462160992.685402,10448981809.808475,10435765379.321762,10422511100.885174,10409218361.809357,10395886536.839088,10382514987.933205,10369103064.041037,10355650100.87525,10342155420.681091,10328618332.00192,10315038129.441011,10301414093.41961,10287745489.93102,10274031570.290876,10260271570.883392,10246464712.903534,10232610202.095148,10218707228.484852,10204754966.1117,10190752572.752558,10176699189.643057,10162593941.19411,10148435934.703903,10134224260.06528,10119957989.46842,10105636177.098824,10091257858.830383,10076822051.913591,10062327754.658726,10047773946.113935,10033159585.738209,10018483613.068993,10003744947.384556,9988942487.360832,9974075110.722769,9959141673.89004,9944141011.616997,9929071936.626806,9913933239.23966,9898723686.994917,9883442024.267113,9868086971.87569,9852657226.68838,9837151461.218077,9821568323.213062,9805906435.240602,9790164394.26358,9774340771.210203,9758434110.536602,9742442929.782137,9726365719.11737,9710200940.88452,9693947029.130196,9677602389.130363,9661165396.907368,9644634398.738789,9628007710.65807,9611283617.946712,9594460374.617855,9577536202.891111,9560509292.658482,9543377800.941122,9526139851.336884,9508793533.45834,9491336902.361176,9473767977.962765,9456084744.45062,9438285149.680744,9420367104.56543,9402328482.450476,9384167118.48156,9365880808.959526,9347467310.684422,14241977845.245676,14184138354.45897,14126055136.793158,14067726928.793732,14009152454.742151,13950330426.552263,13891259543.6713,13831938492.985891,13752287071.505062,13692460165.649374,13632378587.447678,13572040984.681587,13511445993.254429,13450592237.190922,13389478328.647465,13344433979.937744,13283839815.915451,13222981913.116302,13161858719.745457,13100468668.186089,13038810174.924463,13141211105.199003,13077441466.378244,13013373646.926945,12949005880.855827,12884336395.121689,12819363410.075344,12754085139.937515,12811927747.92124,12745626455.577965,12678994415.7338,12612029422.106266,12544729260.124714,12477091707.73669,12734713038.71,12663277196.473251,12591447249.231522,12519220287.251524,12446593394.91461,12373563652.273026,11802408771.598017,11727773778.806383,11652808800.53198,11577512543.121258,11501883736.707994,11425921137.118504,11349623527.868284,11066283903.340065,10992031381.184011,10917446381.730736,10842527528.487232,10767273476.703552,10691682915.642921,10615754570.952454,10539487207.138588,10462879630.151861,10385930690.085869,10308639283.995205,10231004358.83806,10153024914.548836,10074700007.246923,9996028752.587917,9917010329.264055,9837643982.660961,9757929028.678398,9677864857.723064,9597450938.882086,9516686824.286428,9435572153.674046,9354106659.163204,9272290170.247337,9190122619.023241,9107604045.665588,9024734604.161459,8941514568.319576,8857944338.070076,8774024446.071686,8689755564.644505,8605138513.047771,8520174265.123577,8434863957.328876,8349208897.179871,8263210572.134554,8176870658.941092,8090191033.481756,8003173781.144278,7915821207.754713,7828135851.108494,7740120493.138819,7651778172.764355,7563112199.461182,7474126167.606862,7384823971.647994,7295209822.145758,7205288262.7577715,7115064188.218063,7024542863.381016,6933729943.398947,6842631495.107047,6751254019.693628,6659604476.737518,6567690309.698775,6475519472.952567,6383100460.460135,6290442336.174029,6197554766.277977,6104448053.364309,6011133172.653612,5917621810.362207,5823926404.322664,5730060186.9608345,5636037230.729229,5541872496.09065,5447581882.13736,5353182279.919153,5258691628.537697,5164128974.043793,5069514531.147728,4974869747.719704,4880217372.015991,4785581522.5157795,4690987760.191738,4596463162.962427,4502036401.984465,4407737819.334398,4313599506.501587,4219655382.9610176,4125941273.914876,4032494986.0800214,3939356380.150699,3846567438.2766294,3754172324.560558,3662217436.190674,3570751442.375126,3479825307.7320786,3389492296.2019863,3299807950.882685,3210830044.436148,3122618493.8732796,3035235232.586215,2948744031.4662547,2863210259.8227625,2778700575.614641,2695282533.2395253,2613024095.827957,2531993037.7087097,2452256221.518675,2373878733.4299707,2296922859.3048964,2221446884.469938,2147503700.5038295,2075139204.3417478,2004390478.6176748,1935283748.173439,1867832116.932569,1802033102.9894419,1737866009.1911674,1675289193.3605642,1614237338.515096,1554618870.9263182,1496313734.2699895,1439171802.0434716,1383012296.1841073,1327624671.3128295,1272771507.4209137,1218194002.62345,1163620625.9037514,1108779303.9336934,1053413066.5309136,997298212.8564389,940262605.7388945,882199484.5040481,823069141.7977784,762877164.3426274,701614550.16432,639144001.6440718,575022849.9840274,508278024.57716167,437223592.63554955,359620011.7305701,273974226.3095222,183389424.86066496,100212023.04875001,29051511.181625918,0.0
2922.0,11036394182.41724,11023941360.04713,11011464667.65828,10998963848.816557,10986438641.268517,10973888776.834003,10961313981.297024,10948713974.294905,10936088469.205685,10923437173.033726,10910759786.29351,10898056002.891636,10885325510.0069,10872567987.968555,10859783110.13263,10846970542.756315,10834129944.8704,10821260968.149702,10808363256.781515,10795436447.331987,10782480168.610428,10769494041.531542,10756477678.975525,10743430685.645998,10730352657.925768,10717243183.730371,10704101842.359402,10690928204.345509,10677721831.301155,10664482275.763033,10651209081.034056,10637901781.023056,10624559900.081978,10611182952.84064,10597770444.039036,10584321868.35704,10570836710.241669,10557314443.731625,10543754532.279337,10530156428.570272,10516519574.339573,10502843400.185978,10489127325.382992,10475370757.68722,10461573093.143929,10447733715.889668,10433851997.952057,10419927299.046562,10405958966.370358,10391946334.393112,10377888724.64474,10363785445.50006,10349635791.9603,10335439045.431446,10321194473.499336,10306901329.701542,10292558853.295902,10278166269.025738,10263722786.881668,10249227601.86,10234679893.717648,10220078826.723495,10205423549.406254,10190713194.298643,10175946877.67796,10161123699.30289,10146242742.146631,10131303072.126152,10116303737.827593,10101243770.227823,10086122182.411987,10070937969.28703,10055690107.2912,10040377554.09944,10024999248.32454,10009554109.214125,9994041036.343342,9978458909.30318,9962806587.384428,9947082909.257128,9931286692.64552,9915416733.998432,9899471808.15496,9883450668.005491,9867352044.147907,9851174644.538963,9834917154.140736,9818578234.5621,9802156523.69514,9785650635.34643,9769059158.86312,9752380658.753736,9735613674.30362,9718756719.184952,9701808281.06124,9684766821.18624,9667630773.99716,9650398546.702131,9633068518.861809,9615639041.965073,9598108438.998642,9580475004.01061,9562737001.667776,9544892666.806631,9526940203.97797,9508877786.984983,9490703558.414783,9472415629.16318,9454012077.952671,9435490950.843534,9416850260.737911,9398087986.876707,9379202074.329351,9360190433.476135,9341050939.483171,9321781431.769718,14217922478.284489,14160211564.441729,14102262209.496964,14044073225.275557,13985643411.498585,13926971555.64867,13868056432.83944,13808896805.68879,13742442199.81768,13682648819.411938,13622604761.337446,13562308724.162258,13501759394.149612,13440955445.21902,13379895538.917383,13324376891.699833,13264060776.577456,13203486986.106916,13142654012.679312,13081560331.75451,13020204401.736277,13171543499.383535,13107905366.31337,13043971963.139122,12979741502.518402,12915212187.07781,12850382209.751837,12785249754.147877,12859608962.300756,12793368108.296144,12726799961.516935,12659902314.538675,12592672948.266678,12525109632.581163,12864231808.767857,12792902165.847534,12721175253.774952,12649047967.113745,12576517186.318497,12503579779.034927,11829273856.515274,11754891199.601856,11680187319.788149,11605160978.703705,11529810958.431583,11454136063.253498,11378135121.48299,11132610059.179794,11058317659.230494,10983695999.27848,10908743587.334875,10833458954.985134,10757840659.41345,10681887285.526363,10605597448.18008,10528969794.51677,10452003006.415054,10374695803.060387,10297046943.641388,10219055230.17844,10140719510.491503,10062038681.314226,9983011691.562252,9903637545.763817,9823915307.661564,9743844103.994856,9663423128.472698,9582651645.94796,9501528996.804417,9420054601.56882,9338227965.761295,9256048684.99799,9173516450.361206,9090631054.053192,9007392395.350895,8923800486.880358,8839855461.230747,8755557577.92937,8670907230.800728,8585904955.7343025,8500551438.88736,8414847525.351374,8328794228.312265,8242392738.737131,8155644435.622406,8068550896.840766,7981113910.6268215,7893335487.744345,7805217874.380764,7716763565.817715,7627975320.929678,7538856177.566153,7449409468.876371,7359638840.639191,7269548269.664667,7179142083.337677,7088424980.377956,6997402052.895006,6906078809.820232,6814461201.802881,6722555647.66,6630369062.474602,6537908887.439448,6445183121.547067,6352200355.2291,6258969806.050029,6165501356.561182,6071805594.421146,5977893854.887003,5883778265.778025,5789471795.008268,5694988300.777163,5600342584.496773,5505550446.52057,5410628744.720741,5315595455.938086,5220469740.300083,5125272008.367421,5030023991.025999,4934748811.989094,4839471062.711212,4744216879.439618,4649014022.039738,4553891954.124179,4458881923.889848,4364017044.920511,4269332376.040448,4174864999.104773,4080654093.3802066,3986741004.9022436,3893169308.886517,3799984862.918662,3707235848.243699,3614972796.0167565,3523248594.8574843,3432118475.4643817,3341639967.3882704,3251872822.3308496,3162878897.521555,3074721991.8306437,2987467626.2986364,2901182759.7037363,2815935428.655822,2731794300.5094132,2648828126.1466255,2567105078.4224615,2486691960.828624,2407653269.775274,2330050092.8914275,2253938825.01236,2179369683.2046094,2106385002.4770195,2035017295.0132372,1965287058.2074933,1897200320.9925447,1830745924.5932548,1765892543.8310068,1702585469.657907,1640743194.3194277,1580253869.5154161,1520971747.800611,1462713771.4897568,1405256545.3062315,1348334023.0227823,1291636358.1658926,1234810516.8285475,1177463425.7844281,1119168624.4165301,1059477588.1550143,997937065.9496179,934113885.9577727,867628694.3798795,798199998.2495352,725699778.8128984,650222116.8954701,572167290.1009184,492346502.0061203,412118122.3243756,333579737.4932169,259880195.95748603,195798669.05478796,148401002.84494498,123026515.97336674,92488560.63862005,0.0
2921.0,11064568993.62331,11051647142.236605,11038698219.135729,11025721951.235018,11012718059.637424,10999686259.530828,10986626260.082829,10973537764.333916,10960420469.089046,10947274064.80758,10934098235.491592,10920892658.572496,10907657004.795992,10894390938.105295,10881094115.522676,10867766187.029182,10854406795.442673,10841015576.294006,10827592157.70145,10814136160.243242,10800647196.828333,10787124872.565208,10773568784.628864,10759978522.12585,10746353665.957386,10732693788.680504,10718998454.36724,10705267218.4618,10691499627.635756,10677695219.641129,10663853523.161476,10649974057.660835,10636056333.230637,10622099850.43441,10608104100.150389,10594068563.411934,10579992711.245758,10565876004.507956,10551717893.717754,10537517818.889055,10523275209.359669,10508989483.618238,10494660049.128876,10480286302.153404,10465867627.57128,10451403398.697084,10436892977.095615,10422335712.39458,10407730942.094776,10393077991.377815,10378376172.911388,10363624786.651949,10348823119.644876,10333970445.822098,10319066025.7971,10304109106.657326,10289098921.753967,10274034690.489096,10258915618.1001,10243740895.44149,10228509698.763908,10213221189.490458,10197874513.990265,10182468803.349258,10167003173.138151,10151476723.1776,10135888537.300514,10120237683.111555,10104523211.743675,10088744157.611809,10072899538.16365,10056988353.627436,10041009586.756811,10024962202.572708,10008845148.102182,9992657352.114296,9976397724.85289,9960065157.766323,9943658523.234173,9927176674.290724,9910618444.345476,9893982646.900394,9877268075.26408,9860473502.262714,9843597679.94783,9826639339.300886,9809597189.934551,9792469919.790785,9775256194.83565,9757954658.75079,9740563932.621649,9723082614.622334,9705509279.697157,9687842479.23879,9670080740.763063,9652222567.58036,9634266438.463593,9616210807.312748,9598054102.816004,9579794728.107336,9561431060.420706,9542961450.740702,9524384223.449682,9505697675.9714,9486900078.411076,9467989673.1919,9448964674.688,9429823268.853777,9410563612.849682,9391183834.664349,9371682032.733154,9352056275.55309,9332304601.294027,9312425017.406351,9292415500.224894,9272273994.569262,14176338010.16219,14118871667.941109,14061173386.78534,14003242066.197617,13945076593.89384,13886675845.640589,13828038685.09505,13769163963.647934,13716074001.471111,13656443467.156704,13596567631.323586,13536445257.530989,13476075096.760666,13415455887.339832,13354586354.873262,13288504020.866304,13228592733.87829,13168431196.233128,13108017961.080254,13047351563.823853,12986430521.953997,13185384510.77901,13122034583.942638,13058394193.34492,12994461551.082884,12930234856.418749,12865712296.007183,12800892044.146631,12891074565.930689,12825074742.257307,12758753536.056978,12692108769.376534,12625138249.4618,12557839769.233875,12975731896.978918,12904739276.155476,12833350011.129932,12761560858.208336,12689368551.973995,12616769806.316702,11844185680.680635,11770305317.66702,11696115191.021646,11621614135.94813,11546801004.318352,11471674666.215122,11396234011.557035,11188478059.826982,11114398108.715645,11039995029.348295,10965267241.435081,10890213179.891632,10814831296.579117,10739120062.138945,10663077967.926952,10586703528.052456,10509995281.52777,10432951794.534115,10355571662.810337,10277853514.171207,10199796011.162544,10121397853.86085,10042657782.825748,9963574582.214039,9884147083.064726,9804374166.765186,9724254768.709188,9643787882.158346,9562972562.31936,9481807930.650291,9400293179.410072,9318427576.466469,9236210470.378796,9153641295.772942,9070719579.02739,8987444944.29044,8903817119.850155,8819835944.88025,8735501376.58667,8650813497.78158,8565772524.913135,8480378816.581798,8394632882.575729,8308535393.460424,8222087190.76003,8135289297.770431,8048142931.046879,7960649512.611933,7872810682.932388,7784628314.717096,7696104527.590971,7607241703.703773,7518042504.336005,7428509887.567797,7338647127.080521,7248457832.164618,7157945969.011063,7067115883.367687,6975972324.645282,6884520471.562261,6792765959.419864,6700714909.103246,6608373957.906429,6515750292.281448,6422851682.613503,6329686520.124714,6236263856.008726,6142593442.896835,6048685778.753027,5954552153.290308,5860204696.993302,5765656432.822044,5670921330.658514,5576014364.540513,5480951572.705896,5385750120.443472,5290428365.714154,5195005927.466224,5099503756.52068,5003944208.845526,4908351120.969904,4812749887.208929,4717167538.275852,4621632820.748291,4526176276.727171,4430830322.878751,4335629327.878935,4240609687.0823708,4145809893.0135603,4051270600.020383,3957034681.138637,3863147274.885979,3769655819.3317404,3676610070.3715444,3584062100.6695247,3492066275.212336,3400679198.8457127,3309959630.53268,3219968358.3814745,3130768028.7384996,3042422921.827602,2954998665.541187,2868561878.0532265,2783179728.9306517,2698919407.3711696,2615847485.0949154,2534029160.2668023,2453527367.6267877,2374401738.7538757,2296707395.079897,2220493554.8881993,2145801934.0622053,2072664918.767626,2001103486.5434058,1931124850.4464602,1862719799.010558,1795859703.0339124,1730493159.0448685,1666542239.6006186,1603898324.0213768,1542417492.7299013,1481915489.1533709,1422162293.5934265,1362876427.130095,1303719231.595009,1244289585.7492461,1184119864.3204207,1122674489.9460425,1059353253.1007845,993502784.4973929,924441267.1668217,851503757.7657045,774118355.8833687,691926741.5293064,604965733.9192679,513928049.46687114,420516429.2640031,327884545.48767906,241089121.68843502,167284153.08932662,114945402.5093838,90792073.0427829,93862073.48563474,113603825.44966274,0.0
2920.0,11073248104.883247,11059823503.96105,11046368568.1988,11032883009.56532,11019366534.276234,11005818842.694996,10992239629.232635,10978628582.246,10964985383.934591,10951309710.235935,10937601230.719496,10923859608.479092,10910084500.023844,10896275555.167557,10882432416.916662,10868554721.356524,10854642097.536278,10840694167.352024,10826710545.428532,10812690838.999249,10798634647.784782,10784541563.869713,10770411171.57779,10756243047.345486,10742036759.593864,10727791868.5988,10713507926.359486,10699184476.465277,10684821053.96078,10670417185.209251,10655972387.75424,10641486170.179487,10626958031.96708,10612387463.353811,10597773945.18578,10583116948.771175,10568415935.73129,10553670357.8497,10538879656.91962,10524043264.58945,10509160602.206465,10494231080.658628,10479254100.214626,10464229050.361967,10449155309.643246,10434032245.490492,10418859214.057682,10403635560.051344,10388360616.559248,10373033704.877213,10357654134.334011,10342221202.11436,10326734193.079998,10311192379.588848,10295595021.312286,10279941365.050465,10264230644.545729,10248462080.294111,10232634879.354954,10216748235.158531,10200801327.31185,10184793321.402468,10168723368.800476,10152590606.458525,10136394156.709972,10120133127.06518,10103806610.00588,10087413682.777706,10070953407.180824,10054424829.35878,10037826979.58543,10021158872.050106,10004419504.640917,9987607858.726316,9970722898.9348,9953763572.932934,9936728811.201551,9919617526.81028,9902428615.190336,9885160953.905636,9867813402.422249,9850384801.876207,9832873974.839724,9815279725.085794,9797600837.35126,9779836077.09838,9761984190.274834,9744043903.072325,9726013921.683758,9707892932.058994,9689679599.65928,9671372569.210367,9652970464.454346,9634471887.90027,9615875420.573616,9597179621.76456,9578383028.775234,9559484156.665895,9540481498.000158,9521373522.58927,9502158677.235546,9482835385.474989,9463402047.319143,9443857038.996328,9424198712.692163,9404425396.28965,9384535393.108707,9364526981.645351,9344398415.31054,9324147922.16875,9303773704.676497,9283273939.420645,9262646776.856829,9241890341.048012,9221002729.403166,9199982012.416332,14117634323.133944,14060525493.653715,14003192369.625038,13945633949.643414,13887849220.982372,13829837159.404305,13771596728.972763,13713126881.866545,13673501011.589684,13614160629.584415,13554581660.978352,13494762948.308956,13434703321.42226,13374401597.357494,13313856580.240034,13237097730.466976,13177713562.48966,13118087858.723848,13058219249.142998,12998106345.44873,12937747740.862474,13182547649.321045,13119637779.170456,13056444116.069998,12992964893.680326,12929198330.268288,12865142628.82177,12800795977.186125,12905944230.801918,12840359537.50878,12774461757.139446,12708248772.59316,12641718449.175888,12574868634.903984,13067852616.643,12997419569.983376,12926594336.454245,12855373596.631622,12783754002.572613,12711732178.565023,11846765100.496044,11773624497.554249,11700188069.232664,11626454740.363396,11552423448.232197,11478093143.878532,11403462793.469387,11233066622.376274,11159442666.5033,11085504584.188057,11011250737.963324,10936679497.230812,10861789239.686745,10786578352.83471,10711045235.590553,10635188299.984632,10559005972.967054,10482496698.321789,10405658938.696045,10328491177.751755,10250991922.4463,10173159705.45031,10094993087.71081,10016490661.168493,9937651051.638697,9858472921.866138,9778954974.764282,9699095956.850994,9618894661.89293,9538349934.771938,9457460675.587917,9376225844.013302,9294644463.915768,9212715628.266674,9130438504.354197,9047812339.321379,8964836466.05086,8881510309.419489,8797833392.947832,8713805345.871225,8629425910.661,8544694951.026506,8459612460.430651,8374178571.153954,8288393563.94455,8202257878.294026,8115772123.381717,8028937089.732744,7941753761.638208,7854223330.388749,7766347208.376046,7678127044.119984,7589564738.282615,7500662460.733481,7411422668.734348,7321848126.314852,7231941924.91417,7141707505.367112,7051148681.316442,6960269664.136316,6869075089.45458,6777570045.364252,6685760102.416437,6593651345.488502,6501250407.621933,6408564505.924163,6315601479.62726,6222369830.393702,6128878764.955093,6035138240.163427,5941159010.525864,5846952678.282801,5752531746.074436,5657909672.222901,5563100928.634678,5468121061.300467,5372986753.336711,5277715890.473255,5182327628.844591,5086842464.886536,4991282307.074982,4895670549.167362,4800032144.519189,4704393680.946145,4608783455.485081,4513231548.27323,4417769894.612396,4322432354.111683,4227254775.606943,4132275056.3354974,4037533193.5990458,3943071326.874012,3848933768.0257616,3755167016.94899,3661819759.590731,3568942844.913247,3476589236.9217873,3384813937.4161873,3293673874.626308,3203227752.3594766,3113535853.7243433,3024659792.899478,2936662207.7854223,2849606385.711569,2763555813.6553397,2678573643.6546717,2594722063.227431,2512061559.608753,2430650065.409042,2350541971.7780848,2271786993.1834855,2194428865.2634773,2118503853.6078758,2044039046.3799298,1971050396.943469,1899540473.5470421,1829495861.0448875,1760884144.0864935,1693650381.9750495,1627712963.0186274,1562958702.7191572,1499237030.3849182,1436353102.3583822,1374059704.6574016,1312047893.7317834,1249936520.7426293,1187261169.4518652,1123463724.9371142,1057884939.9153062,989764183.7561678,918253280.2681217,842455166.9322269,761503081.1327668,674701727.1317838,581757176.5285347,483124192.79595613,380491635.5420267,277392049.39235425,179814062.04130796,96388469.12410897,36960028.796120025,7305038.602893917,440906.876551138,142529.64145289356,0.0
2919.0,11062803958.367554,11048847027.621288,11034856474.329872,11020831997.50283,11006773290.505083,10992680040.963722,10978551930.673603,10964388635.501652,10950189825.289951,10935955163.757536,10921684308.400925,10907376910.393372,10893032614.482822,10878651058.888563,10864231875.196606,10849774688.253689,10835279116.06,10820744769.660582,10806171253.035358,10791558162.98785,10776905089.032534,10762211613.28083,10747477310.325756,10732701747.125189,10717884482.883766,10703025068.933426,10688123048.612532,10673177957.143642,10658189321.509895,10643156660.32999,10628079483.731766,10612957293.224428,10597789581.569344,10582575832.64944,10567315521.337276,10552008113.361584,10536653065.172588,10521249823.805786,10505797826.74445,10490296501.780657,10474745266.875,10459143530.014923,10443490689.07164,10427786131.655745,10412029234.971416,10396219365.669342,10380355879.69823,10364438122.155054,10348465427.13396,10332437117.573858,10316352505.104748,10300210889.892763,10284011560.483944,10267753793.646765,10251436854.213484,10235059994.920208,10218622456.24586,10202123466.249905,10185562240.408983,10168937981.452438,10152249879.196705,10135497110.378672,10118678838.488022,10101794213.598543,10084842372.19849,10067822437.019987,10050733516.867563,10033574706.445812,10016345086.186205,9999043722.073162,9981669665.469368,9964221952.94038,9946699606.078611,9929101631.326715,9911427019.800398,9893674747.110771,9875843773.186256,9857933042.094105,9839941481.861586,9821868004.296982,9803711504.810291,9785470862.233912,9767144938.64319,9748732579.17706,9730232611.858711,9711643847.416502,9692965079.105064,9674195082.52679,9655332615.453745,9636376417.65007,9617325210.695038,9598177697.8068,9578932563.666908,9559588474.245811,9540144076.62935,9520597998.846336,9500948849.697453,9481195218.585457,9461335675.346882,9441368770.085373,9421293033.006733,9401106974.255823,9380809083.75554,9360397831.04786,9339871665.137247,9319229014.33648,9298468286.115051,9277587866.9504,9256586122.182026,9235461395.868668,9214212010.648846,9192836267.604755,9171332446.129854,9149698803.800266,9127933576.250204,9106034977.051596,14042201044.744402,13985558548.666512,13928700456.437723,13871625875.978168,13814333904.484024,13756823628.213032,13699094122.270306,13641144450.394726,13615011950.843945,13556085728.164955,13496928911.70552,13437540436.476503,13377919224.842287,13318064186.36662,13257974217.665655,13170410227.77189,13111669810.275051,13052697773.256042,12993492838.709637,12934053710.102411,12874379072.127642,13162817924.034458,13100493423.092512,13037893604.26492,12975016745.70794,12911861107.93077,12848424933.798796,12784706448.5556,12903801577.677555,12838797444.973543,12773490793.549538,12707879598.482828,12641961814.874449,12575735377.979866,13139205021.594898,13069542366.40838,12999495771.124825,12929061906.16578,12858237407.619734,12787018877.708992,11836521877.726696,11764342804.988564,11691884060.665377,11619144672.611032,11546123676.524635,11472820116.971678,11399233048.468147,11265439286.679943,11192502577.539711,11119263504.54359,11045720406.851536,10971871622.4045,10897715489.015068,10823250345.535444,10748474533.1072,10673386396.497948,10597984285.530128,10522266556.607555,10446231574.345755,10369877713.312534,10293203359.88562,10216206914.23472,10138886792.435837,10061241428.726234,9983269277.909044,9904968817.917076,9826338552.54615,9747377014.368942,9668082767.841148,9588454412.61255,9508490587.05658,9428189972.032806,9347551294.897915,9266573333.781788,9185254922.146505,9103594953.647373,9021592387.316359,8939246253.089882,8856555657.704315,8773519790.984306,8690137932.550617,8606409458.976267,8522333851.42138,8437910703.779565,8353139731.370541,8268020780.216162,8182553836.939392,8096739039.328211,8010576687.609129,7924067256.477678,7837211407.936083,7750010004.991062,7662464126.267945,7574575081.599953,7486344428.654755,7397773990.66329,7308865875.318807,7219622494.917023,7130046587.810824,7040141241.255691,6949909915.724009,6859356470.768423,6768485192.515711,6677300822.873409,6585808590.53149,6494014243.840588,6401924085.646214,6309545010.155355,6216884541.907039,6123950876.911935,6030752926.017477,5937300360.544014,5843603660.223507,5749674163.455298,5655524119.872652,5561166745.18865,5466616278.260168,5371888040.273304,5276998495.912203,5181965316.32481,5086807443.643068,4991545156.750637,4896200137.917234,4800795539.834644,4705356052.494033,4609907969.236812,4514479251.191036,4419099589.171003,4323800461.969351,4228615189.8072414,4133578981.5294456,4038728973.936722,3944104261.438645,3849745913.9860997,3755696981.005748,3662002478.8100863,3568709358.698987,3475866452.7042127,3383524393.6609607,3291735506.0227647,3200553663.5719366,3110034109.9181204,3020233237.422741,2931208319.9321823,2843017194.4354067,2755717886.4599266,2669368173.6430893,2584025081.398871,2499744303.8422804,2416579541.9819183,2334581749.4234266,2253798273.124713,2174271872.6652455,2096039595.4345603,2019131476.313986,1943569017.8039825,1869363388.8954263,1796513256.8779354,1725002134.2765012,1654795082.077313,1585834560.1893544,1518035158.714528,1451276885.3266187,1385396638.7447734,1320177492.6189885,1255335495.4079323,1190503938.6939688,1125215582.5437484,1058884335.2112553,990789617.8764188,920069415.1913157,845732136.833441,766703073.7051046,681928169.9759637,590564845.0798225,492293778.96989346,387781299.5555798,279298999.7398189,171442350.32885826,71710655.27932331,-9821394.047032252,-63889573.12879461,-91882331.50980303,-113453039.6555776,0.0
2918.0,11033679640.070415,11019165159.104277,11004613779.94202,10990025190.8703,10975399074.689705,10960735108.628103,10946032964.25297,10931292307.38261,10916512797.996346,10901694090.143673,10886835831.852257,10871937665.034962,10856999225.395752,10842020142.3345,10827000038.85076,10811938531.446468,10796835230.027464,10781689737.804085,10766501651.190544,10751270559.703308,10735996045.858364,10720677685.067402,10705315045.53295,10689907688.142391,10674455166.360968,10658957026.12366,10643412805.726048,10627822035.714088,10612184238.772873,10596498929.614285,10580765614.863682,10564983792.945526,10549152953.967987,10533272579.606531,10517342142.986568,10501361108.565002,10485328932.01094,10469245060.08534,10453108930.519764,10436919971.894192,10420677603.513926,10404381235.285591,10388030267.59228,10371624091.16783,10355162086.97028,10338643626.054518,10322068069.444122,10305434768.002506,10288743062.30325,10271992282.499811,10255181748.194511,10238310768.306915,10221378640.941586,10204384653.255272,10187328081.323608,10170208190.007256,10153024232.81763,10135775451.782225,10118461077.309551,10101080328.053778,10083632410.779087,10066116520.223845,10048531838.964542,10030877537.27974,10013152773.013828,9995356691.4409,9977488425.128664,9959547093.80248,9941531804.209614,9923441649.983784,9905275711.510038,9887033055.79006,9868712736.307983,9850313792.89682,9831835251.605509,9813276124.566751,9794635409.865755,9775912091.40981,9757105138.799025,9738213507.198145,9719236137.209637,9700171954.748158,9681019870.916475,9661778781.882994,9642447568.76098,9623025097.489643,9603510218.717176,9583901767.685877,9564198564.119543,9544399412.113203,9524503100.025394,9504508400.373123,9484414069.729631,9464218848.625172,9443921461.45092,9423520616.36624,9403015005.209429,9382403303.412128,9361684169.91764,9340856247.103289,9319918160.706997,9298868519.758398,9277705916.514517,9256428926.400423,9235036107.95492,9213526002.781591,9191897135.505394,9170148013.735044,9148277128.031467,9126282951.882511,9104163941.684248,9081918536.729073,9059545159.200872,9037042214.177635,9014408089.64164,8991641156.497639,13950404830.516573,13894332339.295044,13838053903.096516,13781568748.03704,13724876090.223024,13667975135.512278,13610865079.273994,13553545106.148012,13540863030.23761,13482470399.655602,13423856367.14752,13365019972.930538,13305960244.775648,13246676197.81388,13187166834.348244,13088662635.061111,13030675817.44361,12972468392.38429,12914039187.896915,12855387013.456451,12796510659.71836,13125956541.817251,13064354564.249266,13002487458.939316,12940353571.716038,12877951228.862648,12815278737.01078,12752334383.049988,12884202700.725658,12819933848.986803,12755375166.972,12690524752.366776,12625380680.958828,12559941006.598606,13188392115.036491,13119695607.11919,13050627065.03862,12981183215.55062,12911360746.363398,12841156306.32397,11812869416.76524,11741855110.080223,11670579199.346895,11599040825.879145,11527239133.88404,11455173271.173445,11382842389.925604,11284562668.451555,11212528887.649645,11140207093.509293,11067595636.937822,10994692859.9754,10921497096.540394,10848006673.240036,10774219910.250431,10700135122.270496,10625750619.554493,10551064709.0282,10476075695.494095,10400781882.931389,10325181575.89692,10249273081.03353,10173054708.692944,10096524774.680546,10019681602.130146,9942523523.517214,9865048882.81974,9787256037.836512,9709143362.673237,9630709250.407722,9551952115.94606,9472870399.082615,9393462567.777542,9313727121.666462,9233662595.817959,9153267564.7557,9072540646.763063,8991480508.489464,8910085869.8788,8828355509.44197,8746288269.89669,8663883064.199636,8581138881.997385,8498054796.524471,8414629971.978741,8330863671.405937,8246755265.12771,8162304239.749036,8077510207.7834835,7992372917.936802,7906892266.091706,7821068307.039038,7734901267.002957,7648391557.010125,7561539787.155334,7474346781.818354,7386813595.889122,7298941532.060625,7210732159.250755,7122187332.216522,7033309212.425282,6944100290.249186,6854563408.549636,6764701787.718983,6674519052.246234,6584019258.87259,6493206926.4003935,6402087067.216198,6310665220.584186,6218947487.760373,6126940568.970622,6034651802.285967,5942089204.4172,5849261513.436417,5756178233.416399,5662849680.958348,5569287033.55494,5475502379.707913,5381508770.687422,5287320273.783609,5192952026.858982,5098420293.962544,5003742521.713365,4908937396.101428,4814024899.287506,4719026365.910814,4623964538.333785,4528863620.167099,4433749327.325948,4338648935.770875,4243591324.9844246,4148607016.1297493,4053728203.731393,3958988779.6138177,3864424347.7337365,3770072228.451151,3675971450.7066264,3582162730.5136857,3488688434.141824,3395592524.363838,3302920488.1779366,3210719244.4960246,3119037030.419425,3027923264.9022064,2937428388.8255816,2847603680.758652,2758501047.930907,2670172792.1362457,2582671350.3388042,2496049009.5200434,2410357594.5865726,2325648126.643568,2241970446.1891594,2159372791.180416,2077901312.602761,1997599498.9801648,1918507464.6579251,1840661032.7078843,1764090509.5304246,1688819001.8654406,1614860065.0632448,1542214391.6812968,1470865151.0339108,1400771476.411027,1331859478.2093902,1264010063.0728588,1197042809.8827567,1130695279.4697394,1064597559.3970625,998242789.8208992,930956198.8200607,861868202.9752342,789901830.2478961,713791354.7599747,632157306.4038681,543671642.5291624,447353859.4291818,343045467.0448086,232135012.54555467,118707024.25593784,11497687.631258637,-73362600.66936809,-113681122.13748372,-92380395.0783796,0.0
2917.0,10986384052.00296,10971291330.262268,10956158482.655106,10940985189.19832,10925771124.62994,10910515958.329807,10895219354.239372,10879880970.7806,10864500460.77404,10849077471.35601,10833611643.894966,10818102613.906963,10802550010.97033,10786953458.639442,10771312574.357674,10755626969.369528,10739896248.63189,10724120010.724506,10708297847.759598,10692429345.290688,10676514082.220629,10660551630.708784,10644541556.077509,10628483416.717749,10612376763.993984,10596221142.148329,10580016088.203918,10563761131.867622,10547455795.431965,10531099593.676378,10514692033.767813,10498232615.160648,10481720829.495949,10465156160.50014,10448538083.883062,10431866067.235434,10415139569.92578,10398358042.99683,10381520929.06139,10364627662.19777,10347677667.844751,10330670362.696123,10313605154.594889,10296481442.42705,10279298616.015137,10262056056.01145,10244753133.79102,10227389211.344477,10209963641.170635,10192475766.169077,10174924919.532616,10157310424.639774,10139631594.947292,10121887733.88272,10104078134.737186,10086202080.55832,10068258844.043484,10050247687.43333,10032167862.40572,10014018609.970127,9995799160.362564,9977508732.941113,9959146536.082138,9940711767.077255,9922203612.031143,9903621245.760254,9884963831.692596,9866230521.76856,9847420456.342976,9828532764.08846,9809566561.900158,9790520954.802002,9771395035.85456,9752187886.064651,9732898574.296757,9713526157.186396,9694069679.055664,9674528171.830889,9654900654.9627,9635186135.348553,9615383607.25793,9595492052.260263,9575510439.15582,9555437723.909678,9535272849.58892,9515014746.303291,9494662331.149387,9474214508.158646,9453670168.24928,9433028189.182323,9412287435.52205,9391446758.60086,9370504996.488964,9349460973.968975,9328313502.515682,9307061380.2812,9285703392.085764,9264238309.414345,9242664890.419392,9220981879.929943,9199188009.4673,9177281997.267609,9155262548.311586,9133128354.361675,9110878094.006886,9088510432.71567,9066024022.897102,9043417503.97066,9020689502.444984,8997838632.0058,8974863493.613579,8951762675.610989,8928534753.840734,8905178291.77398,8881691840.6498,8858073939.626028,13842587681.429422,13787182742.501434,13731582349.516617,13675785854.14862,13619792598.8736,13563601916.707104,13507213130.938492,13450625554.863102,13451276485.17525,13393531061.00943,13335574529.442608,13277406047.608437,13219024760.543531,13160429800.952976,13101620288.979528,12992045181.931946,12934913975.908236,12877574149.206564,12820024648.365591,12762264401.591269,12704292318.43996,13071706931.547049,13010954951.217367,12949949630.84408,12888689406.765488,12827172694.267311,12765397887.370668,12703363358.632242,12846686300.569223,12783294881.341175,12719628249.554886,12655684654.210804,12591462320.983992,12526959452.02025,13214031398.383455,13146478639.324495,13078569195.4705,13010299915.164892,12941667604.158049,12872669025.52042,11775142500.473536,11705475245.662134,11635566036.140305,11565414134.00312,11495018799.00864,11424379288.956026,11353494860.099442,11289327976.346416,11218394282.585522,11147189281.052147,11075711369.412485,11003958929.415276,10931930327.29153,10859623914.206156,10787038026.764881,10714170987.580366,10641021105.901382,10567586678.309345,10493865989.486723,10419857313.062109,10345558912.537117,10270969042.300537,10196085948.735584,10120907871.426493,10045433044.471,9969659697.905895,9893586059.253065,9817210355.194172,9740530813.3825,9663545664.40115,9586253143.877386,9508651494.763523,9430738969.79554,9352513834.141294,9273974368.251043,9195118870.923742,9115945662.60365,9036453088.922535,8956639524.503979,8876503377.047157,8796043091.708805,8715257155.803085,8634144103.840525,8552702522.928253,8470931058.555523,8388828420.789531,8306393390.908398,8223624828.4995575,8140521679.053432,8057082982.08404,7973307879.809708,7889195626.428983,7804745598.028442,7719957303.160894,7634830394.1342535,7549364679.052964,7463560134.655539,7377416919.99338,7290935390.997282,7204116115.979504,7116959892.12008,7029467762.987032,6941641037.140364,6853481307.8699665,6764990474.11694,6676170762.62697,6587024751.382698,6497555394.3596,6407766047.646648,6317660496.968682,6227242986.642042,6136518249.98828,6045491541.22267,5954168668.824393,5862556030.3840275,5770660648.910318,5678490210.562966,5586053103.760421,5493358459.59171,5400416193.439009,5307237047.692652,5213832635.41315,5120215484.764986,5026399084.0151615,4932397926.855771,4838227557.774778,4743904617.1635,4649446885.813721,4554873328.42343,4460204135.699213,4365460764.617634,4270665976.3896933,4175843871.665232,4081019922.5213866,3986221000.8056993,3891475402.4555855,3796812867.498108,3702264595.5545325,3607863256.8417587,3513642998.886406,3419639449.4576907,3325889716.592826,3232432387.0443826,3139307525.0327163,3046556673.845705,2954222863.595971,2862350629.317476,2770986044.5419483,2680176776.5035105,2589972170.109856,2500423368.6768208,2411583479.969342,2323507796.045071,2236254074.332912,2149882884.6657405,2064458021.6990402,1980046972.945648,1896721417.6298652,1814557708.0213535,1733637249.1267323,1654046639.543674,1575877359.250842,1499224680.6415184,1424185327.0439231,1350853197.280961,1279312205.9052663,1209624953.4648333,1141815552.7694054,1075844543.3905823,1011573540.4689999,948717311.3219444,886781759.8655111,824988484.1482091,762191116.7770486,696796776.5671344,626718993.7017775,549408373.2555484,462041443.00292087,362032305.4015517,248303871.1570602,124583214.19180511,7579810.220736116,-59687086.63895115,-28643356.433055,0.0
2916.0,10921486803.860538,10905799800.752625,10890069526.845716,10874295656.51997,10858477859.130735,10842615798.937096,10826709135.029713,10810757521.258087,10794760606.157084,10778718032.872849,10762629439.088058,10746494456.946596,10730312712.977512,10714083828.01843,10697807417.138344,10681483089.55978,10665110448.58041,10648689091.494097,10632218609.511326,10615698587.679155,10599128604.800611,10582508233.353537,10565837039.40898,10549114582.549105,10532340415.784584,10515514085.47162,10498635131.228497,10481703085.851715,10464717475.231834,10447677818.26884,10430583626.787285,10413434405.45107,10396229651.677977,10378968855.553942,10361651499.747145,10344277059.421864,10326845002.15226,10309354787.835957,10291805868.607628,10274197688.752527,10256529684.619995,10238801284.537024,10221011908.721966,10203160969.1983,10185247869.708654,10167272005.629017,10149232763.883257,10131129522.85802,10112961652.31796,10094728513.32147,10076429458.136951,10058063830.15964,10039630963.829082,10021130184.547346,10002560808.598042,9983922143.066164,9965213485.758934,9946434125.12762,9927583340.190493,9908660400.456978,9889664565.853077,9870595086.648186,9851451203.38337,9832232146.801228,9812937137.777426,9793565387.254017,9774116096.17466,9754588455.421844,9734981645.756245,9715294837.758327,9695527191.772356,9675677857.852848,9655745975.713753,9635730674.680365,9615631073.64418,9595446281.020844,9575175394.711311,9554817502.06642,9534371679.855022,9513836994.235832,9493212500.733189,9472497244.21688,9451690258.886292,9430790568.258947,9409797185.163765,9388709111.73916,9367525339.4362,9346244849.0271,9324866610.619186,9303389583.67462,9281812717.036118,9260134948.958853,9238355207.148884,9216472408.808256,9194485460.687128,9172393259.143188,9150194690.20852,9127888629.664433,9105473943.124296,9082949486.124868,9060314104.226353,9037566633.12148,9014705898.754004,8991730717.446918,8968639896.040676,8945432232.041912,8922106513.782845,8898661520.591883,8875096022.975735,8851408782.813398,8827598553.562496,8803664080.47828,8779604100.84576,8755417344.225414,8731102532.712831,8706658381.21277,13719066319.096115,13664419450.338636,13609588334.798908,13554572455.44146,13499371286.924175,13443984295.311102,13388410937.781153,13332650662.332956,13346440383.790855,13289448770.04378,13232257333.09286,13174865357.43055,13117272115.941648,13059476869.626656,13001478867.326803,12880718522.531069,12824536131.69761,12768157946.546642,12711583042.909376,12654810478.67542,12597839293.43805,12999802012.864817,12940016430.147549,12879990748.076036,12819723515.408447,12759213258.757587,12698458482.277723,12637457667.359844,12790785243.673923,12728399201.61095,12665754268.713638,12602848871.493431,12539681412.21561,12476250268.538982,13214779480.78528,13148527153.605824,13081936638.111883,13015004966.17592,12947729124.723186,12880106055.382988,11722617540.165173,11654456724.438128,11586074831.84502,11517471249.432774,11448645356.482285,11379596524.537464,11310324117.454788,11278575350.464714,11208917823.776253,11139007762.610708,11068843644.876762,10998423926.231798,10927747040.145092,10856811397.998772,10785615389.229103,10714157381.5112,10642435720.990236,10570448732.562313,10498194720.208637,10425671967.386644,10352878737.481964,10279813274.325417,10206473802.779537,10132858529.399197,10058965643.171429,9984793316.339685,9910339705.318178,9835602951.702278,9760581183.381332,9685272515.7606,9609675053.099535,9533786889.973976,9457606112.870335,9381130801.92038,9304359032.78573,9227288878.701738,9149918412.691044,9072245709.95768,8994268850.473368,8915985921.768194,8837395021.93875,8758494262.887466,8679281773.807812,8599755704.93067,8519914231.548408,8439755558.33371,8359277923.971481,8278479606.122982,8197358926.742381,8115914257.766965,8034144027.2033,7952046725.632653,7869620913.160151,7786865226.833093,7703778388.555004,7620359213.522895,7536606619.2162895,7452519634.96742,7368097412.142794,7283339234.967151,7198244532.021271,7112812888.445652,7027044058.882253,6940937981.186501,6854494790.941545,6767714836.806156,6680598696.726832,6593147195.043334,6505361420.515205,6417242745.294725,6328792844.868885,6240013718.990018,6150907713.610697,6061477543.834257,5971726317.887331,5881657562.1152725,5791275246.995187,5700583814.155037,5609588204.380289,5518293886.582812,5426706887.69994,5334833823.485385,5242681930.148304,5150259096.793132,5057573898.611251,4964635630.7772045,4871454343.008422,4778040874.759052,4684406891.038153,4590564918.871322,4496528384.466252,4402311651.1989355,4307930058.61259,4213399962.719452,4118738778.022033,4023965021.8303266,3929098361.652446,3834159666.685436,3739171064.7402477,3644156006.3101993,3549139337.948314,3454147387.669325,3359208065.753123,3264350985.116433,3169607606.3591614,3075011413.705384,2980598129.372388,2886405975.4439287,2792475994.1265125,2698852439.3600664,2605583255.161491,2512720658.8123016,2420321850.0409884,2328449870.6214266,2237174642.1314173,2146574212.6302428,2056736245.0522463,1967759779.9942327,1879757301.2816942,1792857120.882988,1707206074.9622972,1622972476.4797893,1540349188.3328502,1459556544.2273662,1380844622.301661,1304494026.5096254,1230813795.775257,1160134270.23274,1092791622.3639846,1029099256.0153334,969299419.4626875,913486406.4120039,861491286.3051667,812718613.9926144,765930566.5308733,718987397.7009312,668580033.873118,610036425.657239,537358872.8603852,443821072.93402094,324080195.3181702,181168253.40275455,47273992.82041487,-545909.6975797489,0.0
2915.0,10839612881.09113,10823320276.782549,10806981372.638409,10790595840.176489,10774163346.187956,10757683552.674269,10741156116.783665,10724580690.747124,10707956921.813934,10691284452.186794,10674562918.956448,10657791954.035973,10640971184.094612,10624100230.491234,10607178709.207413,10590206230.780165,10573182400.234306,10556106817.014534,10538979074.917175,10521798762.02164,10504565460.621628,10487278747.156103,10469938192.14001,10452543360.094822,10435093809.478916,10417589092.61779,10400028755.63419,10382412338.378103,10364739374.356766,10347009390.664557,10329221907.91296,10311376440.160591,10293472494.843204,10275509572.703926,10257487167.723597,10239404767.051271,10221261850.935062,10203057892.65316,10184792358.445255,10166464707.444338,10148074391.608875,10129620855.65554,10111103536.992456,10092521865.653015,10073875264.230408,10055163147.812786,10036384923.91931,10017539992.436962,9998627745.55832,9979647567.720318,9960598835.544052,9941480917.775743,9922293175.228935,9903034960.72796,9883705619.052826,9864304486.885586,9844830892.758265,9825284157.002443,9805663591.700676,9785968500.63968,9766198179.265602,9746351914.64128,9726428985.405807,9706428661.736322,9686350205.312304,9666192869.282394,9645955898.23396,9625638528.165451,9605239986.46175,9584759491.872627,9564196254.494484,9543549475.75548,9522818348.40426,9502002056.502417,9481099775.420872,9460110671.840298,9439033903.755877,9417868620.486412,9396613962.688196,9375269062.37357,9353833042.934666,9332305019.17228,9310684097.330296,9288969375.135723,9267159941.84469,9245254878.294577,9223253256.962524,9201154142.030596,9178956589.457834,9156659647.05945,9134262354.593493,9111763743.855154,9089162838.77914,9066458655.550283,9043650202.72276,9020736481.348202,8997716485.113026,8974589200.485317,8951353606.87158,8928008676.783718,8904553376.01659,8880986663.83651,8857307493.181026,8833514810.870441,8809607557.831352,8785584669.332705,8761445075.23469,8737187700.250977,8712811464.224669,8688315282.418354,8663698065.81884,8638958721.45691,8614096152.742565,8589109259.816338,8563996939.916994,8538758087.766274,13580132622.99616,13526326491.060944,13472347903.828394,13418196479.571262,13363871829.20644,13309373555.983591,13254701255.167929,13199854513.717209,13226509730.646303,13170370402.963211,13114043397.517532,13057528135.110111,13000824025.553415,12943930467.351688,12886846847.38024,12754816160.546951,12699666112.3587,12644333788.652596,12588818403.384548,12533119153.113234,12477235216.604954,12909972599.32622,12851257505.444496,12792316836.296944,12733149273.472244,12673753475.74528,12614128078.66863,12554271694.1683,12716039328.029392,12654771019.476849,12593261590.585829,12531509668.345528,12469513855.078491,12407272727.933758,13189358374.225431,13124539895.42843,13059404502.657167,12993949468.018951,12928172017.488348,12862069330.311651,11654534802.130651,11588015464.605349,11521296790.987907,11454378294.383097,11387259474.59345,11319939817.792622,11252418796.203382,11251120496.823452,11182892045.772114,11114431567.083652,11045737649.517544,10976808854.039644,10907643713.566252,10838240732.731625,10768598387.680794,10698715125.889755,10628589366.01524,10558219497.776196,10487603881.869473,10416740849.92215,10345628704.483162,10274265719.056963,10202650138.182156,10130780177.558117,10058654024.222895,9986269836.785618,9913625745.717157,9840719853.702549,9767550236.059315,9694114941.225588,9620411991.322536,9546439382.7955,9472195087.138689,9397677051.708399,9322883200.630035,9247811435.804413,9172459638.019182,9096825668.171396,9020907368.607634,8944702564.5883,8868209065.883171,8791424668.505451,8714347156.592041,8636974304.438026,8559303878.693838,8481333640.733759,8403061349.205011,8324484762.766933,8245601643.030197,8166409757.706411,8086906883.978913,8007090812.105779,7926959349.266804,7846510323.666264,7765741588.903878,7684651028.626706,7603236561.475046,7521496146.335813,7439427787.917111,7357029542.658129,7274299524.988557,7191235913.95229,7107836960.209955,7024100993.435436,6940026430.121364,6855611781.808916,6770855663.7572975,6685756804.068525,6600314053.283237,6514526394.463686,6428392953.78039,6341913011.6196575,6255086014.230036,6167911585.927132,6080389541.878121,5992519901.489836,5904302902.427786,5815739015.298341,5726828959.032382,5637573717.017026,5547974554.032612,5458033034.065622,5367751039.085718,5277130788.896644,5186174862.198292,5094886219.031066,5003268224.815899,4911324676.254827,4819059829.420387,4726478430.438804,4633585749.265133,4540387617.1604395,4446890468.615545,4353101388.626275,4259028166.41614,4164679356.9285345,4070064351.678177,3975193460.866439,3880078009.036256,3784730446.9774804,3689164483.105011,3593395238.132498,3497439427.57137,3401315577.419687,3305044279.3958263,3208648493.2553086,3112153905.153675,3015589352.7501426,2918987329.872744,2822384586.202927,2725822840.7393126,2629349631.9661775,2533019332.9337645,2436894366.1612186,2341046661.749095,2245559412.6970153,2150529194.450314,2056068531.1998856,1962309008.9423618,1869405053.204617,1777538504.0830553,1686924125.7824929,1597816169.219229,1510516042.0020313,1425380992.8506954,1342833427.5414302,1263369949.2524762,1187568324.1170619,1116089130.1907263,1049666629.2982894,989080178.2001035,935093152.5714355,888341149.7683786,849146287.869512,817232522.5826862,791323417.6993841,768626343.8725804,744249608.4777025,710640127.771778,657080201.9362057,569049975.9439359,427832953.2371422,220490052.48078752,22333376.242298864,0.0
2914.0,10741437146.242664,10724532364.2239,10707578400.396084,10690574926.289743,10673521609.048,10656418111.37223,10639264091.467464,10622059202.987516,10604803094.979856,10587495411.830233,10570135793.20707,10552723874.005678,10535259284.292248,10517741649.247684,10500170589.111298,10482545719.124336,10464866649.473454,10447132985.234035,10429344326.313526,10411500267.39466,10393600397.878712,10375644301.82876,10357631557.913002,10339561739.34811,10321434413.842745,10303249143.54116,10285005484.96701,10266702988.96734,10248341200.656849,10229919659.362411,10211437898.567938,10192895445.85959,10174291822.871408,10155626545.231388,10136899122.508076,10118109058.15768,10099255849.471825,10080338987.525898,10061357957.12819,10042312236.769716,10023201298.574911,10004024608.253197,9984781625.051504,9965471801.707794,9946094584.405697,9926649412.73026,9907135719.624989,9887552931.350128,9867900467.442389,9848177740.67609,9828384157.025906,9808519115.631214,9788582008.762209,9768572221.787811,9748489133.145569,9728332114.313463,9708100529.78402,9687793737.040508,9667411086.535568,9646951921.672316,9626415578.78801,9605801387.140442,9585108668.897186,9564336739.127808,9543484905.799192,9522552469.774128,9501538724.813305,9480442957.580826,9459264447.653477,9438002467.533833,9416656282.667408,9395225151.464008,9373708325.323477,9352105048.66598,9330414558.967104,9308636086.79779,9286768855.86954,9264812083.084888,9242764978.593452,9220626745.853785,9198396581.701218,9176073676.421946,9153657213.83356,9131146371.372343,9108540320.187511,9085838225.242678,9063039245.424831,9040142533.661072,9017147237.043415,8994052496.961918,8970857449.246458,8947561224.317451,8924162947.345833,8900661738.422607,8877056712.738338,8853346980.772837,8829531648.495518,8805609817.576637,8781580585.60991,8757443046.34678,8733196289.942804,8708839403.216482,8684371469.920967,8659791571.029078,8635098785.031992,8610292188.252104,8585370855.170446,8560333858.769135,8535180270.889325,8509909162.605089,8484519604.613772,8459010667.643227,8433381422.876495,8407630942.394409,8381758299.6366415,8355762569.881697,13426055115.133408,13373163811.320496,13320112288.768469,13266900303.30354,13213527604.389175,13159993934.790462,13106299030.2307,13052442619.040216,13091608861.780716,13036411144.28376,12981038613.392897,12925490833.47333,12869767358.639893,12813867732.393324,12757791487.252651,12614447944.036163,12560403340.182634,12506190514.960024,12451808827.199554,12397257619.00271,12342536215.302671,12801956797.137444,12744402922.570135,12686639088.283272,12628664127.067663,12570476848.653473,12512076039.212969,12453460460.86317,12622009001.326208,12561954100.023396,12501677017.770308,12441176601.146223,12380451672.11924,12319501027.404217,13136583008.2435,13073306674.636656,13009737047.2808,12945871688.289509,12881708113.563122,12817243791.965015,11570122035.318048,11505353935.355124,11440408734.223866,11375286069.320908,11309985559.19835,11244506802.883884,11178849379.19008,11205783021.781609,11139111807.493206,11072230434.220041,11005137628.095688,10937832082.7393,10870312458.704588,10802577382.93851,10734625448.250624,10666455212.794352,10598065199.5614,10529453895.890387,10460619752.99113,10391561185.48573,10322276570.96787,10252764249.581638,10183022523.621265,10113049657.153143,10042843875.661621,9972403365.719948,9901726274.687826,9830810710.437101,9759654741.106974,9688256394.89025,9616613659.85213,9544724483.78288,9472586774.085981,9400198397.703018,9327557181.076797,9254660910.154022,9181507330.428734,9108094147.027914,9034419024.840267,8960479588.6894,8886273423.552307,8811798074.824154,8737051048.63012,8662029812.184938,8586731794.2007885,8511154385.343803,8435294938.739519,8359150770.527313,8282719160.463679,8205997352.574115,8128982555.85305,8051671945.011134,7974062661.268995,7896151813.196356,7817936477.595156,7739413700.425267,7660580497.771106,7581433856.847384,7501970737.042141,7422188070.995235,7342082765.710432,7261651703.699542,7180891744.15724,7099799724.16578,7018372459.92949,6936606748.039905,6854499366.773678,6772047077.42725,6689246625.694267,6606094743.094791,6522588148.468793,6438723549.550851,6354497644.648657,6269907124.454564,6184948674.027943,6099618974.996146,6013914708.034347,5927832555.699363,5841369205.710637,5754521354.792959,5667285713.221377,5579659010.2392845,5491638000.55706,5403219472.181687,5314400255.878399,5225177236.625042,5135547367.489635,5045507686.443137,4955055336.714152,4864187591.4025135,4772901883.1956415,4681195840.1781435,4589067328.89324,4496514506.006857,4403535880.144594,4310130385.720845,4216297470.8617496,4122037201.8426766,4027350386.821176,3932238722.0522814,3836704964.2315702,3740753133.1304126,3644388749.2792606,3547619112.134572,3450453624.957166,3352904173.5690107,3254985567.2924533,3156716051.7856193,3058117905.278093,2959218132.0381665,2860049269.9884243,2760650333.5410953,2661067918.377562,2561357502.627861,2461584989.482619,2361828550.673072,2262180849.686975,2162751749.4298306,2063671642.7011812,1965095586.4355016,1867208472.26505,1770231524.4540033,1674430475.0154235,1580125810.0384042,1487705481.8530972,1397640385.8937237,1310502618.5072916,1226985914.6401312,1147926482.1094887,1074320363.3977418,1007330005.968538,948267358.4486904,898533048.0159581,859481030.8760037,832166923.5280776,816930353.1767278,812766055.3405534,816466069.0393251,821554702.5956545,816955454.9716091,784619432.2094315,693164711.2870955,485091294.7214968,122821564.96703623,0.0
2913.0,10627678729.736889,10610159912.795578,10592589207.961388,10574966289.712376,10557290828.515747,10539562490.78246,10521780938.821823,10503945830.795937,10486056820.6741,10468113558.18716,10450115688.78182,10432062853.574951,10413954689.307907,10395790828.30088,10377570898.40731,10359294522.96838,10340961320.767624,10322570905.985657,10304122888.155088,10285616872.115627,10267052457.96939,10248429241.036488,10229746811.810904,10211004755.916672,10192202654.06445,10173340082.008451,10154416610.503864,10135431805.26469,10116385226.92215,10097276430.983644,10078104967.792282,10058870382.487144,10039572214.96418,10020209999.837889,10000783266.403831,9981291538.601986,9961734334.981016,9942111168.663544,9922421547.312462,9902664973.098331,9882840942.668009,9862948947.114414,9842988471.947742,9822958997.067936,9802859996.738724,9782690939.56311,9762451288.460564,9742140500.645882,9721758027.609833,9701303315.101707,9680775803.11386,9660174925.868298,9639500111.805458,9618750783.575272,9597926358.030628,9577026246.2233,9556049853.40251,9534996579.016235,9513865816.715343,9492656954.360714,9471369374.033497,9450002452.048569,9428555558.971426,9407028059.638578,9385419313.181612,9363728673.055092,9341955487.068478,9320099097.422132,9298158840.747704,9276134048.152967,9254024045.271357,9231828152.31632,9209545684.14076,9187175950.301678,9164718255.13028,9142171897.807714,9119536172.44668,9096810368.17912,9073993769.250216,9051085655.11892,9028085300.565262,9004991975.80472,8981804946.609814,8958523474.439281,8935146816.575062,8911674226.267338,8888104952.887978,8864438242.092606,8840673335.99167,8816809473.330742,8792845889.6804,8768781817.636045,8744616487.027912,8720349125.141697,8695978956.950073,8671505205.355534,8646927091.444832,8622243834.75549,8597454653.554699,8572558765.131039,8547555386.09938,8522443732.719439,8497223021.228338,8471892468.187693,8446451290.845542,8420898707.513717,8395233937.960979,8369456203.822475,8343564729.02597,8317558740.235307,8291437467.311668,8265200143.79306,8238846007.392578,8212374300.515982,8185784270.799105,8159075171.665615,13257081458.378296,13205169884.528349,13153110629.32227,13100903586.587437,13048548644.807917,12996045686.764788,12943394589.16654,12890595222.269554,12941835101.15873,12887658258.343945,12833320031.08344,12778820132.696,12724158267.095093,12669334128.381063,12614347400.42624,12459704571.559752,12406827471.171982,12353796574.233912,12300611389.025904,12247271407.862137,12193776106.605627,12675510234.136774,12619194104.684477,12562684511.524103,12505980454.491669,12449080910.522312,12391984833.07176,12334691151.53316,12508289749.256023,12449526463.53189,12390560806.632524,12331391859.475807,12272018678.85978,12212440296.697697,13055389416.634438,12993737112.37456,12931816998.162804,12869626967.543083,12807164868.772146,12744428503.78854,11468618902.905502,11405686111.70506,11342598585.250408,11279356080.876488,11215958331.632072,11152405045.258451,11088695903.142591,11141415814.721127,11076404231.702698,11011205321.650946,10945817969.501396,10880241023.762062,10814473295.696146,10748513558.501709,10682360546.488483,10616012954.252329,10549469435.84751,10482728603.957043,10415789029.06142,10348649238.60574,10281307716.16543,10213762900.610558,10146013185.268642,10078056917.085861,10009892395.786358,9941517873.029305,9872931551.563189,9804131584.37667,9735116073.845215,9665883070.872429,9596430574.025005,9526756528.659706,9456858826.040838,9386735302.446218,9316383738.25939,9245801857.045578,9174987324.608477,9103937748.024612,9032650674.651611,8961123591.10631,8889353922.20813,8817339029.88267,8745076212.020025,8672562701.281593,8599795663.848778,8526772198.106183,8453489333.251395,8379944027.8226795,8306133168.13526,8232053566.616156,8157701960.026785,8083075007.561832,8008169288.812143,7932981301.578704,7857507459.524006,7781744089.646597,7705687429.563812,7629333624.587437,7552678724.576438,7475718680.550825,7398449341.050582,7320866448.2238245,7242965633.628836,7164742413.735458,7086192185.112562,7007310219.290284,6928091657.287886,6848531503.801564,6768624621.050457,6688365722.284247,6607749364.962247,6526769943.621611,6445421682.462002,6363698627.685428,6281594639.644167,6199103384.86602,6116218328.046006,6032932724.116976,5949239610.538979,5865131799.979587,5780601873.594784,5695642175.164073,5610244806.38399,5524401623.682978,5438104236.987986,5351344010.950552,5264112069.22859,5176399302.520485,5088196381.162225,4999493773.226692,4910281769.208576,4820550514.539482,4730290051.357058,4639490371.1494665,4548141480.113998,4456233479.304965,4363756661.902382,4270701630.207818,4177059435.2669225,4082821742.327668,3987981025.6683493,3892530796.668315,3796465869.347912,3699782667.9742155,3602479581.723455,3504557371.8248634,3406019637.1120234,3306873344.526021,3207129431.929729,3106803491.7322803,3005916545.4835224,2904495922.0763774,2802576255.928239,2700200627.1344714,2597421873.999813,2494304120.8151603,2390924581.976648,2287375729.830206,2183767950.9199843,2080232867.2671716,1976927570.1095483,1874040107.4925356,1771796687.5180924,1670471205.966647,1570397872.895678,1471987874.8821244,1375751116.3242536,1282324032.1370382,1192504065.947835,1107290331.995696,1027927677.1190044,955946972.8480368,893186753.8398926,841768706.9127926,803980581.771088,781995117.0488656,777328400.5868331,789934610.817218,816884697.6049693,850702965.6139333,877329273.4015586,871400785.119467,775185790.3629379,415654624.50221384,0.0
2912.0,10499095364.840908,10480965306.5907,10462780856.436045,10444541694.755768,10426247498.327587,10407897940.291824,10389492690.115211,10371031413.554775,10352513772.62181,10333939425.545994,10315308026.739643,10296619226.762146,10277872672.28461,10259068006.054686,10240204866.86171,10221282889.50206,10202301704.74487,10183260939.298054,10164160215.77471,10144999152.659945,10125777364.278088,10106494460.76046,10087150048.013546,10067743727.687828,10048275097.147118,10028743749.438564,10009149273.263342,9989491252.94801,9969769268.416704,9949982895.164074,9930131704.229122,9910215262.16994,9890233131.039442,9870184868.362057,9850070027.111578,9829888155.690098,9809638797.908163,9789321492.966211,9768935775.437302,9748481175.251276,9727957217.680387,9707363423.32648,9686699308.109749,9665964383.259268,9645158155.30524,9624280126.073132,9603329792.679789,9582306647.531538,9561210178.324484,9540039868.04699,9518795194.98452,9497475632.726912,9476080650.178171,9454609711.568932,9433062276.4717,9411437799.818916,9389735731.924091,9367955518.506033,9346096600.716305,9324158415.170135,9302140393.980797,9280041964.797651,9257862550.848078,9235601570.98325,9213258439.728142,9190832567.335749,9168323359.845758,9145730219.147852,9123052543.049791,9100289725.350462,9077441155.918083,9054506220.773746,9031484302.180546,9008374778.738403,8985177025.484875,8961890414.002117,8938514312.530277,8915048086.087456,8891491096.59659,8867842703.019371,8844102261.497543,8820269125.5018,8796342645.98853,8772322171.564718,8748207048.661228,8723996621.714804,8699690233.35903,8675287224.624601,8650786935.149172,8626188703.397114,8601491866.889503,8576695762.444677,8551799726.429695,8526803095.02304,8501705204.488939,8476505391.463675,8451202993.254198,8425797348.149546,8400287795.745319,8374673677.281731,8348954335.995584,8323129117.486589,8297197370.098501,8271158445.315454,8245011698.173969,8218756487.691111,8192392177.309209,8165918135.357662,8139333735.532282,8112638357.392658,8085831386.8781185,8058912216.842646,8031880247.60942,8004734887.545431,7977475553.656689,7950101672.204595,13073441915.813656,13022565291.30455,12971553676.263191,12920407101.171982,12869125592.20199,12817709170.82964,12766157853.441471,12714471650.92669,12777263622.324146,12724176084.916231,12670940992.362226,12617558210.314465,12564027595.960009,12510348997.56942,12456522254.035105,12290663031.05257,12239003979.325323,12187205756.770435,12135268023.468098,12083190424.368809,12030972588.759785,12530416929.7681,12475400250.2622,12420207257.328403,12364837130.738256,12309289027.902817,12253562083.22097,12197655407.418432,12374526849.03677,12317115468.042328,12259522085.460152,12201746026.5557,12143786593.348543,12085643063.737484,12944862979.989351,12884889493.642862,12824675026.167547,12764217834.535769,12703516132.237934,12642568088.067284,11349301614.638926,11288262622.559065,11227091042.913094,11165786746.391611,11104349574.167,11042779336.551136,10981075811.61406,11056934788.661846,10993659026.91386,10930219319.929243,10866614727.020296,10802844267.912792,10738906921.69386,10674801625.745523,10610527274.663479,10546082719.160746,10481466764.955717,10416678171.643948,10351715651.553024,10286577868.579628,10221263437.007896,10155770920.30781,10090098829.91243,10024245623.972393,9958209706.085947,9891989424.002625,9825583068.298258,9758988871.018873,9692205004.290653,9625229578.892763,9558060642.78958,9490696179.618282,9423134107.127573,9355372275.5625,9287408465.99022,9219240388.560574,9150865680.69514,9082281905.197515,9013486548.277,8944477017.477167,8875250639.49991,8805804657.914873,8736136230.74317,8666242427.903463,8596120228.507488,8525766517.991053,8455178085.065575,8384351618.474049,8313283703.534252,8241970818.45085,8170409330.3769245,8098595491.204117,8026525433.0597725,7954195163.487879,7881600560.289883,7808737366.000259,7735601181.970773,7662187462.036758,7588491505.737885,7514508451.065685,7440233266.709925,7365660743.776136,7290785486.947272,7215601905.063675,7140104201.097225,7064286361.498116,6988142144.896051,6911665070.14204,6834848403.68253,6757685146.264709,6680168018.980216,6602289448.665259,6524041552.687604,6445416123.166195,6366404610.687259,6286998107.601998,6207187331.016208,6126962605.611485,6046313846.471749,5965230542.12864,5883701738.084728,5801716021.126128,5719261504.795977,5636325816.468534,5552896086.541117,5468958940.348313,5384500493.501212,5299506351.46382,5213961614.300686,5127850887.664271,5041158301.238053,4953867536.011873,4865961861.939284,4777424187.711431,4688237124.577163,4598383066.341595,4507844287.88205,4416603064.726283,4324641816.436352,4231943276.724627,4138490693.385623,4044268061.2461205,3949260391.402108,3853454020.007461,3756836959.7889423,3659399297.2677865,3561133638.355874,3462035604.558676,3362104381.4662695,3261343320.5838566,3159760594.9237185,3057369908.3015103,2954191258.2112617,2850251752.922003,2745586485.722554,2640239474.087021,2534264680.527648,2427727147.4004354,2320704303.3735833,2213287539.5971093,2105584215.7656245,1997720349.7699747,1889844382.1336513,1782132603.934969,1674797113.1627877,1568097538.2260227,1462358250.4637814,1357993369.269907,1255542478.7633352,1155720443.0518365,1059484619.5326786,968121296.0672985,883348755.0775028,807424263.4967229,743222174.0089754,694214493.6911465,664229694.9575727,656800240.7023062,673896395.0452527,714083679.6489372,771008249.0838387,834075287.5643685,885481208.015208,813487016.1429744,0.0
2911.0,10356477719.632566,10337743754.200983,10318953118.209572,10300105500.869024,10281200588.227428,10262238063.143024,10243217605.257206,10224138890.967756,10205001593.402325,10185805382.39221,10166549924.44647,10147234882.726316,10127859917.019947,10108424683.717691,10088928835.787683,10069372022.751862,10049753890.66256,10030074082.079563,10010332236.04774,9990527988.075245,9970660970.112352,9950730810.53096,9930737134.10479,9910679561.990322,9890557711.708548,9870371197.1275,9850119628.44571,9829802612.176563,9809419751.133636,9788970644.417036,9768454887.400845,9747872071.721668,9727221785.268393,9706503612.173168,9685717132.803707,9664861923.75695,9643937557.854153,9622943604.137484,9601879627.868183,9580745190.526386,9559539849.812592,9538263159.651009,9516914670.19471,9495493927.832752,9474000475.199345,9452433851.185116,9430793590.950624,9409079225.942123,9387290283.909794,9365426288.928406,9343486761.420654,9321471218.183126,9299379172.415169,9277210133.7506,9254963608.292553,9232639098.65141,9210236103.98607,9187754120.048643,9165192639.232635,9142551150.624891,9119829140.06132,9097026090.186571,9074141480.517916,9051174787.513262,9028125484.643744,9004993042.470781,8981776928.727997,8958476608.407982,8935091543.854233,8911621194.858356,8888065018.762753,8864422470.568966,8840693003.05195,8816876066.880365,8792971110.743202,8768977581.482883,8744894924.235132,8720722582.575768,8696459998.674732,8672106613.457535,8647661866.774391,8623125197.577316,8598496044.10542,8573773844.078678,8548958034.900487,8524048053.869217,8499043338.399143,8473943326.25096,8448747455.772305,8423455166.14847,8398065897.663729,8372579091.973569,8346994192.388174,8321310644.167484,8295527894.828236,8269645394.463289,8243662596.073668,8217578955.913639,8191393933.849272,8165106993.730837,8138717603.779469,8112225236.988505,8085629371.539904,8058929491.236222,8032125085.948517,8005215652.080703,7978200693.050743,7951079719.7892,7923852251.255588,7896517814.972976,7869075947.581438,7841526195.410677,7813868115.072476,7786101274.073423,7758225251.448397,7730239638.41536,12875353699.95509,12825557199.293106,12775638403.8876,12725597477.767303,12675434581.682312,12625149872.698364,12574743503.777027,12524215623.341326,12597953433.038588,12546012174.98219,12493937419.737844,12441729186.55295,12389387487.232391,12336912325.645544,12284303697.21944,12107392873.714394,12056990586.423582,12006463782.69151,11955812274.524942,11905035859.69207,11854134321.138884,12366500596.18908,12312829877.628893,12259000413.10054,12205011571.903189,12150862701.86087,12096553128.606256,12042082154.850536,12220430167.499329,12164412946.643776,12108234337.871668,12051893915.836472,11995391233.139116,11938725819.356466,12804266056.139105,12745999039.734812,12687518676.58382,12628823608.947891,12569912438.142702,12510783723.162792,11211507166.5836,11152395486.334854,11093172820.315506,11033839144.174982,10974394399.129047,10914838490.32465,10855171285.15404,10951348268.578724,10889858464.939865,10828228231.79464,10766456812.091259,10704543406.699661,10642487173.156637,10580287224.38699,10517942627.399843,10455452401.959126,10392815519.227097,10330030900.379559,10267097415.191431,10204013880.590902,10140779059.180431,10077391657.72243,10013850325.587412,9950153653.161905,9886300170.21332,9822288344.208447,9758116578.582153,9693783210.952095,9629286511.275215,9564624679.941036,9499795845.796436,9434798064.095913,9369629314.370909,9304287498.210922,9238770436.948658,9173075869.240582,9107201448.533516,9041144740.407034,8974903219.780561,8908474267.97305,8841855169.602146,8775043109.308638,8708035168.290825,8640828320.632349,8573419429.405546,8505805242.531372,8437982388.375269,8369947371.0572,8301696565.452431,8233226211.858248,8164532410.300362,8095611114.451053,8026458125.129812,7957069083.35573,7887439462.919384,7817564562.440819,7747439496.878907,7677059188.456468,7606418356.964598,7535511509.409291,7464332928.963105,7392876663.18495,7321136511.471794,7249106011.707409,7176778426.075407,7104146726.006695,7031203576.235531,6957941317.943382,6884351950.976446,6810427115.130734,6736158070.508667,6661535676.963235,6586550372.660369,6511192151.807416,6435450541.616365,6359314578.594231,6282772784.281477,6205813140.591808,6128423064.944485,6050589385.423644,5972298316.248787,5893535433.896918,5814285654.280901,5734533211.460639,5654261638.444508,5573453750.728686,5492091633.322118,5410156632.114983,5327629350.569256,5244489652.841063,5160716674.585357,5076288842.843706,4991183906.573704,4905378979.541469,4818850597.464332,4731574791.453216,4643527179.958796,4554683081.562683,4465017651.06485,4374506041.38671,4283123593.8184714,4190846059.066578,4097649851.37467,4003512337.6642776,3908412163.126445,3812329613.941441,3715247016.747558,3617149173.0502043,3518023824.8752823,3417862145.5363407,3316659246.3100348,3214414686.0162406,3111132965.92484,3006823987.0764184,2901503441.154119,2795193099.85861,2687920962.0973554,2579721214.650124,2470633962.842268,2360704697.392482,2249983488.9282284,2138523953.6990557,2026382129.8946235,1913615569.680628,1800283225.947546,1686447149.4180808,1572177685.0889182,1457564859.330513,1342740079.1799352,1227914190.9665465,1113440309.452767,999912245.7991159,888310706.7872509,780207065.6970372,678022919.5253297,585312533.0706269,506967766.2668382,449121147.55563265,418347659.1575874,419693758.87786126,453792428.86819696,516694709.30464584,612008546.6487336,776574733.7854074,0.0
2910.0,10200643776.22333,10181317629.1041,10161932778.307016,10142488924.74435,10122985766.628271,10103422999.452492,10083800315.974316,10064117406.197006,10044373957.35258,10024569653.88506,10004704177.434095,9984777206.81918,9964788418.024288,9944737484.183086,9924624075.56473,9904447859.560232,9884208500.669497,9863905660.48901,9843538997.700232,9823108168.058764,9802612824.38424,9782052616.551107,9761427191.48022,9740736193.13136,9719979262.496693,9699156037.595238,9678266153.468355,9657309242.17636,9636284932.796211,9615192851.420486,9594032621.157494,9572803862.132788,9551506191.491974,9530139223.404964,9508702569.071705,9487195836.729437,9465618631.661602,9443970556.208364,9422251209.778948,9400460188.865732,9378597087.060295,9356661495.071384,9334653000.744955,9312571189.08636,9290415642.28472,9268185939.739635,9245881658.090256,9223502371.246908,9201047650.425203,9178517064.18294,9155910178.459717,9133226556.61947,9110465759.496029,9087627345.441725,9064710870.379335,9041715887.857258,9018641949.108248,8995488603.11172,8972255396.659773,8948941874.42712,8925547579.044975,8902072051.179117,8878514829.612251,8854875451.330801,8831153451.616316,8807348364.141634,8783459721.071995,8759487053.171228,8735429889.913233,8711287759.598904,8687060189.478716,8662746705.881117,8638346834.346972,8613860099.77024,8589286026.545054,8564624138.719496,8539873960.156218,8515035014.700165,8490106826.353638,8465088919.458884,8439980818.888548,8414782050.24413,8389492140.062803,8364110616.032783,8338637007.217543,8313070844.289189,8287411659.771216,8261658988.290957,8235812366.842086,8209871335.057353,8183835435.492013,8157704213.918133,8131477219.63022,8105154005.7624035,8078734129.617617,8052217153.009029,8025602642.61417,7998890170.342064,7972079313.713758,7945169656.256639,7918160787.91292,7891052305.462678,7863843812.961885,7836534922.195818,7809125253.148243,7781614434.486882,7754002104.065496,7726287909.443104,7698471508.4207535,7670552569.596265,7642530772.937515,7614405810.374571,7586177386.411307,7557845218.756864,7529409038.977491,7500868593.169241,12663026123.068895,12614344651.784918,12565553439.026016,12516652777.552486,12467642957.869904,12418524267.80289,12369296992.052485,12319961411.736897,12403954375.40655,12353204457.046007,12302335151.60152,12251346630.985044,12200239060.75885,12149012599.60363,12097667398.769253,11909963207.353989,11860844419.420876,11811615626.059977,11762276789.148563,11712827857.257214,11663268765.016258,12183636143.97385,12131342585.176476,12078908021.741608,12026332018.534369,11973614120.131271,11920753850.048485,11867750709.95172,12045788674.609743,11991190062.63738,11936450606.69891,11881570130.833277,11826548438.470078,11771385311.374472,12633064298.312311,12576504881.038754,12519760012.532003,12462828731.741993,12405710039.77694,12348402898.39356,11054656619.553928,10997481854.10614,10940216859.380558,10882861706.227448,10825416426.565908,10767881011.49052,10710255409.317575,10823785317.09374,10764106286.671383,10704310070.686682,10644396098.527145,10584363755.566517,10524212381.737778,10463941270.074497,10403549665.219194,10343036761.89732,10282401703.355282,10221643579.760632,10160761426.562536,10099754222.810266,10038620889.42725,9977360287.437916,9915971216.144375,9854452411.249483,9792802542.92264,9731020213.804121,9669103956.94346,9607052233.66684,9544863431.36799,9482535861.21644,9420067755.776585,9357457266.530119,9294702461.293934,9231801321.524622,9168751739.500095,9105551515.367857,9042198354.048557,8978689861.982517,8915023543.705767,8851196798.241161,8787206915.288763,8723051071.1986,8658726324.707458,8594229612.420029,8529557744.013296,8464707397.141418,8399675112.016928,8334457285.642328,8269050165.664513,8203449843.8227415,8137652248.959231,8071653139.55946,8005448095.787882,7939032510.98278,7872401582.572534,7805550302.373921,7738473446.2318125,7671165562.958331,7603620962.52853,7535833703.489084,7467797579.536093,7399506105.218196,7330952500.722027,7262129675.698197,7193030212.088204,7123646345.915691,7053969948.009483,6983992503.631282,6913705090.987567,6843098358.613823,6772162501.629435,6700887236.874338,6629261776.953358,6557274803.2321825,6484914437.850007,6412168214.838335,6339023050.464314,6265465212.950006,6191480291.756929,6117053166.669008,6042167976.956224,5966808090.957485,5890956076.484114,5814593672.515927,5737701762.740374,5660260351.572093,5582248543.385843,5503644525.800046,5424425557.961182,5344567964.900668,5264047139.16471,5182837551.052655,5100912768.938908,5018245491.294294,4934807592.16135,4850570181.968608,4765503685.684902,4679577940.405936,4592762314.519865,4505025850.599867,4416337434.098372,4326665989.742388,4235980707.2165465,4144251297.224032,4051448278.275807,3957543293.49957,3862509455.282008,3766321713.535615,3668957240.652086,3570395822.5628667,3470620240.5149875,3369616621.8655825,3267374730.010989,3163888153.035142,3059154337.270582,2953174395.182927,2845952596.3647785,2737495425.7709317,2627810065.059785,2516902122.6434717,2404772409.6211257,2291412539.890007,2176799137.676943,2060886489.5424116,1943597622.7150095,1824814095.8766367,1704365359.7323623,1582019545.3404555,1457479202.322205,1330388151.214954,1200359608.5925198,1067041423.4854274,930241631.2536508,790145548.1815131,647660627.0340911,504917591.65751505,365913433.15218145,237155365.12100005,127861466.52723831,48661724.74870406,6928012.896404214,-2168700.8626803607,575173.0993149563,783478.3942007241,0.0
2909.0,10032433304.48132,10012530907.900583,9992568036.987244,9972544407.126076,9952459731.483356,9932313720.997114,9912106084.367912,9891836528.050076,9871504756.2435,9851110470.885933,9830653371.645897,9810133155.916166,9789549518.807917,9768902153.14548,9748190749.461891,9727414995.99503,9706574578.684649,9685669181.170103,9664698484.788986,9643662168.576555,9622559909.266148,9601391381.290472,9580156256.78394,9558854205.585997,9537484895.245523,9516047991.026417,9494543155.914228,9472970050.624146,9451328333.610142,9429617661.075487,9407837686.984625,9385988063.076462,9364068438.879166,9342078461.726494,9320017776.775702,9297886027.027157,9275682853.345663,9253407894.483574,9231060787.1058,9208641165.816708,9186148663.189106,9163582909.795218,9140943534.239916,9118230163.196129,9095442421.442636,9072579931.904213,9049642315.694351,9026629192.160513,9003540178.932098,8980374891.97121,8957132945.626272,8933813952.688665,8910417524.452435,8886943270.77721,8863390800.154453,8839759719.7771,8816049635.61279,8792260152.480757,8768390874.132511,8744441403.336462,8720411341.96659,8696300291.095345,8672107851.090872,8647833621.718704,8623477202.24817,8599038191.563498,8574516188.279957,8549910790.865067,8525221597.765114,8500448207.53712,8475590218.986462,8450647231.310266,8425618844.246883,8400504658.231497,8375304274.558153,8350017295.548404,8324643324.726749,8299181967.003088,8273632828.862453,8247995518.562187,8222269646.336805,8196454824.610851,8170550668.219889,8144556794.639939,8118472824.225616,8092298380.457212,8066033090.196991,8039676583.954985,8013228496.1645775,7986688465.468131,7960056135.013,7933331152.758175,7906513171.791928,7879601850.660727,7852596853.709756,7825497851.435389,7798304520.849907,7771016545.85887,7743633617.651403,7716155435.103856,7688581705.197111,7660912143.447952,7633146474.354858,7605284431.858637,7577325759.818218,7549270212.502064,7521117555.09557,7492867564.224886,7464520028.497528,7436074749.060227,7407531540.174458,7378890229.81002,7350150660.257141,7321312688.757531,7292376188.154849,7263341047.564919,12436666443.29629,12389124557.910667,12341485197.401072,12293748776.818369,12245915709.966316,12197986408.957302,12149961283.749817,12101840741.66697,12195315010.020687,12145789300.006063,12096158186.659891,12046421991.400196,11996581030.445234,11946635614.246675,11896586046.902088,11698450277.397526,11650629761.133743,11602713437.94736,11554701415.425772,11506593788.812803,11458390640.32701,11981761153.64703,11930860783.39746,11879837079.105278,11828689803.528988,11777418700.576094,11726023494.485104,11674503888.98498,11850484342.50147,11797311544.77263,11744018072.469995,11690603994.05508,11637069359.000648,11583414196.664925,12430950950.203764,12376074999.290993,12321041220.433174,12265849050.26864,12210497891.0992,12154987109.270817,10878276885.739876,10823026219.735516,10767704970.149029,10712313292.385897,10656851298.93327,10601319057.248173,10545716587.577734,10673522307.368126,10615654828.897785,10557692753.814596,10499635694.486824,10441483217.764868,10383234843.409922,10324890042.485092,10266448235.70736,10207908791.758787,10149271025.555058,10090534196.469227,10031697506.508446,9972760098.441093,9913721053.871458,9854579391.258907,9795334063.87809,9735983957.716305,9676527889.303991,9616964603.47357,9557292771.041662,9497510986.409054,9437617765.072311,9377611541.04029,9317490664.14819,9257253397.261118,9196897913.358292,9136422292.488356,9075824518.58525,9015102476.133268,8954253946.668924,8893276605.106102,8832168015.869925,8770925628.823622,8709546774.97116,8648028661.917381,8586368369.065699,8524562842.532055,8462608889.752263,8400503173.758081,8338242207.095955,8275822345.360258,8213239780.311374,8150490532.546855,8087570443.69225,8024475168.076084,7961200163.85181,7897740683.527515,7834091763.862541,7770248215.088306,7706204609.4092455,7641955268.73816,7577494251.619316,7512815339.291575,7447912020.843372,7382777477.411291,7317404565.374303,7251785798.496922,7185913328.97622,7119778927.350342,7053373961.229911,6986689372.818513,6919715655.194849,6852442827.336815,6784860407.877614,6716957387.5956335,6648722200.6539,6580142694.621642,6511206099.33019,6441898994.638371,6372207277.209284,6302116126.431091,6231609969.649687,6160672446.921352,6089286375.539034,6017433714.637211,5945095530.237986,5872251961.165199,5798882186.324586,5724964393.926484,5650475753.313572,5575392390.149474,5499689365.824937,5423340662.046007,5346319171.68267,5268596697.0754,5190143957.119664,5110930604.571683,5030925255.139781,4950095530.039688,4868408113.792867,4785828829.126718,4702322730.882746,4617854220.839834,4532387185.295149,4445885157.08981,4358311503.486713,4269629640.8591275,4179803276.470688,4088796676.640338,3996574959.1811757,3903104406.0350857,3808352789.2996793,3712289700.097174,3614886864.6135645,3516118424.66914,3415961150.743034,3314394542.6448,3211400755.942867,3106964269.477438,3001071179.145118,2893707963.69013,2784859517.33029,2674506179.6460495,2562619413.955117,2449155692.008318,2334048040.053006,2217194601.939225,2098443506.4596303,1977573341.5365424,1854268733.26763,1728091069.5487232,1598445573.2605805,1464548164.24965,1325399538.7179232,1179780638.1474743,1026294504.2895087,863495873.0938873,690172477.812885,505868338.69737023,311756293.2856824,111931792.83822113,-85012935.15446031,-265010025.72889203,-411065358.1240409,-516289190.7793563,-612216950.8585132,-775477532.0148479,0.0
2908.0,9852702474.032898,9832243750.462051,9811723057.9369,9791140128.951977,9770494694.278934,9749786482.96511,9729015222.332617,9708180637.97807,9687282453.77288,9666320391.86427,9645294172.676838,9624203514.914951,9603048135.56578,9581827749.903124,9560542071.492016,9539190812.19417,9517773682.174238,9496290389.907,9474740642.185484,9453124144.12997,9431440599.19811,9409689709.195986,9387871174.290293,9365984693.021635,9344029962.318983,9322006677.515345,9299914532.364643,9277753219.059984,9255522428.253183,9233221849.07574,9210851169.16124,9188410074.669271,9165898250.310902,9143315379.375755,9120661143.760788,9097935224.000746,9075137299.300505,9052267047.569176,9029324145.456192,9006308268.389385,8983219090.615116,8960056285.24052,8936819524.278023,8913508478.692078,8890122818.448315,8866662212.565107,8843126329.1677,8819514835.544935,8795827398.208685,8772063682.956106,8748223354.934746,8724306078.71069,8700311518.33976,8676239337.441921,8652089199.278997,8627860766.835766,8603553702.90461,8579167670.173794,8554702331.319469,8530157349.10158,8505532386.463798,8480827106.637524,8456041173.250208,8431174250.438055,8406226002.963266,8381196096.335966,8356084196.940981,8330889972.169581,8305613090.556386,8280253221.92156,8254810037.518478,8229283210.187048,8203672414.512814,8177977326.992094,8152197626.203252,8126332992.984345,8100383110.617352,8074347665.019121,8048226344.939294,8022018842.165398,7995724851.735306,7969344072.157299,7942876205.637962,7916320958.318104,7889678040.516996,7862947166.985112,7836128057.165655,7809220435.465105,7782224031.5330515,7755138580.551556,7727963823.534363,7700699507.636149,7673345386.472216,7645901220.448746,7618366777.104095,7590741831.461297,7563026166.392082,7535219572.99284,7507321850.972684,7479332809.054055,7451252265.386141,7423080047.971459,7394815995.105913,7366459955.83273,7338011790.410539,7309471370.796019,7280838581.141443,7252113318.30747,7223295492.391581,7194385027.272464,7165381861.170866,7136285947.22708,7107097254.095633,7077815766.557447,7048441486.149931,7018974431.815283,12196486286.218525,12150098261.944126,12103624602.752275,12057065838.018372,12010422496.855942,11963695107.657867,11916884197.617516,11869990292.2289,11972091230.544613,11923810316.130814,11875437678.283337,11826973782.54349,11778419090.446207,11729774058.923414,11681039139.683617,11472945489.514835,11426426245.51168,11379824917.023985,11333141751.196144,11286376983.817528,11239530838.596212,11760887066.948946,11711381147.263227,11661769252.535324,11612051341.980349,11562227357.59666,11512297223.311018,11462260844.09726,11634505107.096994,11582748971.83469,11530891667.76826,11478933498.094648,11426874748.748455,11374715687.217863,12197868419.395596,12144628420.563808,12091257438.094543,12037755297.356327,11984121793.121778,11930356687.863478,10682020543.384369,10628660608.31498,10575248397.486252,10521784139.802902,10468268017.85538,10414700165.632795,10361080666.162443,10500007093.169401,10443929705.837767,10387779306.644892,10331555681.74006,10275258570.554922,10218887664.111464,10162442603.28826,10105922977.04319,10049328320.591038,9992658113.53389,9935911777.94212,9879088676.383665,9822188109.898909,9765209315.918194,9708151466.118837,9651013664.218044,9593794943.697857,9536494265.457848,9479110515.390793,9421642501.876236,9364088953.18616,9306448514.796623,9248719746.598452,9190901119.999584,9132991014.910873,9074987716.606419,9016889412.448723,8958694188.46809,8900400025.784723,8842004796.860977,8783506261.570267,8724902063.06779,8666189723.447212,8607366639.166077,8548430076.221333,8489377165.055016,8430204895.168494,8370910109.422258,8311489497.996388,8251939591.985276,8192256756.598304,8132437183.936328,8072476885.311992,8012371683.079878,7952117201.940584,7891708859.680924,7831141857.310341,7770411168.551904,7709511528.644281,7648437422.409348,7587183071.538638,7525742421.050176,7464109124.866334,7402276530.462238,7340237662.533926,7277985205.635299,7215511485.733414,7152808450.632857,7089867649.221719,7026680209.494534,6963236815.311338,6899527681.856949,6835542529.770959,6771270557.926813,6706700414.848016,6641820168.761244,6576617276.299927,6511078549.888542,6445190123.856839,6378937419.355858,6312305108.173256,6245277075.575142,6177836382.335345,6109965226.151273,6041644902.688623,5972855766.545461,5903577192.480052,5833787537.3065405,5763464102.928204,5692583101.050515,5621119620.1943865,5549047595.715473,5476339783.626638,5402967739.118411,5328901800.775188,5254111081.593076,5178563468.016294,5102225628.322646,5025063031.800893,4947039980.27202,4868119653.606997,4788264170.980328,4707434669.663155,4625591403.190762,4542693860.721697,4458700909.318553,4373570960.69342,4287262163.6334815,4199732622.7950974,4110940643.7460194,4020845002.9279747,3929405239.440783,3836581962.9802485,3742337168.5649576,3646634543.3965597,3549439743.661295,3450720608.38763,3350447262.3653316,3248592038.876093,3145129123.2378545,3040033776.787851,2933280943.8097982,2824842965.802164,2714686021.952146,2602764774.3185396,2489014513.4483013,2373339869.113644,2255598871.532275,2135580834.6009843,2012976226.8844357,1887336496.8319502,1758021928.304493,1624136409.90301,1484450221.0111456,1337316833.1759112,1180599457.1316378,1011641171.3312553,827344407.9114398,624478944.9669502,400420616.3641005,154636910.98103976,-108655756.17988,-376328975.70985067,-621452685.1307975,-803374061.0758868,-887743128.1942039,-812502351.0106795,0.0
2907.0,9662318644.49757,9641327262.166786,9620272702.456703,9599154717.443075,9577973057.983467,9556727473.723618,9535417713.10442,9514043523.369608,9492604650.574074,9471100839.592966,9449531834.131466,9427897376.735384,9406197208.802525,9384431070.594894,9362598701.251753,9340699838.803558,9318734220.186825,9296701581.259945,9274601656.819984,9252434180.620504,9230198885.390444,9207895502.854073,9185523763.75212,9163083397.86402,9140574134.031408,9117995700.18286,9095347823.359926,9072630229.744484,9049842644.687532,9026984792.739368,9004056397.681238,8981057182.558588,8957986869.715816,8934845180.832716,8911631836.96258,8888346558.57208,8864989065.582912,8841559077.415335,8818056313.03363,8794480490.993538,8770831329.491756,8747108546.417559,8723311859.406605,8699440985.896986,8675495643.187658,8651475548.49921,8627380419.037178,8603209972.057888,8578963924.936962,8554641995.240558,8530243900.799384,8505769359.785685,8481218090.793179,8456589812.920076,8431884245.855341,8407101109.968174,8382240126.400921,8357301017.16548,8332283505.243273,8307187314.688977,8282012170.738042,8256757799.918177,8231423930.164885,8206010290.941198,8180516613.361713,8154942630.32107,8129288076.627034,8103552689.138252,8077736206.906897,8051838371.3263,8025858926.283729,7999797618.318468,7973654196.785364,7947428414.023975,7921120025.533512,7894728790.153712,7868254470.251857,7841696831.916064,7815055645.155079,7788330684.104712,7761521727.241146,7734628557.601274,7707650963.010294,7680588736.316759,7653441675.635275,7626209584.597065,7598892272.608639,7571489555.118759,7544001253.893936,7516427197.302727,7488767220.608988,7461021166.274419,7433188884.270584,7405270232.400654,7377265076.631195,7349173291.434172,7320994760.139498,7292729375.298396,7264377039.057771,7235937663.546003,7207411171.270338,7178797495.526169,7150096580.818581,7121308383.2963705,7092432871.198875,7063470025.315922,7034419839.461163,7005282320.959179,6976057491.146584,6946745385.887476,6917346056.103603,6887859568.319455,6858286005.222694,6828625466.240215,6798878068.130149,6769043945.590108,11942708508.192127,11897478555.825785,11852174250.59169,11806796226.819376,11761345119.53458,11715821563.990265,11670226195.17583,11624559647.303768,11734355435.43808,11687327727.655989,11640221499.048729,11593037351.718746,11545775884.984495,11498437694.7603,11451023372.909544,11233563715.848463,11188337336.687706,11143041964.043344,11097677976.611605,11052245742.74459,11006745619.684908,11521109849.617731,11472985535.208967,11424772061.095043,11376469577.79977,11328078220.404352,11279598107.66507,11231029341.100931,11397956584.156834,11347592790.908176,11297146404.085564,11246617947.590618,11196007929.827717,11145316842.473495,11934026466.022305,11882353976.41485,11830576102.825651,11778693041.22676,11726704960.814749,11674612002.245518,10465683259.949093,10414162316.494703,10362605881.851418,10311014247.42262,10259387655.560083,10207726297.146507,10156030309.101507,10302880185.274492,10248551439.548346,10194169957.511347,10139735684.975552,10085248520.022236,10030708311.208153,9976114855.727238,9921467897.526073,9866767125.371489,9812012170.868315,9757202606.425205,9702337943.166279,9647417628.785995,9592441045.344503,9537407507.000404,9482316257.677584,9427166468.662373,9371957236.127048,9316687578.57514,9261356434.20373,9205962658.177307,9150505019.807404,9094982199.631435,9039392786.383877,8983735273.851965,8928008057.607578,8872209431.606153,8816337584.642635,8760390596.653654,8704366434.854082,8648262949.695215,8592077870.630665,8535808801.674971,8479453216.738611,8423008454.721963,8366471714.349163,8309840048.721642,8253110359.569306,8196279391.17595,8139343723.953702,8082299767.63959,8025143754.085539,7967871729.611152,7910479546.886855,7852962856.312867,7795317096.857623,7737537486.317157,7679619010.955018,7621556414.48038,7563344186.319965,7504976549.137733,7446447445.55443,7387750524.017726,7328879123.772188,7269826258.87734,7210584601.221347,7151146462.477431,7091503774.950366,7031648071.261008,6971570462.818165,6911261617.029337,6850711733.204722,6789910517.11309,6728847154.153119,6667510281.110605,6605887956.479798,6543967629.33687,6481736106.765356,6419179519.846906,6356283288.2469845,6293032083.44378,6229409790.67007,6165399469.662581,6100983314.341339,6036142611.573247,5970857699.209956,5905107923.629995,5838871597.0598545,5772125954.998128,5704847114.121756,5637010031.113533,5568588462.916457,5499554928.992798,5429880676.245003,5359535647.341537,5288488453.284533,5216706351.157588,5144155228.102556,5070799592.693693,4996602575.007589,4921525936.828384,4845530093.581336,4768574149.754441,4690615949.748973,4611612146.29479,4531518288.775163,4450288934.0239105,4367877782.378367,4284237841.9793353,4199321624.478263,4113081375.3972063,4025469342.315812,3936438083.713785,3845940820.491983,3753931830.643804,3660366884.8118563,3565203715.878684,3468402508.309214,3369926381.2074714,3269741820.793775,3167818990.0735135,3064131801.26136,2958657573.478558,2851376005.0886087,2742267053.9199977,2631307122.101958,2518462662.412894,2403679931.3392353,2286869077.8467584,2167880045.446024,2046466864.8109078,1922235862.3028097,1794572265.4403348,1662539072.2149587,1524742827.0162928,1379165125.05623,1222970266.890257,1052326242.2875435,862332662.9079384,647262294.5930656,401542801.8495878,122330069.16675317,-184655414.06321755,-492915387.00769264,-732656578.9852198,-766373608.6189102,-414827796.32227504,0.0
2906.0,9462155369.778105,9440658474.203,9419097485.777122,9397472178.434423,9375782325.39947,9354027699.201042,9332208071.68651,9310323214.036846,9288372896.782412,9266356889.81952,9244274962.427746,9222126883.288094,9199912420.501987,9177631341.611116,9155283413.618189,9132868403.00862,9110386075.773155,9087836197.431477,9065218533.056835,9042532847.301744,9019778904.424688,8996956468.318058,8974065302.53711,8951105170.330198,8928075834.670208,8904977058.287216,8881808603.702507,8858570233.263868,8835261709.182327,8811882793.570267,8788433248.481016,8764912835.949982,8741321318.037315,8717658456.872185,8693924014.69871,8670117753.923613,8646239437.165627,8622288827.306679,8598265687.544998,8574169781.450119,8550000873.01985,8525758726.739307,8501443107.642057,8477053781.373387,8452590514.255849,8428053073.357071,8403441226.559933,8378754742.635216,8353993391.316715,8329156943.378935,8304245170.71748,8279257846.432154,8254194744.91287,8229055641.928477,8203840314.718572,8178548542.08835,8153180104.506659,8127734784.207284,8102212365.29357,8076612633.846497,8050935378.03631,8025180388.237763,7999347457.1491375,7973436379.91511,7947446954.253571,7921378980.58654,7895232262.175272,7869006605.259661,7842701819.202092,7816317716.635859,7789854113.618243,7763310829.788424,7736687688.53035,7709984517.140689,7683201147.001993,7656337413.761262,7629393157.514009,7602368222.994013,7575262459.768877,7548075722.441583,7520807870.85819,7493458770.321838,7466028291.813234,7438516312.217787,7410922714.559564,7383247388.242269,7355490229.29739,7327651140.639738,7299730032.330551,7271726821.848367,7243641434.36783,7215473803.046701,7187223869.321214,7158891583.210006,7130476903.626858,7101979798.702436,7073400246.115252,7044738233.432093,7015993758.458126,6987166829.596901,6958257466.220528,6929265699.05019,6900191570.547319,6871035135.315615,6841796460.514151,6812475626.281879,6783072726.173689,6753587867.608347,6724021172.328542,6694372776.873245,6664642833.062763,6634831508.496561,6604938987.064279,6574965469.470078,6544911173.770655,6514776335.927081,11675574356.532476,11631496987.665283,11587355867.002762,11543151723.192568,11498885286.50547,11454557288.36114,11410168460.830805,11365719536.115911,11482206066.72001,11436428103.442982,11390584178.405718,11344675020.617668,11298701357.54044,11252663914.451286,11206563413.777485,10980451717.424389,10936498921.524532,10892489447.034344,10848423794.510853,10804302455.199013,10760125910.234377,11262619880.766994,11215851124.268888,11169009261.365747,11122094625.189425,11075107535.28644,11028048296.71727,10980917199.122637,11141072253.813,11092062776.360338,11042988111.016949,10993848984.52597,10944646109.8775,10895380185.043034,11639916401.630371,11589725010.082338,11539452177.901932,11489098445.470196,11438664330.15377,11388150324.501097,10229218472.95068,10179468848.821243,10129698853.160353,10079908829.365074,10030099069.754848,9980269813.06875,9930421241.885103,10081992419.908506,10029353511.81427,9976680581.42775,9923973716.269226,9871232955.204294,9818458286.562529,9765649646.209944,9712806915.57367,9659929919.617363,9607018424.765646,9554072136.775677,9501090698.553844,9448073687.915358,9395020615.284252,9341930921.331152,9288803974.54584,9235639068.741398,9182435420.48638,9129192166.461098,9075908360.733816,9022582971.952097,8969214880.444263,8915802875.225273,8862345650.900993,8808841804.464008,8755289831.973797,8701688125.113157,8648034967.612206,8594328531.530474,8540566873.386721,8486747930.125249,8432869514.90652,8378929312.708841,8324924875.7267885,8270853618.550865,8216712813.111663,8162499583.370412,8108210899.736528,8053843573.191164,7999394249.094263,7944859400.651066,7890235322.0121765,7835518120.979643,7780703711.289618,7725787804.440212,7670765901.031334,7615633281.581114,7560384996.781692,7505015857.154832,7449520422.066022,7393892988.053437,7338127576.426289,7282217920.084996,7226157449.513847,7169939277.894997,7113556185.291096,7057000601.842478,7000264589.923671,6943339825.203228,6886217576.550399,6828888684.732188,6771343539.844847,6713572057.424964,6655563653.187111,6597307216.337637,6538791081.417617,6480002998.632534,6420930102.63185,6361558879.708606,6301875133.397419,6241863948.459281,6181509653.253082,6120795780.5075,6059705026.522492,5998219208.84779,5936319222.506338,5873984994.854317,5811195439.195862,5747928407.301021,5684160641.009729,5619867723.143228,5555024027.988493,5489602671.67112,5423575462.789298,5356912853.747057,5289583893.300855,5221556180.92189,5152795823.680594,5083267396.483066,5012933906.637148,4941756763.904701,4869695757.414963,4796709041.082111,4722753129.502397,4647782906.71891,4571751650.757607,4494611077.482196,4416311408.12102,4336801465.824449,4256028807.86209,4173939901.6163864,4090480354.428156,4005595209.654106,3919229324.050045,3831327844.813471,3741836808.2668023,3650703886.096923,3557879308.966859,3463317000.5561237,3366975956.541092,3268821900.7593093,3168829241.588659,3066983330.172831,2963282980.1819677,2857743133.210651,2750397424.4857078,2641300189.686356,2530527109.9636955,2418173153.0276675,2304345641.814682,2189149047.52205,2072656314.3044105,1954859033.2986531,1835585526.9507694,1714372082.8651009,1590269090.5358179,1461563208.837055,1325405005.3336933,1177362368.2872243,1011002825.2382205,817806396.8186902,588170197.767553,315359126.9036223,7032557.648419261,-284256420.6994915,-397163148.8476721,-124792547.57482746,0.0
2905.0,9253087647.866852,9231115573.497066,9209078787.15494,9186977086.689962,9164810269.75034,9142578133.803316,9120280476.15622,9097917093.97828,9075487784.323154,9052992344.15232,9030430570.359207,9007802259.7942,8985107209.290497,8962345215.690851,8939516075.875187,8916619586.789194,8893655545.473866,8870623749.095993,8847523994.979717,8824356080.6391,8801119803.811756,8777814962.493631,8754441354.974842,8730998779.876743,8707487036.190178,8683905923.314907,8660255241.100391,8636534789.887793,8612744370.553364,8588883784.553177,8564952833.969288,8540951321.557333,8516879050.795635,8492735825.935812,8468521452.055004,8444235735.109657,8419878481.991043,8395449500.582411,8370948599.817953,8346375589.743553,8321730281.579373,8297012487.784353,8272222022.122704,8247358699.732321,8222422337.195368,8197412752.610901,8172329765.669701,8147173197.731356,8121942871.903621,8096638613.124132,8071260248.244587,8045807606.117358,8020280517.684719,7994678816.070644,7969002336.675362,7943250917.272624,7917424398.109861,7891522622.011238,7865545434.4837,7839492683.826122,7813364221.241602,7787159900.952999,7760879580.321822,7734523119.970489,7708090383.908171,7681581239.660158,7654995558.400991,7628333215.091333,7601594088.618767,7574778061.942582,7547885022.24266,7520914861.072535,7493867474.516829,7466742763.353068,7439540633.218038,7412260994.778814,7384903763.908566,7357468861.867229,7329956215.48724,7302365757.364385,7274697426.053934,7246951166.272198,7219126929.103595,7191224672.213445,7163244360.066536,7135185964.15169,7107049463.212425,7078834843.48386,7050542098.936068,7022171231.523941,6993722251.443814,6965195177.396942,6936590036.860025,6907906866.362942,6879145711.773823,6850306628.591715,6821389682.246893,6792394948.409103,6763322513.303816,6734172474.036774,6704944938.926893,6675640027.847807,6646257872.578148,6616798617.160831,6587262418.271446,6557649445.596022,6527959882.218272,6498193925.016577,6468351785.070871,6438433688.079564,6408439874.786803,6378370601.420147,6348226140.138884,6318006779.493216,6287712824.894434,6257344599.096266,11395350772.720036,11352411310.0058,11309417903.847025,11266371365.463469,11223272508.590136,11180122149.003351,11136921104.022842,11093670191.98881,11215777312.24628,11171234258.509974,11126637002.55311,11081986388.6769,11037283260.868504,10992528462.156002,10947722833.93236,10713796508.74713,10671087838.759348,10628333897.367355,10585535295.80085,10542692637.030186,10499806514.945908,10985710832.718369,10940259519.81427,10894750191.729515,10849183352.210625,10803559493.304188,10757879094.446695,10712142621.518764,10864221856.850937,10816516666.488443,10768762318.259493,10720959720.67599,10673109770.170914,10625213349.808542,11316320772.429058,11267509485.899406,11218638699.088398,11169709263.884102,11120722012.74522,11071677756.879547,9972749052.35273,9924689770.762268,9876623475.218714,9828550551.505646,9780471333.052025,9732386098.388191,9684295068.524752,9837418696.505182,9786396404.114416,9735357048.656559,9684300838.853048,9633227933.86824,9582138441.350395,9531032415.425447,9479909854.64234,9428770699.868622,9377614832.134956,9326442070.426947,9275252169.42271,9224044817.174337,9172819632.731329,9121576163.703783,9070313883.763071,9019032190.07737,8967730400.679258,8916407751.76228,8865063394.903084,8813696394.205465,8762305723.362204,8710890262.630234,8659448795.714355,8607980006.554039,8556482476.007561,8504954678.427035,8453394978.117434,8401801625.671877,8350172754.174992,8298506375.2652025,8246800375.046179,8195052509.836641,8143260401.74692,8091421534.069629,8039533246.470713,7987592729.966062,7935597021.667604,7883542999.281542,7831427375.340009,7779246691.145963,7726997310.409631,7674675412.553122,7622276985.658237,7569797819.03053,7517233495.350998,7464579382.384654,7411830624.213262,7358982131.95732,7306028573.950287,7252964365.325628,7199783656.975015,7146480323.833565,7093047952.445587,7039479827.761799,6985768919.116461,6931907865.330398,6877888958.883318,6823704129.096387,6769344924.263522,6714802492.667614,6660067562.415406,6605130420.022828,6549980887.680345,6494608299.126254,6439001474.054091,6383148690.978998,6327037658.48693,6270655484.789727,6213988645.508867,6157022949.610841,6099743503.417767,6042134672.618233,5984180042.20535,5925862374.271953,5867163563.596834,5808064590.961193,5748545474.141143,5688585216.530928,5628161753.362685,5567251895.502727,5505831270.82273,5443874263.16756,5381353948.971638,5318242031.614767,5254508773.658819,5190122927.172286,5125051662.435259,5059260495.42901,4992713214.660169,4925371808.060317,4857196390.951524,4788145136.394869,4718174209.666497,4647237709.164146,4575287616.77706,4502273761.70429,4428143802.948064,4352843237.325038,4276315441.939433,4198501762.7886596,4119341664.7031264,4038772962.3830853,3956732158.168859,3873154919.71322,3787976740.335293,3701133837.012903,3612564356.2599616,3522209977.0938396,3430018023.3986807,3335944225.4403963,3239956301.6894226,3142038565.8638573,3042197796.422409,2940470628.947727,2836932731.7192936,2731709976.144332,2624991673.863717,2517045650.7878547,2408234351.8797464,2299030142.4356685,2190026224.330187,2081936729.9556332,1975575058.2479205,1871792712.843244,1771351131.6609874,1674686030.1171267,1581508924.797502,1490179159.786295,1396786746.7024937,1293945898.283235,1169482633.1038532,1005662201.8590033,780856255.3050846,480273246.676662,142758688.35002387,-16725314.01289437,0.0
2904.0,9035987443.10981,9013573409.243856,8991094340.760357,8968550061.24076,8945940394.568096,8923265164.953339,8900524196.962564,8877717315.5448,8854844346.060698,8831905114.311954,8808899446.571564,8785827169.614895,8762688110.751637,8739482097.858555,8716208959.413235,8692868524.528645,8669460622.988697,8645985085.28474,8622441742.653057,8598830427.11334,8575150971.508226,8551403209.543875,8527586975.831635,8503702105.930809,8479748436.39258,8455725804.80508,8431634049.83966,8407473011.298381,8383242530.16277,8358942448.643832,8334572610.233408,8310132859.756857,8285623043.427125,8261043008.900228,8236392605.332192,8211671683.437452,8186880095.548793,8162017695.678839,8137084339.583126,8112079884.824835,8087004190.841177,8061857119.011474,8036638532.727046,8011348297.462847,7985986280.850971,7960552352.756025,7935046385.352452,7909468253.203815,7883817833.344125,7858095005.361227,7832299651.482326,7806431656.66168,7780490908.670534,7754477298.18931,7728390718.902184,7702231067.594,7675998244.249681,7649692152.156136,7623312698.006721,7596859792.008355,7570333347.991333,7543733283.521872,7517059520.017517,7490311982.865408,7463490601.543535,7436595309.745001,7409626045.505411,7382582751.33342,7355465374.344532,7328273866.398251,7301008184.238596,7273668289.638145,7246254149.545611,7218765736.23709,7191203027.471029,7163566006.647014,7135854662.968482,7108068991.609414,7080208993.885116,7052274677.427193,7024266056.362799,6996183151.498236,6968025990.50707,6939794608.122765,6911489046.336028,6883109354.596917,6854655590.02182,6826127817.605434,6797526110.43784,6768850549.926754,6740101226.025152,6711278237.464245,6682381691.992073,6653411706.617694,6624368407.861198,6595251932.009579,6566062425.378626,6536800044.580951,6507464956.800278,6478057340.072086,6448577383.570763,6419025287.90338,6389401265.410206,6359705540.472098,6329938349.824873,6300099942.880807,6270190582.057367,6240210543.1133175,6210160115.492304,6180039602.674038,6149849322.533237,6119589607.706383,6089260805.966446,6058863280.605707,6028397410.826766,5997863592.141815,11102337678.507032,11060512905.297216,11018643105.366789,10976729159.823128,10934771953.14244,10892772372.70234,10850731308.289797,10808649651.583382,10935248758.377438,10891915099.50256,10848538055.72056,10805118573.222628,10761657599.100548,10718156080.70149,10674614964.950474,10433833487.057732,10392330164.33208,10350791953.349184,10309219563.534922,10267613697.128792,10225975048.350405,10690787319.349098,10646604612.814589,10602377842.791996,10558107668.710434,10513794740.161823,10469439695.98959,10425043163.33979,10567917781.517826,10521456751.160795,10474961048.157696,10428431739.218628,10381869880.542105,10335276516.5116,10964318099.312471,10916775060.891138,10869192186.410906,10821570601.218405,10773911414.550354,10726215717.713358,9696575746.766392,9650115279.311462,9603659340.30444,9557208349.55944,9510762674.031109,9464322625.27089,9417888456.808231,9569467465.794874,9519977298.81364,9470485143.059212,9420991306.809462,9371496047.873564,9321999571.561735,9272502028.607325,9223003513.040071,9173504060.009827,9124003643.559538,9074502174.346432,9024999497.310278,8975495389.287333,8925989556.56871,8876481632.40153,8826971174.431362,8777457662.08405,8727940493.885046,8678418984.714113,8628892362.993044,8579359767.803846,8529820245.934655,8480272748.850161,8430716129.583363,8381149139.544804,8331570425.245291,8281978524.927641,8232371865.102568,8182748756.983316,8133107392.813238,8083445842.079797,8033762047.608038,7984053821.525752,7934318841.091932,7884554644.379349,7834758625.801151,7784928031.47056,7735059954.381723,7685151329.398705,7635198928.038484,7585199353.032573,7535149032.65058,7485044214.767536,7434880960.655457,7384655138.47769,7334362416.463186,7283998255.73566,7233557902.770798,7183036381.452372,7132428484.696001,7081728765.606659,7030931528.133529,6980030817.183029,6929020408.147729,6877893795.805808,6826644182.542251,6775264465.839341,6723747224.980165,6672084706.904625,6620268811.153082,6568291073.827947,6516142650.498479,6463814297.968558,6411296354.8213005,6358578720.648209,6305650833.863617,6252501647.99796,6199119606.355644,6145492614.914702,6091608013.33642,6037452543.943448,5983012318.514226,5928272782.730678,5873218678.103973,5817834001.190729,5762101959.898724,5706004926.667594,5649524388.295856,5592640892.171732,5535333988.651749,5477582169.31865,5419362800.839861,5360652054.140637,5301424828.603939,5241654671.0140705,5181313688.976572,5120372458.576381,5058799926.085611,4996563303.608199,4933627958.660596,4869957297.84787,4805512645.018978,4740253114.594733,4674135481.185118,4607114047.185065,4539140510.808387,4470163838.050886,4400130143.449923,4328982586.338956,4256661291.7279177,4183103308.167078,4108242619.2284985,4032010230.903586,3954334364.7134123,3875140796.247407,3794353391.9546824,3711894914.311104,3627688188.262715,3541657751.7395067,3453732152.0797973,3363847100.8650966,3271949764.7721124,3178004552.611814,3082000861.4459662,2983963368.936933,2883965603.0464573,2782147675.2567286,2678739208.1208887,2574088577.1095867,2468699534.0218167,2363275927.6444473,2258774311.9169855,2156462265.160242,2057976462.0834994,1965367696.2878828,1881108198.5560098,1808016824.6572502,1749025907.0795243,1706664550.1123052,1682060890.5605125,1673162128.886744,1671707608.5867496,1658118891.267242,1592274555.7219534,1394957827.108969,921675140.2297407,150167903.09586346,0.0
2903.0,8811719503.25111,8788899298.338877,8766014029.628056,8743063547.990252,8720047705.091972,8696966353.42642,8673819346.346037,8650606538.095737,8627327783.846947,8603982939.732391,8580571862.88164,8557094411.457531,8533550444.693327,8509939822.930771,8486262407.658964,8462518061.554136,8438706648.520271,8414828033.730682,8390882083.670491,8366868666.180038,8342787650.499306,8318638907.313274,8294422308.798304,8270137728.669548,8245785042.229416,8221364126.417084,8196874859.859121,8172317122.921202,8147690797.760985,8122995768.382127,8098231920.689481,8073399142.545523,8048497323.827981,8023526356.488733,7998486134.614014,7973376554.485867,7948197514.64501,7922948915.954996,7897630661.667809,7872242657.49086,7846784811.6554365,7821257034.986611,7795659240.974707,7769991345.848232,7744253268.648451,7718444931.305502,7692566258.716185,7666617178.823416,7640597622.697342,7614507524.618254,7588346822.161211,7562115456.282513,7535813371.407995,7509440515.523201,7482996840.265503,7456482301.018126,7429896857.00622,7403240471.39494,7376513111.38961,7349714748.338002,7322845357.834778,7295904919.828144,7268893418.728737,7241810843.520807,7214657187.87576,7187432450.268041,7160136634.093496,7132769747.790176,7105331804.961688,7077822824.50312,7050242830.729597,7022591853.50749,6994869928.388403,6967077096.745905,6939213405.9151125,6911278909.335153,6883273666.694601,6855197744.0798855,6827051214.126781,6798834156.175002,6770546656.425974,6742188808.103851,6713760711.61981,6685262474.73971,6656694212.755173,6628056048.658127,6599348113.318901,6570570545.667928,6541723492.8811,6512807110.568863,6483821562.96912,6454767023.143958,6425643673.180355,6396451704.394828,6367191317.542172,6337862723.028309,6308466141.127337,6279001802.20281,6249469946.933382,6219870826.542786,6190204703.034334,6160471849.429859,6130672550.013292,6100807100.578886,6070875808.684095,6040878993.907303,6010816988.110304,5980690135.705748,5950498793.929463,5920243333.11784,5889924136.990241,5859541602.936523,5829096142.309719,5798588180.723928,5768018158.35747,5737386530.261264,10796875081.321363,10756134022.54103,10715355877.684422,10674541584.309786,10633692084.155603,10592808322.68594,10551891248.610989,10510941813.38176,10640854774.472906,10598695193.663803,10556501976.472958,10514276156.01095,10472018767.46733,10429730847.473831,10387413433.43445,10140854148.424051,10100509072.22462,10060138367.796764,10019742829.22464,9979323244.498014,9938880394.676731,10378371110.415806,10335398977.345734,10292395441.815514,10249361301.504318,10206297346.049122,10163204356.140171,10120083102.577503,10252819260.584251,10207534225.751831,10162227329.559414,10116899771.62174,10071552742.479967,10026187422.294914,10585282361.19543,10538888794.747078,10492472586.749292,10446035094.5075,10399577662.21198,10353101619.1366,9401182295.444866,9356221373.590918,9311274696.825472,9266342712.183792,9221425814.118267,9176524341.993229,9131638577.507788,9278685761.6913,9230635230.3366,9182595834.10869,9134567959.52643,9086551941.72956,9038548062.381802,8990556547.525751,8942577565.3889,8894611224.14024,8846657569.59674,8798716582.879114,8750788178.016087,8702872199.496525,8654968419.768648,8607076536.685423,8559196170.895391,8511326863.177956,8463468071.722033,8415619169.347122,8367779440.665495,8319948079.184218,8272124184.345611,8224306758.504532,8176494703.840785,8128686819.204675,8080881796.893663,8033078219.357693,7985274555.830641,7937469158.8849535,7889660260.906275,7841845970.484493,7794024268.717253,7746193005.421502,7698349895.248264,7650492513.695123,7602618293.010517,7554724517.983095,7506808321.608814,7458866680.627595,7410896410.920463,7362894162.757181,7314856415.883332,7266779474.434507,7218659461.664226,7170492314.470445,7122273777.704338,7073999398.242979,7025664518.80587,6977264271.4931135,6928793571.020714,6880247107.625968,6831619339.61318,6782904485.506748,6734096515.775373,6685189144.087321,6636175818.052599,6587049709.403228,6537803703.557815,6488430388.511018,6438922042.982187,6389270623.750742,6339467752.098104,6289504699.267657,6239372370.8447695,6189061289.948626,6138561579.116137,6087862940.74535,6036954635.952002,5985825461.676969,5934463725.865487,5882857220.519977,5830993192.407495,5778858311.180074,5726438634.641213,5673719570.864554,5620685836.841325,5567321413.30126,5513609495.317626,5459532438.270675,5405071698.705912,5350207769.583844,5294920109.377852,5239187064.436644,5182985783.989552,5126292127.137903,5069080561.147027,5011324050.334184,4952993934.8425665,4894059798.606809,4834489325.858814,4774248145.605285,4713299663.64407,4651604881.893531,4589122205.112886,4525807235.523709,4461612556.447352,4396487506.907332,4330377950.286996,4263226041.684826,4194970000.711976,4125543899.317847,4054877478.0654626,3982896009.4563174,3909520233.8969564,3834666403.350659,3758246480.503645,3680168558.589539,3600337590.4775486,3518656547.4287343,3435028171.004947,3349357539.9007397,3261555752.1289854,3171545128.7196274,3079266486.339949,2984689213.2878466,2887825127.8666306,2788747412.0748653,2687616305.6296177,2584713714.512116,2480489410.015978,2375621995.0327606,2271098123.2924843,2168313219.510785,2069195468.3971243,1976350805.8925197,1893217646.0281122,1824201780.0688949,1774726681.396078,1751069331.776184,1759735204.7344208,1805924017.327862,1890292462.8053434,2002584842.5867093,2109132615.0170176,2125621455.2833204,1847052182.894455,817236231.7062736,0.0
2902.0,8581137488.948457,8557949147.32463,8534696000.202457,8511377927.030425,8487994808.531797,8464546526.741142,8441032965.0415745,8417454008.202692,8393809542.419246,8370099455.350527,8346323636.160502,8322481975.558723,8298574365.841976,8274600700.936729,8250560876.442383,8226454789.675293,8202282339.713659,8178043427.443204,8153737955.603727,8129365828.83651,8104926953.732588,8080421238.881918,8055848594.923447,8031208934.596087,8006502172.790639,7981728226.602641,7956887015.386183,7931978460.80871,7907002486.906794,7881959020.142923,7856847989.463315,7831669326.356743,7806422964.914452,7781108841.891111,7755726896.766872,7730277071.810505,7704759312.143684,7679173565.806374,7653519783.823399,7627797920.272164,7602007932.351557,7576149780.452064,7550223428.227127,7524228842.665688,7498165994.166047,7472034856.61097,7445835407.444073,7419567627.747589,7393231502.321367,7366827019.763314,7340354172.551155,7313812957.125601,7287203373.974937,7260525427.721,7233779127.206674,7206964485.584784,7180081520.408528,7153130253.7234125,7126110712.160692,7099022927.0324,7071866934.427916,7044642775.312167,7017350495.625402,6989990146.384633,6962561783.786726,6935065469.313161,6907501269.83652,6879869257.728653,6852169510.970639,6824402113.264481,6796567154.146601,6768664729.103128,6740694939.687059,6712657893.637226,6684553704.999168,6656382494.24789,6628144388.412548,6599839521.203068,6571468033.138733,6543030071.67876,6514525791.354862,6485955353.905867,6457318928.414351,6428616691.445381,6399848827.187299,6371015527.594664,6342116992.533285,6313153429.927422,6284125055.909153,6255032094.969925,6225874780.114307,6196653353.015962,6167368064.175879,6138019173.082821,6108606948.376083,6079131668.010504,6049593619.423801,6019993099.706185,5990330415.7723255,5960605884.535627,5930819833.084878,5900972598.863192,5871064529.849361,5841095984.741552,5811067333.143335,5780978955.752119,5750831244.549926,5720624602.996527,5690359446.224955,5660036201.239314,5629655307.115011,5599217215.201225,5568722389.325729,5538171306.00202,5507564454.638698,5476902337.751072,10479349834.904987,10439654658.647614,10399929292.312496,10360174715.920208,10320391914.43665,10280581877.33766,10240745598.148975,10200884073.960585,10332893409.676416,10291863837.90531,10250809201.708416,10209730604.835682,10168629154.24128,10127505959.46374,10086362131.972715,9835213215.888554,9795972093.293207,9756713399.294056,9717437998.277525,9678146749.644327,9638840506.983356,10049105733.598473,10007278625.88079,9965431364.385914,9923564865.61931,9881680039.734064,9839777789.640465,9797859010.075806,9919734243.783428,9875551173.210352,9831357291.45874,9787153904.84156,9742942311.899187,9698723802.099672,10180877034.839748,10135511304.4082,10090137546.38322,10044757306.83698,9999372121.370031,9953983513.345112,9087237166.962597,9043671588.454752,9000128175.275045,8956607396.646957,8913109670.265945,8869635359.867107,8826184772.724825,8965859687.940733,8919151595.897234,8872465810.700455,8825802777.559578,8779162889.44842,8732546484.94594,8685953846.027987,8639385195.809813,8592840696.239233,8546320445.740031,8499824476.805484,8453352753.541693,8406905169.16066,8360481543.422843,8314081620.029108,8267705063.961998,8221351458.776146,8175020303.837822,8128711011.513539,8082422904.30765,8036155211.948855,7989907068.42565,7943677508.970528,7897465466.992965,7851269770.960943,7805089141.230986,7758922186.826329,7712767402.163082,7666623163.723874,7620487726.678549,7574359221.451254,7528235650.233118,7482114883.4395075,7435994656.110651,7389872564.254121,7343746061.127331,7297612453.457886,7251468897.599116,7205312395.617723,7159139791.309783,7112947766.140797,7066732835.104638,7020491342.495403,6974219457.585238,6927913170.199923,6881568286.182915,6835180422.736859,6788745003.630081,6742257254.253468,6695712196.511219,6649104643.526208,6602429194.13814,6555680227.169314,6508851895.429382,6461938119.426283,6414932580.746002,6367828715.058554,6320619704.701728,6273298470.787486,6225857664.768345,6178289659.392664,6130586538.968231,6082740088.842755,6034741783.997841,5986582776.639472,5938253882.652791,5889745566.771955,5841047926.296771,5792150673.166497,5743043114.177492,5693714129.104971,5644152146.459725,5594345116.578247,5544280481.708718,5493945142.715798,5443325421.983686,5392407022.0495205,5341174979.447292,5289613613.186559,5237706467.229761,5185436246.267264,5132784744.020636,5079732763.232391,5026260026.425337,4972345076.43759,4917965165.662041,4863096132.843197,4807712266.212795,4751786151.68208,4695288504.757816,4638187984.817443,4580450990.374689,4522041434.001688,4462920495.661747,4403046353.368481,4342373890.348078,4280854378.277858,4218435136.7542267,4155059169.9723845,4090664782.7698374,4025185179.820952,3958548054.045642,3890675173.45639,3821481980.058024,3750877220.51983,3678762636.8465056,3605032757.1582947,3529574843.3353395,3452269075.6539817,3372989087.435782,3291603009.10099,3207975246.457756,3121969310.4235272,3033452145.6249294,2942300588.575394,2848410842.907856,2751712216.6396017,2652186859.3828807,2549897907.400552,2445029335.614568,2337941962.1980567,2229251447.0966825,2119935658.8109937,2011480100.5108733,1906070319.3899539,1806837455.474217,1718153325.142017,1645946700.8178802,1597957448.3543458,1583732448.9417987,1613953975.2806296,1698335915.2292063,1840885408.5584946,2031251243.0748963,2231686275.911379,2349588762.156957,2004045809.9294276,0.0
2901.0,8345080428.846642,8321563903.808727,8297983110.300838,8274337957.354468,8250628355.738723,8226854218.00093,8203015458.507906,8179111993.487874,8155143741.073076,8131110621.343033,8107012556.368484,8082849470.256069,8058621289.193653,8034327941.496386,8009969357.6534815,7985545470.375706,7961056214.643602,7936501527.756462,7911881349.382034,7887195621.606985,7862444288.988134,7837627298.6044445,7812744600.109797,7787796145.786539,7762781890.59985,7737701792.252882,7712555811.242701,7687343910.91707,7662066057.53203,7636722220.310317,7611312371.500612,7585836486.437626,7560294543.603046,7534686524.687326,7509012414.652346,7483272201.794924,7457465877.811222,7431593437.862013,7405654880.638852,7379650208.431116,7353579427.193968,7327442546.617184,7301239580.194941,7274970545.296465,7248635463.237627,7222234359.353449,7195767263.071535,7169234207.986445,7142635231.934971,7115970377.072391,7089239689.949627,7062443221.59136,7035581027.575094,7008653168.111158,6981659708.123661,6954600717.332386,6927476270.335661,6900286446.694152,6873031331.015623,6845711013.04064,6818325587.729232,6790875155.348497,6763359821.561153,6735779697.515043,6708134899.933565,6680425551.207057,6652651779.4851055,6624813718.769796,6596911509.009863,6568945296.195799,6540915232.45583,6512821476.152824,6484664191.982092,6456443551.070076,6428159731.073902,6399812916.281814,6371403297.714462,6342931073.227024,6314396447.612186,6285799632.703888,6257140847.481924,6228420318.177295,6199638278.37833,6170794969.137587,6141890639.079426,6112925544.508362,6083899949.518037,6054814126.100901,6025668354.258523,5996462922.11249,5967198126.01592,5937874270.665518,5908491669.214174,5879050643.384024,5849551523.5799885,5819994649.003757,5790380367.76813,5760709037.011702,5730981023.013895,5701196701.310219,5671356456.807781,5641460683.900932,5611509786.58707,5581504178.582523,5551444283.438402,5521330534.65649,5491163375.804964,5460943260.634025,5430670653.191271,5400346027.936793,5369969869.857948,5339542674.5836525,5309064948.498222,5278537208.854631,5247959983.8871,5217333812.922949,10150201893.788448,10111508920.792192,10072791557.616678,10034050812.41746,9995287699.010128,9956503236.46037,9917698448.650066,9878874363.81842,10011734586.115335,9971783408.339458,9931814474.879976,9891828942.835136,9851827973.563547,9811812732.08944,9771784386.474895,9517335011.361109,9479137601.188446,9440929413.599133,9402711368.365915,9364484381.397425,9326249363.933084,9703759314.673023,9663005969.207006,9622242216.503565,9581469071.044554,9540687542.515606,9499898634.936617,9459103345.752222,9569618859.432556,9526460086.007584,9483299746.072094,9440139226.334429,9396979906.901575,9353823159.996946,9753043639.444967,9708585308.235369,9664130955.08295,9619682271.693705,9575240941.600445,9530808638.44667,8755591961.447874,8713315331.602291,8671067056.76238,8628847625.24186,8586657475.645311,8544496994.538845,8502366514.056964,8632010389.054396,8586546057.280279,8541113310.303809,8495712635.560199,8450344467.5403,8405009185.574017,8359707111.56398,8314438507.669361,8269203573.939934,8224002445.900349,8178835192.084833,8133701811.522528,8088602231.173725,8043536303.317518,7998503802.8911915,7953504424.782063,7908537781.072414,7863603398.2382965,7818700714.303095,7773829075.946873,7728987735.572621,7684175848.330619,7639392469.102259,7594636549.444824,7549906934.4987755,7505202359.85925,7460521448.413593,7415862707.146817,7371224523.917035,7326605164.202948,7282002767.8255825,7237415345.646557,7192840776.245138,7148276802.57643,7103721028.613048,7059170915.972468,7014623780.532373,6970076789.035994,6925526955.689344,6880971138.752065,6836406037.123106,6791828186.922241,6747233958.067728,6702619550.849901,6657980992.499628,6613314133.749611,6568614645.385441,6523878014.781851,6479099542.418091,6434274338.36441,6389397318.72942,6344463202.055504,6299466505.646423,6254401541.807787,6209262413.976897,6164043012.7139,6118737011.520691,6073337862.447863,6027838791.442808,5982232793.384042,5936512626.7373905,5890670807.759213,5844699604.15971,5798591028.125709,5752336828.586841,5705928482.591499,5659357185.63915,5612613840.793377,5565689046.374924,5518573082.005908,5471255892.744965,5423727071.017897,5375975836.009221,5327991010.136498,5279760992.180922,5231273726.594251,5182516668.443173,5133476743.387216,5084140302.015143,5034493067.787066,4984520077.744377,4934205615.057785,4883533132.383853,4832485164.893151,4781043231.717842,4729187724.443391,4676897781.138142,4624151144.275885,4570924000.760589,4517190802.109591,4462924062.692283,4408094133.756538,4352668950.805489,4296613751.7144575,4239890762.8028793,4182458849.901852,4124273131.2873535,4065284549.187735,4005439396.4299145,3944678794.6754513,3882938120.63751,3820146376.699223,3756225502.5329003,3691089624.745389,3624644242.4052277,3556785347.794933,3487398484.2809315,3416357747.4441924,3343524742.5759416,3268747522.8972282,3191859550.8750553,3112678753.606348,3031006788.3202915,2946628704.63852,2859313300.054201,2768814634.8062,2674875432.6776195,2577233490.286128,2475632813.785461,2369842088.540644,2259684383.9157457,2145083848.991795,2026137720.3098977,1903225337.6303983,1777169927.8981621,1649472958.5668502,1522642754.0949078,1400633542.84776,1289386240.754702,1197393114.4251366,1136048400.3023183,1119233246.347567,1161152936.465243,1271669176.343485,1452921461.096572,1717210746.5029416,2141792209.9296389,0.0
2900.0,8104369508.808796,8080566345.776911,8056699718.736412,8032769567.022124,8008775832.149145,7984718457.8568735,7960597390.153656,7936412577.362004,7912163970.164455,7887851521.649997,7863475187.361141,7839034925.341582,7814530696.184495,7789962463.081436,7765330191.871888,7740633851.093394,7715873412.032359,7691048848.77545,7666160138.261642,7641207260.334896,7616190197.797466,7591108936.463844,7565963465.215336,7540753776.055267,7515479864.164859,7490141727.959689,7464739369.146831,7439272792.782602,7413742007.33096,7388147024.722522,7362487860.414227,7336764533.449606,7310977066.519691,7285125486.024561,7259209822.13547,7233230108.857622,7207186384.093544,7181078689.70707,7154907071.587904,7128671579.7168255,7102372268.231428,7076009195.49246,7049582424.150766,7023092021.214746,6996538058.118399,6969920610.789915,6943239759.720774,6916495590.035425,6889688191.561415,6862817658.900066,6835884091.497623,6808887593.716873,6781828274.909235,6754706249.487274,6727521636.997689,6700274562.194637,6672965155.113524,6645593551.145128,6618159891.110074,6590664321.333659,6563106993.720978,6535488065.832336,6507807700.958918,6480066068.198696,6452263342.532567,6424399704.900627,6396475342.278643,6368490447.754623,6340445220.60548,6312339866.373761,6284174596.944388,6255949630.621386,6227665192.204569,6199321513.066147,6170918831.22716,6142457391.433796,6113937445.23345,6085359251.0505495,6056723074.262062,6028029187.272649,5999277869.589401,5970469407.896149,5941604096.127214,5912682235.540644,5883704134.79076,5854670110.000092,5825580484.830485,5796435590.553467,5767235766.119686,5737981358.227433,5708672721.390123,5679310218.002702,5649894218.406895,5620425100.955194,5590903252.07353,5561329066.322557,5531702946.457431,5502025303.486004,5472296556.725388,5442517133.856728,5412687470.978144,5382808012.655719,5352879211.972418,5322901530.574913,5292875438.718069,5262801415.307152,5232679947.937486,5202511532.931578,5172296675.373513,5142035889.140532,5111729696.931664,5081378630.29329,5050983229.641512,5020544044.281202,4990061632.421593,4959536561.188267,9809929906.10122,9772190712.083168,9734431798.328785,9696654186.686974,9658858905.326786,9621046988.358936,9583219475.43436,9545377411.3188,9677827381.048635,9638896779.236464,9599954403.768017,9561001447.120964,9522039107.006132,9483068585.805525,9444091089.978205,9187718912.854996,9150500364.570265,9113276531.984776,9076048375.052752,9038816850.993856,9001582913.520405,9343225538.714638,9303470861.049149,9263713964.286928,9223955939.213856,9184197873.223656,9144440849.475609,9104685946.012457,9203574429.81973,9161360891.766882,9119153224.360838,9076952869.099974,9034761261.94421,8992579832.061249,9303984873.617577,9260318647.784275,9216665850.21736,9173028276.856098,9129407717.457554,9085805953.944754,8407276584.45905,8366182937.264485,8325122202.305063,8284094885.904881,8243101447.238192,8202142296.128832,8161217790.790275,8278385650.726166,8234067984.1149025,8189789399.317345,8145550413.747103,8101351491.439687,8057193040.787138,8013075412.2217,7968998895.848457,7924963719.027365,7880970043.904862,7837017964.895584,7793107506.114734,7749238618.761837,7705411178.456722,7661624982.528723,7617879747.260295,7574175105.08638,7530510601.751038,7486885693.4230585,7443299743.772512,7399752021.010302,7356241694.893164,7312767833.69664,7269329401.158907,7225925253.39853,7182554135.809524,7139214679.937321,7095905400.339585,7052624691.436033,7009370824.351761,6966141943.75884,6922936064.721228,6879751069.548333,6836584704.662862,6793434577.488792,6750298153.36561,6707172752.495147,6664055546.927524,6620943557.592892,6577833651.385716,6534722538.308401,6491606768.681034,6448482730.423835,6405346646.418731,6362194571.955999,6319022392.271548,6275825820.179505,6232600393.804071,6189341474.413239,6146044244.3557205,6102703705.100488,6059314675.376258,6015871789.405694,5972369495.225898,5928802053.083161,5885163533.885656,5841447817.692565,5797648592.212334,5753759351.275761,5709773393.2417145,5665683819.284043,5621483531.49757,5577165230.749036,5532721414.184778,5488144372.291143,5443426185.385491,5398558719.395106,5353533620.758063,5308342310.253796,5262975975.541355,5217425562.150087,5171681762.629833,5125735003.525816,5079575429.796404,5033192886.239514,4986576895.435063,4939716631.646139,4892600890.049526,4845218050.586783,4797556035.638983,4749602260.631257,4701343576.566275,4652766203.367945,4603855652.7869835,4554596639.477094,4504972978.69322,4454967468.889411,4404561757.301361,4353736186.384495,4302469618.7387295,4250739237.880807,4198520321.917257,4145785986.817093,4092506895.570504,4038650929.0324044,3984182813.665535,3929063700.6881332,3873250690.2571583,3816696293.2286296,3759347821.6643543,3701146697.51121,3642027666.6507864,3581917902.657527,3520735980.926637,3458390699.1093946,3394779713.7441735,3329787955.2719936,3263285773.9196844,3195126756.872891,3125145142.4831314,3053152739.93895,2978935243.3842773,2902247809.405961,2822809749.5051956,2740298181.2223907,2654340495.113876,2564505551.020387,2470293652.063741,2371125618.109574,2266331788.07995,2155142673.687165,2036684497.673013,1909985321.423838,1774001388.0037355,1627679322.819226,1470078690.490577,1300591682.1108649,1119311988.5983999,927619480.4291257,729047809.43181,530448443.28510725,343246303.1183485,183924886.77293321,71299964.6446462,16056237.798495702,3652577.3994361702,2399957.669911583,0.0
2899.0,7859805199.564747,7835758212.842086,7811648820.419268,7787476992.367687,7763242701.358753,7738945922.71074,7714586634.436153,7690164817.289648,7665680454.816454,7641133533.401348,7616524042.318127,7591851973.779624,7567117322.98826,7542320088.18708,7517460270.711342,7492537875.040603,7467552908.851316,7442505383.069945,7417395311.926582,7392222713.009054,7366987607.317536,7341690019.319651,7316329977.006033,7290907511.946404,7265422659.3460865,7239875458.102991,7214265950.865061,7188594184.088154,7162860208.094366,7137064077.130779,7111205849.428621,7085285587.262827,7059303357.012002,7033259229.218765,7007153278.650443,6980985584.360124,6954756229.74806,6928465302.623379,6902112895.266088,6875699104.489407,6849224031.702318,6822687782.972412,6796090469.088928,6769432205.626024,6742713113.006235,6715933316.564077,6689092946.609793,6662192138.493256,6635231032.667873,6608209774.75465,6581128515.606199,6553987411.370811,6526786623.556461,6499526319.094753,6472206670.404809,6444827855.456955,6417390057.836302,6389893466.806089,6362338277.370777,6334724690.338871,6307052912.385402,6279323156.114032,6251535640.118736,6223690589.045029,6195788233.650652,6167828810.865711,6139812563.852174,6111739742.062696,6083610601.298724,6055425403.767775,6027184418.139893,5998887919.603168,5970536189.9182825,5942129517.472,5913668197.329546,5885152531.28578,5856582827.915115,5827959402.62011,5799282577.678608,5770552682.289412,5741770052.616344,5712935031.830671,5684047970.151727,5655109224.885742,5626119160.462667,5597078148.471029,5567986567.690582,5538844804.122768,5509653251.018808,5480412308.905354,5451122385.607574,5421783896.269575,5392397263.372015,5362962916.746827,5333481293.588905,5303952838.46464,5274378003.317165,5244757247.468195,5215091037.616318,5185379847.8316,5155624159.546395,5125824461.542136,5095981249.932064,5066095028.139698,5036166306.872852,5006195604.093151,4976183444.980772,4946130361.894336,4916036894.325769,4885903588.849918,4855730999.068846,4825519685.550533,4795270215.7619,4764983163.995939,4734659111.292786,4704298645.354515,9459095998.318962,9422258592.136065,9385404992.667313,9348536221.13258,9311653305.673748,9274757281.01312,9237849188.090178,9200930073.675863,9331706203.60529,9293733613.760824,9255753866.808512,9217768172.321465,9179777745.983746,9141783809.068125,9103787587.88303,8846943751.92112,8810636018.33835,8774327177.066967,8738018213.030626,8701710109.5501,8665403847.613441,8968522650.818655,8929689643.88776,8890861025.729677,8852037941.563066,8813221534.458805,8774412944.530659,8735613308.087032,8822842056.493,8781495499.216202,8740160481.175257,8698838474.494577,8657530946.748814,8616239359.749117,8836142571.459658,8793162018.01323,8750201915.927631,8707264127.236315,8664350509.54,8621462914.433126,8043491365.391509,8003477615.436264,7963499828.104503,7923558528.674847,7883654198.544046,7843787273.176887,7803958140.000946,7906447383.837236,7863183700.997348,7819964975.532835,7776791747.677057,7733664504.281055,7690583676.512213,7647549637.500266,7604562699.930775,7561623113.586555,7518731062.837479,7475886664.079386,7433089963.122852,7390340932.532873,7347639468.92065,7304985390.188831,7262378432.731855,7219818248.593243,7177304402.581907,7134836369.349899,7092413530.434161,7050035171.265301,7007700478.146632,6965408535.207064,6923158321.331868,6880948707.075574,6838778451.561819,6796646199.375215,6754550477.450895,6712489691.967695,6670462125.251512,6628465932.695777,6586499139.7065735,6544559638.68025,6502645186.022183,6460753399.215477,6418881753.9493265,6377027581.316896,6335188065.093309,6293360239.104714,6251540984.699891,6209727028.336184,6167914939.292032,6126101127.518501,6084281841.642557,6042453167.134845,6000611024.65472,5958751168.585122,5916869185.769531,5874960494.4625845,5833020343.505276,5791043811.734333,5749025807.634091,5706961069.237137,5664844164.277854,5622669490.599901,5580431276.815383,5538123583.209162,5495740302.876734,5453275163.078289,5410721726.7844715,5368073394.381321,5325323405.492249,5282464840.864077,5239490624.251221,5196393524.217675,5153166155.759536,5109800981.631683,5066290313.240329,5022626310.938286,4978800983.531588,4934806186.774239,4890633620.591751,4846274824.733743,4801721172.5100765,4756963862.214134,4711993905.779272,4666802114.15079,4621379078.784,4575715148.599365,4529800401.636764,4483624610.551895,4437177200.987498,4390447201.728966,4343423185.416586,4296093198.432837,4248444678.4105697,4200464357.613315,4152138150.218346,4103451021.281308,4054386834.871451,4004928178.529723,3955056160.806405,3904750178.1646647,3853987646.9702277,3802743695.596792,3750990810.8237057,3698698431.6353135,3645832482.180946,3592354833.927981,3538222684.8119206,3483387840.289152,3427795877.4031825,3371385167.9808774,3314085730.475954,3255817871.2321367,3196490564.331319,3135999503.777012,3074224741.3037195,3011027795.9992194,2946248086.1418076,2879698486.6506176,2811159754.2634473,2740373483.4865146,2667033155.8337483,2590772719.7300878,2511151987.4443007,2427637961.8880587,2339581022.937154,2246184741.242141,2146468011.9229279,2039218335.1132615,1922935642.0268285,1795767476.2530377,1655439286.1519213,1499189246.3267484,1323727373.2719007,1125256948.845544,899627489.0211911,642740058.4480535,351405676.5298119,24962456.403983176,-331985883.05949247,-705717043.6334385,-1070725045.8104665,-1399104990.1866531,-1709465628.52502,-2138795904.6340024,0.0
2898.0,7612164722.918524,7587917679.316519,7563609526.562698,7539240265.61351,7514809900.41996,7490318437.976698,7465765888.371556,7441152264.835532,7416477583.793213,7391741864.91366,7366945131.161705,7342087408.849676,7317168727.689572,7292189120.845622,7267148624.987265,7242047280.342514,7216885130.751747,7191662223.721811,7166378610.480582,7141034346.031811,7115629489.210354,7090164102.737741,7064638253.278049,7039052011.494099,7013405452.103952,6987698653.937678,6961931699.994398,6936104677.499577,6910217677.962521,6884270797.234158,6858264135.56493,6832197797.662924,6806071892.752112,6779886534.630779,6753641841.730003,6727337937.172251,6700974948.83004,6674553009.384623,6648072256.384683,6621532832.305014,6594934884.605148,6568278565.7878895,6541564033.457775,6514791450.379339,6487960984.535231,6461072809.184105,6434127102.918247,6407124049.720944,6380063839.02346,6352946665.76169,6325772730.432372,6298542239.148823,6271255403.696196,6243912441.586131,6216513576.110847,6189059036.396515,6161549057.455963,6133983880.240583,6106363751.691396,6078688924.789255,6050959658.604063,6023176218.343002,5995338875.39766,5967447907.389994,5939503598.217111,5911506238.094704,5883456123.599159,5855353557.708166,5827198849.839852,5798992315.890264,5770734278.269169,5742425065.934055,5714065014.422287,5685654465.881264,5657193769.096519,5628683279.517656,5600123359.282031,5571514377.236044,5542856708.953981,5514150736.754242,5485396849.712876,5456595443.67432,5427746921.259162,5398851691.868893,5369910171.687416,5340922783.679319,5311889957.584606,5282812129.909937,5253689743.916094,5224523249.601598,5195313103.682323,5166059769.566948,5136763717.328116,5107425423.669098,5078045371.885866,5048624051.824373,5019161959.832878,4989659598.7091465,4960117477.64238,4930536112.149666,4900916024.006796,4871257741.173246,4841561797.711145,4811828733.69809,4782059095.13349,4752253433.838435,4722412307.348696,4692536278.800814,4662625916.810989,4632681795.346598,4602704493.590136,4572694595.795359,4542652691.135443,4512579373.542942,4482475241.541323,4452340898.067863,9098329617.833584,9062339676.661203,9026335929.368534,8990319382.583515,8954291050.396814,8918251954.061934,8882203121.675335,8846145587.835815,8973995689.46301,8936915346.924448,8899831085.445854,8862744113.48177,8825655646.372446,8788566905.867344,8751479119.619762,8495671022.6433935,8460204323.416954,8424739383.807383,8389277198.77771,8353818762.815886,8318365069.257477,8580790452.764971,8542802151.283375,8504823278.680611,8466855013.162121,8428898531.87348,8390955010.129585,8353025620.606161,8428794842.671131,8388239933.445717,8347700540.828828,8307178145.516486,8266674224.614241,8226190250.475643,8352170839.114113,8309781774.849407,8267417954.112293,8225081271.47772,8182773618.685799,8140496883.160723,7665596350.396605,7626564533.590423,7587570370.866089,7548614409.353505,7509697156.238869,7470819076.882904,7431980592.888029,7517855344.748583,7475559902.060346,7433313867.587298,7391117802.87438,7348972216.6795,7306877562.6543665,7264834236.97081,7222842575.892629,7180902853.29367,7139015278.122484,7097179991.814484,7055397065.652463,7013666498.076691,6971988211.945972,6930362051.751245,6888787780.78368,6847265078.259415,6805793536.403396,6764372657.49515,6723001850.8796215,6681680429.946581,6640407609.08255,6599182500.599541,6558004111.645444,6516871341.101261,6475782976.471029,6434737690.770638,6393734039.422494,6352770457.163415,6311845254.973848,6270956617.037094,6230102597.737997,6189281118.711102,6148489965.949112,6107726786.983279,6066989088.147913,6026274231.942228,5985579434.503358,5944901763.205192,5904238134.398601,5863585311.309186,5822939902.109615,5782298358.184277,5741656972.604593,5701011878.834087,5660359049.682632,5619694296.529945,5579013268.838498,5538311453.976239,5497584177.369479,5456826603.005927,5416033734.307364,5375200415.390529,5334321332.73353,5293391017.263384,5252403846.8781185,5211354049.413942,5170235706.0647135,5129042755.256419,5087768996.974463,5046408097.535219,5004953594.786049,4963398903.709398,4921737322.396373,4879962038.343487,4838066135.01264,4796042598.578506,4753884324.769506,4711584125.68769,4669134736.469073,4626528821.619047,4583758980.826594,4540817754.026381,4497697625.438246,4454391026.269312,4410890335.713674,4367187879.828396,4323275927.801037,4279146685.0527754,4234792282.5412717,4190204761.537533,4145376053.050168,4100297950.956862,4054962077.7747455,4009359841.856583,3963482384.635335,3917320516.352028,3870864638.4869094,3824104650.865135,3777029841.1187344,3729628753.845912,3681889036.4041634,3633797257.7872443,3585338696.4450912,3536497092.1785035,3487254356.335255,3437590233.394567,3387481905.5759997,3336903530.243338,3285825697.4532485,3234214791.831254,3182032238.783697,3129233609.5193987,3075767551.9753056,3021574504.857478,2966585138.723704,2910718450.123649,2853879410.6128945,2795956039.715417,2736815726.584524,2676300565.1311893,2614221386.343914,2550350062.3351808,2484409510.227479,2416060629.015045,2344885145.5643873,2270363012.2965302,2191842575.556368,2108501214.2736728,2019293547.0279968,1922883680.0824244,1817557468.7639017,1701110719.2571316,1570710342.3333726,1422729011.5584822,1252562424.1017587,1054456644.5200181,821410344.7887073,545290183.7761077,217439091.2709689,-169675631.4609443,-618745309.1623741,-1120050080.012465,-1637669549.18469,-2089570062.2326078,-2330668240.5519366,-2001637585.8514836,0.0
2897.0,7362199852.789212,7337797165.096047,7313334885.693346,7288813046.292101,7264231681.96537,7239590831.1990595,7214890535.943096,7190130841.662943,7165311797.391518,7140433455.7814045,7115495873.15744,7090499109.569618,7065443228.846321,7040328298.647824,7015154390.520144,6989921579.949104,6964629946.414725,6939279573.445805,6913870548.674803,6888402963.892868,6862876915.105134,6837292502.586147,6811649830.935489,6785949009.133522,6760190150.597284,6734373373.236464,6708498799.509459,6682566556.479504,6656576775.870804,6630529594.1247015,6604425152.455807,6578263596.908073,6552045078.410803,6525769752.834547,6499437781.04686,6473049328.967864,6446604567.625641,6420103673.211338,6393546827.134029,6366934216.075245,6340266032.043112,6313542472.426146,6286763740.046568,6259930043.213118,6233041595.773373,6206098617.165451,6179101332.469074,6152049972.455997,6124944773.639626,6097785978.323904,6070573834.651302,6043308596.649937,6015990524.279682,5988619883.477263,5961196946.200254,5933721990.469884,5906195300.412634,5878617166.300504,5850987884.589888,5823307757.95901,5795577095.343786,5767796211.972105,5739965429.396352,5712085075.524159,5684155484.647287,5656176997.468491,5628149961.126345,5600074729.217871,5571951661.818901,5543781125.502087,5515563493.352379,5487299144.979943,5458988466.530364,5430631850.69203,5402229696.700553,5373782410.340139,5345290403.941778,5316754096.378074,5288173913.054664,5259550285.898022,5230883653.339535,5202174460.295706,5173423158.144349,5144630204.696598,5115796064.164592,5086921207.124708,5058006110.476097,5029051257.394472,5000057137.280884,4971024245.705355,4941953084.3452,4912844160.917838,4883697989.107921,4854515088.488589,4825295984.436668,4796041208.041608,4766751296.007977,4737426790.551281,4708068239.286955,4678676195.112272,4649251216.080994,4619793865.270504,4590304710.641269,4560784324.888368,4531233285.284855,4501652173.516796,4472041575.509647,4442402081.245874,4412734284.573469,4383038783.005197,4353316177.50832,4323567072.284555,4293792074.540045,4263991794.245104,4234166843.883502,4204317838.19102,8728330314.524609,8693132455.745646,8657922062.787258,8622700114.325258,8587467596.976227,8552225505.043421,8516974840.24461,8481716611.421149,8605414158.832077,8569158703.670475,8532901202.925418,8496642846.187992,8460384830.602863,8424128360.442894,8387874646.656919,8134646793.062673,8099951104.501227,8065258763.611601,8030570761.041049,7995888088.080092,7961211736.046225,8181285291.446735,8144066662.332571,8106860980.474171,8069669436.647686,8032493221.514987,7995333524.896704,7958191535.009181,8022927869.286781,7983094179.937107,7943278405.620724,7903482016.230864,7863706479.052822,7823953257.667651,7854904858.907641,7813028318.056879,7771179836.28481,7729361312.811843,7687574645.577833,7645821729.868261,7275098048.11669,7236957316.745831,7198854736.779777,7160790881.902864,7122766290.419522,7084781463.555531,7046836863.71181,7114447529.6884,7073043683.845588,7031692495.766441,6990394552.665596,6949150390.338506,6907960490.848671,6866825280.15831,6825745125.7026615,6784720333.908353,6743751147.656424,6702837743.690664,6661980229.972337,6621178642.982437,6580432944.972913,6539743021.168552,6499108676.921582,6458529634.821239,6418005531.76096,6377535915.966245,6337120243.986558,6296757877.655088,6256448081.020686,6216190017.256662,6175982745.5518055,6135825217.989371,6095716276.420488,6055654649.338992,6015638948.765419,5975667667.148502,5935739174.293325,5895851714.32609,5856003402.706147,5816192223.29698,5776416025.50857,5736672521.524656,5696959283.629249,5657273741.647886,5617613180.5201235,5577974738.020806,5538355402.648852,5498752011.7033205,5459161249.567758,5419579646.22488,5380003576.024934,5340429256.731983,5300852748.873766,5261269955.421503,5221676621.827353,5182068336.447803,5142440531.382387,5102788483.75755,5063107317.48612,5023392005.533065,4983637372.718296,4943838099.08698,4903988723.8773,4864083650.11446,4824117149.858404,4784083370.130502,4743976339.541899,4703789975.6427555,4663518093.007246,4623154412.064114,4582692568.676081,4542126124.463898,4501448577.861805,4460653375.880562,4419733926.54177,4378683611.932835,4337495801.815072,4296163867.698332,4254681197.273185,4213041209.0664706,4171237367.1569123,4129263195.754532,4087112293.4100256,4044778346.5776362,4002255142.2066813,3959536578.9822493,3916616676.7735047,3873489583.777941,3830149580.770463,3786591081.776017,3742808630.3821917,3698796890.7916627,3654550632.5812635,3610064707.981867,3565334020.317314,3520353482.0368137,3475117960.537289,3429622209.6922016,3383860784.6714315,3337827937.2389574,3291517488.233839,3244922673.351338,3198035957.613168,3150848813.00568,3103351452.6144867,3055532513.114122,3007378675.5743265,2958874212.072445,2910000442.3509,2860735080.4493113,2811051445.484068,2760917503.0050125,2710294692.879071,2659136485.3879395,2607386587.720358,2554976696.24716,2501823653.034971,2447825813.9993105,2392858365.373686,2336767227.0966325,2279361045.731861,2220400591.2905874,2159584612.680131,2096530850.641106,2030750424.2393768,1961613162.2828307,1888300611.284166,1809742401.051096,1724530424.6305637,1630804055.721124,1526098829.0678532,1407151680.9253683,1269660220.5708916,1108006240.7253723,914984379.6202118,681645457.1029658,397513130.2464949,51758287.20530534,-363348430.0317321,-843633731.3712505,-1351481944.041627,-1764547758.8374505,-1770561388.5077052,-813830948.0663931,0.0
2896.0,7110635043.7957,7086121476.756548,7061550037.550356,7036920788.242079,7012233794.59776,6987489126.136564,6962686856.183092,6937827061.920002,6912909824.440882,6887935228.803392,6862903364.082633,6837814323.424759,6812668204.100793,6787465107.56063,6762205139.487247,6736888409.851028,6711515032.964281,6686085127.535825,6660598816.725723,6635056228.200071,6609457494.185848,6583802751.525795,6558092141.733308,6532325811.047306,6506503910.487072,6480626595.907009,6454694028.051282,6428706372.608364,6402663800.265375,6376566486.762274,6350414612.945775,6324208364.823027,6297947933.614973,6271633515.809401,6245265313.213566,6218843533.006431,6192368387.790427,6165840095.642704,6139258880.165826,6112624970.537875,6085938601.5619,6059200013.714625,6032409453.194483,6005567171.96874,5978673427.819836,5951728484.390749,5924732611.229366,5897686083.831858,5870589183.684871,5843442198.306585,5816245421.286491,5788999152.323851,5761703697.264781,5734359368.137804,5706966483.187923,5679525366.908999,5652036350.074432,5624499769.766045,5596915969.401054,5569285298.757067,5541608113.99498,5513884777.679728,5486115658.798718,5458301132.777899,5430441581.495341,5402537393.292213,5374588962.981037,5346596691.851135,5318560987.671097,5290482264.688231,5262360943.62475,5234197451.670685,5205992222.473328,5177745696.123067,5149458319.135511,5121130544.429706,5092762831.302364,5064355645.397892,5035909458.67411,5007424749.363462,4978902001.9296,4950341707.019148,4921744361.408467,4893110467.945296,4864440535.485019,4835735078.821457,4806994618.611937,4778219681.296468,4749410799.010867,4720568509.49357,4691693355.985989,4662785887.126175,4633846656.835608,4604876224.198862,4575875153.335974,4546844013.2672615,4517783377.770402,4488693825.229496,4459575938.475958,4430430304.620924,4401257514.879005,4372058164.38311,4342832851.990098,4313582180.0770645,4284306754.327919,4255007183.510129,4225684079.241256,4196338055.745141,4166969729.597406,4137579719.460062,4108168645.804961,4078737130.625816,4049285797.138557,4019815269.469777,3990326172.3329954,3960819130.692461,8349869360.634882,8315408428.963341,8280935163.012425,8246450500.990467,8211955389.462254,8177450783.144051,8142937644.682686,8108416944.418066,8226775509.097005,8191277621.531534,8155778237.023075,8120278509.426668,8084779600.713411,8049282680.600476,8013788926.15669,7764702232.143471,7730708777.832237,7696719032.523725,7662733969.060616,7628754562.033638,7594781787.233388,7771373074.87886,7734852844.808934,7698347636.522537,7661858634.546488,7625387024.120804,7588933990.520845,7552500718.345379,7606846087.505351,7567669904.256418,7528512598.371218,7489375612.700133,7450260388.548886,7411168364.661159,7347325961.415291,7305900663.349764,7264504564.254868,7223139546.532688,7181807492.934541,7140510285.3099785,6873633945.452412,6836302291.03114,6799008267.399088,6761752481.087948,6724535508.389065,6687357893.849624,6650220148.7245655,6698217750.135445,6657639718.002433,6617116630.8124275,6576649111.52885,6536237733.999339,6495883020.679554,6455585440.298658,6415345405.4665165,6375163270.222965,6335039327.529572,6294973806.704502,6254966870.801382,6215018613.933283,6175129058.543097,6135298152.621999,6095525766.877895,6055811691.856121,6016155635.014996,5976557217.759227,5937015972.434596,5897531339.287736,5858102663.39543,5818729191.568129,5779410069.233311,5740144337.304508,5700930929.042757,5661768666.917731,5622656259.476697,5583592298.230037,5544575254.563059,5505603476.684592,5466675186.623871,5427788477.288089,5388941309.59421,5350131509.689488,5311356766.276586,5272614628.060092,5233902501.332767,5195217647.720985,5156557182.110359,5117918070.7738695,5079297129.726372,5040691023.330873,5002096263.183576,4963509207.306251,4924926059.676236,4886342870.125982,4847755534.645815,4809159796.125199,4770551245.569584,4731925323.831509,4693277323.896262,4654602393.76402,4615895539.971747,4577151631.799576,4538365406.207547,4499531473.5496025,4460644324.112509,4421698335.527933,4382687781.105984,4343606839.138453,4304449603.21923,4265210093.6282277,4225882269.823342,4186460044.082462,4146937296.334201,4107307890.211828,4067565690.359467,4027704581.0131574,3987718485.871396,3947601389.2603617,3907347358.5876474,3866950568.0651045,3826405323.6657896,3785706089.261865,3744847513.869129,3703824459.8995743,3662632032.2951035,3621265608.3831105,3579720868.257569,3537993825.446322,3496080857.5765324,3453978736.694128,3411684658.828939,3369196272.3237667,3326511704.3615212,3283629585.028034,3240549068.137446,3197269847.9195404,3153792170.5215073,3110116839.106612,3066245211.1348643,3022179186.180578,2977921182.3719,2933474099.2187085,2888841264.216663,2844026360.1607895,2799033329.5517225,2753866251.803358,2708529188.1241784,2663025987.8924265,2617360049.002692,2571534022.9218817,2525549452.9030457,2479406330.7450914,2433102553.3331985,2386633254.476204,2339989979.5774026,2293159659.403036,2246123323.1174192,2198854467.556094,2151316966.016658,2103462350.6152318,2055226230.0058494,2006523497.9643843,1957241831.888616,1907232750.4371436,1856299163.498992,1804177860.4429607,1750514685.3078513,1694829169.5487647,1636464062.9543736,1574513483.0553346,1507721368.1730654,1434339938.5702188,1351936990.9349155,1257143600.0503645,1145345871.1870003,1010358337.7273383,844200702.8321435,637301934.9142066,379959345.49942946,67240406.4609704,-286498141.71810544,-606057508.6101471,-657159941.8420815,-141934688.24653402,0.0
2895.0,6858165876.860498,6833586268.008919,6808950688.68618,6784259230.652237,6759511989.677656,6734709065.596493,6709850562.359377,6684936588.086809,6659967255.122623,6634942680.087633,6609862983.933413,6584728291.996212,6559538734.051,6534294444.365557,6508995561.754691,6483642229.634444,6458234596.07637,6432772813.861769,6407257040.535938,6381687438.462335,6356064174.876678,6330387421.940946,6304657356.797207,6278874161.621312,6253038023.67638,6227149135.366024,6201207694.287342,6175213903.283579,6149167970.496452,6123070109.418089,6096920538.942551,6070719483.416884,6044467172.691665,6018163842.170996,5991809732.861884,5965405091.422993,5938950170.212686,5912445227.3363,5885890526.69265,5859286338.019641,5832632936.938982,5805930604.999895,5779179629.721825,5752380304.636011,5725532929.325892,5698637809.466298,5671695256.861301,5644705589.480722,5617669131.495134,5590586213.309385,5563457171.594472,5536282349.317724,5509062095.771233,5481796766.59836,5454486723.818359,5427132335.848881,5399733977.526369,5372292030.124205,5344806881.36849,5317278925.4514,5289708563.041956,5262096201.294146,5234442253.852258,5206747140.853285,5179011288.926367,5151235131.189023,5123419107.240161,5095563663.1496525,5067669251.444393,5039736331.090679,5011765367.472767,4983756832.367474,4955711203.914669,4927628966.583533,4899510611.134341,4871356634.575718,4843167540.117142,4814943837.11653,4786686041.02276,4758394673.312928,4730070261.424162,4701713338.67985,4673324444.21002,4644904122.865768,4616452925.127453,4587971407.006537,4559460129.940804,4530919660.682789,4502350571.181193,4473753438.455065,4445128844.460532,4416477375.949877,4387799624.322692,4359096185.4689245,4330367659.603541,4301614651.092623,4272837768.270579,4244037623.2482967,4215214831.7119656,4186370012.7122927,4157503788.4439135,4128616784.014682,4099709627.204612,4070782948.214237,4041837379.4020567,4012873555.010875,3983892110.882712,3954893684.162067,3925878912.987248,3896848436.16947,3867802892.859513,3838742922.2016335,3809669162.974464,3780582253.21867,3751482829.851072,3722371528.2649655,7963790128.886635,7930012476.4535,7896221679.327655,7862418623.815468,7828604204.93577,7794779326.266474,7760944899.77763,7727101845.650213,7838989442.908517,7804183477.357759,7769375304.884301,7734566028.003514,7699756757.810883,7664948613.670925,7630142722.884413,7386752689.981188,7353395406.110184,7320041040.025489,7286690534.427013,7253344834.851994,7220004889.200624,7352520391.232634,7316632764.092159,7280760896.673762,7244905950.540056,7209069088.709429,7173251475.0326185,7137454273.537615,7182250332.774302,7143676257.475691,7105120754.193459,7066585225.954006,7028071075.441925,6989579704.075894,6832523662.841309,6791507917.095636,6750521169.373967,6709565270.682245,6668642074.20334,6627753434.185424,6462955139.674127,6426360825.085804,6389802784.953662,6353281666.259487,6316798091.404986,6280352656.912525,6243945932.084521,6271290947.230017,6231485137.3986225,6191735840.406428,6152043730.2649145,6112409435.248285,6072833535.689611,6033316561.71735,5993858990.932039,5954461246.023341,5915123692.327654,5875846635.326732,5836630318.087984,5797474918.64728,5758380547.3354645,5719347244.049927,5680374975.472933,5641463632.238762,5602613026.052023,5563822886.759888,5525092859.381472,5486422501.097918,5447811278.207384,5409258563.049519,5370763630.904651,5332325656.873534,5293943712.744113,5255616763.852478,5217343665.946018,5179123162.057425,5140953879.399285,5102834326.289727,5064762889.120704,5026737829.381503,4988757280.751229,4950819246.275106,4912921595.640898,4875062062.572868,4837238242.362328,4799447589.555181,4761687415.818567,4723954888.010314,4686247026.476722,4648560703.606039,4610892642.667006,4573239416.963722,4535597449.340482,4497963012.072232,4460332227.178778,4422701067.203217,4385065356.497683,4347420773.061986,4309762850.983488,4272086983.5294185,4234388426.9455166,4196662305.01799,4158903614.4587135,4121107231.176611,4083267917.501376,4045380330.4286814,4007439030.959306,3969438494.6076937,3931373123.158552,3893237257.7532988,3855025193.390996,3816731194.931502,3778349514.6911187,3739874411.723756,3701300172.882781,3662621135.7608747,3623831713.6067076,3584926422.318568,3545899909.6155744,3506746986.48722,3467462661.0210094,3428042174.7064524,3388481041.3106112,3348775088.4165306,3308920501.710167,3268913872.094228,3228752245.698,3188433176.840844,3147954783.9928513,3107315808.759363,3066515677.89592,3025554568.3368363,2984433475.193527,2943154282.6480846,2901719837.633359,2860134026.153653,2818401852.06067,2776529518.059436,2734524508.6808057,2692395674.925054,2650153320.2602005,2607809287.658046,2565377047.3816566,2522871785.3174505,2480310491.795789,2437712051.0985603,2395097332.2536716,2352489282.324117,2309913024.2922115,2267395962.9228334,2224967903.801289,2182661193.2606916,2140510890.3683763,2098554986.8150253,2056834696.7848225,2015394847.0714765,1974284408.252422,1933557221.0004144,1893272987.7613373,1853498618.7604723,1814310041.3770928,1775794600.3427145,1738054186.815568,1701209225.5911937,1665403600.9213228,1630810477.350061,1597638714.1298704,1566139085.871888,1536608660.4241705,1509390222.964198,1484861242.3865182,1463403083.1036887,1445335330.8640893,1430791370.0323305,1419498548.7473867,1410407490.8012981,1401086090.1138573,1386742054.290198,1358625033.8577142,1301277843.7538192,1187473071.5503345,969414988.0789664,577816142.2686193,82523730.40508917,0.0
2894.0,6605457808.434419,6580856805.772669,6556201895.682938,6531493198.716984,6506730839.716587,6481914947.866919,6457045656.750072,6432123104.398695,6407147433.349747,6382118790.698322,6357037328.151525,6331903202.082406,6306716573.583916,6281477608.52282,6256186477.59363,6230843356.372421,6205448425.370617,6180001870.088617,6154503881.06932,6128954653.951442,6103354389.522652,6077703293.772464,6052001577.944847,6026249458.590537,6000447157.619019,5974594902.35009,5948692925.565044,5922741465.557354,5896740766.182879,5870691076.909507,5844592652.866198,5818445754.891396,5792250649.580738,5766007609.334025,5739716912.401403,5713378842.928665,5686993691.001703,5660561752.689915,5634083330.088669,5607558731.360617,5580988270.775885,5554372268.751038,5527711051.886761,5501004953.004174,5474254311.179727,5447459471.77856,5420620786.486311,5393738613.339256,5366813316.752644,5339845267.547283,5312834842.974144,5285782426.736956,5258688409.01273,5231553186.4700165,5204377162.284939,5177160746.154742,5149904354.308891,5122608409.517525,5095273341.097158,5067899584.913601,5040487583.381838,5013037785.4628935,4985550646.657446,4958026628.996112,4930466201.026291,4902869837.795368,4875238020.830223,4847571238.112799,4819869984.051716,4792134759.449644,4764366071.466401,4736564433.577505,4708730365.528155,4680864393.282337,4652967048.966984,4625038870.810976,4597080403.078817,4569092195.998806,4541074805.685507,4513028794.0563545,4484954728.74217,4456853182.991429,4428724735.568037,4400569970.642461,4372389477.675937,4344183851.297644,4315953691.174499,4287699601.873469,4259422192.716108,4231122077.625116,4202799874.962677,4174456207.3603306,4146091701.540199,4117706988.127213,4089302701.452209,4060879479.345577,4032437962.921219,4003978796.350567,3975502626.626412,3947010103.316269,3918501878.3050127,3889978605.526532,3861440940.684103,3832889540.959281,3804325064.708935,3775748171.150261,3747159520.033414,3718559771.301551,3689949584.737973,3661329619.600101,3632700534.2400303,3604062985.7113705,3575417629.362108,3546765118.413263,3518106103.523036,3489441232.3361645,7571007171.582554,7537861908.327772,7504701758.986017,7471527547.832548,7438340108.156622,7405140282.161627,7371928920.853922,7338706883.919958,7443059964.851231,7408883550.611545,7374703051.830517,7340519505.72744,7306333958.480215,7272147464.97607,7237961088.543349,7001795295.456772,6969012244.660229,6936230262.457428,6903450250.487957,6870673114.303444,6837899762.971461,6926283844.721792,6890970074.249352,6855671598.305208,6820389541.313743,6785125029.853323,6749879192.092946,6714653157.199873,6750921702.590635,6712904015.325543,6674903515.484653,6636921557.134463,6598959495.398725,6561018685.642435,6313655443.224138,6273028446.839455,6232429261.783184,6191859700.091477,6151321578.120516,6110816715.591733,6044907452.466278,6008990142.784038,5973107098.628475,5937259016.009884,5901446572.47909,5865670426.040646,5829931214.027427,5835896835.296299,5796822741.540965,5757806245.564847,5718848092.116588,5679948984.765139,5641109583.808565,5602330504.122559,5563612312.94825,5524955527.619265,5486360613.227933,5447827980.230837,5409357981.994066,5370950912.278715,5332607002.6674385,5294326419.933105,5256109263.350869,5217955561.955324,5179865271.744667,5141838272.834255,5103874366.562225,5065973272.550403,5028134625.72408,4990357973.294826,4952642771.711023,4914988383.581401,4877394074.577488,4839859010.3216305,4802382253.267937,4764962759.584312,4727599376.0446205,4690290836.941003,4653035761.027239,4615832648.505298,4578679878.068172,4541575704.013527,4504518253.443842,4467505523.570234,4430535379.138623,4393605549.998514,4356713628.836378,4319857069.0974655,4283033183.1218157,4246239140.5223255,4209471966.8349247,4172728542.4732885,4136005602.023012,4099299733.9128494,4062607380.503423,4025924838.636842,3989248260.693882,3952573656.208778,3915896894.0952,3879213705.54103,3842519687.633382,3805810307.7798357,3769080908.9963665,3732326716.1373615,3695542843.1482964,3658724301.427209,3621866009.386952,3584962803.3164425,3548009449.6457744,3511000658.7271757,3473931100.251185,3436795420.4254932,3399588261.0524077,3362304280.6498027,3324938177.770093,3287484716.681943,3249938755.590113,3212295277.580351,3174549424.488315,3136696533.9042015,3098732179.538291,3060652215.1867476,3022452822.5518,2984130563.1862106,2945682434.847953,2907105932.5683317,2868399114.75436,2829560674.664918,2790590017.6197376,2751487344.320875,2712253740.688424,2672891274.6363363,2633403100.2408724,2593793569.785178,2554068354.1998997,2514234572.4649563,2474300930.5949345,2434277870.9060574,2394177732.3637457,2354014922.9480357,2313806105.1648026,2273570396.0956745,2233329583.7489805,2193108361.9895725,2152934587.044401,2112839559.5823135,2072858337.758976,2033030088.5493472,1993398487.363534,1954012179.6332586,1914925323.1418648,1876198236.860804,1837898191.640489,1800100391.2130055,1762889209.8444858,1726359777.2831962,1690620034.5684419,1655793428.6333094,1622022473.072009,1589473481.4489079,1558342883.4642036,1528865669.1300652,1501326677.6622677,1476075659.9622703,1453547294.774991,1434287614.8696337,1418988561.5825536,1408532545.5554464,1404048768.9814892,1406982313.6563601,1419174971.003273,1442952290.3788834,1481202159.595817,1537412354.6414006,1615600219.9389386,1720001692.0539129,1854256521.22044,2019553907.9437773,2210579582.6867046,2406521782.606353,2550083054.4153576,2496975598.494415,1918464028.7833188,502877861.42654145,0.0
2893.0,6353145207.444502,6328567025.621958,6303937139.385422,6279255696.947327,6254522851.059111,6229738759.064844,6204903582.954914,6180017489.419775,6155080649.903715,6130093240.658659,6105055442.79789,6079967442.349805,6054829430.311561,6029641602.702618,6004404160.618212,5979117310.282593,5953781263.102186,5928396235.718435,5902962450.0604925,5877480133.397558,5851949518.3909645,5826370843.145874,5800744351.2625885,5775070291.887465,5749348919.763323,5723580495.279383,5697765284.520614,5671903559.316517,5645995597.289228,5620041681.90098,5594042102.500759,5567997154.370215,5541907138.768703,5515772362.977425,5489593140.342615,5463369790.317677,5437102638.504293,5410792016.692336,5384438262.898597,5358041721.404238,5331602742.790884,5305121683.975298,5278598908.242577,5252034785.277763,5225429691.19581,5198784008.569827,5172098126.457485,5145372440.425568,5118607352.572476,5091803271.548712,5064960612.575125,5038079797.458946,5011161254.607399,4984205419.038855,4957212732.391433,4930183642.928858,4903118605.543551,4876018081.756802,4848882539.715878,4821712454.188008,4794508306.55106,4767270584.780823,4739999783.434744,4712696403.631958,4685360953.029555,4657993945.794846,4630595902.573532,4603167350.453631,4575708822.924977,4548220859.834188,4520704007.334875,4493158817.832949,4465585849.926934,4437985668.342987,4410358843.864522,4382705953.256266,4355027579.182524,4327324310.11949,4299596740.261406,4271845469.420372,4244071102.919594,4216274251.479889,4188455531.0992274,4160615562.925103,4132754973.11948,4104874392.716189,4076974457.470411,4049055807.700173,4021119088.119477,3993164947.662961,3965194039.30173,3937207019.85022,3909204549.7637806,3881187292.926752,3853155916.430769,3825111090.3430815,3797053487.4645658,3768983783.0772,3740902654.680776,3712810781.7185,3684708845.291294,3656597527.860484,3628477512.9385896,3600349484.7680407,3572214127.9873776,3544072127.284853,3515924167.039004,3487770930.9460287,3459613101.633644,3431451360.2611537,3403286386.105492,3375118856.132939,3346949444.556261,3318778822.3770304,3290607656.912861,3262436611.309257,7172503967.958735,7139944159.731545,7107366888.683797,7074772908.442373,7042162981.9035,7009537881.187463,6976898387.584545,6944245291.491658,7040082114.321774,7006477690.945534,6972866251.935331,6939248757.253022,6905626176.130746,6871999486.885711,6838369676.718969,6610905063.43981,6578639771.383865,6546372754.032024,6514104862.714834,6481836953.739484,6449569888.075205,6494297758.361777,6459507544.648505,6424731112.977927,6389969539.350901,6355223902.622088,6320495284.002689,6285784766.536975,6314704571.353603,6277208330.8859005,6239727016.562851,6202261928.045124,6164814367.696891,6127385639.892815,5793905097.844072,5753667598.9103775,5713456100.316479,5673272374.342396,5633118200.151115,5592995363.008806,5621411401.1735325,5586122990.0978775,5550866362.306554,5515642272.015213,5480451461.495218,5445294660.205811,5410172583.89029,5394342477.125355,5355973139.360759,5317662220.904793,5279410560.207338,5241218960.333305,5203088187.027357,5165018966.718628,5127011984.46478,5089067881.835004,5051187254.731601,5013370651.150006,4975618568.877191,4937931453.128673,4900309694.124453,4862753624.604514,4825263517.284691,4787839582.254059,4750481964.315229,4713190740.269293,4675965916.147511,4638807424.392228,4601715120.989984,4564688782.5600395,4527728103.402437,4490832692.509773,4454002070.547916,4417235666.811189,4380532816.158514,4343892755.937525,4307314622.904706,4270797450.1503153,4234340164.0379157,4197941581.1693273,4161600405.386937,4125315224.826488,4089084509.0347986,4052906606.1681986,4016779740.2890453,3980702008.779177,3944671379.891098,3908685690.459279,3872742643.79627,3836839807.80027,3800974613.3032026,3765144352.6908903,3729346178.8295903,3693577104.3360367,3657834001.2313256,3622113601.0223117,3586412495.257905,3550727136.611458,3515053840.544816,3479388787.614129,3443728026.482457,3408067477.7096043,3372402938.395427,3336730087.7591057,3301044493.74369,3265341620.7426825,3229616838.553326,3193865432.670101,3158082616.041217,3122263542.421377,3086403321.465031,3050497035.7166357,3014539759.6675606,2978526581.063612,2942452624.662771,2906313078.6596713,2870103224.0116444,2833818466.921271,2797454374.751803,2761006715.675441,2724471502.379647,2687845040.184154,2651123979.950898,2614305376.200978,2577386750.887139,2540366163.3073645,2503242286.684884,2466014491.9831104,2428682939.5702357,2391248679.3986487,2353713760.419022,2316081350.009075,2278355864.2636395,2240543110.0676756,2202650439.9594812,2164686920.89137,2126663518.1141934,2088593295.5574102,2050491634.2576385,2012376470.6194818,1974268556.5918643,1936191744.2375283,1898173297.699258,1860244236.2742372,1822439713.2671402,1784799436.5990005,1747368138.93407,1710196107.5320482,1673339787.3867612,1636862475.816455,1600835132.9944205,1565337341.5954514,1530458460.6662083,1496299035.2145402,1462972545.505218,1430607610.8970041,1399350805.3094804,1369370299.1794932,1340860621.5494576,1314048942.9649935,1289203424.5170603,1266644372.4192586,1246759195.0912435,1230022496.421609,1217023069.1027765,1208500082.5139532,1205391376.3186252,1208897410.9716492,1220564924.8807578,1242394335.8972924,1276973636.119192,1327637441.5954015,1398640026.4517899,1495309979.4401026,1624110939.5118494,1792447519.4365268,2007889161.0090632,2276159968.255275,2596595917.0445685,2952421400.0921397,3290168681.41565,3475351272.6011577,3193785761.841692,1711662923.3264465,0.0
2892.0,6101830661.965906,6077318858.255009,6052757671.44811,6028147276.07724,6003487851.432047,5978779581.613445,5954022655.587309,5929217267.238119,5904363615.422615,5879461904.02336,5854512342.002235,5829515143.453817,5804470527.658636,5779378719.136226,5754239947.698036,5729054448.500053,5703822462.095215,5678544234.485477,5653220017.173615,5627850067.214592,5602434647.266583,5576974025.641527,5551468476.355185,5525918279.176697,5500323719.677588,5474685089.280104,5449002685.304947,5423276811.018286,5397507775.677986,5371695894.579075,5345841489.098309,5319944886.737848,5294006421.1679535,5268026432.268652,5242005266.170305,5215943275.293026,5189840818.384903,5163698260.558884,5137515973.3283615,5111294334.6413,5085033728.912902,5058734547.056617,5032397186.513628,5006022051.280483,4979609551.93499,4953160105.660187,4926674136.266307,4900152074.210714,4873594356.61562,4847001427.283562,4820373736.71051,4793711742.096504,4767015907.353735,4740286703.111917,4713524606.720932,4686730102.250506,4659903680.486906,4633045838.926514,4606157081.766103,4579237919.889751,4552288870.852259,4525310458.858881,4498303214.741315,4471267675.9297285,4444204386.420769,4417113896.741315,4389996763.907904,4362853551.381615,4335684829.018297,4308491173.013962,4281273165.845171,4254031396.204245,4226766458.929167,4199478954.927931,4172169491.097212,4144838680.235144,4117487140.948045,4090115497.550858,4062724379.961155,4035314423.586463,4007886269.204746,3980440562.837801,3952977955.6173897,3925499103.643869,3898004667.8370857,3870495313.77937,3842971711.550334,3815434535.5532894,3787884464.333037,3760322180.384776,3732748369.953935,3705163722.826617,3677568932.110491,3649964694.0057983,3622351707.566276,3594730674.449746,3567102298.658055,3539467286.2661734,3511826345.1401505,3484180184.643673,3456529515.3329763,3428875048.639806,3401217496.5421963,3373557571.2228107,3345895984.7145057,3318233448.5329475,3290570673.295927,3262908368.329179,3235247241.2583933,3207587997.5871663,3179931340.260663,3152277969.214683,3124628580.9099274,3096983867.851194,3069344518.091274,3041711214.719268,6769329332.830014,6737313125.122299,6705276152.828059,6673219092.002911,6641142628.192091,6609047456.440394,6576934281.29575,6544803816.80603,6631236938.206125,6598153194.468147,6565058585.611545,6531953984.679919,6498840274.256104,6465718346.342926,6432589102.231012,6215229532.382511,6183432222.311241,6151629578.243254,6119822393.838389,6088011468.795844,6056197608.623211,6058260426.820074,6023953109.415271,5989657188.161915,5955373682.489418,5921103615.43162,5886848013.201889,5852607904.745247,5875488540.259043,5838490405.643357,5801504269.835038,5764531376.238613,5727572972.897398,5690630311.938251,5276440528.328102,5236614849.011432,5196813088.874586,5157036985.90539,5117288288.041037,5077568752.581497,5194441403.152769,5159746539.01215,5125080673.808936,5090444629.332221,5055839222.26498,5021265263.540543,4986723557.665786,4948984387.187231,4911306439.894926,4873687664.111414,4836129016.888895,4798631426.930703,4761195792.856339,4723822981.407885,4686513825.596882,4649269122.790962,4612089632.739556,4574976075.5380945,4537929129.530332,4500949429.148481,4464037562.691082,4427194070.038611,4390419440.307177,4353714109.440744,4317078457.742655,4280512807.347431,4244017419.6341987,4207592492.583374,4171238158.0785913,4134954479.1563015,4098741447.2058744,4062598979.123481,4026526914.423625,3990525012.3126793,3954592948.7294602,3918730313.358462,3882936606.6222124,3847211236.6598854,3811553516.3002434,3775962660.03786,3740437781.022646,3704977888.073718,3669581882.729929,3634248556.3505535,3598976587.281167,3563764538.101131,3528610852.970845,3493513855.098628,3458471744.349139,3423482595.0171876,3388544353.793271,3353654837.9494324,3318811733.7769194,3284012595.30996,3249254843.373176,3214535764.993597,3179852513.222149,3145202107.413459,3110581434.0174103,3075987247.9408617,3041416174.543165,3006864712.335182,2972329236.457807,2937806003.0231676,2903291154.4092846,2868780725.6076,2834270651.731964,2799756776.807955,2765234863.972569,2730700607.2266645,2696149644.896022,2661577574.9717226,2626979972.516823,2592352409.3441896,2557690476.1898623,2522989807.6278887,2488246109.9959435,2453455192.6268444,2418613002.709038,2383715664.1298876,2348759520.6888113,2313741184.1037498,2278657587.2737246,2243506043.3030896,2208284310.8392224,2172990666.3254104,2137623983.8245535,2102183823.1274104,2066670526.9216175,2031085327.865125,1995430466.4803052,1959709320.863514,1923926549.290202,1888088246.8889432,1852202117.6607687,1816277663.2354188,1780326389.8873115,1744362035.4860644,1708400818.236773,1672461709.2840152,1636566731.5254154,1600741287.3252726,1565014518.2648304,1529419700.651919,1493994681.2932115,1458782359.0821052,1423831219.3778138,1389195930.089694,1354938011.0326917,1321126591.7580256,1287839278.0650253,1255163154.2865844,1223195957.9332008,1192047476.3762925,1161841233.3296115,1132716557.853979,1104831163.0931656,1078364409.5598314,1053521493.4687352,1030538891.0556625,1009691513.9902378,991302200.660939,975754398.2754359,963509199.525455,955128304.9942179,951305006.1995515,952905929.3946422,961027017.6327022,977067948.5255055,1002829607.207234,1040638733.0720377,1093501139.1153984,1165277404.9965816,1260857807.0608587,1386277590.4535532,1548644141.7555752,1755620154.3286638,2013993231.9405453,2326568230.223838,2686451719.8313594,3068685985.014342,3422950165.9959683,3663045363.0158877,3360310102.627928,0.0
2891.0,5852084535.909046,5827681806.932575,5803232112.792715,5778735652.809471,5754192631.248979,5729603257.377055,5704967745.512764,5680286315.081869,5655559190.670246,5630786602.077174,5605968784.368464,5581105977.92947,5556198428.517872,5531246387.316231,5506250110.984336,5481209861.7111845,5456125907.266727,5430998521.053179,5405827982.1559925,5380614575.394368,5355358591.371311,5330060326.523161,5304720083.168581,5279338169.556944,5253914899.916082,5228450594.499352,5202945579.631945,5177400187.75643,5151814757.477461,5126189633.605578,5100525167.200077,5074821715.610867,5049079642.519282,5023299317.9777565,4997481118.448332,4971625426.839894,4945732632.544132,4919803131.470072,4893837326.077198,4867835625.407011,4841798445.1130295,4815726207.489056,4789619341.495747,4763478282.785294,4737303473.724208,4711095363.414085,4684854407.710257,4658581069.238291,4632275817.408137,4605939128.425956,4579571485.303415,4553173377.864425,4526745302.749157,4500287763.415276,4473801270.136262,4447286339.996677,4420743496.88431,4394173271.479046,4367576201.238335,4340952830.379146,4314303709.856274,4287629397.3368654,4260930457.17101,4234207460.3582697,4207460984.510029,4180691613.80745,4153899938.954954,4127086557.129031,4100252071.922229,4073397093.282172,4046522237.445431,4019628126.866058,3992715390.138673,3965784661.915868,3938836582.819741,3911871799.34745,3884890963.770512,3857894734.027708,3830883773.6114016,3803858751.4470224,3776820341.765576,3749769223.968925,3722706082.487653,3695631606.631313,3668546490.430784,3641451432.4726167,3614347135.725015,3587234307.3553653,3560113658.538948,3532985904.258725,3505851763.0958543,3478711957.0107737,3451567211.11458,3424418253.430442,3397265814.644832,3370110627.8483315,3342953428.265704,3315794952.97505,3288635940.615757,3261477131.084979,3234319265.22242,3207163084.4831443,3180009330.5981407,3152858745.2224345,3125712069.5704308,3098570044.038281,3071433407.8129783,3044302898.467971,3017179251.544998,2990063200.121958,2962955474.366491,2935856801.075104,2908767903.197557,2881689499.3463297,2854622303.290878,2827567023.4365144,6362592506.017208,6331084152.250594,6299551130.099016,6267994032.97025,6236413463.960858,6204810035.921503,6173184371.518332,6141537103.290084,6217784743.486147,6185177930.379307,6152555637.482389,6119918643.812084,6087267738.179266,6054603719.13751,6021927394.921637,5815981982.090942,5784610684.058435,5753229772.521732,5721839978.175507,5690442038.826466,5659036699.247409,5619919131.95982,5586064657.058308,5552218506.201298,5518381637.377552,5484555013.031404,5450739599.717011,5416936367.733049,5435189637.680292,5398678401.462281,5362175783.331065,5325682971.954035,5289201162.891684,5252731558.19416,4764371850.466976,4725001282.086838,4685652615.3378105,4646327564.80105,4607027858.632696,4567755238.188164,4766004581.441905,4731880903.015318,4697783296.55762,4663712660.567721,4629669895.522005,4595655903.459317,4561671587.53567,4502200734.539223,4465214075.381157,4428287432.237537,4391421906.113941,4354618577.890403,4317878506.8300705,4281202729.0318966,4244592255.8261685,4208048072.1118317,4171571134.6346054,4135162370.204938,4098822673.8549294,4062552906.9335423,4026353895.139415,3990226426.4907875,3954171249.23221,3918189069.6778154,3882280549.9911747,3846446305.901926,3810686904.359599,3775002861.1253195,3739394638.302383,3703862641.8068933,3668407218.780184,3633028654.94487,3597727171.907064,3562502924.4074726,3527355997.52483,3492286403.8354278,3457294080.5333185,3422378886.5162582,3387540599.443221,3352778912.7701054,3318093432.771057,3283483675.5538125,3248949064.0784206,3214488925.1898193,3180102486.6759787,3145788874.364586,3111547109.2727337,3077376104.8255663,3043274664.161683,3009241477.544819,2975275119.9035187,2941374048.522659,2907536600.9132357,2873760992.8894844,2840045316.885355,2806387540.545703,2772785505.63105,2739236927.2788086,2705739393.668089,2672290366.140138,2638887179.8315744,2605527044.8835487,2572207048.2962294,2538924156.505245,2505675218.764389,2472456971.4276896,2439266043.233348,2406098961.7027535,2372952160.7793074,2339821989.844817,2306704724.2653346,2273596577.634124,2240493715.8967752,2207392273.562579,2174288372.2273607,2141178141.6562343,2108057743.7001066,2074923399.3478374,2041771419.2465298,2008598238.0560272,1975400453.0401168,1942174867.3368816,1908918538.3937793,1875628832.0998383,1842303483.1978307,1808940662.6136818,1775539052.398481,1742097929.040699,1708617255.9722319,1675097786.1618562,1641541175.7633343,1607950109.8626683,1574328441.4497492,1540681344.823373,1507015484.7257,1473339202.5918932,1439662721.3937376,1405998370.6523283,1372360833.2958562,1338767416.1454,1305238345.9277751,1271797092.844303,1238470723.8748755,1205290288.1787357,1172291237.1821709,1139513882.2413492,1107003893.1676176,1074812841.448345,1042998792.7527294,1011626954.3697883,980770384.71283,950510774.121697,920939309.156609,892157636.7681735,864278950.6625147,837429230.5936929,811748677.2567229,787393402.423156,764537458.095891,743375322.8017942,724125011.9819298,707032048.7654514,692374629.4117854,680470455.226966,671685893.4410732,666448388.8979115,665263390.4702108,668737484.4814571,677609915.0076921,692795117.277845,715439036.918156,746991278.9397992,789292355.3375182,844668276.0654552,916009687.1649835,1006784272.3236737,1120884774.3393848,1262161586.7908893,1433511796.608724,1635854338.9677725,1869431634.7125378,2146386675.023898,2532341297.72143,3210322112.860995,0.0
2890.0,5604444754.707123,5580192754.534081,5555896282.285402,5531555560.367268,5507170816.29093,5482742282.7261095,5458270197.554336,5433754803.922199,5409196350.294477,5384595090.507114,5359951283.8200245,5335265194.969706,5310537094.221619,5285767257.422277,5260955966.051096,5236103507.271842,5211210173.983791,5186276264.872422,5161302084.459725,5136287943.1540165,5111234157.299225,5086141049.223646,5061008947.288082,5035838185.933344,5010629105.727079,4985382053.40984,4960097381.940379,4934775450.540134,4909416624.736776,4884021276.406874,4858589783.817529,4833122531.666961,4807619911.124001,4782082319.866402,4756510162.117912,4730903848.68404,4705263796.986496,4679590431.096136,4653884181.764456,4628145486.453484,4602374789.36401,4576572541.462094,4550739200.503796,4524875231.057934,4498981104.526946,4473057299.165654,4447104300.097862,4421122599.330737,4395112695.766821,4369075095.213639,4343010310.390741,4316918860.934128,4290801273.397914,4264658081.253141,4238489824.88366,4212297051.578876,4186080315.523365,4159840177.783122,4133577206.288412,4107291975.813035,4080985067.949903,4054657071.082812,4028308580.354228,4001940197.628984,3975552531.453751,3949146197.0121017,3922721816.075057,3896280016.9469337,3869821434.40635,3843346709.642252,3816856490.184741,3790351429.830598,3763832188.5633,3737299432.467375,3710753833.6368856,3684196070.077903,3657626825.6047726,3631046789.729964,3604456657.547354,3577857129.6087065,3551248911.793191,3524632715.1697083,3498009255.851838,3471379254.8452044,3444743437.8870134,3418102535.277623,3391457281.703824,3364808416.053728,3338156681.2229385,3311502823.911857,3284847594.413843,3258191746.394033,3231536036.6585646,3204881224.913995,3178228073.5166287,3151577347.211598,3124929812.8613744,3098286239.163503,3071647396.357352,3045014055.9195647,3018386990.248041,2991766972.334161,2965154775.4230013,2938551172.661374,2911956936.7333374,2885372839.483037,2858799651.5245795,2832238141.838732,2805689077.3562164,2779153222.527336,2752631338.877767,2726124184.550235,2699632513.8319,2673157076.6672487,2646698618.1562514,2620257878.037622,5953456968.626829,5922427743.381683,5891369477.341705,5860282678.151804,5829167863.340141,5798025560.438664,5766856307.102096,5735660651.225122,5801056706.210091,5768891796.684082,5736706195.572425,5704500583.495844,5672275651.142508,5640032099.285949,5607770638.796068,5414433309.998823,5383454823.566065,5352461928.602948,5321455289.745651,5290435579.840301,5259403479.882805,5181054158.605558,5147633803.022511,5114218208.641597,5080808270.449828,5047404888.889188,5014008969.597187,4980621423.131414,4995731095.629822,4959707926.192589,4923689749.633644,4887677704.425956,4851672938.524427,4815676609.127165,4260710682.674192,4221858283.919397,4183026134.452244,4144215940.674807,4105429426.771277,4066668334.559401,4338119524.906365,4304557622.822806,4271018867.877068,4237504243.759096,4204014743.381649,4170551368.696869,4137115130.485944,4056364176.7509193,4020081298.751197,3983859497.7489014,3947700042.950405,3911604192.733189,3875573193.4381924,3839608278.110138,3803710665.184354,3767881557.118818,3732122138.970002,3696433576.9112344,3660817016.692315,3625273582.039169,3589804372.992382,3554410464.183524,3519092903.0483065,3483852707.9756393,3448690866.391821,3413608332.779216,3378606026.6289005,3343684830.3269043,3308845586.9739556,3274089098.1386733,3239416121.5445747,3204827368.6913404,3170323502.411202,3135905134.361536,3101572822.455169,3067327068.2301826,3033168314.1615853,2999096940.9175024,2965113264.5632167,2931217533.716839,2897409926.6610866,2863690548.416303,2830059427.780662,2796516514.3442106,2763061675.4845133,2729694693.3525105,2696415261.8584013,2663222983.6685886,2630117367.226062,2597097823.808116,2564163664.636928,2531314098.0603876,2498548226.822545,2465865045.4453406,2433263437.7456865,2400742174.5147543,2368299911.389347,2335935186.948634,2303646421.0731735,2271431913.6074457,2239289843.3715477,2207218267.573005,2175215121.6752167,2143278219.785424,2111405255.6321611,2079593804.2099016,2047841324.1774025,2016145161.1058578,1984502551.6837034,1952910628.996943,1921366429.0170312,1889866898.4430428,1858408904.061195,1826989243.8027687,1795604659.7013383,1764251852.972248,1732927501.4614332,1701628279.7372527,1670350882.1281457,1639092049.0407848,1607848596.9281843,1576617452.3148415,1545395690.3269455,1514180578.2195635,1482969624.439896,1451760633.8158314,1420551769.5121326,1389341622.4522185,1358129288.9612134,1326914457.445224,1295697504.9813735,1264479604.7521567,1233262845.3142226,1202050362.743719,1170846486.745142,1139656901.844531,1108488824.806567,1077351199.412655,1046254909.7063766,1015213012.7441809,984240991.7711922,953357030.5588155,922582309.3729461,891941322.6628184,861462218.0370989,831177155.3812273,801122684.008627,771340134.4499006,741876019.7623578,712782438.9458992,684117471.9896548,655945551.9903772,628337794.3341814,601372255.6555883,575134085.566619,549715521.1674623,525215657.0388495,501739900.3884984,479398990.5176792,458307421.6064016,438581055.38487196,420333642.64901674,403671886.87096405,388688577.12966776,375453191.10883784,363999226.5360098,354307375.0763515,346283537.7203336,339730657.79261327,334313534.2200446,329516385.2869687,324594336.3390366,318522865.320207,309954743.6695049,297204342.23995304,278298450.3589074,251168562.74460566,214123615.67553478,166838877.63901722,112147243.5374736,58438893.61017392,19803562.521006513,5383311.492588216,3199794.7158835814,0.0
2889.0,5359416798.070393,5335355977.97498,5311253233.051716,5287108806.942059,5262922948.522599,5238695911.958301,5214427956.755625,5190119347.815551,5165770355.486474,5141381255.616919,5116952329.608049,5092483864.465998,5067976152.853905,5043429493.143673,5018844189.467456,4994220551.768721,4969558895.853006,4944859543.438205,4920122822.204415,4895349065.843308,4870538614.106939,4845691812.856,4820809014.107456,4795890576.08151,4770936863.247878,4745948246.371318,4720925102.556321,4695867815.291013,4670776774.490097,4645652376.5369,4620495024.324348,4595305127.294944,4570083101.4795685,4544829369.535139,4519544360.781001,4494228511.234008,4468882263.642271,4443506067.5174055,4418100379.165319,4392665661.715399,4367202385.148043,4341711026.320455,4316192068.990652,4290646003.839573,4265073328.491189,4239474547.530616,4213850172.52001,4188200722.0123134,4162526721.5625896,4136828703.73701,4111107208.119276,4085362781.3144574,4059595976.950083,4033807355.674421,4007997485.151844,3982166940.055121,3956316302.05457,3930446159.803943,3904557108.922904,3878649751.976014,3852724698.448061,3826782564.7156334,3800823974.0148106,3774849556.404763,3748859948.727289,3722855794.5619335,3696837744.1767273,3670806454.474302,3644762588.933261,3618706817.544648,3592639816.7433777,3566562269.3343973,3540474864.4135447,3514378297.2828155,3488273269.35991,3462160488.081933,3436040666.8029933,3409914524.6855955,3383782786.585598,3357646182.9305577,3331505449.591299,3305361327.746488,3279214563.740027,3253065908.9310875,3226916119.536551,3200765956.465698,3174616185.146884,3148467575.346064,3122320900.976883,3096176939.9021845,3070036473.7266817,3043900287.580577,3017769169.8939524,2991643912.161653,2965525308.6984644,2939414156.384417,2913311254.3998804,2887217403.950311,2861133407.98044,2835060070.8775697,2808998198.163888,2782948596.17748,2756912071.741831,2730889431.823677,2704881483.1788235,2678889031.985896,2652912883.467647,2626953841.499726,2601012708.20662,2575090283.5446057,2549187364.871502,2523304746.5029926,2497443219.255373,2471603569.9745464,2445786581.051021,2419993029.9208097,5543133058.327564,5512562037.825022,5481957276.815971,5451319196.102089,5420648226.576303,5389944809.398201,5359209396.170244,5328442449.114586,5382444948.415216,5350696619.526711,5318921969.385628,5287121578.701807,5255296038.578437,5223445950.601126,5191571926.923197,5011902671.709023,4981293363.442733,4950664499.541892,4920016677.772671,4889350505.252263,4858666598.474866,4743462067.91475,4710468908.155135,4677476654.645268,4644486141.034171,4611498207.61661,4578513701.1672535,4545533474.76265,4559024030.591465,4523502428.160074,4487982148.573183,4452464287.227255,4416949951.923351,4381440262.804335,3768331442.967858,3730078289.5100746,3691844357.321046,3653631362.914721,3615441045.3606577,3577275166.37634,3912795334.641897,3879798458.705955,3846821934.938776,3813866839.638903,3780934265.645244,3748025322.386946,3715141135.910191,3613815802.0415707,3578260840.9308615,3542768318.095141,3507339692.5509872,3471976422.684887,3436679965.363879,3401451774.9993644,3366293302.5624146,3331205994.549,3296191291.8934245,3261250628.8283787,3226385431.6898785,3191597117.6655087,3156887093.48427,3122256754.0464077,3087707480.9916105,3053240641.2039976,3018857585.252324,2984559645.76393,2950348135.730949,2916224346.7474217,2882189547.1759815,2848244980.2429338,2814391862.0605783,2780631379.575838,2746964688.4443007,2713392910.82903,2679917133.123622,2646538403.5991945,2613257729.975269,2580076076.9147296,2546994363.4432917,2514013460.294384,2481134187.1805024,2448357309.992717,2415683537.9303036,2383113520.5630693,2350647844.8294992,2318287031.9744663,2286031534.4309583,2253881732.6510963,2221837931.892585,2189900358.9677157,2158069158.9631643,2126344391.9400725,2094726029.6252446,2063213952.105925,2031807944.5422113,2000507693.91328,1969312785.8156219,1938222701.3340282,1907236814.008711,1876354386.9251404,1845574569.9564524,1814896397.1922762,1784318784.592101,1753840527.9061332,1723460300.9120686,1693176654.0222983,1662988013.3228388,1632892680.1129866,1602888831.0231957,1572974518.798204,1543147673.8431587,1513406106.6422377,1483747511.1726174,1454169469.4511938,1424669457.3677704,1395244851.9764287,1365892940.4366589,1336610930.8176017,1307395965.0027754,1278245133.958754,1249155495.6597033,1220124095.9904585,1191147992.9838676,1162224284.7834148,1133350141.7595682,1104522843.2472882,1075739819.4127102,1046998698.7979548,1018297362.133834,989634003.049425,961007196.3432828,932415974.5113723,903859913.2483666,875339226.647964,846854872.81904,818408670.6010692,790003427.9956307,761643082.8193429,733332855.9127778,705079416.9899732,676891062.8593447,648777907.2552493,620752080.8469408,592827939.0797616,565022274.2752757,537354526.7696875,509846987.66523623,482524982.8215245,455417023.77233434,428554905.9782959,401973727.75614405,375711793.73435545,349810353.9204345,324313112.2680414,299265415.42874837,274713001.0318215,250700142.48082888,227266970.0339569,204445670.7251264,182255165.76840448,160693724.82291973,139728791.05751586,119283046.39858997,99215428.36540973,79295405.13190913,59168316.886540174,38309009.946609735,15960376.728303432,-8947094.81490314,-37898762.736067295,-72925346.46690607,-116758464.4946245,-173004563.42884058,-246313580.78524768,-342487356.5295613,-468415415.3835982,-631628832.9466197,-839124195.131627,-1095006216.9685733,-1396857536.6670454,-1733228187.658342,-2093720278.5331912,-2520406047.7169385,-3205792377.999881,0.0
2888.0,5117473877.337752,5093643347.21074,5069773473.347406,5045864518.6458645,5021916751.341417,4997930445.05963,4973905878.869297,4949843337.335306,4925743110.571356,4901605494.292501,4877430789.867509,4853219304.37098,4828971350.635238,4804687247.301908,4780367318.873217,4756011895.762901,4731621314.3467865,4707195917.012901,4682736052.211193,4658242074.502713,4633714344.6083,4609153229.456698,4584559102.23205,4559932342.420764,4535273335.857696,4510582474.771562,4485860157.829586,4461106790.181344,4436322783.501671,4411508556.032695,4386664532.624845,4361791144.776844,4336888830.674596,4311958035.22894,4286999210.112172,4262012813.7933,4236999311.571987,4211959175.611057,4186892884.96757,4161800925.622331,4136683790.507845,4111541979.5345087,4086375999.615153,4061186364.687672,4035973595.735789,4010738220.8078218,3985480775.033372,3960201800.637877,3934901846.9548655,3909581470.435957,3884241234.658349,3858881710.329848,3833503475.291244,3808107114.515959,3782693220.106921,3757262391.290445,3731815234.4071207,3706352362.899559,3680874397.2968464,3655381965.1956544,3629875701.2378473,3604356247.084482,3578824251.386056,3553280369.7489104,3527725264.697634,3502159605.6333265,3476584068.7876387,3450999337.172364,3425406100.5245314,3399805055.246806,3374196904.343043,3348582357.3488746,3322962130.257169,3297336945.438205,3271707531.5543666,3246074623.469284,3220438962.151159,3194801294.570172,3169162373.58978,3143522957.851738,3117883811.654647,3092245704.8258977,3066609412.586767,3040975715.410552,3015345398.873499,2989719253.498377,2964098074.590476,2938482662.065879,2912873820.2717614,2887272357.798577,2861679087.2838774,2836094825.2076163,2810520391.678709,2784956610.212636,2759404307.499925,2733864313.165291,2708337459.517189,2682824581.2876368,2657326515.3620896,2631844100.4991174,2606378177.0397367,2580929586.6061583,2555499171.789763,2530087775.828119,2504696242.270796,2479325414.633835,2453976136.042647,2428649248.8631644,2403345594.321047,2378066012.1087866,2352811339.980494,2327582413.3342366,2302380064.781732,2277205123.705272,2252058415.8016944,2226940762.613258,5132869480.765766,5102744175.262972,5072580248.693441,5042378035.996163,5012137882.442227,4981860143.864695,4951545186.891537,4921193389.181565,4963391227.768861,4932044644.487688,4900665878.874738,4869255413.10308,4837813740.152413,4806341363.971244,4774838799.638375,4609747017.2965765,4579493437.430156,4549214970.977041,4518912150.32513,4488585518.417093,4458235628.862715,4308938500.120439,4276377620.676096,4243813697.055744,4211247506.266391,4178679833.378827,4146111471.4627295,4113543221.513564,4126948352.427516,4091953829.839544,4056957100.732661,4021959226.588771,3986961284.532962,3951964367.45558,3289935424.785012,3252378373.832453,3214840348.718937,3177323096.007076,3139828390.100017,3102358033.5848494,3492011261.8996663,3459594798.338821,3427196130.918327,3394816434.520789,3362456907.864201,3330118773.7850547,3297803279.502924,3176840591.932217,3142048145.777581,3107319842.211422,3072657347.601297,3038062338.5629425,3003536501.4163423,2969081531.60137,2934699133.0510664,2900391017.5208406,2866158903.871582,2832004517.3047795,2797929588.547675,2763935852.986307,2730025049.7444754,2696198920.7063866,2662459209.480849,2628807660.3047523,2595246016.8836184,2561776021.1668615,2528399412.0554504,2495117924.0395956,2461933285.764061,2428847218.518652,2395861434.6514797,2362977635.9024982,2330197511.65487,2297522737.101683,2264954971.32556,2232495855.288688,2200147009.7308784,2167910032.973224,2135786498.625064,2103777953.191907,2071885913.5821822,2040111864.5106626,2008457255.7966228,1976923499.5548296,1945511967.277782,1914223986.8076591,1883060839.1967993,1852023755.4557755,1821113913.1884189,1790332433.1136193,1759680375.4741035,1729158736.3329453,1698768443.7591615,1668510353.9044771,1638385246.9740796,1608393823.0951953,1578536698.0883322,1548814399.147339,1519227360.4357326,1489775918.6085534,1460460308.2706552,1431280657.3847108,1402236982.6444607,1373329184.8316586,1344557044.1782749,1315920215.7592034,1287418224.9448166,1259050462.9473622,1230816182.5005898,1202714493.7178843,1174744360.18103,1146904595.3192973,1119193859.1471438,1091610655.4383283,1064153329.424993,1036820066.1220971,1009608889.3908064,982517661.8689216,955544085.9124297,928685705.7096131,901939910.7480581,875303940.8351536,848774892.8942778,822349729.7815912,796025291.3918641,769798308.3456988,743665418.5740294,717623187.1383108,691668129.6446072,665796739.6258296,640005520.2757018,614291020.9184301,588649878.5850455,563078865.0363604,537574939.5165222,512135307.43189645,486757485.01611674,461439369.84904385,436179316.82621145,410976218.801034,385829590.61230385,360739654.52160084,335707424.16289794,310734782.87560916,285824550.6540431,260980531.76946414,236207532.22993636,211511332.40279365,186898595.01761675,162376681.96601892,137953344.23930454,113636237.21016693,89432197.20311391,65346193.460870385,41379840.231881976,17529314.108796477,-6217531.667334437,-29885136.306872368,-53515661.57090533,-77176391.37088907,-100969785.03203154,-125047102.808002,-149626832.40976846,-175019550.40997636,-201661371.05036235,-230158778.66017914,-261348398.33071434,-296376071.18171513,-336800295.09034,-384725280.865101,-442967751.44170284,-515257598.06925607,-606462640.8802897,-722806696.3424189,-872008815.8151364,-1063195407.969697,-1306305742.0798845,-1610505338.9156976,-1980850572.1476274,-2412239329.6071506,-2879956777.8652806,-3327163868.507466,-3639887718.8437905,-3355856812.74509,0.0
2887.0,4879057274.782605,4855494685.900583,4831895348.772648,4808259543.468705,4784587555.470813,4760879675.726156,4737136200.699928,4713357432.428148,4689543678.570302,4665695252.461865,4641812473.166626,4617895665.528807,4593945160.224966,4569961293.815601,4545944408.796522,4521894853.649825,4497812982.894585,4473699157.137096,4449553743.120759,4425377113.775452,4401169648.266443,4376931732.04278,4352663756.8850765,4328366120.952726,4304039228.830465,4279683491.5742216,4255299326.7562456,4230887158.509468,4206447417.571012,4181980541.3248577,4157486973.843557,4132967165.9289904,4108421575.1520863,4083850665.8914833,4059254909.371028,4034634783.696077,4009990773.888596,3985323371.920871,3960633076.747912,3935920394.338374,3911185837.703996,3886429926.927438,3861653189.188519,3836856158.788704,3812039377.1738167,3787203392.954872,3762348761.927006,3737476047.086339,3712585818.644763,3687678654.0425367,3662755137.958606,3637815862.318563,3612861426.30015,3587892436.336229,3562909506.1151047,3537913256.578108,3512904315.9143457,3487883319.552531,3462850910.149725,3437807737.5769687,3412754458.90165,3387691738.3664856,3362620247.36502,3337540664.413527,3312453675.119201,3287359972.1444683,3262260255.1673822,3237155230.837864,3212045612.7297707,3186932121.288576,3161815483.774561,3136696434.201388,3111575713.26989,3086454068.2969685,3061332253.13941,3036211028.112507,3011091159.9033365,2985973421.478513,2960858591.986289,2935747456.6528387,2910640806.6725574,2885539439.092222,2860444156.688837,2835355767.841034,2810275086.393806,2785202931.516449,2760140127.553511,2735087503.868602,2710045894.680845,2685016138.893864,2659999079.917035,2634995565.478909,2610006447.4325924,2585032581.552859,2560074827.324909,2535134047.7245026,2510211108.9893293,2485306880.381417,2460422233.9404244,2435558044.227592,2410715188.0602,2385894544.236353,2361096993.2499094,2336323416.995372,2311574698.4625664,2286851721.4209685,2262155370.0934534,2237486528.819362,2212846081.706688,2188234912.273244,2163653903.0766435,2139103935.332977,2114585888.5240164,2090100639.9928453,2065649064.5277743,2041232033.934396,4723943837.55372,4694260663.045082,4664533954.756878,4634763964.782874,4604950955.842125,4575095201.56284,4545196986.771579,4515256607.787712,4545374415.031389,4514425799.065895,4483439097.739637,4452414698.903129,4421353001.747446,4390254417.041626,4359119367.372494,4209349678.22125,4179448984.2680674,4149518058.424928,4119557371.4541225,4089567405.95905,4059548656.583081,3879260786.971858,3847149227.877455,3815030768.3750687,3782906136.262848,3750776069.0744095,3718641314.121987,3686502628.535485,3701334213.477464,3666903718.891925,3632467796.135145,3598027483.3896074,3563583837.9999647,3529137936.786211,2828018344.8314867,2791267391.097619,2754536251.5627413,2717826722.930352,2681140635.4461937,2644479853.498301,3077697212.3036194,3045887957.6204557,3014094271.496328,2982317431.597124,2950558746.597484,2918819556.695178,2887101234.112014,2747644744.16892,2713658525.1576967,2679738499.132392,2645886552.0349402,2612104591.3479233,2578394545.914157,2544758365.723149,2511198021.6624937,2477715505.2321625,2444312828.2196546,2410992022.3337617,2377755138.794721,2344604247.878354,2311541438.411751,2278568817.2179074,2245688508.5066924,2212902653.2092886,2180213408.253295,2147622945.7754364,2115133452.2687464,2082747127.6609898,2050466184.3209348,2018292845.9889069,1986229346.6280413,1954277929.1923192,1922440844.3075027,1890720348.8607907,1859118704.4949188,1827638176.0022361,1796281029.6140928,1765049531.180726,1733945944.2365832,1702972527.9458594,1672131534.9228241,1641425208.9212098,1610855782.3868456,1580425473.8673475,1550136485.272537,1519990998.978981,1489991174.7717302,1460139146.6162224,1430437019.2528944,1400886864.60691,1371490718.00508,1342250574.19184,1313168383.1358514,1284246045.618637,1255485408.596363,1226888260.325716,1198456325.244701,1170191258.5989804,1142094640.8043509,1114167971.5359623,1086412663.5348437,1058830036.1225796,1031421308.4151347,1004187592.2272277,977129884.6592565,950249060.359362,923545863.4542711,897020899.1435969,870674624.9537475,844507341.6493745,818519183.80225,792710110.0200953,767079892.8407075,741628108.3001599,716354125.1878574,691257094.0056586,666335935.653528,641589329.8698541,617015703.4610974,592613218.3625025,568379759.5792441,544312923.0656754,520410003.6088439,496667982.7912272,473083517.1161488,449652926.3872013,426372182.43947506,403236898.3248075,380242318.0538224,357383306.9933951,334654343.0064151,312049508.39886713,289562482.7035614,267186536.27511406,244914524.59100902,222738883.0401287,200651621.82253563,178644320.36824608,156708120.39065826,134833716.2979014,113011341.16310465,91230745.76149201,69481167.26746964,47751282.99932575,26029143.014294147,4302073.274151564,-17443461.63439572,-39222050.83632648,-61049603.905228496,-82943717.57902658,-104924176.26425207,-127013631.02847564,-149238516.21922874,-171630282.03471637,-194227046.92199814,-217075807.76369023,-240235391.3472346,-263780391.4768083,-287806417.4306878,-312437088.01293015,-337833349.83544564,-364205889.4733956,-391831659.5958835,-421075863.1102474,-452421149.44955647,-486506278.7328911,-524177087.92183745,-566553187.7874022,-615114274.1699146,-671809904.8343585,-739195362.0663898,-820592398.8653393,-920264629.4035335,-1043578276.7920492,-1197081391.096027,-1388363481.1142316,-1625425638.8339126,-1915043151.3495288,-2259092477.1391525,-2646554753.7042193,-3035138104.8143716,-3304550911.0614705,-3131643201.278653,-1704610248.2680626,0.0
2886.0,4644576822.395325,4621318270.9935255,4598025562.831291,4574698992.980446,4551338861.973804,4527945475.858164,4504519146.247221,4481060190.374437,4457568931.145773,4434045697.192332,4410490822.922837,4386904648.575941,4363287520.272361,4339639790.06675,4315961815.9993725,4292253962.147456,4268516598.6762695,4244750101.889833,4220954854.2812977,4197131244.582901,4173279667.8154974,4149400525.337623,4125494224.8940496,4101561180.663804,4077601813.307632,4053616550.014817,4029605824.549346,4005570077.295405,3981509755.302115,3957425312.3274894,3933317208.881553,3909185912.2686114,3885031896.6285768,3860855642.977332,3836657639.246068,3812438380.3195367,3788198368.0732055,3763938111.4091935,3739658126.290987,3715358935.776848,3691041070.051875,3666705066.458622,3642351469.526249,3617980830.9981337,3593593709.8578258,3569190672.353371,3544772292.019827,3520339149.7000017,3495891833.563239,3471430939.1222706,3446957069.247987,3422470834.1820745,3397972851.547457,3373463746.356385,3348944151.0162115,3324414705.3326125,3299876056.510313,3275328859.151101,3250773775.249125,3226211474.1833234,3201642632.706909,3177067934.9338245,3152488072.3220186,3127903743.65349,3103315655.010951,3078724519.751036,3054131058.4739094,3029535998.989182,3004940076.27801,2980344032.4512706,2955748616.7036715,2931154585.263677,2906562701.3391566,2881973735.058592,2857388463.4077044,2832807670.1614294,2808232145.811031,2783662687.486284,2759100098.872541,2734545190.1225634,2709998777.762984,2685461684.595233,2660934739.590787,2636418777.780641,2611914640.1387577,2587423173.459459,2562945230.228505,2538481668.487775,2514033351.6933684,2489601148.5669794,2465185932.9403663,2440788583.592803,2416409984.081302,2392051022.563497,2367712591.612982,2343395588.026996,2319100912.6262603,2294829470.046792,2270582168.523617,2246359919.6661234,2222163638.224974,2197994241.850388,2173852650.841628,2149739787.887622,2125656577.7984407,2101603947.227605,2077582824.384997,2053594138.7403216,2029638820.716884,2005717801.37564,1981832012.0893369,1957982384.2066703,1934169848.7063053,1910395335.84069,1886659774.7695348,1862964093.182889,4317652312.313975,4288416891.9916058,4259133140.9696026,4229801233.47472,4200421354.72303,4170993701.257434,4141518481.292635,4111995915.067608,4129896961.206034,4099353932.7741046,4068767062.1530976,4038136649.79108,4007463008.161128,3976746462.076181,3945987349.009491,3812108180.124496,3782568358.998953,3752993113.491677,3723382858.6445694,3693738022.7283607,3664059047.528164,3456170656.817295,3424537106.313745,3392893071.3703914,3361239240.359961,3329576313.330985,3297905002.1654253,3266226030.7365503,3283944291.9087086,3250125396.009397,3216298303.043313,3182464039.3357635,3148623654.1211944,3114778220.0504017,2384841962.1670475,2349017271.939325,2313214258.33577,2277434786.9543524,2241680762.9214563,2205954131.7485023,2671715357.8742824,2640550617.7391624,2609399616.685636,2578263737.308317,2547144400.160492,2516043064.4952765,2484961228.9989395,2328335118.833422,2295206497.0824146,2262146431.468193,2229157033.413614,2196240447.2926188,2163398850.621024,2130634454.2223616,2097949502.3666,2065346272.879787,2032827077.2223234,2000394260.5335321,1968050201.640091,1935797313.0256863,1903638040.7592049,1871574864.3784914,1839610296.7267118,1807746883.738052,1775987204.1693594,1744333869.274201,1712789522.4154744,1681356838.6126812,1650038524.019586,1618837315.3278246,1587755979.0917883,1556797310.969804,1525964134.876327,1495259302.039646,1464685689.9591966,1434246201.2562037,1403943762.4111536,1373781322.3810463,1343761851.089003,1313888337.7784014,1284163789.2231948,1254591227.7855155,1225173689.311191,1195914220.8531442,1166815878.21204,1137881723.28288,1109114821.1954806,1080518237.2360227,1052095033.5360373,1023848265.5142298,995780978.0557233,967896201.4121201,940196946.8048224,912686201.7128365,885366924.8250158,858242040.6354071,831314433.6589525,804586942.2432864,778062351.9507397,751743388.4830315,725632710.11927,699732899.6360216,674046455.6761853,648575783.531295,623323185.2996937,598290849.3805953,573480839.2617829,548895081.5559859,524535353.2384796,500403268.03570783,476500261.91184604,452827577.5974895,429386248.10161924,406177079.14501095,383200630.4502902,360457195.820716,337946781.9367399,315669085.79619515,293623470.72099364,271808940.8498604,250224114.03347206,228867193.0449028,207735935.01464224,186827618.99529397,166139011.55640662,145666330.30420256,125405205.2137115,105350637.65198314,85496956.95877218,65837774.43524802,46365934.56993139,27073463.30201912,7951513.083613396,-11009695.550008297,-29820936.262605906,-48494043.50551176,-67041983.989822865,-85478933.78307319,-103820361.98600447,-122083122.22681022,-140285553.5775411,-158447592.9754362,-176590901.85126328,-194739010.46747744,-212917484.50142193,-231154119.7370999,-249479172.43547702,-267925635.14263225,-286529570.5014303,-305330519.2283853,-324372003.0240177,-343702149.0881289,-363374470.4778569,-383448846.2509227,-403992757.78806984,-425082853.6696706,-446806935.9871955,-469266487.25423217,-492579890.6954962,-516886539.50158536,-542352084.78403,-569175139.7062316,-597595840.5645623,-627906765.2306031,-660466823.1364472,-695718850.1802695,-734211744.6050115,-776628018.1680484,-823817513.0515647,-876837556.6315293,-936998622.405413,-1005911927.5350559,-1085529975.0136216,-1178160245.3346133,-1286410939.7857409,-1412985212.405367,-1560152237.1009686,-1728525637.7198877,-1914280762.9318192,-2102523788.8978786,-2250235975.5122566,-2240332741.226876,-1776149699.9596775,-489399990.5203008,0.0
2885.0,4414411498.147438,4391491449.008732,4368539813.373215,4345556899.080482,4322543019.454872,4299498493.35857,4276423645.244688,4253318805.210324,4230184309.049549,4207020498.306342,4183827720.327423,4160606328.314953,4137356681.379133,4114079144.590597,4090774089.032666,4067441891.853337,4044082936.317085,4020697611.85636,3997286314.122834,3973849445.03829,3950387412.845181,3926900632.15681,3903389524.007083,3879854515.89984,3856296041.857697,3832714542.470376,3809110464.942486,3785484263.140727,3761836397.6404777,3738167335.7717023,3714477551.66418,3690767526.2919774,3667037747.517144,3643288710.1325817,3619520915.904048,3595734873.611203,3571931099.087756,3548110115.26054,3524272452.1875405,3500418647.0948267,3476549244.41228,3452664795.808111,3428765860.2221217,3404853003.8975863,3380926800.4117684,3356987830.7049727,3333036683.1080647,3309073953.368439,3285100244.6743035,3261116167.677278,3237122340.513196,3213119388.821051,3189107945.7600374,3165088652.024557,3141062155.8572006,3117029113.059534,3092990187.0006685,3068946048.623549,3044897376.448797,3020844856.5761194,2996789182.683136,2972731056.0215592,2948671185.410628,2924610287.2277126,2900549085.3959966,2876488311.369125,2852428704.112752,2828371010.0828366,2804315983.200658,2780264384.8243804,2756216983.7170987,2732174556.011244,2708137885.169256,2684107761.9403896,2660084984.3135653,2636070357.4661264,2612064693.7084136,2588068812.424012,2564083540.005584,2540109709.7861247,2516148161.9655623,2492199743.532548,2468265308.181309,2444345716.223489,2420441834.494753,2396554536.2561297,2372684701.0898933,2348833214.789871,2325000969.246057,2301188862.323392,2277397797.734549,2253628684.906656,2229882438.841733,2206159979.970792,2182462234.001409,2158790131.758661,2135144609.019276,2111526606.3388724,2087937068.8721669,2064376946.185996,2040847192.065016,2017348764.309996,1993882624.528516,1970449737.918006,1947051073.04094,1923687601.592136,1900360298.1579635,1877070139.9674327,1853818106.634991,1830605179.894945,1807432343.3274207,1784300582.0757418,1761210882.555153,1738164232.152828,1715161618.9190423,1692204031.249464,3915298674.531613,3886525963.779538,3857700385.378689,3828822042.4989367,3799891049.750903,3770907533.576736,3741871632.650463,3712783498.287988,3718470578.7236094,3688352264.091065,3658184679.165136,3627968046.399567,3597702601.132554,3567388591.981349,3537026281.2456226,3419421473.7439976,3390261357.960976,3361060939.352375,3331820585.1228848,3302540677.211152,3273221612.6623564,3041357311.915387,3010241555.6560736,2979112165.1950674,2947969801.148689,2916815138.0200205,2885648864.4765635,2854471683.6325407,2876457179.484531,2843307054.3135023,2810146536.2685347,2776976651.45131,2743798452.7795124,2710613020.6874065,1962410259.859456,1927638977.070096,1892892335.3191483,1858172285.0854056,1823480822.4810088,1788819990.3579984,2275843063.46295,2245369605.952516,2214908506.272108,2184461251.826412,2154029374.602571,2123614452.1307533,2093218108.4431376,1920900992.6917067,1888687489.3820877,1856545153.3862221,1824476320.5006068,1792483370.6873293,1760568728.632857,1728734864.290385,1696984293.4036875,1665319578.0104156,1633743326.9225187,1602258196.1814246,1570866889.4853952,1539572158.5863295,1508376803.6531103,1477283673.598397,1446295666.365569,1415415729.1723208,1384646858.7071564,1353992101.2748222,1323454552.8864214,1293037359.2896905,1262743715.9346564,1232576867.86947,1202540109.5610337,1172636784.6344857,1142870285.5253606,1113244053.0377498,1083761575.8013523,1054426389.6197894,1025242076.7020862,996212264.7685986,967340626.0220705,938630875.973882,910086772.1147583,881712112.4185479,853510733.6667314,825486509.5805123,797643348.7463472,769985192.3196726,742516011.4905306,715239804.6934956,688160594.5430044,661282424.4737277,634609355.0640808,608145460.0192388,581894821.7881824,555861526.7873843,530049660.2014314,504463300.3286847,479106512.43746316,453983342.09548295,429097807.9323338,404453893.7915449,380055540.2252661,355906635.2808614,332011004.5246197,308372400.24336815,284994489.7600409,261880842.79413867,239034917.7924875,216460047.14983332,194159421.23237336,172136071.1106212,150392849.9006319,128932412.60489774,107757194.33592296,86869386.79673505,66270912.88318229,45963399.26313472,25948146.777258873,6226098.495157242,-13202194.750758886,-32336611.543102264,-51177499.97097492,-69725720.84967613,-87982694.29648471,-105950449.90397024,-123631680.76608753,-141029801.62660122,-158149011.4339378,-174994360.6013391,-191571823.286597,-207888375.02136278,-223952076.0365498,-239772160.64797354,-255359133.08524752,-270724870.16806734,-285882731.25774705,-300847675.9394479,-315636389.9229243,-330267419.6883447,-344761316.4500625,-359140790.0667498,-373430873.59207165,-387659099.2366501,-401855686.5982864,-416053744.11015904,-430289484.74810576,-444602457.11416554,-459035793.04992855,-473636472.88987875,-488455609.27846265,-503548750.04747415,-518976199.83376765,-534803358.689566,-551101073.5701164,-567945994.795282,-585420923.6726211,-603615128.4283521,-622624591.9656615,-642552134.679751,-663507325.6538074,-685606051.8715401,-708969551.7730384,-733722628.4629707,-759990628.1111623,-787894585.8068713,-817543685.2321863,-849023826.48159,-882380621.6177874,-917594515.0707371,-954544942.8385693,-992959521.1095467,-1032343282.8418123,-1071882179.3494687,-1110314842.7463036,-1145767559.2644382,-1175549995.040012,-1195912455.4318857,-1201762971.623465,-1186313294.8739603,-1140517920.1509147,-1051935105.1872618,-902523304.7424716,-667209928.7425529,-332547216.6829621,-29579011.16779855,0.0
2884.0,4188910118.5103593,4166361347.5782137,4143783523.282584,4121176963.9525633,4098541993.401628,4075878940.980988,4053188141.632923,4030469935.944231,4007724670.199607,3984952696.43506,3962154372.4912777,3939330062.066964,3916480134.772108,3893604966.181144,3870704937.886049,3847780437.5492887,3824831858.9566,3801859602.0696335,3778864073.07839,3755845684.4534254,3732804854.9978313,3709742009.898924,3686657580.7796535,3663552005.7496777,3640425729.456101,3617279203.1338034,3594112884.6553698,3570927238.5805864,3547722736.205451,3524499855.610668,3501259081.7096148,3478000906.2957206,3454725828.0892262,3431434352.783324,3408126993.089561,3384804268.7825413,3361466706.7438807,3338114841.0052843,3314749212.790858,3291370370.5584464,3267978870.04009,3244575274.28143,3221160153.6801577,3197734086.023306,3174297656.523452,3150851457.853722,3127396090.181547,3103932161.201164,3080460286.164716,3056981087.912,3033495196.898727,3010003251.223276,2986505896.651847,2963003786.641989,2939497582.3644366,2915987952.723123,2892475574.3734136,2868961131.738399,2845445317.023227,2821928830.2273684,2798412379.154794,2774896679.4219413,2751382454.463407,2727870435.5353007,2704361361.716188,2680855979.905496,2657355044.819366,2633859318.9838147,2610369572.7251496,2586886584.157543,2563411139.167675,2539944031.396356,2516486062.217043,2493038040.711163,2469600783.6401167,2446175115.4139137,2422761868.056319,2399361881.166389,2375976001.8763623,2352605084.80573,2329249992.011435,2305911592.9340844,2282590764.3400493,2259288390.25939,2236005361.91944,2212742577.674021,2189500942.9281063,2166281370.0578423,2143084778.3258736,2119912093.7917843,2096764249.217576,2073642183.968109,2050546843.906335,2027479181.2832248,2004440154.622336,1981430728.5988348,1958451873.9129024,1935504567.1573925,1912589790.6796985,1889708532.437604,1866861785.8491304,1844050549.6362047,1821275827.6620567,1798538628.762288,1775839966.5694284,1753180859.330992,1730562329.7208328,1707985404.6438053,1685451115.033574,1662960495.6435318,1640514584.8307276,1618114424.3327546,1595761059.0374906,1573455536.7457,1551198907.926366,1528992225.4647603,3518182776.012015,3489897008.214594,3461554233.233371,3433154491.64349,3404697836.013072,3376184331.3468714,3347614055.541577,3318987099.8529005,3312601378.65489,3282938281.3650084,3253220987.098371,3223449651.913557,3193624445.805416,3163745553.181509,3133813173.3505588,3032676789.2407618,3003925866.934232,2975130229.224202,2946290205.100657,2917406139.9218926,2888478395.8743668,2636441148.385022,2605893291.833894,2575329227.974649,2544749602.695745,2514155078.2420487,2483546333.616746,2452924064.992342,2480452114.98478,2448036335.222685,2415608633.630511,2383170047.290513,2350721644.0861626,2318264523.591518,1562450562.2503448,1528863484.512565,1495305080.787314,1461777398.3562274,1428282536.1650653,1394822646.166504,1891757298.7024684,1862030191.254424,1832314540.033086,1802611934.7350464,1772924015.835619,1743252475.7584114,1713599060.0498598,1527198231.1055522,1495962013.3861425,1464799732.367125,1433713939.738924,1402707242.0593028,1371782301.6657064,1340941837.5798783,1310188626.4028056,1279525503.1979222,1248955362.3603597,1218481158.4698386,1188105907.1246343,1157832685.7538729,1127664634.4052017,1097604956.5046651,1067656919.5853662,1037823855.9813473,1008109163.4826592,978516305.9475584,949048813.8672442,919710284.8783822,890504384.2181976,861434845.1166272,832505469.1195772,803720126.336866,775082755.608047,746597364.5787061,718268029.6793495,690098895.9983556,662094177.0398508,634258154.3567086,606595177.0480145,579109661.1096938,551806088.6259354,524689006.7882587,497763026.7278886,471032822.14612174,444503127.72599924,418178737.3074051,392064501.8061589,366165326.85616875,340486170.15196705,315032038.4670774,289807984.3216585,264819102.2706095,240070524.7809552,215567417.6646582,191314975.03013837,167318413.7126546,143582967.14027143,120113878.58843184,96916393.77203655,73995752.71957564,51357180.86897373,29005879.31956768,6947014.168913841,-14814295.143071651,-36272988.5669322,-57424079.34509778,-78262669.18142605,-98783964.78711629,-118983295.92040586,-138856135.04765582,-158398118.7640884,-177605071.12420583,-196473029.04417634,-214998269.95194912,-233177341.8748076,-251007096.1691959,-268484723.1133132,-285607790.599689,-302374286.1821048,-318782662.74921465,-334831888.11549497,-350521498.838814,-365851658.5925555,-380823221.4385028,-395437800.3644705,-409697841.4668865,-423606704.1733606,-437168747.91205263,-450389425.64313495,-463275384.6713054,-475834575.1555989,-488076366.72221875,-500011673.56499076,-511653088.38402236,-523015025.4619678,-534113873.1050625,-544968155.575906,-555598704.5097407,-566028839.6246616,-576284558.2949765,-586394733.2368999,-596391317.1310533,-606309552.4413894,-616188183.9365227,-626069670.4094688,-636000390.7315145,-646030837.5352734,-656215789.3187073,-666614448.3428212,-677290527.007172,-688312258.9364935,-699752302.1119854,-711687489.0764742,-724198362.2057009,-737368408.4260899,-751282875.0226994,-766027002.8015879,-781683450.0145708,-798328593.5143518,-816027273.6250541,-834825384.1659317,-854739483.0791665,-875742291.7069001,-897742536.4870965,-920557035.9955859,-943872218.2152985,-967191344.8420539,-989762625.9712442,-1010482202.0889916,-1027764869.4217709,-1039374938.7526116,-1042210803.0538206,-1032041680.067684,-1003207294.1285324,-948317400.6265085,-858038973.6937476,-721154237.0789652,-525256878.55254364,-258867614.69027627,83057887.37481824,484162517.3768185,862580702.9540969,952911622.2896142,310442541.00332177,0.0
2883.0,3968392107.023688,3946245661.8716097,3924072644.8566346,3901873382.494229,3879648206.760724,3857397455.1469903,3835121470.712255,3812820602.1379714,3790495203.781828,3768145635.7317753,3745772263.860149,3723375459.877792,3700955601.388261,3678513071.941964,3656048261.09037,3633561564.44013,3611053383.7071896,3588524126.770831,3565974207.7276435,3543404046.945384,3520814071.116713,3498204713.31282,3475576413.0368366,3452929616.277125,3430264775.5603094,3407582350.004112,3384882805.369894,3362166614.114976,3339434255.4445915,3316686215.363548,3293922986.7275124,3271145069.2939053,3248352969.772392,3225547201.874916,3202728286.365264,3179896751.1081023,3157053131.117499,3134197968.604844,3111331813.0261908,3088455221.1289177,3065568756.997745,3042672992.099999,3019768505.330162,2996855883.053576,2973935719.1493616,2951008615.052434,2928075179.794594,2905136030.044695,2882191790.147749,2859243092.1630344,2836290575.9010787,2813334888.9594955,2790376686.7576494,2767416632.5700326,2744455397.5584183,2721493660.802592,2698532109.329734,2675571438.142333,2652612350.244569,2629655556.6671786,2606701776.4906354,2583751736.866701,2560806173.0381937,2537865828.356964,2514931454.3000093,2492003810.483643,2469083664.6756754,2446171792.805513,2423268978.972146,2400376015.4499264,2377493702.692069,2354622849.331808,2331764272.1811504,2308918796.227136,2286087254.625524,2263270488.691848,2240469347.8897552,2217684689.8165493,2194917380.1858573,2172168292.8073463,2149438309.5634093,2126728320.3827229,2104039223.2106104,2081371923.9761405,2058727336.5558183,2036106382.7338848,2013509992.1590064,1990939102.297408,1968394658.382244,1945877613.3592284,1923388927.828309,1900929569.9814348,1878500515.5362391,1856102747.665567,1833737256.922784,1811405041.162768,1789107105.4584846,1766844462.013064,1744618130.0673285,1722429135.802633,1700278512.2389696,1678167299.128258,1656096542.8427093,1634067296.2582395,1612080618.6327972,1590137575.479565,1568239238.4349654,1546386685.1214018,1524580999.0046473,1502823269.2458508,1481114590.5480876,1459456062.997396,1437848791.8982668,1416293887.603538,1394792465.3386552,1373345645.0202446,3127588726.177376,3099823180.228411,3071997012.83752,3044110211.871581,3016162777.852609,2988154724.4538727,2960086079.009669,2931956883.038924,2913774718.2910576,2884608357.1848288,2855383532.740682,2826100348.0438805,2796758921.3687286,2767359386.738644,2737901894.5014105,2653236328.04392,2624934350.7677584,2596583850.473865,2568185129.0016365,2539738506.328309,2511244321.116289,2242958374.487324,2213037859.8693743,2183099261.069072,2153143223.066474,2123170409.900205,2093181505.1961167,2063177212.7094293,2097395271.4326108,2065786471.661802,2034164954.172256,2002531777.2199304,1970888033.8333488,1939234852.8830776,1186399835.8024242,1154128059.2321844,1121889966.7495947,1089687709.1911092,1057523494.801908,1025399590.7937754,1521020671.4156349,1492102030.2282696,1463194437.3062522,1434299579.6645815,1405419200.768383,1376555101.8976402,1347709143.5237195,1148935916.072386,1118742339.4140475,1088625519.3836799,1058588207.7106216,1028633220.8754795,998763441.3508649,968981818.8429773,939291371.5322533,909695187.3110709,880196425.0164546,850798315.655469,821504163.6207952,792317347.8939095,763241323.2328866,734279621.3417944,705435852.0183023,676713704.2758747,648116947.4367107,619649432.1911815,591315091.6192738,563117942.169189,535062084.5878191,507151704.79747665,479391074.7128024,451784552.9912503,424336585.7101506,397051706.9626796,369934539.36454105,342989794.4625319,316222273.0353868,289636865.2766372,263238550.848343,237032398.7936436,211023567.2951939,185217303.2653854,159618941.75320745,134233905.15128016,109067702.1852839,84125926.66651273,59414255.98662329,34938449.33196211,10704345.592865944,-13282139.058753729,-37015013.95253205,-60488217.094986916,-83695618.77134347,-106631025.61109447,-129288185.15789819,-151660790.98796296,-173742488.42507052,-195526880.90465498,-217007537.04413962,-238177998.48181748,-259031788.5523541,-279562421.87295914,-299763414.9212413,-319628297.6929152,-339150626.5356879,-358323998.2643006,-377142065.6711607,-395598554.557389,-413687282.4201124,-431402178.9439955,-448737308.45787597,-465686894.53140116,-482245346.9014089,-498407290.93384004,-514167599.8437538,-529521429.9140167,-544464258.9718773,-558991928.4022493,-573100688.9966013,-586787250.956949,-600048838.3950293,-612883248.6872013,-625288917.0650021,-637264986.8395576,-648811385.6737984,-659928908.3288132,-670619306.3187271,-680885384.9097509,-690731107.8924488,-700161710.5383949,-709183821.1205989,-717805591.3272116,-726036835.8249928,-733889181.126986,-741376223.7792548,-748513697.6955113,-755319650.2220709,-761814626.1938312,-768021858.8229012,-773967465.7187515,-779680647.6359335,-785193886.6363178,-790543139.1746068,-795768018.0859618,-800911955.4617953,-806022335.7938001,-811150585.3453772,-816352199.1985482,-821686681.4501296,-827217366.084809,-833011075.4415017,-839137558.9666417,-845668635.823179,-852676939.1372454,-860234124.8195852,-868408360.741957,-877260848.1742646,-886841040.8611792,-897180109.9938905,-908282045.0824392,-920111567.5819,-932577748.4088612,-945511840.2402105,-958637334.7432059,-971529605.6487976,-983561676.4315915,-993831648.3973947,-1001066177.0668873,-1003493225.9443924,-998676494.30797,-983304147.1453196,-952927271.6637585,-901651768.2144743,-821806685.758683,-703652656.9248219,-535275450.60004395,-302969548.6027551,7264498.98806946,405813676.5307912,890298487.8451043,1424515693.991861,1889874668.119206,1983313317.1090705,1100403625.578912,0.0
2882.0,3753148319.947248,3731433496.792245,3709694518.619476,3687931717.821135,3666145432.204459,3644336005.045889,3622503785.145399,3600649126.881019,3578772390.2635274,3556873940.9913034,3534954150.50532,3513013396.0442924,3491052060.699952,3469070533.472409,3447069209.32567,3425048489.2431946,3403008780.2835674,3380950495.636211,3358874054.677177,3336779883.0249405,3314668412.596248,3292540081.6619544,3270395334.902844,3248234623.4654446,3226058405.017802,3203867143.805167,3181661310.7056184,3159441383.285614,3137207845.855383,3114961189.524223,3092701912.255608,3070430518.922151,3048147521.360332,3025853438.425069,3003548796.0439634,2981234127.271344,2958909972.3420057,2936576878.724613,2914235401.1747885,2891886101.787824,2869529550.0510063,2847166322.8954983,2824797004.7478247,2802422187.5808163,2780042470.9640923,2757658462.1139946,2735270775.942929,2712880035.108162,2690486870.0599127,2668091919.088838,2645695828.372776,2623299252.0227823,2600902852.1283727,2578507298.8019567,2556113270.2224445,2533721452.6779385,2511332540.607517,2488947236.64206,2466566251.644039,2444190304.746284,2421820123.3896394,2399456443.3595085,2377100008.8211765,2354751572.3539524,2332411894.9840007,2310081746.215864,2287761904.0626388,2265453155.074677,2243156294.366886,2220872125.644451,2198601461.2270207,2176345122.0712523,2154103937.791675,2131878746.679848,2109670395.721668,2087479740.612915,2065307645.772808,2043154984.3556795,2021022638.2605724,1998911498.1387925,1976822463.3993025,1954756442.2119367,1932714351.508329,1910697116.9805489,1888705673.0773208,1866740962.9978287,1844803938.6829743,1822895560.8040912,1801016798.7489882,1779168630.605318,1757352043.1411605,1735568031.7827592,1713817600.5894015,1692101762.225277,1670421537.9283516,1648777957.4761364,1627172059.1482892,1605604889.6859944,1584077504.2480843,1562590966.363785,1541146347.8820577,1519744728.9174886,1498387197.7926393,1477074850.9768157,1455808793.0211942,1434590136.4902492,1413420001.8894343,1392299517.5890803,1371229819.744429,1350212052.211782,1329247366.4607325,1308336921.482406,1287481883.6937077,1266683426.8375523,1245942731.8790152,1225260986.8973918,2744772939.978652,2717569533.995136,2690302533.21996,2662971883.851967,2635577545.521264,2608119491.8371987,2580597710.951934,2553012206.139841,2523440020.179888,2494822342.419272,2466142736.757432,2437401268.121457,2408598018.079891,2379733085.4875126,2350806587.1485014,2282424010.643806,2254620407.0849795,2226765201.212488,2198858679.871172,2170901149.947302,2142892939.0032544,1862346763.10594,1833121206.365261,1803876479.1415403,1774613239.5259068,1745332167.5625155,1716033965.9043732,1686719360.4869273,1728627769.0222163,1697904192.2342615,1667167873.4605908,1636419900.791633,1605661400.9482796,1574893540.5187228,835396293.4159526,804567922.7726811,773779079.3651279,743032018.3035091,712329057.343378,681672578.6300689,1165069184.398138,1137026863.7648315,1108995675.2570145,1080977395.8048258,1052973863.8443536,1024986980.8602896,997018712.9472276,787665405.6033983,758581641.0841495,729577385.8771789,700655568.8710465,671819192.4926839,643071334.2415993,614415148.2331218,585853866.7489055,557390801.7930547,529029346.65186334,500772977.45511603,472625254.7365947,444589824.99139833,416670422.22733176,388870869.5074744,361195080.4807502,333647060.8971257,306230910.1036979,278950822.5177399,251811089.07229996,224816098.62982202,197970339.35861683,171278400.06686258,144744971.4881971,118374847.51257658,92172926.35559797,66144211.65880442,40293813.51310444,14626949.396564245,-10851054.982658863,-36134764.94836664,-61218636.23424721,-86097014.4894278,-110764134.92445254,-135214122.11145043,-159440989.95348763,-183438641.83927035,-207200871.00078702,-230721361.09296012,-253993687.01596522,-277011316.0027411,-299767608.9960396,-322255822.3416302,-344469109.8265085,-366400525.09357953,-388043024.4670553,-409389470.2258897,-430432634.3659959,-451165202.89557505,-471579780.71211433,-491668897.1138766,-511425012.00373673,-530840522.84846973,-549907772.4624887,-568619057.6914675,-586966639.0782347,-604942751.6010284,-622539616.5825763,-639749454.8775258,-656564501.4557128,-672977021.5094817,-688979328.2249455,-704563802.3696499,-719722913.8626821,-734449245.5077605,-748735519.0854764,-762574624.017226,-775959648.8309872,-788883915.6772616,-801341018.1626205,-813324862.7878394,-824829714.297541,-835850245.268053,-846381590.2795805,-856419405.0370171,-865959930.820164,-875000064.6576577,-883537435.6285065,-891570487.6989965,-899098569.4992061,-906122031.4298048,-912642330.463412,-918662142.9616616,-924185485.7648604,-929217845.7199193,-933766317.6869302,-937839750.8969463,-941448903.3116213,-944606603.346602,-947327917.9469016,-949630325.5231863,-951533891.645262,-953061444.6084751,-954238746.9963241,-955094658.1007559,-955661280.457343,-955974081.7096326,-956071980.410344,-955997381.0322235,-955796139.1812665,-955517432.4918264,-955213505.5552806,-954939247.9822452,-954751552.6443691,-954708385.3794695,-954867476.7639059,-955284519.3463476,-956010717.8522778,-957089492.4650241,-958552072.6155152,-960411635.8568287,-962655536.991031,-965235028.5101475,-968051684.4054233,-970939493.084583,-973641267.1594207,-975777613.0119787,-976806198.0768028,-975968443.6537104,-972220071.707305,-964141207.4674165,-949821141.983586,-926712732.575619,-891452467.2022442,-839645834.9305148,-765626544.8366597,-662217573.6118875,-520562148.42282915,-330173178.0212965,-79507637.8880626,242325137.75288475,641570491.6382295,1111618362.88516,1618429359.7362397,2081906289.1395385,2370036070.3584538,2184101500.7895293,0.0
2881.0,3543441911.460624,3522186247.2934265,3500908768.8059063,3479609811.968045,3458289718.097588,3436948833.914744,3415587511.5971403,3394206108.8350897,3372804988.8870964,3351384520.6356297,3329945078.6431656,3308487043.2084484,3287010800.423037,3265516742.22804,3244005266.471115,3222476776.9636707,3200931683.5382705,3179370402.106269,3157793354.7156134,3136200969.608857,3114593681.2813234,3092971930.5394626,3071336164.5593486,3049686836.945325,3028024407.7888,3006349343.727168,2984662118.002806,2962963210.522239,2941253107.915336,2919532303.5946374,2897801297.8146977,2876060597.73151,2854310717.461976,2832552178.143385,2810785507.9929047,2789011242.367073,2767229923.821284,2745442102.1692057,2723648334.542183,2701849185.4485426,2680045226.832843,2658237038.134998,2636425206.349287,2614610326.083236,2592792999.6163287,2570973836.9585485,2549153455.908713,2527332482.1126137,2505511549.1208816,2483691298.446633,2461872379.6227894,2440055450.2591314,2418241176.099011,2396430231.075684,2374623297.368324,2352821065.4575696,2331024234.1806965,2309233510.786311,2287449610.988568,2265673259.02088,2243905187.6890926,2222146138.424113,2200396861.3339105,2178658115.254924,2156930667.8028183,2135215295.422521,2113512783.437605,2091823926.098852,2070149526.6321025,2048490397.285246,2026847359.3743868,2005221243.329122,1983612888.736894,1962023144.386409,1940452868.3100529,1918902927.825272,1897374199.5749068,1875867569.5664184,1854383933.20997,1832924195.355327,1811489270.327542,1790080081.9613786,1768697563.634421,1747342658.298869,1726016318.5119145,1704719506.4647162,1683453194.009897,1662218362.6875265,1641016003.7495418,1619847118.182598,1598712716.7292314,1577613819.907377,1556551458.028131,1535526671.2117417,1514540509.401791,1493594032.3775067,1472688309.764155,1451824421.0415,1431003455.550262,1410226512.4965355,1389494700.954124,1368809139.864756,1348170958.0361328,1327581294.1377783,1307041296.6946406,1286552124.0783992,1266114944.4964662,1245730935.9786327,1225401286.361312,1205127193.2693634,1184909864.0954795,1164750515.9770627,1144650375.770615,1124610680.023611,1104632674.943787,1084717616.3658943,2370952255.66231,2344360974.944463,2317703868.0058727,2290980851.2647505,2264191855.458864,2237336826.2444286,2210415724.8124843,2183428528.52302,2142995824.6921,2114988406.9114647,2086916519.3237207,2058780204.428831,2030579523.00809,2002314554.853808,1973985399.5205057,1921512498.480624,1894265606.21905,1866964865.615826,1839610561.377105,1812203000.2788143,1784742511.8881228,1495932749.8976562,1467476626.501768,1439001104.3257122,1410506868.1987991,1381994627.9367929,1353465119.1229503,1324919103.9108963,1375355547.2179074,1345599520.5596192,1315831510.8635926,1286052642.740602,1256264083.0732183,1226467042.403293,510276294.7612209,481013310.1801322,451796339.7909882,422627737.0835384,393509922.7002362,364445386.3317834,825201785.253168,798108032.606316,771025971.9944282,743957460.5349469,716904421.2102419,689868844.5676574,662852790.4447219,444771745.6024835,416865520.4633784,389041369.9770274,361302370.96990025,333651681.2570952,306092541.42682505,278628276.6412773,251262298.4523716,223998106.6309309,196839291.0075562,169789533.32335687,142852609.08851027,116032389.44648218,89332843.04148865,62758037.886612654,36312143.229738474,9999431.414257526,-16175720.268784523,-42208827.740694046,-68095298.31120133,-93830428.87475109,-119409404.1316433,-144827294.83888412,-170079056.09608912,-195159525.67219162,-220063422.379148,-244785344.4993577,-269319768.27402496,-293661046.4603145,-317803406.9657352,-341740951.5688875,-365467654.7364948,-388977362.54735065,-412263791.7347851,-435320528.8601494,-458141029.63084626,-480718618.37767076,-503046487.7072625,-525117698.3470299,-546925179.2012606,-568461727.638756,-589720010.0341475,-610692562.5869315,-631371792.4444139,-651749979.1571229,-671819276.497705,-691571714.6772299,-710999202.9959109,-730093532.9685385,-748846381.9687998,-767249317.4406104,-785293801.7291985,-802971197.5895381,-820272774.4351399,-837189715.3962276,-853713125.2627394,-869834039.3947065,-885543433.6904058,-900832235.7110622,-915691337.0701227,-930111607.2051015,-944083908.6609001,-957599114.0249879,-970648124.6676155,-983221891.4534494,-995311437.6053818,-1006907883.9163343,-1018002476.5207386,-1028586617.4537305,-1038651898.2430655,-1048190136.7958161,-1057193417.858835,-1065654137.3483195,-1073565050.8590921,-1080919326.677396,-1087710603.6315637,-1093933054.1212573,-1099581452.666812,-1104651250.3137245,-1109138655.210809,-1113040719.65166,-1116355433.8237596,-1119081826.4436688,-1121220072.3648875,-1122771607.1204782,-1123739248.1972985,-1124127322.6228461,-1123941800.166997,-1123190431.104587,-1121882887.032299,-1120030902.6622849,-1117648415.7977285,-1114751701.7972183,-1111359497.7135758,-1107493109.894564,-1103176497.09217,-1098436318.9597669,-1093301937.1179695,-1087805352.6067927,-1081981059.3455067,-1075865787.9767098,-1069498107.9033923,-1062917847.0859323,-1056165278.8011612,-1049280011.5050735,-1042299501.4545573,-1035257086.908313,-1028179416.3819858,-1021083110.1370964,-1013970452.0780958,-1006823856.4209218,-999598787.4717538,-992214729.0070109,-984543699.531915,-976395689.1781518,-967500252.8525629,-957483335.518079,-945838238.6374797,-931889482.8294706,-914748221.7729738,-893257892.0597265,-865929078.4034295,-830863373.1685448,-785667741.6159575,-727364350.2731348,-652307444.0790054,-556131519.9314294,-433779382.8820853,-279705708.2653997,-88441231.42323941,144139594.6266333,418294151.78947437,726125335.5804237,1046941513.3940532,1352812291.215715,1656253113.7053738,2102498728.478834,0.0
2880.0,3339509222.446411,3318738500.7664924,3297948219.3829474,3277138715.571468,3256310331.8674784,3235463416.1214075,3214598321.554364,3193715406.814188,3172815036.031853,3151897578.878269,3130963410.6214194,3110012912.1838927,3089046470.2007694,3068064477.077852,3047067331.0502987,3026055436.241564,3005029202.7227325,2983989046.5721707,2962935389.935562,2941868661.086256,2920789294.485981,2899697730.845884,2878594417.1879,2857479806.906473,2836354359.830583,2815218542.286101,2794072827.158466,2772917693.955676,2751753628.871583,2730581124.8494945,2709400681.6460843,2688212805.8955684,2667018011.1741977,2645816818.065036,2624609754.222972,2603397354.4400587,2582180160.711079,2560958722.299378,2539733595.80295,2518505345.220772,2497274542.019354,2476041765.1995564,2454807601.363585,2433572644.7822323,2412337497.4623103,2391102769.214276,2369869077.720052,2348637048.6010413,2327407315.486267,2306180520.0807266,2284957312.2338624,2263738350.008171,2242524299.747974,2221315836.1482625,2200113642.3236995,2178918409.877672,2157730838.971461,2136551638.3934813,2115381525.6285665,2094221226.927308,2073071477.375444,2051933020.9632664,2030806610.655012,2009693008.4582767,1988592985.493416,1967507322.062872,1946436807.7204995,1925382241.340788,1904344431.1880271,1883324194.9853776,1862322359.983805,1841339763.0309048,1820377250.6395848,1799435679.056564,1778515914.330697,1757618832.3811002,1736745319.0650525,1715896270.245659,1695072591.8592606,1674275199.9825432,1653505020.899377,1632762991.167305,1612050057.6837058,1591367177.7515874,1570715319.1449947,1550095460.1740034,1529508589.7492845,1508955707.4462075,1488437823.5684676,1467955959.2112155,1447511146.3236313,1427104427.7709758,1406736857.3960445,1386409500.0800152,1366123431.802668,1345879739.701959,1325679522.132872,1305523888.7256136,1285413960.4430163,1265350869.6372218,1245335760.1055365,1225369787.1454866,1205454117.6090217,1185589929.95585,1165778414.3058577,1146020772.4906158,1126318218.1039217,1106671976.551382,1087083285.09895,1067553392.9204783,1048083561.144188,1028675062.8980638,1009329183.3541576,990047219.7717706,970830481.5394926,951680290.2160828,2007292318.926561,1981370489.5737169,1955381428.822094,1929325035.7095537,1903201224.58573,1877009925.7604551,1850751086.1714616,1824424670.0716715,1773775333.4105182,1746448388.7033124,1719055452.5211496,1691596561.0732477,1664071770.6542077,1636481158.4575603,1608824823.4138424,1571710703.1800694,1545086834.365428,1518407788.766631,1491673862.0837543,1464885374.2217014,1438042670.0971203,1144920060.274415,1117313271.302826,1089687752.8796067,1062044229.2338831,1034383452.6887589,1006706204.5629672,979013296.0981818,1038641189.9290042,1009937563.4509698,981223482.1802224,952500111.6099358,923768662.8271276,895030394.0304211,211576412.189174,183991775.8097544,156460058.75853252,128983700.12744404,101565209.72937226,74207170.10311437,502571748.99776936,476501849.36432064,450444650.01600325,424402076.3852714,398376123.3625593,372368857.1300397,346382417.0266453,121467312.01805091,94805782.28005457,68228590.21340251,41738925.99685335,15340066.721001625,-10964621.626657963,-37171682.15392995,-63277565.034578085,-89278625.45870018,-115171121.56420898,-140951212.35096383,-166614955.57926488,-192158305.65449286,-217577111.49995732,-242867114.42014146,-268023945.956676,-293043125.73968506,-317920059.3372824,-342650036.1062381,-367228227.0471363,-391649682.6675315,-415909330.85699415,-440001974.7781279,-463922290.7780671,-487664826.32526135,-511223997.97674966,-534594089.3815131,-557769249.3259571,-580743489.8280315,-603510684.2870119,-626064565.6964688,-648398724.9286451,-670506609.0989914,-692381520.020364,-714016612.7571633,-735404894.290443,-756539222.306016,-777412304.1184227,-798016695.7448664,-818344801.1442125,-838388871.6375201,-858141005.5279958,-877593147.9396782,-896737090.8959322,-915564473.6606908,-934066783.3673275,-952235355.9623187,-970061377.4933751,-987535885.7742827,-1004649772.461808,-1021393785.5832167,-1037758532.556603,-1053734483.7501357,-1069311976.630785,-1084481220.5577462,-1099232302.2811954,-1113555192.2125905,-1127439751.5391736,-1140875740.262105,-1153852826.245155,-1166360595.3690248,-1178388562.8950922,-1189926186.1518626,-1200962878.6674953,-1211488025.8826337,-1221491002.5891068,-1230961192.2521296,-1239888008.3860064,-1248260918.166233,-1256069468.4735508,-1263303314.578492,-1269952251.6868112,-1276006249.5775447,-1281455490.5747294,-1286290411.100851,-1290501747.0635295,-1294080583.3256612,-1297018407.5015638,-1299307168.3056908,-1300939338.653657,-1301907983.67492,-1302206833.7384057,-1301830362.5128322,-1300773869.9763486,-1299033570.1496596,-1296606683.1445003,-1293491530.8863118,-1289687635.574481,-1285195819.5725884,-1280018304.9581735,-1274158810.3880248,-1267622642.2279046,-1260416776.0287426,-1252549923.3729086,-1244032577.8280013,-1234877032.1885076,-1225097357.3085146,-1214709330.5746007,-1203730299.372314,-1192178961.6902533,-1180075042.2037244,-1167438837.701343,-1154290600.4791117,-1140649722.2520013,-1126533674.169448,-1111956650.6623886,-1096927856.1741283,-1081449364.5636435,-1065513471.5921621,-1049099452.2883528,-1032169628.6462237,-1014664651.5492772,-996497908.0637348,-977548987.6321895,-957656187.9589093,-936608128.1713034,-914134684.769429,-889897705.9438418,-863482335.1196775,-834390342.2796553,-802037692.8537523,-765759757.8645815,-724829155.1438143,-678493231.1696223,-626040547.3595909,-566908084.8890158,-500842475.3253841,-428127988.6409414,-349888751.5598911,-268457708.5523435,-187767187.5642627,-113616302.65410045,-53401908.05713342,-14297375.917917922,1623205.1711377678,3084045.893792965,2097417.8276560865,0.0
2879.0,3141560678.5818205,3121298947.169402,3101019816.223432,3080723622.0950623,3060410706.2869844,3040081415.5093474,3019736101.7361403,2999375122.2620525,2978998839.7598376,2958607622.338142,2938201843.5998163,2917781882.700736,2897348124.409101,2876900959.165225,2856440783.141844,2835967998.304893,2815483012.474821,2794986239.38836,2774478098.760874,2753959016.349146,2733429424.014719,2712889759.78775,2692340467.9313526,2671781999.0065007,2651214809.9374285,2630639364.077562,2610056131.275971,2589465587.9443774,2568868217.1246586,2548264508.5569315,2527654958.748126,2507040071.0411363,2486420355.6845,2465796329.902636,2445168517.966604,2424537451.265446,2403903668.378072,2383267715.145669,2362630144.7447534,2341991517.7606654,2321352402.261745,2300713373.8739805,2280075015.856297,2259437919.1763697,2238802682.5870275,2218169912.7032394,2197540224.079659,2176914239.288787,2156292588.9996643,2135675912.0572028,2115064855.562076,2094460074.9511936,2073862234.0788,2053272005.298125,2032690069.543675,2012117116.4140863,1991553844.2556,1971000960.2461305,1950459180.4799464,1929929230.052941,1909411843.1485257,1888907763.1241355,1868417742.5983224,1847942543.5384803,1827482937.34918,1807039704.9611013,1786613636.920617,1766205533.4799397,1745816204.6879165,1725446470.4814572,1705097160.7775264,1684769115.5657916,1664463185.0018768,1644180229.501228,1623921119.8335912,1603686737.2181008,1583477973.418993,1563295730.8419018,1543140922.6307983,1523014472.7655003,1502917316.159803,1482850398.7601995,1462814677.6452036,1442811121.1252627,1422840708.8432343,1402904431.875494,1383003292.8335516,1363138305.9663043,1343310497.2627916,1323520904.5555642,1303770577.624543,1284060578.301463,1264391980.5748167,1244765870.6953423,1225183347.2820003,1205645521.4284632,1186153516.8100872,1166708469.7913425,1147311529.5337408,1127963858.104169,1108666630.583686,1089421035.1767032,1070228273.3205924,1051089559.795666,1032006122.8355066,1012979204.2376482,994010059.474597,975099957.8051229,956250182.3858602,937462030.383152,918736813.0851316,900075856.0140237,881480499.0386145,862952096.486916,844492017.2589346,826101644.9395684,1654896425.1560128,1629707847.859339,1604451526.2025228,1579127354.403533,1553735243.0733967,1528275119.9122088,1502746930.4260042,1477150638.6650095,1417032690.234412,1390463902.8110647,1363828694.7217283,1337127111.8993535,1310359222.2961938,1283525116.7786934,1256624910.0497217,1234151986.9983158,1208224347.1832647,1182241181.681754,1156202810.1560786,1130109578.688026,1103961860.668907,810380016.8858562,783706368.6068816,757015569.5319271,730308394.4522005,703585649.3601003,676848172.4641677,650096835.2330704,719397757.9635352,691832341.0006474,664258729.4661344,636678131.5288302,609091803.855955,581501053.2376119,-60459583.47993684,-86264508.00679111,-112009441.8487711,-137691879.91858077,-163309243.96684384,-188858880.5142181,198179905.82670188,173210837.08569002,148255887.65312076,123317037.50703168,98396338.85606146,73495918.08057904,48617977.710484505,-181212470.9669428,-206563706.47711015,-231828746.781487,-257004327.08054948,-282087091.39892364,-307073590.4537599,-331960279.49521875,-356743516.1199949,-381419558.0588143,-405984560.9389987,-430434576.0232949,-454765547.9262905,-478973312.3098471,-503053593.55909824,-527002002.44075966,-550814033.7455709,-574485063.916904,-598010348.6677079,-621385020.5881052,-644604086.7462502,-667662426.285094,-690554788.018029,-713275788.0265815,-735819907.2634778,-758181489.1647806,-780354737.2749379,-802333712.8888996,-824112332.7158341,-845684366.5691133,-867043435.0877566,-888183007.4947801,-909096399.3982825,-929776770.6415439,-950217123.2088721,-970410299.1943386,-990348978.8411412,-1010025678.6598461,-1029432749.6343768,-1048562375.5253079,-1067406571.280663,-1085957181.5653262,-1104205879.4209132,-1122144165.068966,-1139763364.8713686,-1157054630.4629924,-1174008938.0728521,-1190617088.0514498,-1206869704.623537,-1222757235.8871276,-1238269954.081629,-1253397956.1498258,-1268131164.6209743,-1282459328.8445656,-1296372026.6073048,-1309858666.168848,-1322908488.7552629,-1335510571.552905,-1347653831.2496061,-1359327028.174449,-1370518771.0924554,-1381217522.715742,-1391411605.998604,-1401089211.290148,-1410238404.4248376,-1418847135.838337,-1426903250.803564,-1434394500.8895836,-1441308556.7539375,-1447633022.3870072,-1453355450.9347901,-1458463362.2339463,-1462944262.1995227,-1466785664.2111156,-1469975112.6467862,-1472500208.7149396,-1474348638.7317817,-1475508204.9846542,-1475966859.3081849,-1475712739.478766,-1474734208.501536,-1473019896.819861,-1470558747.4174337,-1467340063.7033458,-1463353559.9667094,-1458589414.0539398,-1453038321.7525022,-1446691552.1524138,-1439541002.9924808,-1431579254.6725934,-1422799621.2154331,-1413196195.9785674,-1402763889.3381095,-1391498454.8744493,-1379396499.7752147,-1366455474.2185042,-1352673633.401021,-1338049964.6269712,-1322584070.4798405,-1306275997.5809531,-1289125998.8395133,-1271134215.497928,-1252300263.8052654,-1232622710.0199637,-1212098416.9730818,-1190721746.1016135,-1168483601.4113803,-1145370307.313286,-1121362322.245355,-1096432806.6888752,-1070546090.8391575,-1043656128.420491,-1015705085.5161867,-986622306.1093203,-956324032.3164678,-924714455.0750675,-891688954.8877537,-857140794.846981,-820973091.5771674,-783118664.8127382,-743571408.246395,-702434178.7390046,-659989871.3859147,-616804224.6612551,-573870616.6436914,-532807766.4620415,-496118868.60599244,-467511214.3406957,-452250849.0352073,-457472249.8022031,-492251572.5505371,-567042963.9766197,-691745119.6403053,-871401601.9858862,-1099678200.5292134,-1358065323.5998096,-1651410235.6767688,-2099549094.616696,0.0
2878.0,2949781685.228504,2930051284.357786,2910305542.867035,2890544794.0081744,2870769376.056906,2850979632.369207,2831175911.438404,2811358566.952855,2791527957.854208,2771684448.396272,2751828408.204478,2731960212.3359723,2712080241.3403406,2692188881.3209176,2672286523.996804,2652373566.7654443,2632450412.7659383,2612517470.9429493,2592575156.1113315,2572623889.021393,2552664096.424874,2532696211.1416063,2512720672.126866,2492737924.539464,2472748419.8105364,2452752615.71307,2432750976.4321694,2412743972.636071,2392732081.5479217,2372715787.018314,2352695579.598617,2332671956.615075,2312645422.2437286,2292616487.586133,2272585670.745901,2252553496.906064,2232520498.407316,2212487214.8270526,2192454193.0593424,2172421987.395716,2152391159.6069,2132362279.0253973,2112335922.629044,2092312675.125429,2072293129.0373125,2052277884.78896,2032267550.793448,2012262743.540968,1992264087.6881003,1972272216.1481152,1952287770.182276,1932311399.4921887,1912343762.3132043,1892385525.5088625,1872437364.6664464,1852499964.193601,1832574017.416072,1812660226.676576,1792759303.4347773,1772871968.368459,1752998951.4758203,1733140992.1790018,1713298839.428764,1693473251.8104112,1673664997.6509428,1653874855.127429,1634103612.376677,1614352067.606154,1594621029.2062,1574911315.863577,1555223756.676304,1535559191.269861,1515918469.9147246,1496302453.6453023,1476712014.380216,1457148035.044003,1437611409.6902485,1418103043.6260982,1398623853.53827,1379174767.6204722,1359756725.7023234,1340370679.379736,1321017592.1467943,1301698439.5291586,1282414209.218946,1263165901.2111833,1243954527.941753,1224781114.426931,1205646698.4044275,1186552330.4760425,1167499074.2518406,1148488006.495926,1129520217.273805,1110596810.1012957,1091718902.095045,1072887624.124641,1054104120.9662664,1035369551.4579768,1016685088.6565377,998051919.9958434,979471247.4468788,960944287.6792748,942472272.2243868,924056447.6399202,905698075.6760732,887398433.4431857,869158813.5808756,850980524.4286519,832864890.1979605,814813251.1456534,796826963.748853,778907400.8811857,761055951.9903162,743274023.2768303,725563037.8743281,707924436.0307549,1314795002.5752895,1290408963.8842757,1265955606.4299424,1241434831.970252,1216846559.8052545,1192190727.5178602,1167467291.7370296,1142676228.923903,1073930231.3785615,1048203444.2990686,1022410945.3280424,996552805.4880128,970629119.8400078,944640008.4554948,918585617.4182948,909883244.7023504,884730726.9854443,859523352.6255128,834261477.6060455,808945486.5883874,783575793.8813236,493243645.4069748,467589276.4552734,441920229.1229248,416237337.9495447,390541471.7015615,364833534.4903197,339114466.9221046,418384644.0948732,392042671.9532488,365695439.37197495,339344196.28506327,312990243.5221684,286634934.51364136,-305869167.506577,-329806821.90216494,-353677515.5539627,-377478703.4398594,-401207766.2175486,-424862008.14369273,-87130298.08124113,-110921180.18981647,-134696158.56300545,-158453214.0394206,-182190253.31276295,-205905106.91173792,-229595527.1387887,-462411511.4191246,-486389255.1378603,-510279437.32860804,-534078760.053514,-557783831.6628418,-581391164.5728557,-604897173.0120194,-628298170.7361147,-651590368.7129807,-674769872.7776124,-697832681.2584505,-720774682.575819,-743591652.8134966,-766279253.2645009,-788833027.9522991,-811248401.1287436,-833520674.7500598,-855645025.9324088,-877616504.388623,-899430029.8477607,-921080389.4593272,-942562235.1840456,-963870081.173214,-984998301.1387975,-1005941125.7165041,-1026692639.8242407,-1047246780.0184302,-1067597331.8508549,-1087737927.2287307,-1107662041.7809463,-1127362992.233443,-1146833933.7969155,-1166067857.570059,-1185057587.9618855,-1203795780.1365445,-1222274917.4844873,-1240487309.1237645,-1258425087.435499,-1276080205.6377497,-1293444435.402146,-1310509364.5178423,-1327266394.6076028,-1343706738.901001,-1359821420.0700617,-1375601268.132788,-1391036918.4305801,-1406118809.685639,-1420837182.1450596,-1435182075.8186874,-1449143328.818327,-1462710575.806532,-1475873246.563878,-1488620564.6843805,-1500941546.4096458,-1512824999.613339,-1524259522.9487443,-1535233505.173442,-1545735124.666687,-1555752349.1566947,-1565272935.6768935,-1574284430.7722392,-1582774170.9790711,-1590729283.6042747,-1598136687.8323605,-1604983096.1917763,-1611255016.4148736,-1616938753.7288597,-1622020413.6182804,-1626485905.1024318,-1630320944.5737422,-1633511060.2455091,-1636041597.25864,-1637897723.4975522,-1639064436.1641355,-1639526569.1554651,-1639268801.2848356,-1638275665.3760867,-1636531558.2466931,-1634020751.5747657,-1630727403.617157,-1626635571.7085562,-1621729225.4224944,-1615992260.2121186,-1609408511.2682981,-1601961767.23181,-1593635783.2710872,-1584414292.883271,-1574281017.5895064,-1563219673.471261,-1551213973.2286105,-1538247622.1307988,-1524304305.872095,-1509367667.9433832,-1493421273.6878593,-1476448557.7406893,-1458432751.0814989,-1439356783.4950676,-1419203156.902673,-1397953784.8911166,-1375589793.9724665,-1352091282.8666558,-1327437037.716926,-1301604204.0619764,-1274567921.219272,-1246300932.3553088,-1216773195.1550183,-1185951535.35943,-1153799410.8840785,-1120276891.0254629,-1085341007.8966384,-1048946711.8387607,-1011048767.4637337,-971605073.4202982,-930582091.9083949,-887963353.0532315,-843762379.7578814,-798041891.9816874,-750941832.4455097,-702719647.5573367,-653807389.6433094,-604891582.2196751,-557023336.8070397,-511767685.8399145,-471401901.6450807,-439171377.7274285,-419605677.86246383,-418880998.1977711,-445177488.51375854,-508899537.4897751,-622466078.6423057,-799075580.3426355,-1049344509.1492007,-1374092983.9206948,-1751606191.280092,-2121123247.5897274,-2369600759.055209,-2181221777.7069902,0.0
2877.0,2764333508.417012,2745155107.9130235,2725963319.163045,2706758470.213295,2687540893.9868603,2668310928.340718,2649068916.1234293,2629815205.2335505,2610550148.6787305,2591274104.635536,2571987436.509996,2552690512.998897,2533383708.1518254,2514067401.433968,2494741977.789699,2475407827.7069507,2456065347.2823915,2436714938.287396,2417357008.234888,2397991970.446985,2378620244.1235256,2359242254.4114423,2339858432.4750533,2320469215.567227,2301075047.101476,2281676376.724986,2262273660.3925724,2242867360.441636,2223457945.6680613,2204045891.4031487,2184631679.5915303,2165215798.870135,2145798744.6482065,2126381019.1883883,2106963131.6888988,2087545598.3667903,2068128942.542383,2048713694.7247984,2029300392.6986911,2009889581.612147,1990481814.0658128,1971077650.2032304,1951677657.802444,1932282412.3688688,1912892497.2294693,1893508503.62824,1874131030.823039,1854760686.1837995,1835398085.2920976,1816043852.0421848,1796698618.743407,1777363026.2241397,1758037723.937172,1738723370.0666256,1719420631.6364305,1700130184.6203384,1680852714.053555,1661588914.1459982,1642339488.397185,1623105149.712823,1603886620.5230825,1584684632.9026384,1565499928.6924446,1546333259.6233008,1527185387.4412756,1508057084.034933,1488949131.564477,1469862322.5927815,1450797460.2183695,1431755358.210362,1412736841.145414,1393742744.5466905,1374773915.0248802,1355831210.4213266,1336915499.953243,1318027664.361084,1299168596.0580904,1280339199.2820387,1261540390.2492132,1242773097.3106391,1224038261.1106024,1205336834.74747,1186669783.936861,1168038087.1771815,1149442735.9175158,1130884734.7279854,1112365101.4724765,1093884867.483885,1075445077.7417789,1057046791.0526168,1038691080.2324164,1020379032.2920128,1002111748.6248218,983890345.1971742,965715952.7412336,947589716.950478,929512798.6777683,911486374.1360264,893511635.1015024,875589789.1196262,857722059.7134861,839909686.5948609,822153925.8778646,804456050.2951567,786817349.4167002,769239129.8710746,751722715.569318,734269447.9312354,716880686.1142039,699557807.244412,682302206.6504807,665115298.0994645,647998514.0351382,630953305.8185761,613981143.9709268,597083518.418319,987935906.5394096,964426087.2686596,940850339.3036578,917208583.7437748,893500760.419673,869726828.6751873,845886768.1729808,821980579.7245415,745526914.8511829,720730699.1509098,695870636.3184272,670946836.6743581,645959436.6285222,620908599.7228011,595794517.706245,599855039.5699067,575560918.584219,551213642.1910212,526813614.0102441,502361268.5976885,477857072.4891038,194295661.03057933,169747451.34977627,145187888.00086594,120617872.07899857,96038341.764879,71450273.53316236,46854683.39505267,136205428.9184754,111170089.87113856,86133022.70756316,61095515.48911238,36058908.98495698,11024598.429717302,-524955377.5375154,-546953795.1426363,-568878655.2411654,-590727404.7081671,-612497416.3386335,-634185986.8051722,-352675940.4341428,-375212171.0726037,-397730399.3522728,-420228583.5345657,-442704606.6996224,-465156274.6770675,-487581313.9321182,-721453712.9299691,-743997878.0607452,-766453670.561626,-788817802.0905194,-811086889.7888362,-833257454.0246162,-855325916.1015797,-877288595.9344637,-899141709.6910703,-920881367.4014359,-942503570.5346565,-964004209.5438769,-985379061.380055,-1006623786.9751024,-1027733928.6950943,-1048704907.7642417,-1069532021.6603708,-1090210441.482708,-1110735209.2927315,-1131101235.4289787,-1151303295.7965863,-1171336029.1324804,-1191193934.24703,-1210871367.2430198,-1230362538.7127953,-1249661510.914346,-1268762194.9270902,-1287658347.7880726,-1306343569.6091654,-1324811300.6758153,-1343054818.5277183,-1361067235.0217094,-1378841493.3769615,-1396370365.2024028,-1413646447.506024,-1430662159.6855488,-1447409740.4995887,-1463881245.0181,-1480068541.5506291,-1495963308.5503767,-1511557031.4916894,-1526840999.718094,-1541806303.2573893,-1556443829.5998144,-1570744260.4345279,-1584698068.3390512,-1598295513.415432,-1611526639.86621,-1624381272.5022297,-1636849013.173524,-1648919237.1134253,-1660581089.1850398,-1671823480.0180595,-1682635082.0228255,-1693004325.2672117,-1702919393.200748,-1712368218.209093,-1721338476.9805522,-1729817585.6651459,-1737792694.805214,-1745250684.015226,-1752178156.387067,-1758561432.5957127,-1764386544.6787097,-1769639229.461579,-1774304921.599794,-1778368746.2065568,-1781815511.0340743,-1784629698.1744733,-1786795455.244689,-1788296586.01774,-1789116540.4603565,-1789238404.1341853,-1788644886.9141498,-1787318310.9731889,-1785240597.9767246,-1782393255.4229655,-1778757362.0556252,-1774313552.2635212,-1769041999.366033,-1762922397.663865,-1755933943.1099627,-1748055312.4249842,-1739264640.4443378,-1729539495.4384658,-1718856852.094067,-1707193061.7807465,-1694523819.6550648,-1680824128.0737123,-1666068255.7014256,-1650229691.6133356,-1633281093.6134222,-1615194229.9357417,-1595939913.4838595,-1575487927.8300762,-1553806944.387434,-1530864430.5544915,-1506626549.3159263,-1481058051.9037187,-1454122166.8842194,-1425780491.7150288,-1395992896.799109,-1364717457.8838406,-1331910441.038909,-1297526376.3896859,-1261518273.6250043,-1223838055.8467326,-1184437321.0021152,-1143268585.1545627,-1100287223.4495366,-1055454408.3721781,-1008741457.9561455,-960136158.1496813,-909651825.0325449,-857340137.9435153,-803309120.0718949,-747748086.3168263,-690961935.7637823,-633417847.9669524,-575808240.7024542,-519134714.8183316,-464818520.4188408,-414843536.2488427,-371937250.0199915,-339792528.73988783,-323325630.7761884,-328949135.3181574,-364802894.82676417,-440813713.6095875,-568310961.9683355,-758646252.2939675,-1019723638.8379842,-1348239115.443306,-1712776375.2513192,-2015349480.0542176,-2000725035.5018964,-1096368714.2556138,0.0
2876.0,2585354133.043563,2566746776.6072497,2548127873.958883,2529497745.912139,2510856717.991923,2492205120.491776,2473543288.5320587,2454871562.118972,2436190286.20435,2417499810.746305,2398800490.7707224,2380092686.433594,2361376763.084263,2342653091.329527,2323922047.0986867,2305184011.709496,2286439371.9350786,2267688520.071792,2248931854.008088,2230169777.2943864,2211402699.2139387,2192631034.8547697,2173855205.182651,2155075637.115179,2136292763.5969589,2117507023.6758964,2098718862.580655,2079928731.7992828,2061137089.159021,2042344398.9073527,2023551131.7942784,2004757765.1558545,1985964782.9990463,1967172676.087885,1948381942.030956,1929593085.37028,1910806617.6716003,1892023057.6160536,1873242931.0933487,1854466771.296381,1835695118.8174088,1816928521.745713,1798167535.7669015,1779412724.2637453,1760664658.4187164,1741923917.3181405,1723191088.0580869,1704466765.8519826,1685751554.1399822,1667046064.7001626,1648350917.7615352,1629666742.11895,1610994175.249888,1592333863.4332085,1573686461.8698926,1555052634.8057857,1536433055.6563995,1517828407.1338325,1499239381.3757885,1480666680.0768013,1462111014.621668,1443573106.221109,1425053686.049755,1406553495.3864636,1388073285.7569828,1369613819.0790596,1351175867.810016,1332760215.0967796,1314367654.928503,1295998992.2917423,1277655043.3282723,1259336635.4955497,1241044607.7299128,1222779810.6125214,1204543106.5380774,1186335369.8863907,1168157487.1968343,1150010357.3456888,1131894891.7264564,1113812014.4331808,1095762662.44679,1077747785.8245127,1059768347.8924156,1041825325.4410912,1023919708.9245064,1006052502.6621104,988224725.0441556,970437408.740329,952691600.9116834,934988363.425926,917328773.0760643,899713921.8024584,882144916.9182863,864622881.3384464,847148953.8119283,829724289.1576486,812350058.5037717,795027449.5305283,777757666.7165432,760541931.5886581,743381482.975264,726277577.2631376,709231488.6577516,692244509.4471035,675317950.2689568,658453140.3815533,641651427.9377283,624914180.2624084,608242784.1334319,591638646.0656979,575103192.5985246,558637870.58622,542244147.4917533,525923511.6835201,509677472.7350309,493507561.7275207,675175679.1243956,652618981.4724662,629998714.8262897,607314830.5253742,584567299.8368359,561756114.7737415,538881288.9383802,515942858.3910263,432768115.0931449,408994250.8114319,385159550.67541647,361264176.8810754,337308319.73464704,313292198.7582283,289216063.82953215,304912945.20831203,281563497.28342986,258163617.4471512,234713766.8179784,211214439.656822,187666164.47901845,-85829618.01274395,-109185623.07746172,-132548870.1252749,-155918387.394583,-179293163.4324851,-202672145.8114953,-226054239.8103125,-126692318.96584296,-150341269.64018893,-173987907.89615607,-197630913.82580185,-221268913.6488068,-244900477.93133736,-718267518.885813,-738271657.887598,-758196281.4458921,-778038864.9772675,-797796811.5238664,-817467449.8006215,-597936015.8305974,-619143229.5426786,-640330083.3091645,-661494530.2847023,-682634448.2847056,-703747637.6973028,-724831819.3483055,-957842104.0781212,-978896303.3451574,-999861913.6104727,-1020735698.5859818,-1041514328.3331571,-1062194377.0244694,-1082772320.669809,-1103244534.808075,-1123607292.1640544,-1143856760.270771,-1163988999.0575151,-1183999958.4036906,-1203885475.658768,-1223641273.1284356,-1243262955.5272439,-1262746007.3978267,-1282085790.496902,-1301277541.1481602,-1320316367.5620782,-1339197247.1227212,-1357915023.6413932,-1376464404.57707,-1394839958.2232652,-1413036110.8609855,-1431047143.8772216,-1448867190.8482015,-1466490234.5865285,-1483910104.1509762,-1501120471.8174827,-1518114850.0096226,-1534886588.1863093,-1551428869.6843195,-1567734708.5125,-1583796946.094242,-1599608247.954023,-1615161100.3433218,-1630447806.800394,-1645460484.6376312,-1660191061.349306,-1674631270.9315543,-1688772650.105317,-1702606534.4317813,-1716124054.308556,-1729316130.8333347,-1742173471.5202622,-1754686565.8524659,-1766845680.6523438,-1778640855.249192,-1790061896.4215074,-1801098373.0889435,-1811739610.7263193,-1821974685.4693422,-1831792417.878702,-1841181366.3260465,-1850129819.9620051,-1858625791.2227879,-1866657007.8281193,-1874210904.219217,-1881274612.3814194,-1887834951.9914699,-1893878419.8250308,-1899391178.3551376,-1904359043.4674287,-1908767471.2128625,-1912601543.5136333,-1915845952.732626,-1918484985.0117583,-1920502502.279231,-1921881922.8208408,-1922606200.3055701,-1922657801.1512065,-1922018680.111518,-1920670253.9629006,-1918593373.1653614,-1915768291.3704605,-1912174632.6475492,-1907791356.2995496,-1902596719.140784,-1896568235.1124773,-1889682632.1165695,-1881915805.9562936,-1873242771.2827697,-1863637609.4619446,-1853073413.296139,-1841522228.5614195,-1828954992.357512,-1815341468.3145456,-1800650178.7641642,-1784848334.0678256,-1767901759.4101765,-1749774819.5217233,-1730430342.0085042,-1709829540.2591124,-1687931937.3015566,-1664695292.5363271,-1640075534.0351045,-1614026700.1462827,-1586500895.595842,-1557448269.2619295,-1526817023.5299358,-1494553468.8673844,-1460602142.3474722,-1424906015.7664587,-1387406828.3624988,-1348045591.7632563,-1306763331.720091,-1263502153.7815373,-1218206750.0382597,-1170826503.5858214,-1121318399.0385718,-1069651014.4387839,-1015809955.8665245,-959805204.9100077,-901680984.7847695,-841528916.3723361,-779505431.7227591,-715854636.1357358,-650938049.0955251,-585272883.0914938,-519580687.8226259,-454848206.60845995,-392402010.42476267,-333997640.3116795,-281922183.7884809,-239105742.26447687,-209230940.89894417,-196818443.76118702,-207246656.7623079,-246628336.34460384,-321400788.8521017,-437352846.5693347,-597496918.3294547,-797283265.4437553,-1012597439.2290292,-1166034601.4613998,-1039944380.8861319,-308663154.849276,0.0
2875.0,2412959091.190448,2394940246.460878,2376911584.8359194,2358873417.9598937,2340826062.0043206,2322769837.725514,2304705070.523115,2286632090.499472,2268551232.519985,2250462836.274343,2232367246.33877,2214264812.2391887,2196155888.5154366,2178040834.7864614,2159920015.8165803,2141793801.5827816,2123662567.343133,2105526693.7062576,2087386566.701996,2069242577.853179,2051095124.248588,2032944608.6171343,2014791439.4032545,1996636030.8435524,1978478803.044764,1960320182.062981,1942160599.984238,1924000495.006484,1905840311.5228968,1887680500.2066991,1869521518.097345,1851363828.688268,1833207902.0160952,1815054214.751462,1796903250.2913518,1778755498.8531036,1760611457.5700648,1742471630.58889,1724336529.1686318,1706206671.7815275,1688082584.2156234,1669964799.679216,1651853858.907174,1633750310.2691665,1615654709.8798532,1597567621.7110534,1579489617.7059608,1561421277.8954418,1543363190.5164196,1525315952.13247,1507280167.7565763,1489256450.9761565,1471245424.0804043,1453247718.189919,1435263973.388797,1417294838.8590832,1399340973.017766,1381403043.656269,1363481728.0825377,1345577713.265746,1327691695.9836926,1309824382.9729216,1291976491.0816274,1274148747.425383,1256341889.5457616,1238556665.5718832,1220793834.3849618,1203054165.785876,1185338440.6658463,1167647451.1802485,1149982000.925621,1132342905.119938,1114730990.786162,1097147096.9391809,1079592074.7761188,1062066787.8701369,1044572112.3677256,1027108937.1895632,1009678164.2349936,992280708.590166,974917498.7398694,957589476.7831523,940297598.652729,923042834.3382484,905826168.113452,888648598.7672904,871511139.838997,854414819.8571928,837360682.5830622,820349787.2576097,803383208.8530431,786462038.3283298,769587382.8889291,752760366.2507285,735982128.9082406,719253828.4070289,702576639.620407,685951755.0304142,669380385.013086,652863758.1279985,636403121.4121082,619999740.677866,603654900.8155744,587369906.1000445,571146080.501404,554984768.00015,538887332.9063141,522855160.1827762,506889655.772588,490992246.93032026,475164382.5573206,459407533.54082656,443723193.0968323,428112877.1166258,412578124.5168903,397120497.5932148,377271909.1016388,355747225.44925404,334162286.6903515,312517084.08064103,290811629.96929264,269045958.6480236,247220127.2260251,225334216.5313444,136476939.91223836,113818840.95199277,91104027.6603241,68332724.63139534,45505186.49443698,22621699.071951628,-317419.42656207085,25790220.99058175,3473297.974044323,-18890344.736448288,-41300180.48544741,-63755647.376618624,-86256147.10112524,-346650419.4946327,-368730538.1310506,-390813086.6698816,-412897021.4895754,-434981257.0081968,-457064664.3427429,-479146069.931654,-370015386.3671937,-392202902.3002272,-414383657.7429957,-436556309.67965984,-458719460.7498314,-480871657.47313976,-886578834.8999472,-904551441.2083936,-922439461.6226068,-940240440.3631322,-957951852.4615892,-975571101.9458206,-822551150.3546028,-842358217.5045178,-862142365.803855,-881901561.2396891,-901633695.1613202,-921336582.2033525,-941007958.1607052,-1171256608.0313985,-1190768640.354487,-1210192475.8618379,-1229524971.0216112,-1248762891.0675495,-1267902907.8270297,-1286941597.5145993,-1305875438.490935,-1324700808.9872577,-1343413984.795057,-1362011136.9211617,-1380488329.2079923,-1398841515.9189239,-1417066539.2885916,-1435159127.03789,-1453114889.853445,-1470929318.8311656,-1488597782.8834288,-1506115526.10933,-1523477665.1273406,-1540679186.36946,-1557714943.3358839,-1574579653.8089015,-1591267897.024598,-1607774110.8005373,-1624092588.6174178,-1640217476.6522179,-1656142770.7600465,-1671862313.401357,-1687369790.5107863,-1702658728.303135,-1717722490.0115433,-1732554272.5520442,-1747147103.1079302,-1761493835.6264234,-1775587147.2192216,-1789419534.4572206,-1802983309.5486479,-1816270596.3883297,-1829273326.464403,-1841983234.607067,-1854391854.562148,-1866490514.370255,-1878270331.5300756,-1889722207.9219947,-1900836824.4655542,-1911604635.4813774,-1922015862.7251883,-1932060489.0579803,-1941728251.7129135,-1951008635.115425,-1959890863.2088537,-1968363891.2331872,-1976416396.8997774,-1984036770.8993683,-1991213106.6754332,-1997933189.3886046,-2004184483.991827,-2009954122.329152,-2015228889.164117,-2019995207.0363631,-2024239119.837626,-2027946274.9904618,-2031101904.105145,-2033690801.9821873,-2035697303.8199954,-2037105260.479298,-2037898011.6486197,-2038058356.747968,-2037568523.4017534,-2036410133.3067777,-2034564165.3172674,-2032010915.5669694,-2028729954.4486055,-2024700080.2741776,-2019899269.4463093,-2014304622.9821556,-2007892309.2479608,-2000637502.7857406,-1992514319.144867,-1983495745.6726384,-1973553568.2709866,-1962658294.1939406,-1950779071.0455208,-1937883602.2438903,-1923938059.349642,-1908906991.8197486,-1892753234.950923,-1875437817.0262458,-1856919866.987877,-1837156524.3412573,-1816102853.4705656,-1793711765.1353307,-1769933948.6540911,-1744717819.2024379,-1718009485.810227,-1689752747.1015756,-1659889123.6658378,-1628357938.2862582,-1595096458.2234702,-1560040117.5293906,-1523122842.173548,-1484277506.873581,-1443436560.2696664,-1400532864.8713553,-1355500810.5007584,-1308277775.274953,-1258806027.0440848,-1207035181.1000438,-1152925357.1678925,-1096451210.0301085,-1037607042.6321821,-976413245.7549406,-912924339.4841853,-847238910.0695935,-779511726.6599557,-709968262.154021,-638921694.3111,-566792172.5546573,-494127624.2434725,-421624535.40777427,-350145842.0913594,-280731165.0356493,-214592004.1846667,-153081223.82235005,-97622649.69993499,-49584219.36551499,-10080088.441388074,20299924.44226926,41798995.92856327,55728488.83258164,64389331.94535315,70302476.03601915,74404883.4488089,73216019.96700859,55260541.10398398,10741691.565666238,0.0
2874.0,2247242255.235658,2229827868.1219754,2212405279.687603,2194974790.570056,2177536705.7319217,2160091334.5184608,2142638990.7161744,2125179992.612391,2107714663.0558147,2090243329.51817,2072766324.156858,2055283983.8787253,2037796650.4049304,2020304670.3369267,2002808395.223648,1985308181.629816,1967804391.205512,1950297390.75695,1932787552.3185384,1915275253.2262144,1897760876.1921265,1880244809.380642,1862727446.4857523,1845209186.809896,1827690435.3442128,1810171602.8502955,1792653105.9434276,1775135367.17739,1757618815.1308403,1740103884.4952984,1722591016.1648004,1705080657.3272088,1687573261.5572991,1670069288.9115725,1652569206.0248673,1635073486.208849,1617582609.5523572,1600097063.023677,1582617340.5748067,1565143943.2476912,1547677379.2825642,1530218164.2283378,1512766821.0551877,1495323880.269287,1477889880.0297997,1460465366.2681746,1443050892.8097396,1425647021.4977243,1408254322.3196712,1390873373.5363789,1373504761.8133602,1356149082.3548875,1338806939.0407083,1321478944.5654168,1304165720.5806365,1286867897.8399622,1269586116.3467915,1252321025.5050857,1235073284.27308,1217843561.320071,1200632535.186277,1183440894.4458585,1166269337.8731546,1149118574.6122017,1131989324.3495774,1114882317.4906523,1097798295.3393006,1080738010.2811122,1063702225.9702098,1046691717.519698,1029707271.6958126,1012749687.115846,995819774.449888,978918356.626474,962046269.0421628,945204359.7751372,928393489.8028694,911614533.223925,894868377.4839396,878155923.6058614,861478086.4244806,844835794.8253267,828229991.987968,811661635.6338028,795131698.2783222,778641167.4879898,762191046.141697,745782352.6968961,729416121.4604216,713093402.8640741,696815263.7449497,680582787.6306169,664397075.0291075,648259243.7237897,632170429.0731465,616131784.3154364,600144480.8783077,584209708.693327,568328676.5154681,552502612.2475159,536732763.2694237,521020396.772573,505366800.0989325,489773281.0850959,474241168.41114473,458771811.9543071,443366583.1473532,428026875.34168696,412754104.1750336,397549707.943655,382415147.9790263,367351909.0288353,352361499.64222074,337445452.5591099,322605325.1035211,307842699.58067536,94876805.7816627,74463752.99271846,53994677.754508734,33469619.406517982,12888639.476119518,-7748177.448336601,-28440722.81800556,-49188863.19694424,-142652804.5737369,-164101689.20692492,-185602118.14012143,-207153796.2713389,-228756396.70447564,-250409559.55071592,-272112890.6934304,-236898077.28462577,-258094492.55870008,-279332982.5964904,-300612949.31036425,-321933757.44168043,-343294733.33952045,-587837753.2849479,-608562119.6276615,-629283508.1343863,-650000805.166965,-670712853.272337,-691418449.803834,-712116345.5054562,-593621518.1360345,-614278408.7965717,-634923791.1122873,-655556309.8817508,-676174555.8044405,-696777063.7394516,-1030861759.5800964,-1046783756.967924,-1062617207.8187416,-1078359767.660481,-1094009027.4562702,-1109562511.9711742,-1026321719.6698766,-1044661801.2148832,-1062976262.3590652,-1081263099.9337108,-1099520237.6551108,-1117745524.087428,-1135936730.5576773,-1361550609.7915263,-1379472866.637816,-1397307915.9655752,-1415052744.5837536,-1432704251.8593235,-1450259247.6536534,-1467714450.2260706,-1485066484.1045537,-1502311877.923386,-1519447062.2274692,-1536468367.2432206,-1553372020.6156707,-1570154145.1114137,-1586810756.2870517,-1603337760.1226048,-1619730950.6192465,-1635986007.3606858,-1652098493.0373075,-1668063850.9320288,-1683877402.3666568,-1699534344.1072886,-1715029745.7271001,-1730358546.9244673,-1745515554.7941754,-1760495441.0490303,-1775292739.1887045,-1789901841.6123447,-1804316996.670745,-1818532305.6534185,-1832541719.7051792,-1846339036.6660886,-1859917897.8277943,-1873271784.5983362,-1886394015.0664668,-1899277740.4553385,-1911915941.4541583,-1924301424.4149678,-1936426817.4000905,-1948284566.064104,-1959866929.3522346,-1971165974.9949427,-1982173574.7761574,-1992881399.5500526,-2003280913.9784822,-2013363370.9580579,-2023119805.7025838,-2032541029.4428825,-2041617622.702051,-2050339928.0999298,-2058698042.6358545,-2066681809.3937197,-2074280808.6079535,-2081484348.0231442,-2088281452.4737227,-2094660852.603492,-2100610972.6374922,-2106119917.111221,-2111175456.454086,-2115765011.3155737,-2119875635.5137355,-2123493997.476427,-2126606360.0361934,-2129198558.4301267,-2131255976.346047,-2132763519.8467624,-2133705588.9945173,-2134066046.9886274,-2133828186.6208527,-2132974693.845669,-2131487608.2565272,-2129348280.255223,-2126537324.69979,-2123034570.8181045,-2118819008.1799955,-2113868728.5315535,-2108160863.3123765,-2101671516.7013912,-2094375694.071226,-2086247225.7768047,-2077258686.2636042,-2067381308.5572057,-2056584894.2921507,-2044837719.5581875,-2032106436.9906187,-2018355974.7138925,-2003549432.9701166,-1987647979.5343323,-1970610745.3449016,-1952394722.1703606,-1932954664.6058936,-1912242999.2571456,-1890209744.6432238,-1866802446.1538951,-1841966131.3510342,-1815643292.037746,-1787773900.8609962,-1758295471.799695,-1727143175.7591987,-1694250024.6871443,-1659547140.1884217,-1622964125.590341,-1584429563.8251631,-1543871667.3679032,-1501219110.764895,-1456402080.913147,-1409353584.9828439,-1360011060.2963486,-1308318333.8522513,-1254227980.277595,-1197704123.8008227,-1138725719.182191,-1077290323.4717715,-1013418327.4262028,-947157541.0277634,-878587904.9782151,-807825904.8208436,-735027961.6936127,-660391615.5539081,-584152639.1726763,-506575244.55782056,-427931178.914485,-348461679.6884115,-268313964.1968506,-187441367.85957044,-105454095.61357978,-21407540.995811522,66478845.12989293,161158851.82493976,267088427.52426466,390366498.31884205,538263122.0658553,717192318.3143946,927008029.3485574,1146369387.7646625,1294793658.3040097,1142470194.2827392,347579968.9070538,0.0
2873.0,2088276592.0922804,2071481143.9886608,2054678996.643591,2037870437.95802,2021055759.9380927,2004235258.75245,1987409234.790558,1970577992.722165,1953741841.5577924,1936901094.7103944,1920056070.0581584,1903207090.0084689,1886354481.563104,1869498576.3846369,1852639710.8641229,1835778226.190064,1818914468.418704,1802048788.545673,1785181542.5790117,1768313091.6136398,1751443801.907235,1734574044.957625,1717704197.5816865,1700834641.9958055,1683965765.8979278,1667097962.5512257,1650231630.869444,1633367175.5039492,1616505006.9325013,1599645541.549852,1582789201.7601128,1565936416.0710323,1549087619.1901655,1532243252.123004,1515403762.2730927,1498569603.544185,1481741236.444522,1464919128.1931984,1448103752.8287578,1431295591.3199806,1414495131.6789942,1397702869.076685,1380919305.9605143,1364144952.1747732,1347380325.0833054,1330625949.6948156,1313882358.7907352,1297150093.0557857,1280429701.2112207,1263721740.1508691,1247026775.0799885,1230345379.6570165,1213678136.1382775,1197025635.5256906,1180388477.717554,1163767271.6624782,1147162635.5164938,1130575196.8034525,1114005592.57873,1097454469.596336,1080922484.4794822,1064410303.8946844,1047918604.7294376,1031448074.273572,1014999410.4043274,998573321.775222,982170528.0088036,965791759.8933104,949437759.583352,933109280.80466,916807089.0629787,900531961.8571512,884284688.8965052,868066072.3225788,851876926.9352494,835718080.4233516,819590373.5998534,803494660.6416204,787431809.3338805,771402701.3194286,755408232.3526211,739449312.5582509,723526866.6953418,707641834.4259241,691795170.5888436,675987845.4786841,660220845.1297992,644495171.605561,628811843.292834,613171895.2017319,597576379.2706876,582026364.6768689,566522938.1520029,551067204.3035774,535660285.9414959,520303324.4101784,504997479.926111,489743931.9208775,474543879.38964605,459398541.24511886,444309156.67692137,429276985.5164199,414303308.6069348,399389428.1792953,384536668.2327213,369746374.92093706,355019916.94348764,340358685.94215083,325764096.9023702,311237588.55960894,296780623.8105037,282394690.1287062,268081299.98523784,253841991.2732675,239678327.73705983,225591899.4049778,-171467923.37238505,-190690280.0213554,-209963562.0068684,-229287675.4895644,-248662503.46207643,-268087904.8597608,-287563713.6447334,-307089737.8624079,-404061908.7602782,-424209684.9695401,-444402872.1763284,-464641099.3568893,-484923962.1701219,-505251021.73246026,-525621803.3558848,-482659477.74206,-502648706.5078282,-522674509.202162,-542736212.8105078,-562833105.4473805,-582964435.0970514,-809213792.155679,-828507705.5317621,-847792757.1111214,-867067768.1347215,-886331514.6579654,-905582726.15447,-924820084.0834112,-797514418.1838045,-816578352.115058,-835625841.3611217,-854655531.2919376,-873666014.1460752,-892655827.3503995,-1152261392.4597,-1166131811.9130237,-1179911021.7771068,-1193596832.131534,-1207186994.4568932,-1220679200.219958,-1209204463.668859,-1226015976.5636714,-1242799083.4241643,-1259551829.628106,-1276272189.7263875,-1292958065.4721608,-1309607283.8033202,-1528746457.098572,-1545036271.5278995,-1561240430.0368063,-1577356083.0619612,-1593380298.5499544,-1609310060.035477,-1625142264.689629,-1640873721.3381386,-1656501148.4493127,-1672021172.0914376,-1687430323.859324,-1702725038.7696538,-1717901653.124601,-1732956402.3432636,-1747885418.7601957,-1762684729.390267,-1777350253.658949,-1791877801.0968983,-1806263068.9975173,-1820501640.0360363,-1834588979.8482504,-1848520434.566895,-1862291228.3131905,-1875896460.6407976,-1889331103.9289243,-1902590000.7208884,-1915667861.0038457,-1928559259.4248204,-1941258632.4374657,-1953760275.3731837,-1966058339.429438,-1978146828.567007,-1990019596.307044,-2001670342.4173622,-2013092609.4762845,-2024279779.300747,-2035225069.2238207,-2045921528.2049387,-2056362032.7542014,-2066539282.6498814,-2076445796.42587,-2086073906.6031377,-2095415754.6363587,-2104463285.5437264,-2113208242.184402,-2121642159.1443002,-2129756356.186736,-2137541931.219953,-2144989752.728637,-2152090451.611203,-2158834412.3589377,-2165211763.506817,-2171212367.279233,-2176825808.346714,-2182041381.602024,-2186848078.8560805,-2191234574.345297,-2195189208.9331465,-2198699972.879004,-2201754487.0375996,-2204339982.3420305,-2206443277.41282,-2208050754.124941,-2209148330.9539537,-2209721433.9120865,-2209754964.8749733,-2209233267.090603,-2208140087.6537313,-2206458536.7224894,-2204171043.2493095,-2201259306.996572,-2197704246.6091914,-2193485943.5226836,-2188583581.497338,-2182975381.5882,-2176638532.388407,-2169549115.4217973,-2161682025.612154,-2153010886.8230996,-2143507962.5483222,-2133144061.9394653,-2121888441.493115,-2109708702.8838224,-2096570687.6321025,-2082438369.5416846,-2067273746.135687,-2051036730.6751077,-2033685046.7640882,-2015174128.0444095,-1995457026.0678196,-1974484330.11992,-1952204103.5656872,-1928561842.2056017,-1903500461.183569,-1876960318.1816766,-1848879281.9767337,-1819192856.9166844,-1787834375.487526,-1754735272.8523948,-1719825458.9966264,-1683033805.810056,-1644288767.9270015,-1603519157.1883588,-1560655090.829669,-1515629132.399051,-1468377641.1808572,-1418842339.393702,-1366972094.976335,-1312724898.969693,-1256069986.9109087,-1196990008.3892994,-1135483081.0784073,-1071564465.4970951,-1005267451.0876359,-936642834.631796,-865756073.973003,-792680781.2639357,-717486639.8970726,-640219039.8337048,-560866676.9276522,-479312015.1625278,-395257875.4690699,-308121621.59291834,-216886869.88914883,-119902353.65470652,-14620730.361191334,102718651.31576905,237430379.96654242,396649881.68255025,589292795.9026608,825190594.9887123,1112296872.2507763,1449564749.3442488,1810035718.1651492,2101299703.6139138,2076071000.2848492,1165129354.4567258,0.0
2872.0,1936114876.496624,1919951443.088622,1903782700.4508529,1887608922.133097,1871430385.5530348,1855247372.0529,1839060166.9572544,1822869059.63192,1806674343.544056,1790476316.3234725,1774275279.8251462,1758071540.1930022,1741865407.9249823,1725657197.9394543,1709447229.6429408,1693235826.9992647,1677023318.6000888,1660810037.736922,1644596322.4746091,1628382515.726357,1612168965.3302894,1595956024.1276343,1579744050.042523,1563533406.163475,1547324460.8265967,1531117587.700533,1514913165.873212,1498711579.9404354,1482513220.0963504,1466318482.2258575,1450127767.998958,1433941484.9671645,1417760046.661946,1401583872.6953049,1385413388.862492,1369249027.246966,1353091226.3275952,1336940431.0881736,1320797093.1293223,1304661670.7827892,1288534629.228248,1272416440.6126113,1256307584.1719494,1240208546.3560357,1224119820.9556136,1208041909.2324262,1191975320.0520592,1175920570.0196872,1159878183.618759,1143848693.3526902,1127832639.8896546,1111830572.2104812,1095843047.7598076,1079870632.600442,1063913901.5711476,1047973438.4477656,1032049836.1078537,1016143696.6988798,1000255631.8100094,984386262.6475972,968536220.2144556,952706145.492947,936896689.6319622,921108514.137931,905342291.0698332,889598703.2383842,873878444.4093946,858182219.5114216,842510744.8477674,826864748.3129108,811244969.6134312,795652160.4935236,780087084.9651312,764550519.5428461,749043253.4835674,733566089.0310478,718119841.665364,702705340.3574119,687323427.828474,671974960.8149273,656660810.3381747,641381861.9798433,626139016.1623214,610933188.4347146,595765309.7642344,580636326.8331254,565547202.341139,550498915.3136373,535492461.4153485,520528853.2698605,505609120.7847965,490734311.48283887,475905490.83851147,461123742.6208308,446390169.2417693,431705892.1106312,417072051.9942591,402489809.3831439,387960344.8633864,373484859.49451184,359064575.19312525,344700735.12234545,330394604.087023,316147468.9346504,301960638.96191525,287835446.32684755,273773246.4664409,259775418.5196921,245843365.755903,231978516.00817323,218182322.1118992,204456262.34817195,190801840.89184856,177220588.2641852,163714061.78975105,150283846.0574429,-421334826.43716097,-439289235.8231442,-457288680.68992734,-475333008.22643566,-493422041.631146,-511555579.2154441,-529733393.4802027,-547955230.1650214,-647329256.61414,-666087135.0584979,-684883434.1525354,-703717704.4300847,-722589461.8880024,-741498186.7498691,-760443322.1931248,-711126918.8090014,-729824984.9208808,-748553363.679533,-767311306.2360737,-786098023.4621553,-804912684.6656635,-1010748485.6471952,-1028543633.4288384,-1046323689.642525,-1064087418.2699984,-1081833537.2784288,-1099560717.2278583,-1117267579.8434913,-981837307.1599916,-999253661.1204972,-1016648557.0547788,-1034020655.089096,-1051368563.8922749,-1068690839.0806172,-1252067840.67981,-1263903314.1742687,-1275646359.204379,-1287294982.8285694,-1298847140.6636484,-1310300735.7167232,-1371307699.832011,-1386535187.0654254,-1401731456.108745,-1416894617.9249735,-1432022715.63168,-1447113722.6197207,-1462165540.6276517,-1673030006.5497608,-1687649967.4571018,-1702186331.4159737,-1716636440.5342484,-1730997560.2918627,-1745266877.785152,-1759441499.9450154,-1773518451.7288198,-1787494674.285859,-1801367023.0960739,-1815132266.08184,-1828787081.6923885,-1842328056.9604821,-1855751685.5307474,-1869054365.6591024,-1882232398.1823726,-1895281984.4572744,-1908199224.2675848,-1920980113.698153,-1933620542.9742491,-1946116294.2643561,-1958463039.4443023,-1970656337.8202167,-1982691633.807413,-1994564254.561874,-2006269407.5604734,-2017802178.1255312,-2029157526.8886037,-2040330287.1877618,-2051315162.3917806,-2062106723.1436853,-2072699404.5152416,-2083087503.0627394,-2093265173.7732122,-2103226426.8888752,-2112965124.5959823,-2122474977.5626833,-2131749541.3084683,-2140782212.3858476,-2149566224.352507,-2158094643.5097685,-2166360364.3803134,-2174356104.8951793,-2182074401.256657,-2189507602.440113,-2196647864.293728,-2203487143.1908646,-2210017189.1850305,-2216229538.612321,-2222115506.0805564,-2227666175.7785635,-2232872392.0323224,-2237724749.0279737,-2242213579.614172,-2246328943.0882726,-2250060611.86259,-2253398056.8978467,-2256330431.781727,-2258846555.3205633,-2260934892.502032,-2262583533.676286,-2263780171.792304,-2264512077.5155,-2264766072.0421724,-2264528497.4160433,-2263785184.142707,-2262521415.8891964,-2260721891.048764,-2258370680.9459686,-2255451184.454505,-2251946078.8014007,-2247837266.33632,-2243105817.055809,-2237731906.689884,-2231694750.1847396,-2224972530.4519563,-2217542322.303794,-2209380011.5587225,-2200460209.3840733,-2190756162.047115,-2180239656.3763328,-2168880921.3953314,-2156648526.788206,-2143509279.093208,-2129428116.807478,-2114368005.927033,-2098289837.850399,-2081152332.0499277,-2062911946.4698334,-2043522799.253003,-2022936606.136578,-2001102638.6951647,-1977967709.5531914,-1953476191.7320538,-1927570080.4344356,-1900189106.777193,-1871270914.2296202,-1840751309.737164,-1808564602.6211798,-1774644045.2076557,-1738922389.554238,-1701332574.331791,-1661808554.4722378,-1620286283.0562348,-1576704849.300801,-1531007767.342436,-1483144396.3229313,-1433071451.0731187,-1380754531.7566042,-1326169556.5715146,-1269303919.2281535,-1210157106.1502557,-1148740389.0788367,-1085075046.70614,-1019188351.428642,-951106269.1879988,-880841444.8339493,-808374565.8319693,-733626601.3091868,-656418702.7017022,-576415758.9000801,-493048819.3690928,-405411057.05275875,-312122108.03496,-211157432.21271846,-99644602.8485038,26359387.12620259,172070095.95586643,344065941.74243385,550076554.7752551,798090793.7434918,1094063254.988591,1436945006.4058645,1809283046.9696107,2163187229.0305514,2405362826.8046575,2238871861.2665167,0.0
2871.0,1790790362.7349658,1775270673.2122612,1759746954.9167142,1744219465.5541203,1728688466.443819,1713154222.5743663,1697617002.6603196,1682077079.2002788,1666534728.5361197,1650990230.913504,1635443870.543685,1619895935.666627,1604346718.6154976,1588796515.8825274,1573245628.1863208,1557694360.5406165,1542143022.3245363,1526591927.3543754,1511041393.9569716,1495491745.0446706,1479943308.1919427,1464396415.7136908,1448851404.7452931,1433308617.3244076,1417768400.4745994,1402231106.2908254,1386697092.026815,1371166720.1844125,1355640358.6049118,1340118380.5624208,1324601164.8593364,1309089095.9239502,1293582563.910245,1278081964.799954,1262587700.5068831,1247100178.9836044,1231619814.3305638,1216147026.907614,1200682243.4481006,1185225897.17549,1169778427.9226675,1154340282.2538817,1138911913.589477,1123493782.3334308,1108086356.00376,1092690109.365878,1077305524.568943,1061933091.2853068,1046573306.853058,1031226676.421814,1015893713.1017492,1000574938.115998,985270880.9564508,969982079.5430262,954709080.3865452,939452438.7551658,924212718.8445842,908990493.9519774,893786346.6537977,878600868.9875188,863434662.6373549,848288339.1240908,833162519.9990462,818057837.0422739,802974932.4651088,787914459.1170571,772877080.697184,757863471.9700562,742874318.9862908,727910319.307823,712972182.2379571,698060629.0562764,683176393.2584877,668320220.8012995,653492870.3523681,638695113.5454394,623927735.240697,609191533.790469,594487321.3102887,579815923.9554273,565178182.2029512,550574951.1393694,536007100.75393856,521475516.2377036,506981098.288278,492524763.42050433,478107444.2829766,463730089.9805036,449393666.4025619,435099156.5577736,420847560.9144418,406639897.74718857,392477203.4897082,378360533.09366655,364290960.3937628,350269578.478956,336297500.0698614,322375857.902308,308505805.1170523,294688515.6556151,280925184.66221714,267217028.8917699,253565287.1238652,239971220.58271885,226436113.3629663,212961272.8612373,199548030.21343684,186197740.73756263,172911784.38196754,159691566.17892838,146538516.70333505,133454092.53633952,120439776.73374604,107497079.2989757,94627537.6603036,81832717.15214682,-654413052.8577976,-671025303.9814749,-687675995.2275333,-704364912.4226336,-721091816.7805192,-737856444.0074744,-754658503.3814712,-771497676.8042681,-872173502.463172,-889457278.5123925,-906771752.0499864,-924116395.6469688,-941490646.4842036,-958893905.1214432,-976325534.2307416,-922060005.6816332,-939386972.0496082,-956737340.8825238,-974110289.2873082,-991504953.032496,-1008920425.2532234,-1192554522.9913585,-1208790057.662091,-1225004062.7118871,-1241195255.5077438,-1257362307.1588826,-1273503841.1489887,-1289618431.9352984,-1146865209.571981,-1162587757.3878243,-1178283865.4348202,-1193952223.7628574,-1209591473.3084762,-1225200204.406078,-1331688060.913931,-1341521916.6312923,-1351263669.6701968,-1360911564.129493,-1370463800.81712,-1379918536.3470871,-1512885244.7663703,-1526480145.5060248,-1540041045.28587,-1553566136.7159162,-1567053548.1498542,-1580501341.912885,-1593907512.488485,-1794744301.1047606,-1807662553.019596,-1820499703.6389947,-1833253308.8694034,-1845920854.4927778,-1858499754.5914836,-1870987349.9513626,-1883380906.443014,-1895677613.3811831,-1907874581.8621545,-1919968843.0789886,-1931957346.6143994,-1943836958.7109566,-1955604460.518241,-1967256546.316475,-1978789821.7160118,-1990200801.8319318,-2001485909.4328642,-2012641473.0628502,-2023663725.1350477,-2034548799.9955647,-2045292731.9556518,-2055891453.290052,-2066340792.1988807,-2076636470.7301266,-2086774102.6592746,-2096749191.322037,-2106557127.3956351,-2116193186.6232674,-2125652527.4758034,-2134930188.7437382,-2144021087.0515368,-2152920014.2855287,-2161621634.925145,-2170120483.266104,-2178410960.5226903,-2186487331.794533,-2194343722.881617,-2201974116.9291935,-2209372350.8820868,-2216532111.7254896,-2223446932.486616,-2230110187.968734,-2236515090.1858377,-2242654683.4627175,-2248521839.1613626,-2254109249.9903865,-2259409423.84971,-2264414677.157647,-2269117127.6023283,-2273508686.2534237,-2277581048.9640765,-2281325686.986047,-2284733836.7140446,-2287796488.46749,-2290504374.2098055,-2292847954.096813,-2294817401.7367253,-2296402588.034884,-2297593063.4866595,-2298378038.7718973,-2298746363.494369,-2298686502.8994746,-2298186512.3937707,-2297234009.680441,-2295816144.3163757,-2293919564.4890504,-2291530380.805715,-2288634126.883832,-2285215716.531105,-2281259397.306591,-2276748700.2622323,-2271666385.678125,-2265994384.626012,-2259713736.225912,-2252804520.502234,-2245245786.80052,-2237015477.7969522,-2228090349.222863,-2218445885.5394173,-2208056211.9374995,-2196894003.209098,-2184930390.2444763,-2172134865.15964,-2158475186.3575783,-2143917285.1806102,-2128425176.2272763,-2111960873.892087,-2094484318.2465389,-2075953314.020911,-2056323487.17148,-2035548264.328175,-2013578881.3084385,-1990364427.8437107,-1965851936.673507,-1939986526.1832385,-1912711606.739982,-1883969161.7317684,-1853700114.9206676,-1821844795.906418,-1788343515.028404,-1753137257.582566,-1716168504.3545878,-1677382180.5798056,-1636726727.7501962,-1594155281.175261,-1549626919.5426116,-1503107929.2299306,-1454572993.6828508,-1404006174.2098005,-1351401489.9836557,-1296762828.381665,-1240102818.30885,-1181440175.316135,-1120794875.6843023,-1058180337.3180732,-993591583.5451347,-926988156.3297336,-858270358.4852743,-787247296.6942271,-713595266.0080914,-636805422.2091111,-556120684.3545488,-470463783.9642623,-378361906.5642604,-277879290.3156944,-166578630.88226745,-41546796.82244564,100457761.30317222,262647490.14909866,447511885.765705,655647037.0008643,884152652.9557444,1125818991.3349593,1375261397.1398816,1660761842.9379575,2113813976.8635945,0.0
2870.0,1652317415.5287838,1637451911.1350305,1622583552.3668177,1607712579.720709,1592839237.035933,1577963771.5485694,1563086433.9469798,1548207478.4284618,1533327162.7571988,1518445748.3234868,1503563500.20433,1488680687.225377,1473797582.0243087,1458914461.1156144,1444031604.9568934,1429149298.0166533,1414267828.8436637,1399387490.137893,1384508578.8231037,1369631396.1211052,1354756247.6277018,1339883443.390448,1325013297.988151,1310146130.6122446,1295282265.1500587,1280422030.270013,1265565759.508779,1250713791.3605125,1235866469.368126,1221024142.2167237,1206187163.829184,1191355893.4640117,1176530695.8154411,1161711941.115912,1146900005.2409253,1132095269.816332,1117298122.3281777,1102508956.2350657,1087728171.0831854,1072956172.6239938,1058193372.9346756,1043440190.5414,1028697050.545448,1013964384.7522844,999242631.8036424,984532237.31266,969833654.0021776,955147341.8462268,940473768.2147998,925813408.0219762,911166743.877456,896534266.2415938,881916473.5839915,867313872.5457305,852726978.1053305,838156313.748484,823602411.6416513,809065812.809638,794547067.317141,780046734.4544382,765565382.9272296,751103591.0507644,736661946.9482849,722241048.7539048,707841504.8199813,693463933.9290696,679108965.5105584,664777239.8620123,650469408.3753878,636186133.7681129,621928090.3191838,607695964.110323,593490453.2722628,579312268.2362957,565162131.9910986,551040780.3449457,536948962.1933942,522887439.7924706,508856989.0375185,494858399.7476583,480892475.9560447,466960036.2059136,453061913.8525202,439198957.3710122,425372030.6703007,411582013.4130099,397829801.3415055,384116306.6101,370442458.1234598,356809201.8812561,343217501.32907724,329668337.7156732,316162710.4565132,302701637.5036893,289286155.7222011,275917321.27258515,262596209.9998944,249323917.8290629,236101561.1665535,222930277.3083301,209811224.85408235,196745584.1276312,183734557.6035254,170779370.3396585,157881270.41589403,145041529.37856436,132261442.69073176,119542330.1880982,106885536.54038548,94292431.71804596,81764411.46412754,69302897.77105093,56909339.36212802,44585212.17755699,32332019.86460519,20151294.271718025,-870509278.1744251,-885709367.7292922,-900940697.1252452,-916202990.594949,-931495947.3751804,-946819240.824636,-962172517.5160588,-977555396.302244,-1078452939.5431817,-1094184375.9646645,-1109938192.7805953,-1125713788.0928197,-1141510524.1817613,-1157327726.2981198,-1173164681.4203515,-1115344709.5440135,-1131225928.8092616,-1147123116.1942303,-1163035379.2796147,-1178961783.651476,-1194901351.6106403,-1354880785.1764288,-1369504240.3363383,-1384099660.3061693,-1398665728.9945846,-1413201084.4238348,-1427704317.4072893,-1442173970.1963384,-1292996153.0708575,-1306987592.0255592,-1320947744.063667,-1334875344.843254,-1348769083.8687963,-1362627603.1258762,-1392617805.6431203,-1400498811.6462078,-1408289636.7725952,-1415988798.3846068,-1423594779.4588044,-1431106027.9552405,-1634329159.187593,-1646250475.766974,-1658135091.8243968,-1669981296.4391878,-1681787318.5349762,-1693551325.2317617,-1705271420.1606991,-1894382440.8106961,-1905572986.0627825,-1916685281.0667405,-1927717111.3635776,-1938666199.238895,-1949530202.3326564,-1960306712.231842,-1970993253.0460854,-1981587279.9664602,-1992086177.8074613,-2002487259.5323062,-2012787764.7615087,-2022984858.2647743,-2033075628.4360685,-2043057085.7517447,-2052926161.2114112,-2062679704.7612574,-2072314483.6992853,-2081827181.0618315,-2091214393.9905615,-2100472632.078936,-2109598315.6968873,-2118587774.2921867,-2127437244.6667223,-2136142869.225482,-2144700694.1956954,-2153106667.8131113,-2161356638.47193,-2169446352.834227,-2177371453.8942013,-2185127478.991711,-2192709857.768862,-2200113910.0623927,-2207334843.7237134,-2214367752.3571196,-2221207612.965661,-2227849283.4925165,-2234287500.2443204,-2240516875.181031,-2246531893.055074,-2252326908.380337,-2257896142.2092285,-2263233678.6934743,-2268333461.4014196,-2273189289.3615456,-2277794812.7984543,-2282143528.523838,-2286228774.940961,-2290043726.616597,-2293581388.3697505,-2296834588.821152,-2299795973.341948,-2302457996.334063,-2304812912.768067,-2306852768.8977184,-2308569392.0628347,-2309954379.48454,-2310999085.948751,-2311694610.265375,-2312031780.3818398,-2312001137.0207763,-2311592915.702507,-2310797027.0041203,-2309603034.8981624,-2308000133.0057015,-2305977118.5910897,-2303522364.119486,-2300623786.193345,-2297268811.6816626,-2293444340.8559456,-2289136707.3506956,-2284331634.7747254,-2279014189.8137374,-2273168731.685812,-2266778857.8414702,-2259827345.840328,-2252296091.389639,-2244166042.5984936,-2235417130.5880446,-2226028196.7062683,-2215976916.7291493,-2205239722.593034,-2193791722.399788,-2181606619.67257,-2168656633.120799,-2154912418.503959,-2140342994.5709574,-2124915675.5002139,-2108596012.7803693,-2091347750.055667,-2073132795.1149487,-2053911213.9265783,-2033641252.4058514,-2012279392.432368,-1989780449.4870827,-1966097720.114062,-1941183188.1724858,-1914987799.447688,-1887461814.5211012,-1858555249.6997073,-1828218415.0659673,-1796402557.050064,-1763060609.988613,-1728148056.4602418,-1691623889.2099385,-1653451657.5020018,-1613600566.9677231,-1572046583.5364583,-1528773467.9228785,-1483773636.5504127,-1437048707.214995,-1388609543.4660704,-1338475562.2463768,-1286673018.9144266,-1233231940.647508,-1178181358.317483,-1121542513.4898918,-1063319831.9124155,-1003489720.6902722,-941987756.7916043,-878695722.0095645,-813431380.008402,-745946095.8437678,-675938573.116687,-603097216.6979179,-527188632.9804836,-448214361.16438216,-366658959.35201144,-283843092.3055285,-202361087.21634027,-126495873.8665658,-62313604.63684159,-16767183.956287941,5378833.687508871,7448410.661818643,3391092.07613669,2048851.870392178,0.0
2869.0,1520692101.9965138,1506489992.969199,1492286102.28185,1478080651.989334,1463873867.2022672,1449665976.1393218,1435457210.180786,1421247803.9234078,1407037995.2364898,1392828025.3193808,1378618138.7602842,1364408583.596491,1350199611.376051,1335991477.2209082,1321784439.8915706,1307578761.8533075,1293374709.3439517,1279172552.4433205,1264972565.144323,1250775025.4257832,1236580215.3269906,1222388421.0240855,1208199932.908269,1194015045.6659143,1179834058.3606138,1165657274.517198,1151485002.2078094,1137317554.1400502,1123155247.747254,1108998405.280975,1094847353.905661,1080702425.7956824,1066563958.2346628,1052432293.7172396,1038307780.0532511,1024190770.4744824,1010081623.7439688,995980704.2679156,981888382.2103657,967805033.6105696,953731040.5032291,939666791.041594,925612679.6235206,911569107.0205775,897536480.5101854,883515214.010962,869505728.2212535,855508450.7610046,841523816.3169435,827552266.7912482,813594251.4537101,799650227.0974747,785720658.1984721,771806017.0785401,757906784.07242,744023447.6986021,730156504.834151,716306460.8935988,702473830.0119464,688659135.2318883,674862908.69532,661085691.8392402,647328035.5960696,633590500.598538,619873657.3891888,606178086.6345565,592504379.3441744,578853137.0943998,565224972.2572271,551620508.2341207,538040379.6949449,524485232.8221191,510955725.5600228,497452527.8697721,483976321.98942447,470527802.6996945,457107677.5952681,443716667.36176336,430355506.05846167,417024941.40680456,403725735.0848119,390458663.027421,377224515.73283887,364024098.5749831,350858232.1220274,337727752.46116304,324633511.5295658,311576377.45168185,298557234.8827927,285576985.3590069,272636547.653589,259736858.139736,246878871.1598177,234063559.40102816,221291914.27755308,208564946.3191524,195883685.5662353,183249181.9713449,170662505.80707097,158124748.08031917,145637020.9529245,133200458.16850042,120816215.48551036,108485471.11643767,96209426.1729548,83989305.1170094,71826356.2176683,59721852.0135963,47677089.78098941,35693392.00679731,23772106.867027283,11914608.70990467,122298.54365754128,-11603395.471337318,-23261017.52636671,-34849083.66444564,-1069547219.9012808,-1083270441.3799045,-1097017208.9710443,-1110787187.2567685,-1124580015.7151968,-1138395307.8611832,-1152232650.3624697,-1166091602.130766,-1266163605.529444,-1280271693.4664402,-1294393400.671364,-1308528057.2060564,-1322674957.3475392,-1336833358.419762,-1351002479.5933008,-1290991549.7155223,-1305358807.9855237,-1319734210.6438603,-1334116802.940672,-1348505587.923648,-1362899525.1675758,-1498104446.3740206,-1511072480.6919663,-1524006046.9495137,-1536903810.9183698,-1549764393.4821403,-1562586369.3782706,-1575368265.9123926,-1420741468.090415,-1432973784.400406,-1445170196.3350675,-1457329500.8973284,-1469450452.441379,-1481531761.4436483,-1436414235.9194472,-1442405047.2568316,-1448309196.6667464,-1454125505.8245716,-1459852771.409294,-1465489764.7406814,-1736161436.1009223,-1746376295.6421864,-1756551889.79451,-1766686617.4860637,-1776778821.9982462,-1786826789.4522538,-1796828747.2625186,-1972579687.0094576,-1982022702.4032063,-1991390587.783819,-2000681367.8024936,-2009893010.8201654,-2019023427.6968079,-2028070470.5681431,-2037031931.6102242,-2045905541.792239,-2054688969.6178417,-2063379819.8554955,-2071975632.2580862,-2080473880.2721963,-2088871969.7373838,-2097167237.575708,-2105356950.471806,-2113438303.543665,-2121408419.004256,-2129264344.814074,-2137003053.3244767,-2144621439.9117079,-2152116321.601253,-2159484435.6820045,-2166722438.3095837,-2173826903.0978966,-2180794319.6976676,-2187621092.3605113,-2194303538.4866385,-2200837887.153944,-2207220277.625745,-2213446757.833882,-2219513282.833334,-2225415713.2238283,-2231149813.5331216,-2236711250.555781,-2242095591.6403728,-2247298302.9168296,-2252314747.4545937,-2257140183.3407593,-2261769761.6659985,-2266198524.404292,-2270421402.170719,-2274433211.839469,-2278228654.0020204,-2281802310.242864,-2285148640.2074924,-2288261978.434306,-2291136530.9188004,-2293766371.374851,-2296145437.1538706,-2298267524.778515,-2300126285.042809,-2301715217.6257553,-2303027665.1599874,-2304056806.6913853,-2304795650.459366,-2305237025.9211435,-2305373574.9363155,-2305197742.0210814,-2304701763.5738006,-2303877655.96612,-2302717202.3859553,-2301211938.3109684,-2299353135.483497,-2297131784.250638,-2294538574.1264405,-2291563872.4274898,-2288197700.828497,-2284429709.681804,-2280249149.944152,-2275644842.556481,-2270605145.128747,-2265117915.792659,-2259170474.101871,-2252749558.883335,-2245841282.975967,-2238431084.8363013,-2230503677.0466166,-2222042991.8323092,-2213032123.784111,-2203453270.09096,-2193287668.7236357,-2182515535.1722383,-2171115998.5357666,-2159067037.994257,-2146345420.967559,-2132926644.5843065,-2118784882.4545777,-2103892939.163189,-2088222215.380547,-2071742687.0245674,-2054422902.4985077,-2036230002.669116,-2017129768.9256923,-1997086705.3538501,-1976064161.738702,-1954024504.738285,-1930929345.0803092,-1906739828.9545846,-1881417001.79571,-1854922252.2440457,-1827217843.074602,-1798267534.1000674,-1768037299.2667835,-1736496136.1416235,-1703616960.5230901,-1669377571.8652384,-1633761666.6112268,-1596759866.7523174,-1558370720.8904574,-1518601626.684519,-1477469620.2553313,-1435001985.8118327,-1391236667.08636,-1346222526.3867042,-1300019620.6394284,-1252699881.8114889,-1204348952.6087484,-1155070509.144724,-1104995296.7972229,-1054298434.5882667,-1003230440.4949026,-952170001.6120824,-901709740.222271,-852789747.3244216,-806896314.5375371,-766342275.9000859,-734634599.1320033,-716902317.7121451,-720281707.9379685,-754001249.1558453,-828642557.5202742,-953750710.3638908,-1133363727.9849427,-1363578203.5079155,-1654024922.5071485,-2110852653.1821082,0.0
2868.0,1395892747.6459298,1382362067.7251396,1368830582.3208413,1355298493.950923,1341766007.886797,1328233332.2033513,1314700677.8301594,1301168258.6039631,1287636291.322453,1274104995.7994137,1260574594.9212213,1247045314.7047672,1233517384.356843,1219991036.3349686,1206466506.4098125,1192944033.7291198,1179423860.8832638,1165906233.972452,1152391402.6756055,1138879620.3209891,1125371143.9585774,1111866234.4342766,1098365156.4659972,1084868178.7216256,1071375573.8989671,1057887618.8076938,1044404594.4533368,1030926786.1234016,1017454483.4756252,1003987980.6284556,990527576.2537768,977073573.6719832,963626280.9493833,950186010.9980904,936753081.6783402,923327815.9033988,909910541.7470646,896501592.5538282,883101307.0517802,869710029.4682932,856328109.6485713,842955903.1771147,829593771.5021787,816242082.0632956,802901208.4218845,789571530.3951027,776253434.1929164,762947312.5585397,749653564.9122592,736372597.4987353,723104823.5378867,709850663.3793644,696610544.660752,683384902.4695516,670174179.509013,656978826.2679195,643799301.1943662,630636070.8736597,617489610.2103702,604360402.6146631,591248940.1929561,578155723.9429989,565081263.9534605,552026079.608095,538990699.7945937,525975663.1181495,512981518.119912,500008823.5003088,487058148.3473948,474130072.3702775,461225186.1377051,448344091.3219044,435487400.9477359,422655739.6472713,409849743.9198446,397070062.3976613,384317356.1170713,371592298.7955272,358895577.1143532,346227891.00734925,333589953.9553535,320982493.2867594,308406250.48413134,295861981.4969027,283350457.06026816,270872463.0202944,258428800.66533,246020287.0636969,233647755.40778425,221312055.3645413,209014053.43235755,196754633.3044443,184534696.23867083,172355161.43385863,160216966.41261005,148121067.41056585,136068439.77216887,124060078.3528459,112096997.92762683,100180233.60611393,88310841.25378418,76489897.91953492,64718502.26939702,52997775.02635956,41328859.41613078,29712921.61877489,18151151.22608161,6644761.704465151,-4805009.136716366,-16196898.6716609,-27529618.979641914,-38801856.3617518,-50012270.85318875,-61159495.73129606,-72242137.01974034,-83258772.98907876,-1251565781.314952,-1263753717.732979,-1275957132.8288128,-1288175635.6078162,-1300408810.1681318,-1312656214.8749435,-1324917381.511693,-1337191814.407683,-1435435701.4290488,-1447857778.649201,-1460284427.1028366,-1472714918.0098822,-1485148487.3442545,-1497584334.7229168,-1510021622.2655673,-1449132324.7266383,-1461924860.0633397,-1474717468.1784236,-1487509141.736475,-1500298831.47704,-1513085444.9801292,-1622721900.8771794,-1634000863.3212924,-1645239133.6078317,-1656435376.4490805,-1667588213.289981,-1678696221.131693,-1689757931.330935,-1530715377.2689357,-1541170055.5327697,-1551584526.9995654,-1561957665.3593578,-1572288305.6196277,-1582575243.0207114,-1464669708.2638707,-1468845078.2137156,-1472938854.05241,-1476950186.5031009,-1480878210.8756504,-1484722046.9557748,-1819024755.3403249,-1827508864.694025,-1835951327.5434551,-1844350664.4636967,-1852705345.193836,-1861013787.2632,-1869274354.588792,-2030104822.9606867,-2037786997.6526146,-2045397346.470181,-2052934136.5205855,-2060395585.4309342,-2067779860.3025432,-2075085076.6569371,-2082309297.3741775,-2089450531.62414,-2096506733.791501,-2103475802.395145,-2110355579.0027118,-2117143847.1411414,-2123838331.204046,-2130436695.356679,-2136936542.4395013,-2143335412.871094,-2149630783.551445,-2155820066.7664156,-2161900609.0943236,-2167869690.3154783,-2173724522.325571,-2179462248.0536466,-2185079940.3854156,-2190574601.092593,-2195943159.768733,-2201182472.772059,-2206289322.1755013,-2211260414.72402,-2216092380.799061,-2220781773.3897333,-2225325067.0699425,-2229718656.9803905,-2233958857.8139205,-2238041902.8021364,-2241963942.7007685,-2245721044.7705126,-2249309191.749391,-2252724280.811786,-2255962122.5084677,-2259018439.6807075,-2261888866.3405175,-2264568946.5076,-2267054132.9920797,-2269339786.1105638,-2271421172.320882,-2273293462.759106,-2274951731.659912,-2276390954.6388607,-2277606006.812345,-2278591660.7279305,-2279342584.074237,-2279853337.1360817,-2280118369.956315,-2280132019.161621,-2279888504.4047313,-2279381924.3705363,-2278606252.2880898,-2277555330.8849077,-2276222866.7137375,-2274602423.7758636,-2272687416.358228,-2270471100.995126,-2267946567.4582725,-2265106728.6723676,-2261944309.4467,-2258451833.9071374,-2254621611.5073404,-2250445721.4934454,-2245915995.6931353,-2241023999.498572,-2235761010.9133606,-2230117997.537639,-2224085591.3727098,-2217654061.3391232,-2210813283.4199066,-2203552708.3659253,-2195861326.9339347,-2187727632.6719584,-2179139582.322809,-2170084553.9874043,-2160549303.277209,-2150519917.7927914,-2139981770.395731,-2128919471.897637,-2117316823.9758394,-2105156773.3442297,-2092421368.4628665,-2079091720.3645763,-2065147969.5134878,-2050569260.990621,-2035333730.7260318,-2019418505.9634461,-2002799723.6480625,-1985452570.9634988,-1967351352.7981923,-1948469591.4789033,-1928780164.6477706,-1908255487.6540937,-1886867747.252994,-1864589193.7221308,-1841392498.7026932,-1817251186.1407816,-1792140143.6889126,-1766036221.9385545,-1738918929.1352634,-1710771230.030009,-1681580460.030095,-1651339371.1355524,-1620047336.374612,-1587711757.8534415,-1554349755.1028616,-1519990262.6156697,-1484676749.3148944,-1448470904.0347455,-1411457832.3432956,-1373753612.0923505,-1335516499.2187445,-1296963714.1906226,-1258396635.3994849,-1220238442.3492622,-1183089830.56203,-1147810328.2075438,-1115634757.493327,-1088335851.75301,-1068443422.4462276,-1059524458.9079981,-1066510449.8084878,-1096015221.563669,-1156495606.1862361,-1257930710.9680624,-1410385074.5734904,-1620354936.5056536,-1883278499.005464,-2169979227.197682,-2397539778.540477,-2235836512.6199703,0.0
2867.0,1277880460.2375407,1265028118.0503914,1252175855.8281784,1239323855.5975797,1226472301.8221064,1213621381.4492097,1200771283.9586153,1187922201.41196,1175074328.5036614,1162227862.61319,1149383003.858663,1136539955.1518588,1123698922.254675,1110860113.8370447,1098023741.5364027,1085190020.0186734,1072359167.0408752,1059531403.515352,1046706953.5756904,1033886044.644352,1021068907.5020772,1008255776.3590862,995446888.9281518,982642486.4995704,969842814.018071,957048120.161726,944258657.4229271,931474682.1914372,918696454.839603,905924239.8097652,893158305.7039244,880398925.375726,867646376.0247954,854900939.293509,842162901.3662434,829432553.0711465,816710189.9845427,803996112.5379534,791290626.1278759,778594041.2283205,765906673.5062249,753228843.9397393,740560878.939538,727903110.4731369,715255876.1923547,702619519.5639387,689994390.003453,677380843.0124868,664779240.3192751,652189950.0227545,639613346.7401928,627049811.7584339,614499733.1888255,601963506.1259098,589441532.8099941,576934222.793604,564441993.111979,551965268.4576262,539504481.3590482,527060072.3637085,514632490.2253285,502222192.0955906,489829643.72031856,477455319.6402459,465099703.3964162,452763287.7403228,440446574.8489001,428150076.5443435,415874314.5189805,403619820.5651672,391387136.81033134,379176815.9572594,366989421.5296631,354825528.1231501,342685721.6616514,330570599.65937674,318480771.4884026,306416858.6519325,294379495.0633366,282369327.3309865,270387015.0490444,258433231.0941517,246508661.9281938,234614007.90711737,222749983.59591863,210917318.0897932,199116755.3415532,187349054.4953117,175614990.22650886,163915353.0882945,152250949.86426497,140622603.92767453,129031155.60701132,117477462.55803704,105962400.1422615,94486861.81185056,83051759.5009265,71658024.02328205,60306605.47644305,48998473.65204191,37734618.4524343,26516050.31351924,15343800.63364935,4218922.208565474,-6857510.327786446,-17884400.056661606,-28860627.322270155,-39785049.27408648,-50656499.40383983,-61473787.07742429,-72235697.06192613,-82940989.04801416,-93588397.16796088,-104176629.5095842,-114704367.62641978,-125170266.04448868,-1416715882.8806784,-1427317287.6744547,-1437925855.2665544,-1448541145.1868336,-1459162692.5825784,-1469790007.436994,-1480422573.766343,-1491059848.7952971,-1586528428.627029,-1597211137.8156924,-1607889243.7949028,-1618561970.6617994,-1629228508.3300667,-1639888011.4927988,-1650539598.559,-1590015481.9070156,-1601180862.4600072,-1612338141.162021,-1623486270.1848278,-1634624160.5640616,-1645750681.0161572,-1729338703.256433,-1738905017.1800184,-1748424752.2564373,-1757896590.5172868,-1767319172.9490268,-1776691098.4128969,-1786010922.544186,-1623624061.4165282,-1632292145.8204322,-1640916110.275546,-1649494919.695677,-1658027504.646104,-1666512760.406899,-1478987179.0216625,-1481431998.6269865,-1483801745.7282276,-1486095917.6148458,-1488314005.6411462,-1490455495.3403504,-1883672430.0820527,-1890410423.5118413,-1897104619.7098384,-1903753671.0431807,-1910356184.0498464,-1916910718.2047591,-1923415784.661136,-2067850781.807914,-2073765677.217253,-2079612156.1109686,-2085388725.777262,-2091093850.4577184,-2096725950.4442854,-2102283401.171432,-2107764532.3044372,-2113167626.8247294,-2118490920.1133409,-2123732599.0336127,-2128890801.0143242,-2133963613.134583,-2138949071.2118134,-2143845158.8943558,-2148649806.7602186,-2153360891.4236445,-2157976234.6512823,-2162493602.489805,-2166910704.406941,-2171225192.4479685,-2175434660.4099092,-2179536643.0355883,-2183528615.2299986,-2187407991.3014145,-2191172124.2297735,-2194818304.9649973,-2198343761.7579365,-2201745659.526676,-2205021099.2611036,-2208167117.4684887,-2211180685.663002,-2214058709.902045,-2216798030.372143,-2219395421.027239,-2221847589.2819967,-2224151175.76264,-2226302754.1176486,-2228298830.8903737,-2230135845.4553566,-2231810170.019704,-2233318109.690456,-2234655902.6083107,-2235819720.1473713,-2236805667.1799083,-2237609782.4040904,-2238228038.731734,-2238656343.7317777,-2238890540.123914,-2238926406.3151407,-2238759656.970296,-2238385943.6054792,-2237800855.191102,-2236999918.748663,-2235978599.922463,-2234732303.5043335,-2233256373.88587,-2231546095.4086804,-2229596692.579007,-2227403330.108137,-2224961112.7351,-2222265084.7823434,-2219310229.3892636,-2216091467.3618684,-2212603655.570017,-2208841584.8165026,-2204799977.0945334,-2200473482.1424546,-2195856673.1963944,-2190944041.8336096,-2185729991.791285,-2180208831.638036,-2174374766.168423,-2168221886.3848133,-2161744157.9263635,-2154935407.8022017,-2147789309.285726,-2140299364.8300061,-2132458886.8713994,-2124260976.4008672,-2115698499.2009964,-2106764059.6730475,-2097449972.21392,-2087748230.149425,-2077650472.290049,-2067147947.2501898,-2056231475.7648532,-2044891411.3511074,-2033117599.798703,-2020899338.1383133,-2008225333.9305348,-1995083665.9480703,-1981461747.5923452,-1967346294.6993108,-1952723299.7546945,-1937578014.9654293,-1921894947.134473,-1905657867.8796887,-1888849843.452329,-1871453289.290616,-1853450055.556001,-1834821551.3464994,-1815548917.220262,-1795613258.3304021,-1774995954.2252705,-1753679066.735494,-1731645875.1260293,-1708881578.9653137,-1685374225.5707722,-1661115942.7205384,-1636104591.7742894,-1610346005.8198967,-1583857047.8952994,-1556669823.5635464,-1528837520.192971,-1500442534.5972083,-1471607805.5892892,-1442512603.516616,-1413414457.3624582,-1384679424.3861778,-1356823507.2387972,-1330568629.6650805,-1306917027.305102,-1287247839.6507165,-1273438390.321214,-1268008725.3215685,-1274278762.6456385,-1296507734.7493725,-1339945511.8949478,-1410645364.31625,-1514728014.7135143,-1656456656.831985,-1833717716.827862,-2027291904.3247147,-2172364562.31158,-2071877081.164248,-1160428041.3519285,0.0
2866.0,1166599626.081316,1154431452.835952,1142264160.642316,1130097910.225948,1117932864.419073,1105769188.2043686,1093607048.7599075,1081446615.5053992,1069288060.1496296,1057131556.7392646,1044977281.7089596,1032825413.9328403,1020676134.7774308,1008529628.1559815,996386080.5843252,984245681.2382224,972108622.0122964,959975097.5805564,947845305.458582,935719446.0673878,923597722.7990112,911480342.08389,899367513.4600582,887259449.6441945,875156366.6046098,863058483.6361649,850966023.4372319,838879212.1886826,826798279.6350151,814723459.1676276,802654987.9103101,790593106.8070083,778538060.71191,766490098.4819126,754449473.0715263,742416441.6302683,730391265.6026123,718374210.8305651,706365547.658888,694365551.0430847,682374500.6601715,670392681.0223103,658420381.5933766,646457896.9085298,634505526.6968176,622563576.0069342,610632355.336175,598712180.7626468,586803374.0808206,574906262.9405109,563021180.9893129,551148468.0186195,539288470.1132598,527441539.8048317,515608036.2288505,503788325.28572273,491982779.8056675,480191779.7176752,468415712.222514,456654971.96994543,444909961.2401855,433181090.1296873,421468776.741344,409773447.3791812,398095536.7476304,386435488.1554375,374793753.724352,363170794.6025703,351567081.18312943,339983093.3272543,328419320.5927685,316876262.46764195,305354428.6087575,293854339.08595824,282376524.63149333,270921526.89487803,259489898.7033019,248082204.32760385,236699019.75393963,225340932.96116376,214008544.2040162,202702466.30217648,191423324.9352372,180171758.9436732,168948420.63583255,157753976.1010468,146589105.52884316,135454503.5343783,124350879.49005984,113278957.86345004,102239478.56143022,91233197.28067756,80260885.86448622,69323332.66586876,58421342.9170413,47555739.105205774,36727361.35464335,25937067.81510305,15185735.056436775,4474258.469456434,-6196447.327081919,-16825448.073385715,-27411789.44954252,-37954496.650503874,-48452573.95530915,-58905004.29058695,-69310748.78853536,-79668746.33953571,-89977913.13953948,-100237142.23246528,-110445303.04780412,-120601240.93366528,-130703776.68555713,-140751706.07115626,-150743799.35138774,-160678800.7982018,-1565256062.0340629,-1574227615.421731,-1583197895.2776065,-1592166419.6267934,-1601132682.980015,-1610096155.6064715,-1619056282.7874055,-1628012484.0499516,-1719823374.011371,-1728723447.9404082,-1737609777.884077,-1746481554.7376494,-1755337936.8069525,-1764178048.8602138,-1773000981.1569755,-1714000235.96504,-1723495086.0691657,-1732973701.5282855,-1742435008.1942348,-1751877892.097784,-1761301198.3318007,-1818658716.6104689,-1826499084.3298824,-1834287442.1852024,-1842022508.723244,-1849702964.2326708,-1857327449.7721777,-1864894566.1815948,-1700254382.6400871,-1707136400.106722,-1713970835.9657643,-1720756759.7246227,-1727493211.1447127,-1734179199.4515262,-1480957597.8518507,-1481764829.0550952,-1482504825.5322084,-1483177440.8156233,-1483782531.58139,-1484319957.951095,-1930957672.5956397,-1935943352.277137,-1940883358.6773632,-1945776484.443176,-1950621481.494024,-1955417059.923304,-1960161886.8785205,-2086824546.8731053,-2090972973.5456233,-2095056431.3948097,-2099073660.7473044,-2103023364.7568886,-2106904208.6153603,-2110714818.761069,-2114453782.08631,-2118119645.1448083,-2121710913.3606858,-2125226050.2404628,-2128663476.589665,-2132021569.7359133,-2135298662.760351,-2138493043.7396069,-2141602955.000487,-2144626592.3899035,-2147562104.562724,-2150407592.290324,-2153161107.793037,-2155820654.0996904,-2158384184.437921,-2160849601.658951,-2163214757.701029,-2165477453.095817,-2167635436.522419,-2169686404.4140244,-2171628000.622455,-2173457816.146261,-2175173388.928285,-2176772203.7291055,-2178251692.082994,-2179609232.343499,-2180842149.8261013,-2181947717.05579,-2182923154.127795,-2183765629.1901407,-2184472259.0569673,-2185040109.962082,-2185466198.4624724,-2185747492.501867,-2185880912.644787,-2185863333.4918213,-2185691585.28697,-2185362455.7283206,-2184872691.9931955,-2184219002.989109,-2183398061.841749,-2182406508.63101,-2181240953.3858624,-2179897979.348257,-2178374146.5157056,-2176665995.471285,-2174770051.5086,-2172682829.057946,-2170400836.4180818,-2167920580.7959228,-2165238573.653907,-2162351336.3617268,-2159255406.1455374,-2155947342.3234773,-2152423732.8114634,-2148681200.8773913,-2144716412.115357,-2140526081.603817,-2136106981.2029042,-2131455946.93619,-2126569886.3908584,-2121445786.0574236,-2116080718.5157545,-2110471849.3578508,-2104616443.7196522,-2098511872.2738702,-2092155616.5131946,-2085545273.128225,-2078678557.2568383,-2071553304.3514018,-2064167470.3770223,-2056519130.0179763,-2048606472.5305228,-2040427794.838449,-2031981491.4231772,-2023266040.513464,-2014279986.0308878,-2005021914.6974647,-1995490427.6618369,-1985684105.9519818,-1975601469.0176737,-1965240925.5876696,-1954600716.0392394,-1943678845.4663599,-1932473006.645756,-1920980492.147057,-1909198094.9292176,-1897121996.9294944,-1884747645.4106054,-1872069617.22295,-1859081471.7128627,-1845775593.833922,-1832143030.1918728,-1818173322.4052908,-1803854344.4714692,-1789172154.0328875,-1774110871.8710303,-1758652610.0516274,-1742777477.4935641,-1726463703.1028278,-1709687931.9999402,-1692425771.0398943,-1674652687.3403697,-1656345399.7509463,-1637483950.1822736,-1618054701.5416179,-1598054583.3131423,-1577496994.8944478,-1556419878.1443539,-1534896576.303422,-1513050189.0448794,-1491072179.3224316,-1469245927.3197007,-1447975660.1056938,-1427820551.6263514,-1409532536.9913623,-1394094143.3346703,-1382748858.7389064,-1377010443.595545,-1378627935.5267248,-1389467901.782317,-1411250726.329587,-1445033580.2123098,-1490241528.0621066,-1542823309.2244108,-1591458802.2933645,-1608683423.5539548,-1527447351.7163286,-1182660283.4149156,-341617328.09310836,0.0
2865.0,1061978383.8912964,1050499176.9391617,1039021574.5813016,1027545715.5791622,1016071740.4584712,1004599791.5491556,993130013.026397,981662550.9529364,970197553.3225363,958735170.1047477,947275553.2909422,935818856.9416908,924365237.2354798,912914852.5188425,901467863.3579212,890024432.591488,878584725.3854983,867148909.2891672,855717154.2926692,844289632.8864349,832866520.1221424,821447993.6754242,810034233.9103197,798625423.9455434,787221749.7226145,775823400.0758526,764430566.8043447,753043444.7458968,741662231.8530262,730287129.2710522,718918341.4183156,707556076.0686145,696200544.4358726,684851961.2611271,673510544.9018633,662176517.4237677,650850104.694955,639531536.482734,628221046.552941,616918872.771949,605625257.2113804,594340446.2555788,583064690.7119361,571798245.9241219,560541371.8882605,549294333.3721567,538057400.037617,526830846.5659415,515614952.7866399,504410003.8094671,493216290.15983737,482034107.9176674,470863758.85976505,459705550.6057916,448559796.7679138,437426817.1041646,426306937.6756619,415200491.0076952,404107816.2547848,393029259.369798,381965173.2771744,370915918.05038655,359881861.093637,348863377.32795024,337860849.38169634,326874667.78560746,315905231.17244864,304952946.4812926,294018229.1666051,283101503.4121386,272203202.34975266,261323768.28319824,250463652.91700864,239623317.59048545,228803233.51694977,218003882.02825487,207225754.8246826,196469354.2302529,185735193.4535856,175023796.85428238,164335700.21500325,153671451.01920772,143031608.73468184,132416745.10289812,121827444.434232,111264303.90913464,100727933.8852682,90218958.2106824,79738014.54303122,69285754.67492056,58862844.86535239,48469966.17734766,38107814.82171512,27777102.507027622,17478556.795768976,7212921.466652393,-3019043.116849661,-13216559.63187933,-23378833.41539312,-33505052.077322245,-43594385.107671976,-53645983.47767091,-63658979.23501706,-73632485.09331131,-83565594.0157988,-93457378.79351354,-103306891.61796618,-113113163.64852118,-122875204.57464112,-132592002.1731758,-142262521.8609054,-151885706.24256384,-161460474.6546017,-170985722.7049644,-180460321.8091774,-189883118.72309124,-1697546940.6412752,-1704853871.6522374,-1712151100.3191876,-1719438112.7963486,-1726714372.942609,-1733979321.658304,-1741232376.2048965,-1748472929.5072794,-1835816594.493188,-1842901459.0939555,-1849963628.605997,-1857002276.4664965,-1864016545.642218,-1871005547.7837377,-1877968362.3604908,-1821549564.8709235,-1829340130.986918,-1837106513.103629,-1844847626.6816697,-1852562349.20432,-1860249519.140605,-1891472666.650628,-1897584099.926394,-1903638653.3929656,-1909635101.6294105,-1915572184.2577643,-1921448605.088164,-1927263031.25036,-1761462436.0668442,-1766568193.424275,-1771623408.7817936,-1776627268.1437087,-1781578932.5381465,-1786477537.3683674,-1472139585.6201797,-1471408152.2625782,-1470618463.6266694,-1469770730.9955149,-1468865177.1975527,-1467902037.0509658,-1961822307.401348,-1965058777.3743548,-1968248014.7326567,-1971388959.2921424,-1974480515.2451224,-1977521550.18803,-1980510894.1307893,-2088136329.6813686,-2090526730.4290395,-2092855597.7263412,-2095121893.8805032,-2097324549.2027926,-2099462461.2998393,-2101534494.363792,-2103539478.46273,-2105476208.8328476,-2107343445.174084,-2109139910.9510465,-2110864292.7013338,-2112515239.35342,-2114091361.556614,-2115591231.0258174,-2117013379.9039342,-2118356300.1452484,-2119618442.9232492,-2120798218.0667024,-2121893993.5281467,-2122904094.8893507,-2123826804.9086113,-2124660363.1152303,-2125402965.4568896,-2126052764.006236,-2126607866.7333193,-2127066337.351195,-2127426195.2425704,-2127685415.4758232,-2127841928.9196353,-2127893622.4658644,-2127838339.3712206,-2127673879.728976,-2127398001.0827727,-2127008419.195333,-2126502808.9859567,-2125878805.6514013,-2125134005.9858325,-2124265969.9164612,-2123272222.2725856,-2122150254.8067062,-2120897528.4876022,-2119511476.0862586,-2117989505.076686,-2116329000.8748446,-2114527330.4399028,-2112581846.263248,-2110489890.771637,-2108248801.171919,-2105855914.765623,-2103308574.7625418,-2100604136.623012,-2097739974.9591174,-2094713491.0252106,-2091522120.828073,-2088163343.8866324,-2084634692.6702504,-2080933762.7432292,-2077058223.6412258,-2073005830.5024557,-2068774436.472991,-2064362005.9008873,-2059766628.3279655,-2054986533.2809026,-2050020105.8544176,-2044865903.0685666,-2039522670.969253,-2033989362.4255497,-2028265155.559009,-2022349472.718492,-2016241999.8882754,-2009942706.3874588,-2003451864.6835356,-1996770070.1024804,-1989898260.1706748,-1982837733.2697105,-1975590166.2228317,-1968157630.3603542,-1960542605.5299973,-1952747991.425547,-1944777115.5026464,-1936633736.6326113,-1928322043.5132656,-1919846646.708842,-1911212563.0285177,-1902425190.77516,-1893490274.2023995,-1884413855.3110938,-1875202210.897439,-1865861772.5393121,-1856399026.980994,-1846820394.1590064,-1837132079.9175458,-1827339900.310248,-1817449074.303152,-1807463981.7185752,-1797387883.441326,-1787222601.3138359,-1776968155.8637803,-1766622361.1523483,-1756180377.7534,-1745634227.3660505,-1734972276.0692585,-1724178698.0496054,-1713232938.1419687,-1702109200.1522603,-1690775999.174146,-1679195830.483662,-1667325025.5679417,-1655113887.7085066,-1642507225.167696,-1629445428.459381,-1615866266.9515224,-1601707604.0719566,-1586911240.2744706,-1571428072.3382506,-1555224679.3723223,-1538291266.5586581,-1520650549.7216995,-1502366546.2135742,-1483551205.0142033,-1464365163.0501626,-1445006405.2958972,-1425676958.1022954,-1406512742.2160363,-1387455389.4787645,-1368037845.9258027,-1347049844.1108606,-1322048732.577373,-1288691897.438858,-1239895571.6801176,-1164871727.2558088,-1048164593.5553386,-869148305.598608,-605362863.0687208,-262130038.70179582,-9239650.177535698,0.0
2864.0,963929081.7292272,953142643.6749468,942358463.3783808,931576657.1230148,920797342.6033283,910020638.9603952,899246666.8185455,888475548.3232099,877707407.17988,866942368.694279,856180559.8137587,845422109.1699481,834667147.122704,823915805.8053693,813168219.1714145,802424523.0424627,791684855.157753,780949355.2250777,770218164.9732407,759491428.2060459,748769290.8578944,738051901.0510113,727339409.1543388,716631967.8441502,705929732.1664413,695232859.6010981,684541510.1279384,673855846.294642,663176033.2866381,652502238.9989603,641834634.1101758,631173392.1583861,620518689.6193807,609870705.9869862,599229623.8556575,588595629.0053905,577968910.4889724,567349660.7216517,556738075.5732937,546134354.4630449,535538700.4565946,524951320.3660903,514372424.8527359,503802228.53220665,493240950.0828344,482688812.3567492,472146042.4939332,461612872.0393405,451089537.0630686,440576278.2837247,430073341.1949976,419580976.1955329,409099438.7221767,398628989.3866364,388169894.11569095,377722424.2949213,367286856.916147,356863474.72856057,346452566.39365995,336054426.6440631,325669356.44626856,315297663.1674452,304939660.7463027,294595669.8681669,284266018.1442847,273951040.29546404,263651078.34013,253366481.78685176,243097607.831432,232844821.55863464,222608496.1486343,212389013.0882289,202186762.38694465,192002142.7980661,181835562.04468223,171687437.050817,161558194.17771804,151448269.46537793,141358108.8793546,131288168.56295538,121238915.09485352,111210825.7522043,101204388.77931,91220103.66192174,81258481.40718746,71320044.8293562,61405328.8412385,51514880.75148964,41649260.56777263,31809041.3058126,21994809.30439663,12207164.546317816,2446720.985338449,-7285893.120880127,-16990034.871798754,-26665046.379036903,-36310254.415383816,-45924970.05780292,-55508488.32447505,-65060087.805889845,-74579030.29001927,-84064560.38166022,-93515905.11596727,-102932273.56626464,-112312856.44625366,-121656825.70667233,-130963334.1265546,-140231514.899212,-149460481.2130921,-158649325.82767737,-167797120.64461303,-176902916.274271,-185965741.598,-194984603.32625425,-203958485.5529722,-212886349.30642465,-1814044675.363781,-1819661242.7573645,-1825259811.79402,-1830839847.806048,-1836400795.39914,-1841942077.861606,-1847463096.5589645,-1852963230.313594,-1935109569.5531087,-1940357760.1456528,-1945574642.752695,-1950759390.49509,-1955911148.646724,-1961029033.9025168,-1966112133.6310723,-1913222225.8493223,-1919284777.819903,-1925315515.1755743,-1931313360.30013,-1937277199.962627,-1943205884.3725407,-1948646298.102481,-1953035983.3416133,-1957364570.413306,-1961630909.276012,-1965833818.683736,-1969972085.453454,-1974044463.7221465,-1808162089.9283893,-1811510358.5480013,-1814805663.3469827,-1818047317.0334976,-1821234612.177414,-1824366820.6935804,-1454041613.359125,-1451874311.2344327,-1449658670.3660698,-1447395253.107668,-1445084640.8338785,-1442727434.4753866,-1977285060.2146392,-1978784754.9604533,-1980236014.3307111,-1981637930.7179456,-1982989565.915988,-1984289950.2614648,-1985538081.758914,-2072988037.8136072,-2073636861.4968712,-2074227543.8040154,-2074759255.1477609,-2075231138.338396,-2075642307.9193506,-2075991849.5013325,-2076278819.096507,-2076502242.4545143,-2076661114.4021025,-2076754398.1886897,-2076781024.8400443,-2076739892.5228114,-2076629865.922748,-2076449775.6398325,-2076198417.6037893,-2075874552.513904,-2075476905.307352,-2075004164.66073,-2074454982.5298347,-2073827973.7333655,-2073121715.5865612,-2072334747.5914898,-2071465571.191216,-2070512649.5957913,-2069474407.688624,-2068349232.0226161,-2067135470.9162054,-2065831434.660305,-2064435395.8480835,-2062945589.8405046,-2061360215.3815057,-2059677435.37801,-2057895377.8608756,-2056012137.1444323,-2054025775.2033377,-2051934323.2870994,-2049735783.7939668,-2047428132.427512,-2045009320.6608877,-2042477278.5354288,-2039829917.8220782,-2037065135.5760033,-2034180818.1166558,-2031174845.4675388,-2028045096.2919388,-2024789453.3629875,-2021405809.608375,-2017892074.7721887,-2014246182.7382727,-2010466099.561472,-2006549832.2548747,-2002495438.3828812,-1998301036.5112212,-1993964817.5662093,-1989485057.1562245,-1984860128.9085655,-1980088518.8744726,-1975168841.0539308,-1970099854.089812,-1964880479.177678,-1959509819.233109,-1953987179.3522022,-1948312088.5929804,-1942484323.0950131,-1936503930.5417426,-1930371255.9538434,-1924086968.7822855,-1917652091.2456815,-1911068027.8276193,-1904336595.8148487,-1897460056.7158432,-1890441148.3501377,-1883283117.3409388,-1875989751.6754496,-1868565412.9178913,-1861015067.5674546,-1853344316.9461446,-1845559424.8772445,-1837667342.2725174,-1829675727.5827544,-1821592961.8799198,-1813428157.127789,-1805191155.9593945,-1796892521.0120878,-1788543511.5730953,-1780156044.959028,-1771742639.692392,-1763316337.147734,-1754890597.9234073,-1746479168.7576745,-1738095915.3598373,-1729754616.082066,-1721468710.9362175,-1713251000.0899715,-1705113285.6962183,-1697065950.7693477,-1689117468.8873181,-1681273838.853708,-1673537939.2040777,-1665908798.7162056,-1658380781.0380766,-1650942684.3604684,-1643576760.9281907,-1636257666.304969,-1628951354.8525727,-1621613945.9459267,-1614190594.9407272,-1606614413.4334407,-1598805493.9360042,-1590670102.8139696,-1582100108.7618816,-1572972706.3475444,-1563150465.6389499,-1552481674.35035,-1540800814.5999506,-1527928796.3446026,-1513672200.7611287,-1497820193.0353568,-1480136839.66475,-1460345171.9767041,-1438097308.6166723,-1412922117.9644256,-1384138175.9967995,-1350715324.328371,-1311063777.22521,-1262727733.5397887,-1201966082.2226417,-1123227236.7544644,-1018591200.9532809,-877406822.3003747,-686705572.5376997,-433847414.098653,-115417721.18135726,235084684.9224101,465808473.49478,223589847.8069471,0.0
2863.0,872348722.8216821,862257895.9747751,852169917.0827239,842084879.5877855,832002877.9806404,821924007.8311992,811848365.8204106,801776049.773139,791707158.6921172,781641792.7929953,771580053.5405527,761522043.6860639,751467867.3058826,741417629.8412493,731371438.1393783,721329400.4958531,711291626.6983434,701258228.0717189,691229317.5245563,681205009.5971191,671185420.5107938,661170668.2190831,651160872.4601325,641156154.8109001,631156638.7429447,621162449.6799175,611173715.0567818,601190564.3808211,591213129.294447,581241543.6398928,571275943.5258255,561316467.3958944,551363256.0993227,541416452.9635279,531476203.8688721,521542657.3255663,511615964.55278754,501696279.5600588,491783759.2309587,481878563.4091904,471980854.9870939,462090799.9966375,452208567.7029642,442334330.7005193,432468265.01187015,422610550.1892237,412761369.4187349,402920909.62768257,393089361.5945101,383266920.06188464,373453783.8527677,363650155.9896027,353856243.8166543,344072259.1256099,334298418.284469,324534942.36981,314782057.30250263,305039993.9869393,295308988.4538368,285589282.0067047,275881121.3720405,266184758.85333097,256500452.4889046,246828466.21376765,237169070.0254213,227522540.1538061,217889159.23539603,208269216.49155045,198663007.91116536,189070836.43774307,179493012.16091108,169929852.51248324,160381682.46714962,150848834.74784982,141331650.03588986,131830477.18593083,122345673.4458592,112877604.68162608,103426645.607167,93993180.01939178,84577601.03840363,75180311.35292041,65801723.47103059,56442259.976328015,47102353.78943217,37782448.43505919,28482998.31456864,19204468.984141946,9947337.43857324,712092.4007592201,-8500765.38311565,-17690722.842636466,-26857254.27640772,-35999821.03953886,-45117871.22526693,-54210839.34076285,-63278145.97709644,-72319197.47333574,-81333385.5748409,-90320087.08571696,-99278663.51549353,-108208460.72003569,-117108808.53675282,-125979020.41414452,-134818393.03577566,-143626205.93873763,-152401721.12668908,-161144182.67761493,-169852816.34639084,-178526829.1623212,-187165409.0217899,-195767724.27620208,-204332923.31543744,-212860134.14698708,-221348463.97105968,-229796998.75189352,-1915293519.125444,-1919203347.4574013,-1923087134.3107808,-1926944336.3786936,-1930774391.536171,-1934576718.3293376,-1938350715.452373,-1942095761.212184,-2018399203.479967,-2021800593.546008,-2025162538.92288,-2028484230.4983373,-2031764834.4072635,-2035003491.422272,-2038199316.3328905,-1989663945.274616,-1993985011.903453,-1998267078.2408185,-2002509091.8899488,-2006709967.698908,-2010868586.91822,-1991108324.824523,-1993793334.7928965,-1996413753.9411943,-1998968526.3142147,-2001456568.8841784,-2003876770.94245,-2006227993.4836824,-1841313660.118354,-1842931762.3377824,-1844495042.6776576,-1846002948.905386,-1847454913.4627333,-1848850353.068585,-1428106820.623528,-1424608302.8950253,-1421072073.0082698,-1417499029.8056886,-1413890097.4902396,-1410246226.1952224,-1978429550.589916,-1978214159.9313865,-1977949525.393538,-1977634896.037293,-1977269495.20428,-1976852519.7569287,-1976383139.302948,-2042661057.1941304,-2041593103.4813738,-2040470348.1283786,-2039292154.1457329,-2038057860.5181203,-2036766781.5473955,-2035418206.1922016,-2034011397.405746,-2032545591.4735587,-2031019997.3532705,-2029433796.0186949,-2027786139.8107715,-2026076151.7982678,-2024302925.1513653,-2022465522.531751,-2020562975.5030346,-2018594283.9659367,-2016558415.6229916,-2014454305.4780738,-2012280855.3765645,-2010036933.5926092,-2007721374.4704742,-2005332978.1277428,-2002870510.2288206,-2000332701.8380136,-1997718249.3622794,-1995025814.5947378,-1992254024.8709643,-1989401473.3511946,-1986466719.4427195,-1983448289.3779974,-1980344676.965313,-1977154344.530252,-1973875724.067797,-1970507218.6264198,-1967047203.947325,-1963494030.3838143,-1959846025.127652,-1956101494.7714593,-1952258728.2382574,-1948316000.1115794,-1944271574.4020605,-1940123708.7888064,-1935870659.3765478,-1931510686.012269,-1927042058.20783,-1922463061.7178981,-1917772005.825523,-1912967231.3905714,-1908047119.7191534,-1903010102.3151639,-1897854671.5776975,-1892579392.5108597,-1887182915.514861,-1881663990.329299,-1876021481.2012925,-1870254383.3522315,-1864361840.8171856,-1858343165.730838,-1852197859.1319668,-1845925633.3559196,-1839526436.0798368,-1833000476.0792198,-1826348250.7454944,-1819570575.402874,-1812668614.4479678,-1805643914.316909,-1798498438.2614098,-1791234602.8865616,-1783855316.3680816,-1776364018.2244024,-1768764720.4680297,-1761062049.8998213,-1753261291.2374997,-1745368430.6844237,-1737390199.4441602,-1729334116.5686846,-1721208530.3911345,-1713022657.6345146,-1704786619.103942,-1696511470.657942,-1688209227.911543,-1679892882.8468492,-1671576410.1924596,-1663274761.078065,-1655003841.072495,-1646780469.2694337,-1638622314.5941925,-1630547804.9663804,-1622576004.369205,-1614726452.2496288,-1607018959.012391,-1599473350.6855927,-1592109155.142996,-1584945221.5909736,-1577999264.3975763,-1571287321.7973626,-1564823119.5999029,-1558617329.8247564,-1552676714.2553365,-1547003143.3325808,-1541592481.6851082,-1536433333.000385,-1531505638.9430838,-1526779129.4339437,-1522211624.7279024,-1517747193.1147957,-1513314171.1635766,-1508823055.2372336,-1504164271.8016188,-1499205827.0304384,-1493790818.937178,-1487734760.920657,-1480822603.9235659,-1472805240.2198737,-1463395103.2568736,-1452260213.9923453,-1439015622.115268,-1423210593.7247996,-1404309034.0643756,-1381659422.7826593,-1354448903.0602343,-1321634074.429242,-1281838604.2824183,-1233205458.8960953,-1173190620.6062348,-1098288582.7135224,-1003694315.4088109,-882946037.3066788,-727688468.4342033,-527913061.8035976,-273516739.28953266,40887170.56801428,403528446.0361535,756325141.4544913,938121825.824682,624626765.2831486,0.0
