,900,897,894,891,888,885,882,879,876,873,870,867,864,861,858,855,852,849,846,843,840,837,834,831,828,825,822,819,816,813,810,807,804,801,798,795,792,789,786,783,780,777,774,771,768,765,762,759,756,753,750,747,744,741,738,735,732,729,726,723,720,717,714,711,708,705,702,699,696,693,690,687,684,681,678,675,672,669,666,663,660,657,654,651,648,645,642,639,636,633,630,627,624,621,618,615,612,609,606,603,600,597,594,591,588,585,582,579,576,573,570,567,564,561,558,555,552,549,546,543,540,537,534,531,528,525,522,519,516,513,510,507,504,501,498,495,492,489,486,483,480,477,474,471,468,465,462,459,456,453,450,447,444,441,438,435,432,429,426,423,420,417,414,411,408,405,402,399,396,393,390,387,384,381,378,375,372,369,366,363,360,357,354,351,348,345,342,339,336,333,330,327,324,321,318,315,312,309,306,303,300,297,294,291,288,285,282,279,276,273,270,267,264,261,258,255,252,249,246,243,240,237,234,231,228,225,222,219,216,213,210,207,204,201,198,195,192,189,186,183,180,177,174,171,168,165,162,159,156,153,150,147,144,141,138,135,132,129,126,123,120,117,114,111,108,105,102,99,96,93,90,87,84,81,78,75,72,69,66,63,60,57,54,51,48,45,42,39,36,33,30,27,24,21,18,15,12,9,6,3,0
7650.0,-1320782011.7950153,-1299019867.6257167,-1277243037.9003615,-1255451800.1187553,-1233646433.665206,-1211827219.7850468,-1189994441.560076,-1168148383.8828478,-1146289333.4297843,-1124417578.6331038,-1102533409.6515112,-1080637118.339632,-1058728998.2161759,-1036809344.4307555,-1014878453.7293911,-992936624.4186056,-970984156.3281279,-949021350.7721448,-927048510.5090809,-905065939.6998541,-883073943.8646059,-861072829.83783,-839062905.7218947,-817044480.8389128,-795017865.6809189,-772983371.8583134,-750941312.0465448,-728891999.9309936,-706835750.1499951,-684772878.2359884,-662703700.5547293,-640628534.2425487,-618547697.1415766,-596461507.7329435,-574370285.0678487,-552274348.6965092,-530174018.59491456,-508069615.0893367,-485961458.77858,-463849870.45387244,-441735171.0164163,-419617681.3924629,-397497722.44596756,-375375614.88866854,-353251679.1876183,-331126235.4700688,-308999603.4256701,-286872102.20594954,-264744050.32097358,-242615765.53317755,-220487564.74829468,-198359763.90330008,-176232677.85136577,-154106620.24371007,-131981903.40833697,-109858838.22554418,-87737734.00020587,-65618898.330714226,-43502636.97453171,-21389253.710320055,720949.8034685254,22827674.173567176,44930622.42049849,67029500.13093251,89124015.61376715,111213880.06010419,133298807.70710808,155378516.00587463,177452725.7933411,199521161.4683348,221583551.1718207,243639626.97142744,265689125.05032027,287731785.9004929,309767354.52057517,331795580.61820465,353816218.81705093,375829028.86858714,397833775.86864173,419830230.4788784,441818169.1532122,463797374.36928415,485767634.86508477,507728745.8807546,529680509.4057124,551622734.4311341,573555237.20791,595477841.5101352,617390378.9042262,639292689.0237472,661184619.8500481,683066027.9987538,704936779.0122488,726796747.6581838,748645818.2341436,770483884.8785065,792310851.8876381,814126634.0394561,835931156.9234693,857724357.2773844,879506183.3303486,901276595.1529181,923035565.0138364,944783077.74369,966519131.1055619,988243736.1727017,1009956917.7133445,1031658714.5827293,1053349180.1223912,1075028382.5668232,1096696405.4575398,1118353348.0646582,1139999325.8160324,1161634470.734004,1183258931.8798504,1204872875.805979,1226476487.0159128,1248069968.432127,1269653541.8717809,1291227448.5303886,1312791949.473461,1334347326.136146,1355893880.8308938,1377431937.2631805,1398961841.0552592,1420483960.277994,1441998685.990725,1463506432.7891793,1485007639.3613834,1506502769.0515475,1527992310.4318786,1549476777.8822515,1570956712.17767,1592432681.083427,1613905279.9578538,1635375132.3625436,1656842890.6798985,1678309236.7378483,1699774882.4415495,1721240570.4118574,1742707074.630348,1764175201.090625,1785645788.4556239,1807119708.7205858,1828597867.881369,1850081206.6076899,1871570700.9208696,1893067362.8756154,1914572241.245336,1936086422.2103968,1957611030.0487401,1979147227.8281584,2000696218.099519,2022259243.5901475,2043837587.8964834,2065432576.17509,2087045575.8310237,2108677997.202414,2130331294.2401197,2152006965.1811557,2173706553.214507,2195431647.137829,2217183882.0034456,2238964939.7518888,2260776549.8311286,2282620489.799468,2304498585.909965,2326412713.6740417,2348364798.40182,2370356815.7164745,2392390792.039791,2414468805.045818,2436592984.0793643,2458765510.53582,2480988618.1985483,2503264593.529841,2525595775.9111648,2547984557.8281317,2570433384.9953218,2592944756.4157844,2615521224.3697004,2638165394.3263273,2660879924.773011,2683667526.9546304,2706530964.516443,2729473053.042899,2752496659.484532,2775604701.4645705,2798800146.456455,2822086010.82295,2845465358.706985,2868941300.7639236,2892516992.7242956,2916195633.7755523,2939980464.7508163,2963874766.111965,2987881855.713854,3012005086.3358183,3036247842.966031,3060613539.823649,3085105617.1030564,3109727537.4239554,3134482781.9703655,3159374846.30109,3184407235.813567,3209583460.8425255,3234907031.374286,3260381451.3571386,3286010212.5877066,3311796788.1528907,3337744625.4066033,3363857138.4602757,3390137700.165917,3416589633.5704074,3443216202.8197284,3470020603.4918933,3497005952.3375907,3524175276.407875,3551531501.5487013,3579077440.2426963,3606815778.7793016,3634749063.7352767,3662879687.748567,3691209874.5696664,3719741663.375833,3748476892.334881,3777417181.4066057,3806563914.3713703,3835918220.076715,3865480952.8941417,3895252672.379277,3925233622.129401,3955423707.832623,3985822474.502648,4016429082.8919635,4047242285.0739183,4078260399.1805778,4109481283.2776074,4140902308.3498125,4172520330.360221,4204331661.331688,4236332039.3815765,4268516597.616708,4300879831.765981,4333415566.390928,4366116919.468187,4398976265.080905,4431985193.886432,4465134470.942655,4498413990.372802,4531812726.2246275,4565318678.731785,4598918815.007975,4632599002.994048,4666343937.228844,4700137054.720324,4733960438.8477,4767794708.820017,4801618891.743747,4835410273.802016,4869144226.410876,4902794002.482634,4936330497.080668,4969721965.781794,5002933692.957677,5035927600.932041,5068661789.550557,5101089994.100184,5133160947.717444,5164817632.412998,5195996400.592199,5226625946.444114,5256626103.775966,5285906443.752021,5314364642.520399,5341884584.854094,5368334165.717242,5393562747.251263,5417398224.537478,5439643650.839887,5460073374.624749,5478428652.478988,5494412736.635782,5507685518.778142,5517857994.699256,5524487200.144483,5527073061.356437,5525060212.263369,5517851072.864651,5504843027.271694,5485515843.589719,5459622890.476723,5427597297.1231365,5391408379.556321,5356381184.96998,5335148846.514199,5356638360.191219,5488672709.645841,5911658936.675283,7367499693.801218,0.0
7647.5,-1651586257.2272468,-1628728799.6164646,-1605850629.0292835,-1582952020.7083735,-1560033252.2096534,-1537094603.3857465,-1514136356.3683815,-1491158795.5496974,-1468162207.5623903,-1445146881.2587278,-1422113107.6883564,-1399061180.0748785,-1375991393.7911973,-1352904046.3335388,-1329799437.2941952,-1306677868.3328671,-1283539643.1466494,-1260385067.4385753,-1237214448.8847091,-1214028097.099724,-1190826323.6009662,-1167609441.7709239,-1144377766.8180907,-1121131615.7361834,-1097871307.261652,-1074597161.8294647,-1051309501.5271006,-1028008650.0467488,-1004694932.6356131,-981368676.0443215,-958030208.4733787,-934679859.5176132,-911317960.1085778,-887944842.4548591,-864560839.9802225,-841166287.2595667,-817761519.9526492,-794346874.7354732,-770922689.2293569,-747489301.9275649,-724047052.1195093,-700596279.8123902,-677137325.6503,-653670530.8306597,-630196237.0179902,-606714786.2549047,-583226520.870298,-559731783.3846562,-536230916.4124156,-512724262.5613303,-489212164.32875323,-465694963.9947761,-442173003.51217496,-418646624.39305526,-395116167.59218025,-371581973.3868388,-348044381.2532497,-324503729.7393943,-300960356.3341825,-277414597.3329215,-253866787.69897786,-230317260.9215543,-206766348.86951864,-183214381.64116988,-159661687.40990585,-136108592.26565394,-112555420.05202132,-89002492.19905323,-65450127.55151224,-41898642.192608,-18348349.263049185,5200441.224641025,28747422.576660514,52292291.61340058,75834748.86996585,99374498.80184,122911249.99576688,146444715.3860073,169974612.47601593,193500663.5656919,217022595.98427653,240540142.3290248,264053040.70976335,287561034.99942225,311063875.0906929,334561317.15888834,358053123.93115604,381539064.9621359,405018916.9161929,428492463.8563574,451959497.5400803,475419817.7219255,498873232.4633511,522319558.44967866,545758621.3143958,569190255.9709184,592614306.951951,616030628.7565825,639439086.205224,662839554.8025789,686231921.108731,709616083.1185337,732991950.6494122,756359445.737728,779718503.04389,803069070.2662792,826411108.564219,849744592.9900784,873069512.9306896,896385872.5582309,919693691.2906959,942993004.262151,966283862.8028948,989566334.9296846,1012840505.8461895,1036106478.4538368,1059364373.8731724,1082614331.9759262,1105856511.9279118,1129091092.7429483,1152318273.8479066,1175538275.6590915,1198751340.17006,1221957731.5510805,1245157736.76031,1268351666.1669178,1291539854.1862319,1314722659.9270854,1337900467.8514888,1361073688.4467626,1384242758.910253,1407408143.8467588,1430570335.978786,1453729856.869737,1476887257.660134,1500043119.8169684,1523198055.8962662,1546352710.3189354,1569507760.159951,1592663915.9509358,1615821922.4961524,1638982559.7019417,1662146643.4195838,1685315026.3015687,1708488598.6712356,1731668289.405711,1754855066.8320396,1778049939.6363976,1801253957.7862296,1824468213.4651227,1847693842.020189,1870932022.9216816,1894183980.7345495,1917450986.1015654,1940734356.737614,1964035458.4346564,1987355706.076892,2010696564.6654415,2034059550.3519685,2057446231.480415,2080858229.6360855,2104297220.7010958,2127764935.9152143,2151263162.940925,2174793746.931512,2198358591.600737,2221959660.2926774,2245598977.0500197,2269278627.6790466,2293000760.809317,2316767588.94595,2340581389.512108,2364444505.8791933,2388359348.381985,2412328395.3157067,2436354193.911815,2460439361.2889695,2484586585.3754125,2508798625.798655,2533078314.7380486,2557428557.7354875,2581852334.459106,2606352699.414482,2630932782.597405,2655595790.081865,2680345004.536473,2705183785.661997,2730115570.5422473,2755143873.8999615,2780272288.248823,2805504483.932141,2830844209.0380955,2856295289.1808624,2881861627.1361914,2907547202.3194127,2933356070.093063,2959292360.8906174,2985360279.142049,3011564101.9861755,3037908177.753929,3064396924.205912,3091034826.5067663,3117826434.9180593,3144776362.1905932,3171889280.6361847,3199169918.8582063,3226623058.1193624,3254253528.324429,3282066203.59498,3310065997.412431,3338257857.305152,3366646759.0548444,3395237700.3969684,3424035694.1896057,3453045761.025019,3482272921.257999,3511722186.42524,3541398550.0302105,3571306977.6684747,3601452396.4691033,3631839683.8287315,3662473655.416058,3693359052.4260683,3724500528.0650473,3755902633.2496347,3787569801.5056458,3819506333.05522,3851716378.0840874,3884203919.1843266,3916972752.971904,3950026470.8825355,3983368439.153948,4017001778.007373,4050929340.045972,4085153687.8927917,4119677071.0955687,4154501402.330069,4189628232.9374113,4225058727.833585,4260793639.830735,4296833283.4093485,4333177507.977326,4369825670.645578,4406776608.539067,4444028610.646061,4481579389.185388,4519426050.439852,4557565064.961958,4595992237.002855,4634702672.944633,4673690748.425729,4712950073.73592,4752473456.915773,4792252863.8204365,4832279374.192536,4872543132.5260935,4913033292.184022,4953737950.845736,4994644074.896624,5035737409.814388,5077002372.942651,5118421924.252081,5159977409.753468,5201648371.12217,5243412313.793459,5285244424.262812,5327117225.5401945,5369000157.622025,5410859067.411276,5452655589.676389,5494346397.31918,5535882295.323616,5577207128.14798,5618256464.814959,5658956019.276411,5699219755.384312,5738947615.404312,5778022797.617741,5816308490.976108,5853643951.384562,5889839772.996412,5924672166.842701,5957876007.164536,5989136345.762072,6018078039.843917,6044253128.260069,6067125722.959288,6086054688.842679,6100275795.677371,6108888538.917142,6110861165.243687,6105086882.592673,6090569579.905564,6066924383.873411,6035635843.7066965,6003152885.620359,5988537502.207647,6042918770.204233,6303507641.710941,7227586250.401532,0.0
7645.0,-2012878789.5154278,-1988937437.3696227,-1964968767.4689498,-1940973047.0824745,-1916950546.2078605,-1892901537.5626733,-1868826296.5746908,-1844725101.3711863,-1820598232.76714,-1796445974.2523713,-1772268611.9775305,-1748066434.7389421,-1723839733.9622684,-1699588803.6849136,-1675313940.5372224,-1651015443.7223237,-1626693614.9946923,-1602348758.6373162,-1577981181.437464,-1553591192.6610053,-1529179104.0252538,-1504745229.670277,-1480289886.1286352,-1455813392.293521,-1431316069.3852487,-1406798240.9160256,-1382260232.653007,-1357702372.5795493,-1333124990.854626,-1308528419.7703667,-1283912993.707658,-1259279049.089765,-1234626924.33391,-1209956959.8007786,-1185269497.7418756,-1160564882.2446716,-1135843459.175537,-1111105576.1203232,-1086351582.3226068,-1061581828.6194966,-1036796667.3749622,-1011996452.4105881,-987181538.9337637,-962352283.4631443,-937509043.7514045,-912652178.7051783,-887782048.3020961,-862899013.5049167,-838003436.1725901,-813095678.9682741,-788176105.2641577,-763245079.0430408,-738302964.7966126,-713350127.4203115,-688386932.1047277,-663413744.2234153,-638430929.2170918,-613438852.4740887,-588437879.2069788,-563428374.3253208,-538410702.3043863,-513385227.04980934,-488352311.75805026,-463312318.77257335,-438265609.4356687,-413212543.9357649,-388153481.15020573,-363088778.48330307,-338018791.69963074,-312943874.7524179,-287864379.60693014,-262780656.05873775,-237693051.54675847,-212601910.96095163,-187507576.4445449,-162410387.19066873,-137310679.23330194,-112208785.23235679,-87105034.25283459,-61999751.53785384,-36893258.275480986,-11785871.359191656,13322096.858171225,38430338.81705868,63538552.01068574,88646439.25139552,113753708.94412297,138860075.3670749,163965258.95978755,189068986.61872053,214170992.00056332,239271015.8333723,264368806.23576248,289464119.0442765,314556718.14912826,339646375.8384768,364732873.1514431,389816000.24001473,414895556.7400398,439971352.1515041,465043206.2282741,490110949.3775131,515174423.0689583,540233480.254257,565287985.7966113,590337816.9108689,615382863.6143544,640423029.1885943,665458230.6521915,690488399.2450914,715513480.9244125,740533436.8721454,765548244.0149149,790557895.5560536,815562401.5202442,840561789.3109977,865556104.2811705,890545410.3168483,915529790.4347994,940509347.393822,965484204.3202046,990454505.3476226,1015420416.2717183,1040382125.2196805,1065339843.335072,1090293805.4782462,1115244270.9426155,1140191524.1870809,1165135875.584933,1190077662.189528,1215017248.5170374,1239955027.3466187,1264891420.5382628,1289826879.8687088,1314761887.8856802,1339696958.7808022,1364632639.2814958,1389569509.5621974,1414508184.175189,1439449313.001378,1464393582.221343,1489341715.3069432,1514294474.0338159,1539252659.515038,1564217113.2562802,1589188718.23271,1614168399.9879353,1639157127.755241,1664155915.601383,1689165823.5931628,1714187958.986996,1739223477.441679,1764273584.2545087,1789339535.6209261,1814422639.9177628,1839524259.010184,1864645809.5823941,1889788764.492043,1914954654.1483488,1940145067.9137907,1965361655.5292377,1990606128.5622563,2015880261.8783524,2041185895.1347146,2066524934.296053,2091899353.171926,2117311194.974948,2142762573.8990717,2168255676.717062,2193792764.3961143,2219376173.7304964,2245008318.9897757,2270691693.581225,2296428871.724626,2322222510.137621,2348075349.729426,2373990217.300595,2399970027.246158,2426017783.2592635,2452136580.032074,2478329604.950416,2504600139.7782736,2530951562.3278847,2557387348.1107635,2583911071.964567,2610526409.650259,2637237139.413513,2664047143.5038195,2690960409.6441364,2717981032.443428,2745113214.7436914,2772361268.8925266,2799729617.9315176,2827222796.689982,2854845452.772903,2882602347.4309807,2910498356.2999315,2938538469.995262,2966727794.547793,2995071551.6642976,3023575078.7965536,3052243829.001147,3081083370.5712614,3110099386.420653,3139297673.19888,3168684140.1157866,3198264807.452105,3228045804.7319846,3258033368.5321,3288233839.9010267,3318653661.3614874,3349299373.467153,3380177610.8848124,3411295097.971911,3442658643.8188515,3474275136.724879,3506151538.076076,3538294875.593833,3570712235.922276,3603410756.523499,3636397616.850178,3669680028.7661505,3703265226.187084,3737160453.915216,3771372955.6446366,3805909961.116589,3840778672.407878,3875986249.339814,3911539794.0001693,3947446334.376497,3983712807.105851,4020346039.3535433,4057352729.8421245,4094739429.0612736,4132512518.69967,4170678190.351411,4209242423.5617294,4248210963.28995,4287589296.881296,4327382630.653455,4367595866.21816,4408233576.672235,4449299982.80605,4490798929.489361,4532733862.404427,4575107805.302798,4617923337.964103,4661182575.030681,4704887145.879023,4749038175.665147,4793636267.642858,4838681486.797837,4884173344.7616205,4930110785.862347,4976492174.026632,5023315280.061007,5070577268.602044,5118274683.71982,5166403431.775884,5214958759.657428,5263935225.914638,5313326661.594609,5363126116.66559,5413325786.827239,5463916914.168191,5514889653.516545,5566232894.378627,5617934026.01315,5669978630.364034,5722350084.180427,5775029047.565691,5827992811.259205,5881214468.950578,5934661873.551042,5988296327.1587925,6042070942.788418,6095928600.769358,6149799402.465683,6203597496.137621,6257217110.438894,6310527574.099859,6363367016.3021965,6415534316.670717,6466778685.284226,6516785971.199169,6565160382.434993,6611399705.420411,6654861305.540389,6694715214.070511,6729879740.583469,6758935254.879652,6780015878.523157,6790694651.33514,6787926623.243398,6768253249.786121,6728846200.134406,6670903655.684738,6608644181.963357,6582454621.705445,6520565940.948892,0.0
7642.5,-2406329270.4775705,-2381325367.1198,-2356286975.3488793,-2331214348.0748324,-2306107741.3244605,-2280967414.241216,-2255793629.0842013,-2230586651.2262363,-2205346749.150948,-2180074194.448893,-2154769261.812638,-2129432229.0307813,-2104063376.9809089,-2078662989.6213834,-2053231353.9820237,-2027768760.153532,-2002275501.2757366,-1976751873.5245214,-1951198176.0974855,-1925614711.198205,-1900001784.0191479,-1874359702.723124,-1848688778.423264,-1822989325.1614938,-1797261659.8854198,-1771506102.4236279,-1745722975.4592943,-1719912604.50212,-1694075317.8584871,-1668211446.59982,-1642321324.5290828,-1616405288.1453652,-1590463676.6065123,-1564496831.6897223,-1538505097.750079,-1512488821.6769319,-1486448352.8481035,-1460384043.081828,-1434296246.5863817,-1408185319.9073133,-1382051621.8722746,-1355895513.5332742,-1329717358.1064196,-1303517520.9089632,-1277296369.2936532,-1251054272.580285,-1224791601.984382,-1198508730.5429568,-1172206033.0372188,-1145883885.9122162,-1119542667.1932828,-1093182756.3992252,-1066804534.452166,-1040408383.583944,-1013994687.2390239,-987563829.9737483,-961116197.351928,-934652175.8366163,-908172152.6779757,-881676515.7971803,-855165653.6662055,-828639955.1834245,-802099809.5449102,-775545606.1113102,-748977734.270232,-722396583.2939644,-695802542.1924833,-669195999.5615683,-642577343.4259543,-615946961.0773821,-589305238.9073999,-562652562.2348156,-535989315.12767804,-509315880.2196131,-482632638.52041876,-455939969.22074884,-429238249.4907838,-402527854.2726762,-375809156.06672204,-349082524.71098816,-322348327.154335,-295606927.22264695,-268858685.3780676,-242103958.47115925,-215343099.4857223,-188576457.2761827,-161804376.29731607,-135027196.32614776,-108245252.1758649,-81458873.40150312,-54668383.99726504,-27874102.08523667,-1076339.5953289866,25724598.063792706,52528412.34296864,79334811.9002294,106143512.95813888,132954239.67098558,159766724.5020755,186580708.61136848,213395942.2536782,240212185.18770593,267029207.0961454,293846788.0171032,320664718.7871617,347482801.49625957,374300849.9547538,401118690.17290175,427936160.8530508,454753113.8948746,481569414.9138962,508384943.77367556,535199595.1319348,562013279.0009664,588825921.3226457,615637464.5584323,642447868.294643,669257109.8634102,696065184.9796808,722872108.3946218,749677914.565835,776482658.3447492,803286415.6816379,830089284.348647,856891384.6812435,883692860.3385801,910493879.083152,937294633.5802537,964095342.2176737,990896249.9461193,1017697629.1408634,1044499780.485098,1071303033.8755294,1098107749.350721,1124914318.042725,1151723163.1525607,1178534740.9500723,1205349541.7987719,1232168091.2062235,1258990950.9005623,1285818719.9337778,1312652035.8123484,1339491575.6558723,1366338057.3843203,1393192240.9345706,1420054929.506864,1446926970.8418648,1473809258.5289695,1500702733.3465796,1527608384.6349885,1554527251.7025938,1581460425.2661068,1608409048.925457,1635374320.6741078,1662357494.445421,1689359881.695779,1716382853.025169,1743427839.8358088,1770496336.0295496,1797589899.744619,1824710155.1323478,1851858794.174425,1879037578.5412507,1906248341.491873,1933492989.815989,1960773505.8183675,1988091949.346114,2015450459.8589818,2042851258.5429902,2070296650.4673958,2097789026.7851183,2125330866.9764287,2152924741.135757,2180573312.301205,2208279338.8263006,2236045676.7932625,2263875282.4669547,2291771214.7884183,2319736637.9067082,2347774823.7474513,2375889154.6163273,2404083125.835323,2432360348.409331,2460724551.720257,2489179586.245451,2517729426.296852,2546378172.776749,2575130055.945605,2603989438.196827,2632960816.832826,2662048826.8360343,2691258243.627948,2720593985.808501,2750061117.8673315,2779664852.8577013,2809410555.022919,2839303742.3642616,2869350089.138336,2899555428.2708406,2929925753.672587,2960467222.442475,2991186156.940924,3022089046.716016,3053182550.263264,3084473496.5986166,3115968886.622836,3147675894.254024,3179601867.3035316,3211754328.069059,3244140973.617181,3276769675.726122,3309648480.458031,3342785607.328636,3376189448.0407124,3409868564.7465835,3443831687.8035617,3478087712.9853115,3512645698.111174,3547514859.0549297,3582704565.094013,3618224333.5603085,3654083823.7538586,3690292830.0817823,3726861274.3859334,3763799197.424872,3801116749.478384,3838824180.0462575,3876931826.6174445,3915450102.4911695,3954389483.6381564,3993760494.598035,4033573693.418327,4073839655.6513486,4114568957.4379697,4155772157.7218,4197459779.653884,4239642291.266816,4282330085.5182586,4325533459.827389,4369262595.253865,4413527535.497504,4458338165.927992,4503704192.88763,4549635123.545888,4596140246.622349,4643228614.33384,4690909025.961362,4739190013.472094,4788079829.669557,4837586439.379616,4887717514.208651,4938480431.430235,4989882277.564087,5041929857.20109,5094629707.59477,5147988119.475293,5202011164.437151,5256704729.095119,5312074555.979922,5368126290.8384695,5424865535.5917225,5482297905.660527,5540429089.66455,5599264908.593552,5658811370.397629,5719074714.487857,5780061438.813369,5841778299.90312,5904232273.429608,5967430459.342787,6031379911.277701,6096087364.555982,6161558830.408673,6227799015.674211,6294810516.638263,6362592722.091537,6431140342.8724785,6500441461.213175,6570474960.011681,6641207144.608781,6712587299.279954,6784541813.313823,6856966343.538443,6929715211.769506,7002586800.456688,7075302996.943856,7147479561.940032,7218582355.977658,7287861146.686023,7354247419.671434,7416193907.6081085,7471419385.125195,7516499725.692865,7546211991.249488,7552491027.382214,7522797353.327821,7437538851.169416,7264826749.344072,6934941386.509321,6024983760.957066,0.0
7640.0,-2833587937.288329,-2807553718.227028,-2781477296.9492702,-2755358905.021549,-2729198777.4737606,-2702997152.8082013,-2676754273.007793,-2650470383.5435185,-2624145733.3810143,-2597780574.9863243,-2571375164.3307333,-2544929760.8946924,-2518444627.6708,-2491920031.165745,-2465356241.4012833,-2438753531.914098,-2412112179.7545896,-2385432465.484515,-2358714673.1734524,-2331959090.3940535,-2305166008.216031,-2278335721.19884,-2251468527.383031,-2224564728.2801995,-2197624628.8615174,-2170648537.5447674,-2143636766.1798563,-2116589630.0327682,-2089507447.7678592,-2062390541.4284985,-2035239236.4159741,-2008053861.4665961,-1980834748.6269858,-1953582233.2274518,-1926296653.8534112,-1898978352.3147936,-1871627673.6133823,-1844244965.9079967,-1816830580.477491,-1789384871.681462,-1761908196.9186563,-1734400916.5829105,-1706863394.0166957,-1679295995.4620395,-1651699090.0088725,-1624073049.540658,-1596418248.677244,-1568735064.7148657,-1541023877.5632038,-1513285069.6794229,-1485519025.9991138,-1457726133.8640137,-1429906782.9464715,-1402061365.1705146,-1374190274.6294637,-1346293907.499957,-1318372661.952329,-1290426938.0572197,-1262457137.6882927,-1234463664.421002,-1206446923.4272637,-1178407321.3659272,-1150345266.2689471,-1122261167.4231138,-1094155435.2472599,-1066028481.1647706,-1037880717.4713387,-1009712557.197763,-981524413.967718,-953316701.8503379,-925089835.2074699,-896844228.5354646,-868580296.3013699,-840298452.7733722,-811999111.8453186,-783682686.8551885,-755349590.3973651,-727000234.1284902,-698635028.5668298,-670254382.88487,-641858704.6950643,-613448399.8285064,-585023872.1063402,-556585523.1037704,-528133751.9064063,-499668954.8588269,-471191525.30508983,-442701853.3210368,-414200325.4381528,-385687324.3587816,-357163228.6624487,-328628412.50310713,-300083245.2970393,-271528091.40118515,-242963309.78166687,-214389253.6722494,-185806270.22246164,-157214700.13515764,-128614877.29321113,-100007128.37508339,-71391772.45897901,-42769120.615290105,-14139475.487039685,14496869.141971767,43139628.79168439,71788528.74319768,100443304.50951171,129103702.31986517,157769479.61805046,186440405.57508314,215116261.6165331,243796841.96497774,272481954.19790673,301171419.8215055,329865074.8607185,358562770.4660486,387264373.53746974,415969767.36596453,444678852.2931057,473391546.38918173,502107786.1503409,530827527.21527076,559550745.1019055,588277435.9647472,617007617.3732722,645741329.1120799,674478634.0032879,703219618.7518241,731964394.8142099,760713099.2914897,789465895.8469403,818222975.6492628,846984558.3419324,875750893.0394489,904522259.3511968,933298968.4337083,962081364.0720901,990869823.7914486,1019664759.9991248,1048466621.1586103,1077275892.9960291,1106093099.7400904,1134918805.3964527,1163753615.0574634,1192598176.248273,1221453180.3103316,1250319363.8233294,1279197510.0666447,1308088450.5214267,1336993066.414434,1365912290.3047948,1394847107.7148898,1423798558.8065672,1452767740.1039789,1481755806.2642584,1510763971.897388,1539793513.4366045,1568845771.0606298,1597922150.6691911,1627024125.913168,1656153240.2808323,1685311109.2415786,1714499422.448636,1743719946.002184,1772974524.7743828,1802265084.7977269,1831593635.71826,1860962273.3150342,1890373182.0873094,1919828637.9108534,1949331010.7647943,1978882767.5302806,2008486474.8623097,2038144802.1359012,2067860524.467795,2097636525.8147,2127475802.1490736,2157381464.7132263,2187356743.352474,2217404989.927818,2247529681.808509,2277734425.4446282,2308022960.019552,2338399161.1819305,2368867044.8565,2399430771.132737,2430094648.229947,2460863136.53702,2491740852.724624,2522732573.927074,2553843241.9906263,2585077967.784299,2616442035.5686965,2647940907.4175897,2679580227.686243,2711365827.519602,2743303729.392613,2775400151.67388,2807661513.2028804,2840094437.8697867,2872705759.185722,2905502524.8300166,2938492001.1595917,2971681677.6641912,3005079271.34958,3038692731.029216,3072530241.503188,3106600227.601394,3140911358.066082,3175472549.246946,3210292968.5799627,3245382037.8191175,3280749435.988145,3316405102.0172544,3352359237.027871,3388622306.2262487,3425205040.3650155,3462118436.729758,3499373759.6061263,3536982540.181446,3574956575.8336153,3613307928.759196,3652048923.8921437,3691192146.0646987,3730750436.3625937,3770736887.6281548,3811164839.067135,3852047869.918367,3893399792.1498146,3935234642.1503935,3977566671.39435,4020410336.064167,4063780285.6292777,4107691350.3913975,4152158528.0235786,4197196969.149277,4242821962.030215,4289048916.458072,4335893346.975351,4383370855.585477,4431497114.152058,4480287846.732188,4529758812.1396475,4579925787.090752,4630804550.349292,4682410868.357205,4734760482.914984,4787869101.5601225,4841752391.382841,4896425977.115813,4951905444.437223,5008206349.533384,5065344236.075892,5123334660.876254,5182193229.584085,5241935643.888011,5302577761.754269,5364135672.287691,5426625786.81109,5490064947.717092,5554470556.531732,5619860722.417162,5686254432.000762,5753671740.911512,5822133986.683518,5891664021.691493,5962286463.439903,6034027957.744816,6106917448.011198,6180986440.77716,6256269253.791642,6332803227.88695,6410628877.507401,6489789946.567885,6570333325.799492,6652308774.116314,6735768368.642714,6820765584.053262,6907353868.844973,6995584539.144709,7085503741.197532,7177148127.055678,7270538718.223555,7365672152.918928,7462508041.45874,7560950342.000392,7660819245.016604,7761807524.460622,7863410759.437583,7964812523.166088,8064690236.871813,8160878242.869531,8249768010.44965,8325211625.152701,8376456894.621528,8384117192.086824,8311898552.876305,8088048328.776,7556480013.794121,6298412533.699799,0.0
7637.5,-3296268705.341027,-3269248229.9586163,-3242177330.323325,-3215056209.16753,-3187885072.9775352,-3160664132.011959,-3133393600.319509,-3106073695.7561216,-3078704640.0014143,-3051286658.574462,-3023819980.848814,-2996304840.0667567,-2968741473.352809,-2941130121.726328,-2913471030.1133275,-2885764447.357337,-2858010626.2293663,-2830209823.4368753,-2802362299.6317625,-2774468319.417277,-2746528151.353876,-2718542067.9639187,-2690510345.735218,-2662433265.1233697,-2634311110.5528116,-2606144170.4165974,-2577932737.0748034,-2549677106.8515463,-2521377580.030535,-2493034460.849142,-2464648057.490902,-2436218682.076414,-2407746650.6525717,-2379232283.1800976,-2350675903.5192575,-2322077839.413765,-2293438422.4727955,-2264757988.151005,-2236036875.726545,-2207275428.2769766,-2178473992.653029,-2149632919.4501004,-2120752562.9774914,-2091833281.2252245,-2062875435.8284402,-2033879392.0292377,-2004845518.6359134,-1975774187.9795141,-1946665775.8675935,-1917520661.535126,-1888339227.5924633,-1859121859.9702368,-1829868947.86114,-1800580883.6584702,-1771258062.8913698,-1741900884.1565852,-1712509749.0467567,-1683085062.0750349,-1653627230.5959547,-1624136664.7224774,-1594613777.2390416,-1565058983.5105371,-1535472701.3870885,-1505855351.104478,-1476207355.180159,-1446529138.3046536,-1416821127.2282581,-1387083750.642889,-1357317439.0589442,-1327522624.6770434,-1297699741.254483,-1267849223.9662542,-1237971509.260518,-1208067034.708311,-1178136238.8473697,-1148179561.0198712,-1118197441.203982,-1088190319.8389454,-1058158637.6436414,-1028102835.4283211,-998023353.8994262,-967920633.4572387,-937795113.9861864,-907647234.6376077,-877477433.6047363,-847286147.8897417,-817073813.0625564,-786840863.011292,-756587729.6840174,-726314842.8216536,-696022629.681711,-665711514.7526995,-635381919.4588605,-605034261.8550332,-574668956.3113279,-544286413.1873837,-513887038.4958673,-483471233.5549628,-453039394.62953657,-422591912.56066597,-392129172.3832098,-361651552.9311031,-331159426.4300361,-300653158.0771734,-270133105.60753447,-239599618.84671667,-209053039.24952936,-178493699.4241956,-147921922.64170185,-117338022.32986087,-86742301.55173773,-56135052.46789545,-25516555.782111228,5112919.8299562335,35753118.3096118,66403796.8219856,97064726.38139409,127735692.49574602,158416495.83052766,189106952.89292955,219806896.73668098,250516177.68820137,281234664.09466267,311962243.09463644,342698821.4119137,373444326.173265,404198705.7507638,434961930.6294344,465733994.3009739,496514914.18432266,527304732.5738559,558103517.616087,588911364.3156743,619728395.5716755,650554763.2449305,681390649.2575599,712236266.7255329,743091861.1253581,773957711.4959428,804834131.6767027,835721471.5831002,866620118.520748,897530498.5393169,928453077.8275144,959388364.1504436,990336908.3306873,1021299305.774545,1052276198.0448565,1083268274.4819415,1114276273.874202,1145300986.1800132,1176343254.3025727,1207403975.9194357,1238484105.3685484,1269584655.5926058,1300706700.1436484,1331851375.249926,1363019881.9469905,1394213488.2751884,1425433531.5457103,1456681420.6774273,1487958638.6068218,1519266744.7734087,1550607377.683047,1581982257.5517035,1613393189.032161,1644842064.0263844,1676330864.5861692,1707861665.9048703,1739436639.4029558,1771058055.9103272,1802728288.9481955,1834449818.113517,1866225232.5689378,1898057234.641226,1929948643.531179,1961902399.1380367,1993921566.0013602,2026009337.3633628,2058169039.3545957,2090404135.3058693,2122718230.1891766,2155115075.190325,2187598572.415795,2220172779.7362576,2252841915.768949,2285610365.000884,2318482683.0546594,2351463602.098276,2384558036.4000664,2417771088.0294356,2451108052.7036514,2484574425.780465,2518175908.3956885,2551918413.7443395,2585808073.5031366,2619851244.3914413,2654054514.8667903,2688424711.9502745,2722968908.1759176,2757694428.6570716,2792608858.261585,2827720048.886126,2863036126.818554,2898565500.1756234,2934316866.4015784,2970299219.811311,3006521859.1598015,3042994395.2174153,3079726758.3283615,3116729205.9272842,3154012329.986433,3191587064.3632383,3229464692.015391,3267656852.0477962,3306175546.552769,3345033147.202057,3384242401.5462394,3423816438.9742427,3463768776.2827983,3504113322.803036,3544864385.028875,3586036670.689638,3627645292.2074676,3669705769.478767,3712234031.9180574,3755246419.7026863,3798759684.1576853,3842790987.222142,3887357899.941819,3932478399.937731,3978170867.807331,4024454082.424052,4071347215.1127267,4118869822.6932106,4167041839.402852,4215883567.730856,4265415668.2246227,4315659148.360579,4366635350.610395,4418365939.8789215,4470872890.543196,4524178473.383781,4578305242.771303,4633276024.553595,4689113905.183424,4745842222.7347765,4803484560.578024,4862064744.622666,4921606845.191648,4982135184.764527,5043674353.019302,5106249230.814539,5169885024.985147,5234607316.075928,5300442121.405592,5367415976.13747,5435556035.327617,5504890200.219523,5575447272.348383,5647257139.293444,5720350996.156896,5794761607.02839,5870523610.78404,5947673875.527009,6026251905.750191,6106300305.822163,6187865302.578063,6270997328.527086,6355751665.327331,6442189144.549525,6530376899.128937,6620389154.002616,6712308037.877507,6806224389.386699,6902238519.405667,7000460876.084079,7101012538.813021,7204025439.713124,7309642172.688359,7418015194.396958,7529305137.440272,7643677823.046643,7761299339.921729,7882328174.542495,8006902695.850872,8135121043.441712,8267008115.229432,8402459856.044207,8541146318.259656,8682337687.768845,8824582477.295965,8965094103.614891,9098544176.49374,9214604870.947542,9292746738.840788,9290766018.263514,9118547011.76642,8580865987.90207,7413438140.448368,0.0
7635.0,-3795930732.5062485,-3767980759.68883,-3739971680.193016,-3711903660.0363035,-3683776869.2101717,-3655591481.707875,-3627347675.551793,-3599045632.8203535,-3570685539.674412,-3542267586.3831716,-3513791967.3495016,-3485258881.134718,-3456668530.4827476,-3428021122.3436418,-3399316867.896457,-3370555982.571389,-3341738686.071214,-3312865202.391926,-3283935759.842593,-3254950591.0643635,-3225909933.048584,-3196814027.154009,-3167663119.1230345,-3138457459.0969486,-3109197301.630122,-3079882905.7031155,-3050514534.7346525,-3021092456.5924067,-2991616943.6025743,-2962088272.5581365,-2932506724.725831,-2902872585.8517103,-2873186146.165275,-2843447700.382125,-2813657547.7050457,-2783815991.8234873,-2753923340.9114,-2723979907.623299,-2693986009.08858,-2663941966.9039345,-2633848107.123882,-2603704760.249248,-2573512261.213645,-2543270949.3677516,-2512981168.461406,-2482643266.6234107,-2452257596.3389397,-2421824514.4245195,-2391344382.0004463,-2360817564.460602,-2330244431.4395394,-2299625356.776764,-2268960718.478134,-2238250898.674241,-2207496283.5757294,-2176697263.42538,-2145854232.4469502,-2114967588.7905521,-2084037734.4745445,-2053065075.3238065,-2022050020.9042444,-1990992984.453444,-1959894382.8073463,-1928754636.3227956,-1897574168.7958667,-1866353407.3758006,-1835092782.474453,-1803792727.671073,-1772453679.61231,-1741076077.9072747,-1709660365.0175076,-1678206986.1416998,-1646716389.0950263,-1615189024.1829014,-1583625344.0689936,-1552025803.6373315,-1520390859.8483415,-1488720971.588589,-1457016599.5141056,-1425278205.887022,-1393506254.4053836,-1361701210.0259314,-1329863538.7795851,-1297993707.5795112,-1266092184.0214517,-1234159436.1761801,-1202195932.3737779,-1170202140.9795475,-1138178530.161282,-1106125567.647675,-1074043720.4775474,-1041933454.739718,-1009795235.3031546,-977629525.5371797,-945436787.0214205,-913217479.2452242,-880972059.2961898,-848700981.5375454,-816404697.2740375,-784083654.4059825,-751738297.0711403,-719369065.274076,-686976394.5026178,-654560715.3310722,-622122453.0097448,-589662027.0404636,-557179850.7375954,-524676330.7742101,-492151866.7129146,-459606850.5209029,-427041666.0688017,-394456688.61277056,-361852284.2594113,-329228809.41296154,-296586610.2042441,-263926021.90080398,-231247368.297725,-198550961.08848843,-165837099.21531582,-133106068.19833595,-100358139.4429698,-67593569.52483082,-34812599.45149952,-2015453.9003942609,30797659.567917347,63626551.321825564,96471050.49691647,129331005.86120558,162206286.7082119,195096783.77875376,228002410.21237326,260923102.52936876,293858821.6443912,326809553.91265774,359775312.2098352,392756137.046695,425752097.7197044,458763293.49874717,491789854.85321593,524831944.71775556,557889759.7990355,590963531.9249251,624053529.4375353,657160058.6316447,690283465.2400942,723424135.967779,756582500.0759637,789759031.018695,822954248.1331661,856168718.3859639,889403058.1772263,922657935.2047782,955934070.3904386,989232239.870794,1022553277.054775,1055898074.7504847,1089267587.363916,1122662833.1721263,1156084896.6737251,1189534931.0195248,1223014160.5263739,1256523883.277269,1290065473.8110423,1323640385.904926,1357250155.4535694,1390896403.448058,1424580839.0587754,1458305262.8259656,1492071569.9620533,1525881753.7698803,1559737909.181244,1593642236.420119,1627597044.7952366,1661604756.6267383,1695667911.3118067,1729789169.534278,1763971317.623416,1798217272.0671196,1832530084.1849585,1866912944.9665737,1901369190.0810387,1935902305.0628874,1970515930.6806161,2005213868.4934683,2040000086.6023824,2074878725.6010125,2109854104.7326853,2144930728.2591476,2180113292.046859,2215406690.3764973,2250816022.981182,2286346602.3186917,2322003961.0827665,2357793859.9581857,2393722295.62401,2429795509.0088778,2466019993.8017435,2502402505.220828,2538950069.042816,2575669990.8935895,2612569865.8007803,2649657588.00745,2686941361.0450134,2724429708.062189,2762131482.405342,2800055878.4439464,2838212442.6331105,2876611084.8031487,2915262089.6640716,2954176128.510473,2993364271.1098194,3032837997.7543683,3072609211.4540224,3112690250.244264,3153093899.579984,3193833404.782414,3234922483.502718,3276375338.161792,3318206668.321866,3360431682.9412374,3403066112.459281,3446126220.654586,3489628816.214825,3533591263.9528604,3578031495.5996895,3622968020.101234,3668419933.342929,3714406927.223541,3760949297.9980617,3808067953.8089724,3855784421.325903,3904120851.4162483,3953100023.7736998,4002745350.438703,4053080878.154741,4104131289.517839,4155921902.8944545,4208478671.1055827,4261828178.903536,4315997639.303286,4371014888.873711,4426908382.146959,4483707185.367523,4541440969.878704,4600140005.534363,4659835154.630327,4720557866.97517,4782340176.866426,4845214702.908806,4909214651.8084955,4974373827.50561,5040726647.268847,5108308166.675985,5177154115.745269,5247300948.869345,5318785911.639614,5391647128.137445,5465923712.813158,5541655911.675059,5618885278.170147,5697654889.852664,5778009612.701707,5859996420.755036,5943664779.557238,6029067102.753736,6116259291.963811,6205301370.788911,6296258224.393153,6389200456.444846,6484205375.217804,6581358120.171427,6680752939.168937,6782494624.411889,6886700111.86051,6993500243.990331,7103041688.724191,7215488997.664005,7331026773.530491,7449861898.900486,7572225754.263488,7698376320.378373,7828600012.957938,7963213027.2286005,8102561856.378649,8247022450.772991,8396997119.041647,8552907558.648914,8715180963.931612,8884223190.390192,9060366733.325075,9243768058.127443,9434200236.783033,9630623598.452637,9830272717.678997,10026655945.216757,10205025479.190083,10331810406.608932,10329815005.773458,10025830129.0413,9189214043.819946,0.0
7632.5,-4334058531.258678,-4305249317.803879,-4276371916.1852326,-4247426447.572465,-4218413037.245145,-4189331814.6296196,-4160182913.335695,-4130966471.1930857,-4101682630.2875285,-4072331536.996628,-4042913342.02532,-4013428200.4409895,-3983876271.708203,-3954257719.7229867,-3924572712.846698,-3894821423.939378,-3865004030.392609,-3835120714.1618314,-3805171661.7980857,-3775157064.479123,-3745077118.0399103,-3714932023.002405,-3684721984.604654,-3654447212.8291063,-3624107922.4301386,-3593704332.9607544,-3563236668.7983665,-3532705159.169698,-3502110038.174683,-3471451544.8093596,-3440729922.9877057,-3409945421.562334,-3379098294.3440614,-3348188800.1202345,-3317217202.6717854,-3286183770.788953,-3255088778.285647,-3223932504.0123277,-3192715231.8674135,-3161437250.807094,-3130098854.85354,-3098700343.10135,-3067242019.7223215,-3035724193.968291,-3004147180.172112,-2972511297.7466373,-2940816871.1816154,-2909064230.0384703,-2877253708.942822,-2845385647.5747194,-2813460390.656477,-2781478287.93799,-2749439694.179515,-2717344969.1317286,-2685194477.513073,-2652988588.98416,-2620727678.119262,-2588412124.374688,-2556042312.0539637,-2523618630.269744,-2491141472.902281,-2458611238.554351,-2426028330.5025597,-2393393156.6448083,-2360706129.4439087,-2327967665.8670983,-2295178187.3214226,-2262338119.5847507,-2229447892.732356,-2196507941.058877,-2163518702.995496,-2130480621.022214,-2097394141.575024,-2064259714.9478517,-2031077795.1890585,-1997848839.992342,-1964573310.5818956,-1931251671.5915527,-1897884390.937834,-1864471939.6865978,-1831014791.9131646,-1797513424.555684,-1763968317.2615142,-1730379952.2264395,-1696748814.026424,-1663075389.4417791,-1629360167.273387,-1595603638.1508255,-1561806294.3320937,-1527968629.494702,-1494091138.5178285,-1460174317.255319,-1426218662.2991877,-1392224670.733358,-1358192839.877356,-1324123667.0196233,-1290017649.140123,-1255875282.6219423,-1221697062.9515364,-1187483484.4072616,-1153235039.7358463,-1118952219.8164291,-1084635513.3117702,-1050285406.3062885,-1015902381.9304318,-981486919.9710684,-947039496.4673836,-912560583.2918769,-878050647.7160083,-843510151.9599671,-808939552.7261622,-774339300.7158241,-739709840.1282765,-705051608.1423094,-670365034.3790965,-635650540.3460467,-600908538.861064,-566139433.4565403,-531343617.76244915,-496521474.8678974,-461673376.6604289,-426799683.1423819,-391900741.7235651,-356976886.4894521,-322028437.4441766,-287055699.7274091,-252058962.80434155,-217038499.62785932,-181994565.77196234,-146927398.53551823,-111837216.01532614,-76724216.14744341,-41588575.71574688,-6430449.326550186,28750031.65185857,63952760.18596095,99177654.71133405,134424660.30586207,169693749.9031961,204984925.5479046,240298219.6938411,275633696.54722834,310991453.45614946,346371622.3481089,381774371.21746165,417199905.6645516,452648470.488521,488120351.3357928,523615876.40636396,559135418.2201318,594679395.4455538,630248274.7930785,665842572.9758738,701462858.740538,737109754.9705379,772783940.8652748,808486154.1978863,844217193.6548736,879977921.2609662,915769264.892669,951592220.8841577,987447856.7293224,1023337313.8839966,1059261810.6724825,1095222645.3028271,1131221198.995331,1167258939.2291489,1203337423.1118991,1239458300.877573,1275623319.5180924,1311834326.554321,1348093273.9523375,1384402222.1912272,1420763344.4888136,1457178931.1920257,1493651394.3388987,1530183272.39944,1566777235.2029278,1603436089.0594387,1640162782.0837314,1676960409.7298715,1713832220.5452898,1750781622.1532547,1787812187.4729972,1824927661.187005,1862131966.4653282,1899429211.956876,1936823699.0580416,1974319929.4691305,2011922613.0493047,2049636675.980901,2087467269.2541385,2125419777.483295,2163499828.0655303,2201713300.6934924,2240066337.232792,2278565351.975351,2317217042.279368,2356028399.6063805,2395006720.965561,2434159620.7748227,2473495043.147792,2513021274.614868,2552746957.2858186,2592681102.46021,2632833104.690862,2673212756.3040147,2713830262.3783665,2754696256.183263,2795821815.0742717,2837218476.8420324,2878898256.5077085,2920873663.555442,2963157719.5890427,3005763976.396679,3048706534.403413,3092000061.4873543,3135659812.1306376,3179701646.871591,3224142052.0192885,3268998159.586155,3314287767.388504,3360029359.2587767,3406242125.3069973,3452945982.1624813,3500161593.1202855,3547910388.110451,3596214583.4016514,3645097200.9449353,3694582087.257689,3744693931.7432504,3795458284.3379297,3846901572.374955,3899051116.554438,3951935145.91045,4005582811.6711273,4060024199.9163585,4115290342.950589,4171413229.3268414,4228425812.483136,4286362017.985621,4345256749.415284,4405145892.988996,4466066321.072985,4528055894.82997,4591153466.342903,4655398880.681919,4720832978.530264,4787497600.163815,4855435591.792387,4924690815.524581,4995308164.517876,5067333585.228796,5140814109.092498,5215797896.445315,5292334296.067745,5370473924.3793745,5450268769.072865,5531772322.843247,5615039753.864464,5700128120.7994,5787096641.415587,5876007025.326816,5966923883.000394,6059915224.965578,6155053067.130278,6252414160.251849,6352080863.893292,6454142187.592789,6558695024.426441,6665845604.568751,6775711198.739546,6888422103.416952,7004123941.200506,7122980310.491082,7245175818.448692,7370919529.724346,7500448860.520475,7634033943.054542,7771982479.753758,7914645100.360096,8062421230.377187,8215765479.00351,8375194563.104046,8541294804.758764,8714730271.354883,8896251644.571583,9086705818.629478,9287045779.886305,9498338828.278412,9721766958.901484,9958602029.392635,10210109828.619747,10477265125.158577,10759975481.161558,11055031029.961006,11350762116.425575,11613654986.794798,11757969980.940115,11525745145.12269,0.0
7630.0,-4912040749.344076,-4882456749.131853,-4852795155.340919,-4823056036.066847,-4793239463.554126,-4763345514.241655,-4733374268.80821,-4703325812.217879,-4673200233.765372,-4642997627.121281,-4612718090.377185,-4582361726.090629,-4551928641.329945,-4521418947.718844,-4490832761.480856,-4460170203.483464,-4429431399.28201,-4398616479.163291,-4367725578.188842,-4336758836.237825,-4305716398.049605,-4274598413.265814,-4243405036.472042,-4212136427.238991,-4180792750.1631355,-4149374174.9068108,-4117880876.237691,-4086313034.0676627,-4054670833.490983,-4022954464.8217363,-3991164123.6305285,-3959300010.7803535,-3927362332.4616203,-3895351300.2262664,-3863267131.0209146,-3831110047.2190194,-3798880276.6519723,-3766578052.6390452,-3734203614.0162315,-3701757205.1637797,-3669239076.0324993,-3636649482.1686554,-3603988684.7375,-3571256950.5452657,-3538454552.059642,-3505581767.428608,-3472638880.4975667,-3439626180.8247166,-3406543963.6945457,-3373392530.129431,-3340172186.899189,-3306883246.528534,-3273526027.3023643,-3240100853.2687397,-3206608054.239526,-3173047965.788521,-3139420929.2470584,-3105727291.6969175,-3071967405.960449,-3038141630.587837,-3004250329.841361,-2970293873.676524,-2936272637.7199893,-2902187003.244116,-2868037357.1380653,-2833824091.8752594,-2799547605.4771266,-2765208301.4729514,-2730806588.8556957,-2696342882.03369,-2661817600.7779627,-2627231170.165127,-2592584020.515623,-2557876587.3271832,-2523109311.2033176,-2488282637.776658,-2453397017.627016,-2418452906.193896,-2383450763.683376,-2348391054.9690495,-2313274249.486914,-2278100821.1239643,-2242871248.1002684,-2207586012.8443317,-2172245601.8615046,-2136850505.59522,-2101401218.2807887,-2065898237.7915416,-2030342065.477048,-1994733205.9931612,-1959072167.1235797,-1923359459.592716,-1887595596.8695316,-1851781094.9620607,-1815916472.2023313,-1780002249.021369,-1744038947.7139163,-1708027092.1926227,-1671967207.731276,-1635859820.6967893,-1599705458.269521,-1563504648.1516144,-1527257918.262906,-1490965796.424079,-1454628810.0265512,-1418247485.6887798,-1381822348.898458,-1345353923.6402044,-1308842732.008254,-1272289293.8036551,-1235694126.1155193,-1199057742.885745,-1162380654.456728,-1125663367.1015038,-1088906382.5357227,-1052110197.4108729,-1015275302.7881778,-978402183.5924922,-941491318.0455425,-904543177.0778627,-867558223.7186877,-830536912.4630892,-793479688.6156044,-756386987.6095338,-719259234.3011436,-682096842.237883,-644900212.8997433,-607669734.9128579,-570405783.2343717,-533108718.3075965,-495778885.18641686,-458416612.62788177,-421022212.1518431,-383595977.06649244,-346138181.45856094,-308649079.1469401,-271128902.5983719,-233577861.80383772,-195996143.1141973,-158383908.03357786,-120741291.96893126,-83068402.93408835,-45365320.20662898,-7632092.935722232,30131261.30095178,67924757.9931472,105748447.2489878,143602415.40302807,181486786.68375176,219401724.94288778,257347435.44905388,295324166.7483783,333332212.5948372,371371913.95327264,409443661.0780806,447547895.6707955,485685113.12000036,523855864.8270113,562060760.6211281,600300471.268353,638575731.0776975,676887340.6093789,715236169.4895208,753623159.336083,792049326.801117,830515766.7345855,869023655.475377,907574254.2753309,946168912.862453,984809073.1497715,1023496273.0966926,1062232150.7299279,1101018448.3315706,1139857016.802165,1178749820.2070844,1217698940.5148673,1256706582.5366426,1295775079.076217,1334906896.3007925,1374104639.3428261,1413371058.144003,1452709053.552751,1492121683.6873522,1531612170.5771024,1571183907.0945892,1610840464.1927176,1650585598.4605737,1690423260.0129235,1730357600.7285442,1770392982.8532906,1810533987.984263,1850785426.4520197,1891152347.1183422,1931640047.6075165,1972254084.9896495,2013000286.9349213,2053884763.3581967,2094913918.5736537,2136094463.9795122,2177433431.293132,2218938186.3568697,2260616443.535246,2302476280.723785,2344526154.9898477,2386774918.865352,2429231837.3108544,2471906605.3697414,2514809366.530493,2557950731.8137407,2601341799.599644,2644994176.2093267,2688919997.2522616,2733131949.749159,2777643295.0372663,2822467892.461967,2867620223.8549976,2913115418.7957783,2958969280.647788,3005198313.3570585,3051819748.9943047,3098851576.0161357,3146312568.2141848,3194222314.313679,3242601248.1751494,3291470679.544582,3340852825.288228,3390770841.0388746,3441248853.170313,3492311991.0064826,3543986419.1611547,3596299369.8933773,3649279175.3534317,3702955299.5839067,3757358370.131192,3812520209.114508,3868473863.5930686,3925253635.0678287,3982895107.953191,4041435176.8569384,4100912072.514715,4161365386.2399464,4222836092.7726307,4285366571.4430017,4349000625.6108885,4413783500.401285,4479761898.834474,4546983996.548677,4615499455.439177,4685359436.695148,4756616613.910463,4829325187.184272,4903540899.419941,4979321056.386398,5056724552.535595,5135811905.086785,5216645299.507881,5299288650.263656,5383807681.580521,5470270034.020391,5558745403.888409,5649305723.949798,5742025395.632804,5836981584.883536,5934254596.15356,6033928341.684531,6136090926.349596,6240835371.863435,6348260508.225183,6458472064.851011,6571583999.019302,6687720105.014325,6807015953.7231455,6929621219.407806,7055702457.916439,7185446408.68169,7319063901.468757,7456794458.0418415,7598911688.9818535,7745729597.520622,7897609917.082107,8054970630.641825,8218295854.787213,8388147332.405838,8565177889.286195,8750147415.335873,8943942308.715464,9147600008.045961,9362341470.770739,9589616637.91576,9831171736.173666,10089153851.27463,10366279530.139465,10666113827.14854,10993541424.181528,11355577995.163338,11762802175.383966,12231958549.663277,12790945758.477825,13488606085.952314,14284028822.271193,0.0
7627.5,-5531147775.289647,-5500888216.73639,-5470541424.239485,-5440107404.677474,-5409586169.009062,-5378977732.3263035,-5348282113.907984,-5317499337.273191,-5286629430.234985,-5255672424.954229,-5224628357.993503,-5193497270.3711195,-5162279207.615231,-5130974219.817934,-5099582361.689494,-5068103692.612471,-5036538276.695925,-5004886182.8295355,-4973147484.737684,-4941322261.033422,-4909410595.272383,-4877412576.006473,-4845328296.837471,-4813157856.470394,-4780901358.766634,-4748558912.796842,-4716130632.893515,-4683616638.703269,-4651017055.238721,-4618332012.9299965,-4585561647.675787,-4552706100.893917,-4519765519.571413,-4486740056.314001,-4453629869.394981,-4420435122.803465,-4387155986.291916,-4353792635.422906,-4320345251.615119,-4286814022.188449,-4253199140.4082403,-4219500805.528495,-4185719222.8341236,-4151854603.6820593,-4117907165.5412526,-4083877132.031431,-4049764732.9605937,-4015570204.361142,-3981293788.5245996,-3946935734.0348215,-3912496295.799658,-3877975735.0809116,-3843374319.5226283,-3808692323.1775026,-3773930026.531447,-3739087716.526088,-3704165686.579234,-3669164236.603136,-3634083673.0204377,-3598924308.7777967,-3563686463.356955,-3528370462.783236,-3492976639.6313343,-3457505333.0282454,-3421956888.653283,-3386331658.734975,-3350630002.0448265,-3314852283.887671,-3278998876.088606,-3243070156.976323,-3207066511.362648,-3170988330.5182147,-3134836012.144064,-3098609960.33906,-3062310585.562895,-3025938304.594567,-2989493540.486167,-2952976722.5117235,-2916388286.1110277,-2879728672.828133,-2842998330.244437,-2806197711.9060907,-2769327277.2455077,-2732387491.4968467,-2695378825.6051197,-2658301756.128847,-2621156765.135866,-2583944340.0922,-2546664973.7436237,-2509319163.9897738,-2471907413.7504034,-2434430230.8236756,-2396888127.7360673,-2359281621.5836883,-2321611233.8646607,-2283877490.3023214,-2246080920.65882,-2208222058.5389004,-2170301441.183458,-2132319609.2525563,-2094277106.5975204,-2056174480.021756,-2018012279.0299065,-1979791055.5649672,-1941511363.7328954,-1903173759.5143876,-1864778800.4633012,-1826327045.3913293,-1787819054.0384479,-1749255386.7286272,-1710636604.0104043,-1671963266.2816627,-1633235933.3982353,-1594455164.2656925,-1555621516.4137833,-1516735545.5529275,-1477797805.1121783,-1438808845.7580047,-1399769214.8932533,-1360679456.1356091,-1321540108.7748609,-1282351707.2082512,-1243114780.3531578,-1203829851.0362878,-1164497435.3586707,-1125118042.0354803,-1085692171.7099028,-1046220316.2401252,-1006702957.9584558,-967140568.9016283,-927533610.0112631,-887882530.3033941,-848187766.0059624,-808449739.6630977,-768668859.2050048,-728845516.9821414,-688980088.7624228,-649072932.690005,-609124388.2042445,-569134774.9173253,-529104391.44891554,-489033514.2162682,-448922396.1779685,-408771265.5295363,-368580324.3489544,-328349747.19013417,-288079679.6221961,-247770236.71236008,-207421501.45011216,-167033523.1102134,-126606315.55196053,-86139855.45201635,-45634080.46793854,-5088887.329395533,35495870.1460647,76120383.11603874,116784889.85864002,157489678.0038525,198235086.85485768,239021509.80341083,279849396.8436626,320719257.1890062,361631661.99683774,402587247.20633507,443586716.4947352,484630844.35778064,525720479.3204696,566856547.2844522,608040055.0189002,649272093.8019513,690553843.2203817,731886575.135394,773271657.8230716,814710560.2983665,856204856.8320974,897756231.6709082,939366483.9707108,981037532.9547663,1022771423.3080952,1064570330.8206346,1106436568.2921991,1148372591.713007,1190381006.7343218,1232464575.4444633,1274626223.4663162,1316869047.393271,1359196322.581387,1401611511.3165143,1444118271.3760033,1486720465.005593,1529422168.3330917,1572227681.2414067,1615141537.7245831,1658168516.751502,1701313653.6629815,1744582252.129053,1787979896.694312,1831512465.9402413,1875186146.29446,1919007446.517937,1962983212.9020798,2007120645.2086487,2051427313.3862433,2095911175.0979586,2140580594.0954337,2185444359.475174,2230511705.853373,2275792334.4958177,2321296435.4394426,2367034710.6420145,2413018398.196002,2459259297.641953,2505769796.415676,2552562897.4621263,2599652248.047017,2647052169.794857,2694777689.9793177,2742844574.088344,2791269359.6824055,2840069391.559504,2889262858.2350097,2938868829.7381034,2988907296.719312,3039399210.855504,3090366526.5295453,3141832243.7515526,3193820452.2774963,3246356376.8683953,3299466423.6198883,3353178227.277349,3407520699.4359627,3462524077.508533,3518219974.3262315,3574641428.2191997,3631822953.4052525,3689800590.4960294,3748611956.911463,3808296296.975682,3868894531.4514017,3930449306.2561083,3993005040.093241,4056607970.726386,4121306199.625787,4187149734.726617,4254190531.059672,4322482529.050573,4392081690.337081,4463046031.030027,4535435652.447115,4609312769.487132,4684741736.992491,4761789074.68026,4840523491.51694,4921015910.783839,5003339497.544144,5087569690.798776,5173784243.328813,5262063273.094816,5352489331.129703,5445147492.160175,5540125475.7663145,5637513807.792365,5737406034.014817,5839899000.827507,5945093220.999287,6053093346.491678,6164008774.998286,6277954422.405176,6395051699.906176,6515429742.188108,6639226942.091512,6766592857.629628,6897690569.405409,7032699580.514686,7171819367.206423,7315273707.188917,7463315933.944896,7616235290.420975,7774364585.179054,7938089390.790082,8107859072.288127,8284200001.469348,8467731417.558727,8659184569.219267,8859426081.226292,9069487056.083414,9290600488.548025,9524251610.577559,9772249718.050688,10036837687.39832,10320870472.950535,10628124140.975315,10963859523.072588,11335899510.17245,11756787623.349451,12248345779.737196,12851834937.067759,13651452387.033033,14828750155.972649,16809027574.306225,0.0
7625.0,-6192508361.505739,-6161687680.796719,-6130769993.407742,-6099755237.1333065,-6068643353.662464,-6037434288.638548,-6006127991.719336,-5974724416.637581,-5943223521.261877,-5911625267.657923,-5879929622.150085,-5848136555.38331,-5816246042.385353,-5784258062.629273,-5752172600.096269,-5719989643.338711,-5687709185.543474,-5655331224.595482,-5622855763.141456,-5590282808.653877,-5557612373.495103,-5524844474.98163,-5491979135.448498,-5459016382.313785,-5425956248.143188,-5392798770.71465,-5359543993.083012,-5326191963.644664,-5292742736.202166,-5259196370.028794,-5225552929.933001,-5191812486.322739,-5157975115.269624,-5124040898.572901,-5090009923.823172,-5055882284.4658165,-5021658079.864149,-4987337415.362159,-4952920402.346895,-4918407158.310351,-4883797806.910902,-4849092478.03413,-4814291307.853128,-4779394438.888079,-4744402020.065169,-4709314206.774727,-4674131160.928526,-4638853051.016216,-4603480052.160795,-4568012346.173059,-4532450121.60499,-4496793573.801945,-4461042904.953665,-4425198324.143931,-4389260047.398883,-4353228297.7338085,-4317103305.198442,-4280885306.9205937,-4244574547.148031,-4208171277.2885847,-4171675755.948288,-4135088248.967518,-4098409029.4550076,-4061638377.819622,-4024776581.7998033,-3987823936.4905343,-3950780744.3677607,-3913647315.310089,-3876423966.6176615,-3839111023.0281,-3801708816.7293406,-3764217687.369236,-3726637982.0617986,-3688970055.389938,-3651214269.404488,-3613370993.619415,-3575440605.0030727,-3537423487.96522,-3499320034.339778,-3461130643.363016,-3422855721.6470575,-3384495683.1485033,-3346050949.1319456,-3307521948.12821,-3268909115.887072,-3230212895.3242855,-3191433736.462641,-3152572096.366868,-3113628439.0721164,-3074603235.505823,-3035496963.402589,-2996310107.2119865,-2957043157.9988594,-2917696613.3359346,-2878270977.188446,-2838766759.7904406,-2799184477.5124984,-2759524652.7205296,-2719787813.625347,-2679974494.122663,-2640085233.623152,-2600120576.872271,-2560081073.759403,-2519967279.1160345,-2479779752.50244,-2439519057.9826365,-2399185763.887053,-2358780442.5625362,-2318303670.109292,-2277756026.1041813,-2237138093.3100586,-2196450457.370492,-2155693706.489484,-2114868431.0956223,-2073975223.4901066,-2033014677.4780746,-1991987387.9827158,-1950893950.6414995,-1909734961.383911,-1868511015.990068,-1827222709.6295335,-1785870636.3796222,-1744455388.7225084,-1702977557.0203393,-1661437728.9676504,-1619836489.0201902,-1578174417.799378,-1536452091.471514,-1494670081.1008177,-1452828951.975359,-1410929262.9049234,-1368971565.4897406,-1326956403.3590782,-1284884311.3785124,-1242755814.8247867,-1200571428.5270057,-1158331655.9729137,-1116036988.3789299,-1073687903.7225611,-1031284865.7357533,-988828322.8576505,-946318707.1451725,-903756433.1397636,-861141896.68855,-818475473.7180592,-775757518.9586048,-732988364.6172698,-690168318.9973944,-647297665.0622854,-604376658.9408063,-561405528.3723457,-518384471.08853793,-475313653.1289812,-432193207.08795834,-389023230.2891479,-345803782.8850396,-302534885.87751675,-259216519.0560712,-215848618.84969455,-172431076.08836788,-128963733.66980964,-85446384.12690741,-41878767.09088057,1739433.3548926115,45408591.43599558,89129142.5687474,132901586.36890781,176726489.79382372,220604490.42501694,264536299.89858162,308522707.4913361,352564583.8709896,396662885.0192718,440818656.3374544,485033036.9442754,529307264.1769344,573642678.3064864,618040727.4796755,662502972.8999648,707031094.2613851,751626895.4495957,796292310.5254681,841029410.0074954,885840407.4702458,930727666.477152,975693707.8671157,1020741217.4154284,1065873053.8908756,1111092257.532075,1156402058.9675162,1201805888.6051352,1247307386.5187464,1292910412.8602133,1338619058.827785,1384437658.2227445,1430370799.628175,1476423339.2454815,1522600414.4260688,1568907457.937469,1615350213.005182,1661934749.1732976,1708667479.029089,1755555175.8386116,1802604992.1424088,1849824479.3623252,1897221608.472378,1944804791.788477,1992582905.93359,2040565316.0366209,2088761901.224764,2137183081.4705014,2185839845.855548,2234743782.314881,2283907108.9246044,2333342706.797619,2383064154.650758,2433085765.1064143,2483422622.7903504,2534090624.2854075,2585106519.9982085,2636487957.992324,2688253529.8370047,2740422818.514974,2793016448.4261355,2846056137.5160546,2899564751.5486927,2953566360.5319276,3008086297.2917757,3063151218.1768064,3118789165.8579464,3175029634.1703424,3231903634.9235783,3289443766.583606,3347684284.704799,3406661173.963135,3466412221.611927,3526977092.149804,3588397402.956941,3650716800.6202497,3713981037.6317487,3778238049.107302,3843538029.136243,3909933506.336966,3977479418.161289,4046233183.4626017,4116254772.822257,4187606776.118265,4260354466.8237495,4334565862.5446415,4410311781.352563,4487665893.546897,4566704768.598809,4647507917.200211,4730157828.5762005,4814740003.536688,4901342984.162449,4990058381.567255,5080980903.881921,5174208387.504706,5269841835.801201,5367985470.869885,5468746805.784002,5572236746.956052,5678569739.045137,5787863968.255803,5900241644.098956,6015829384.866998,6134758738.413436,6257166877.554765,6383197518.803425,6513002124.5155,6646741462.269702,6784587611.818939,6926726529.777194,7073361305.911594,7224716273.200437,7381042167.546877,7542622573.308478,7709781939.160616,7882895507.645212,8062401575.127333,8248816594.250937,8442753762.782977,8644945939.751867,8856274050.457586,9077802706.000462,9310825817.366201,9556927040.88741,9818064020.625498,10096693851.07105,10395974808.803844,10720116809.44202,11075034339.32714,11469638259.456217,11918532886.371386,12447958122.64421,13109632956.83785,14014379430.334488,15412911589.72456,17993955992.43838,0.0
7622.5,-6897085494.254616,-6865833602.308495,-6834474914.183607,-6803009291.203206,-6771436598.276097,-6739756703.961466,-6707969480.534374,-6676074804.051813,-6644072554.419333,-6611962615.458252,-6579744874.97345,-6547419224.821668,-6514985560.980434,-6482443783.617454,-6449793797.160585,-6417035510.368306,-6384168836.400679,-6351193692.890852,-6318110002.017008,-6284917690.574785,-6251616690.05018,-6218206936.692839,-6184688371.589817,-6151060940.739733,-6117324595.127281,-6083479290.798155,-6049524988.934271,-6015461655.929363,-5981289263.464845,-5947007788.585972,-5912617213.778241,-5878117527.044024,-5843508721.979423,-5808790797.851263,-5773963759.674251,-5739027618.288222,-5703982390.435505,-5668828098.838272,-5633564772.275955,-5598192445.662585,-5562711160.124098,-5527120963.075483,-5491421908.297847,-5455614056.015206,-5419697472.971086,-5383672232.50481,-5347538414.627445,-5311296106.097352,-5274945400.495286,-5238486398.298994,-5201919206.957253,-5165243940.963257,-5128460721.927339,-5091569678.648916,-5054570947.18765,-5017464670.93363,-4980251000.67668,-4942930094.67455,-4905502118.72,-4867967246.206677,-4830325658.19369,-4792577543.468801,-4754723098.6101465,-4716762528.04635,-4678696044.115014,-4640523867.119382,-4602246225.383164,-4563863355.303339,-4525375501.400846,-4486782916.369082,-4448085861.12003,-4409284604.827904,-4370379424.970203,-4331370607.366032,-4292258446.211522,-4253043244.112233,-4213725312.11239,-4174304969.720768,-4134782544.9331193,-4095158374.250905,-4055432802.6962276,-4015606183.8227625,-3975678879.7224703,-3935651261.027987,-3895523706.9103823,-3855296605.07222,-3814970351.735566,-3774545351.6248555,-3734022017.9443283,-3693400772.3498344,-3652682044.9147215,-3611866274.089657,-3570953906.6560373,-3529945397.6727676,-3488841210.416157,-3447641816.312636,-3406347694.8639784,-3364959333.564803,-3323477227.8119993,-3281901880.805778,-3240233803.442021,-3198473514.1955986,-3156621538.9943113,-3114678411.0831127,-3072644670.878176,-3030520865.8105664,-2988307550.1589513,-2946005284.871099,-2903614637.373665,-2861136181.3698244,-2818570496.6243854,-2775918168.735822,-2733179788.894833,-2690355953.628895,-2647447264.532314,-2604454327.98123,-2561377754.8330736,-2518218160.1098833,-2474976162.664892,-2431652384.8318214,-2388247452.056222,-2344761992.508225,-2301196636.6760836,-2257552016.9397116,-2213828767.123623,-2170027522.028422,-2126148916.9401362,-2082193587.1165757,-2038162167.2498655,-1994055290.904306,-1949873589.9286656,-1905617693.841935,-1861288229.1916199,-1816885818.8834863,-1772411081.4817722,-1727864630.4787111,-1683247073.5322318,-1638559011.670618,-1593801038.4628801,-1548973739.1535263,-1504077689.7603207,-1459113456.1336236,-1414081592.9757664,-1368982642.818904,-1323817134.9596262,-1278585584.3486314,-1233288490.4335558,-1187926335.9530883,-1142499585.6802413,-1097008685.1126854,-1051454059.1078441,-1005836110.4603482,-960155218.4193263,-914411737.1428027,-868605994.0864086,-822738288.3234111,-776808888.7927587,-730818032.4719319,-684765922.4708674,-638652726.0432193,-592478572.5108688,-546243551.0974404,-499947708.6661461,-453591047.35720295,-407173522.11950713,-360695038.13118005,-314155448.10294294,-267554549.4581641,-220892081.38278314,-174167721.73804808,-127381083.82831734,-80531713.01589435,-33619083.17410225,13357407.03065306,60398438.037816405,107504773.48318112,154677264.49233872,201916854.1892007,249224582.43258345,296601590.79466534,344049127.7962031,391568554.4142922,439161349.87963855,486829117.7814145,534573592.4990099,582396645.9813788,630300294.8959754,678286708.1708503,726358214.9550512,774517313.0240914,822766677.6591344,871109171.0303233,919547852.1167762,968085987.1977893,1016727060.9520879,1065474788.2042358,1114333126.359838,1163306288.5736918,1212398757.697763,1261615301.0587177,1310960986.11759,1360441197.0673447,1410061652.4270992,1459828423.69521,1509747955.1266212,1559827084.7034574,1610073066.3712382,1660493593.6167612,1711096824.4671912,1761891407.9935694,1812886512.4054568,1864091854.8270135,1915517732.8481095,1967175057.947395,2019075390.8872874,2071230979.1835036,2123654796.7543294,2176360585.8566685,2229362901.417461,2282677157.869839,2336319678.6035333,2390307748.138151,2444659667.126238,2499394810.289922,2554533687.3906302,2610098007.3253736,2666110745.4354305,2722596214.1035037,2779580136.703451,2837089724.952266,2895153759.696618,2953802675.145978,3013068646.5405693,3072985681.214942,3133589712.986514,3194918699.762674,3257012724.219655,3319914097.3612256,3383667464.7148995,3448319914.867977,3513921089.984878,3580523297.8814516,3648181625.1609354,3716954050.8410254,3786901559.822402,3858088255.467431,3930581470.4750423,4004451875.1563964,4079773582.138445,4156624246.4533267,4235085159.915233,4315241338.65012,4397181602.635575,4480998646.139495,4566789098.030773,4654653571.090853,4744696699.703923,4837027165.674514,4931757712.44916,5029005148.749456,5128890343.612253,5231538216.149895,5337077725.076429,5445641865.303685,5557367681.829211,5672396314.884019,5790873095.088305,5912947713.432615,6038774498.572108,6168512843.574014,6302327836.356726,6440391163.165669,6582882373.223591,6729990615.986003,6881916991.199604,7038877687.363342,7201108127.610573,7368868395.118386,7542450274.909483,7722186327.850856,7908461509.11719,8101727962.2991085,8302523769.901814,8511496636.581959,8729433754.59517,8957299519.454948,9196283478.002945,9447862237.590765,9713881802.144442,9996672643.254097,10299222660.34905,10625461974.513124,10980779049.340937,11373039618.287386,11814742096.038446,12327846566.933527,12955229180.177753,13789548765.265018,15046527078.836185,17202498670.079403,0.0
7620.0,-7645651775.628069,-7614114137.726793,-7582460025.118652,-7550689215.959591,-7518801491.554959,-7486796636.427782,-7454674438.387875,-7422434688.601747,-7390077181.663242,-7357601715.665028,-7325008092.270799,-7292296116.788301,-7259465598.243131,-7226516349.45326,-7193448187.104399,-7160260931.826059,-7126954408.268393,-7093528445.179798,-7059982875.485255,-7026317536.365385,-6992532269.336281,-6958626920.329997,-6924601339.775795,-6890455382.682074,-6856188908.718988,-6821801782.301743,-6787293872.674536,-6752665053.995203,-6717915205.420407,-6683044211.191541,-6648051960.721161,-6612938348.68004,-6577703275.084766,-6542346645.385915,-6506868370.556699,-6471268367.182135,-6435546557.548721,-6399702869.734489,-6363737237.6995735,-6327649601.377073,-6291439906.764378,-6255108106.014723,-6218654157.529154,-6182078026.048668,-6145379682.746632,-6108559105.321371,-6071616278.088921,-6034551192.07589,-5997363845.112366,-5960054241.924867,-5922622394.229254,-5885068320.8235655,-5847392047.680713,-5809593608.041002,-5771673042.504422,-5733630399.122597,-5695465733.490407,-5657179108.837172,-5618770596.117323,-5580240274.100527,-5541588229.461171,-5502814556.867117,-5463919359.067672,-5424902746.980674,-5385764839.778639,-5346505764.973807,-5307125658.5021105,-5267624664.805845,-5228002936.915023,-5188260636.527304,-5148397934.086339,-5108415008.858472,-5068312049.007664,-5028089251.668528,-4987746823.017323,-4947284978.340798,-4906703942.102794,-4866003948.008353,-4825185239.06534,-4784248067.643292,-4743192695.529424,-4702019393.981616,-4660728443.7781925,-4619320135.264373,-4577794768.395126,-4536152652.774388,-4494394107.690301,-4452519462.146395,-4410529054.888441,-4368423234.426831,-4326202359.054169,-4283866796.8579936,-4241416925.7282515,-4198853133.3594055,-4156175817.246864,-4113385384.6775107,-4070482252.7140346,-4027466848.1728497,-3984339607.595274,-3941100977.2117176,-3897751412.89854,-3854291380.1273246,-3810721353.9062004,-3767041818.712953,-3723253268.4194727,-3679356206.20735,-3635351144.47411,-3591238604.7298183,-3547019117.4836383,-3502693222.1199136,-3458261466.763453,-3413724408.133509,-3369082611.3860674,-3324336649.9440002,-3279487105.3146067,-3234534566.894047,-3189479631.7582254,-3144322904.4395847,-3099064996.68927,-3053706527.2241583,-3008248121.45817,-2962690411.2172766,-2917034034.4376416,-2871279634.846201,-2825427861.6231556,-2779479369.045589,-2733434816.1116076,-2687294866.14426,-2641060186.374496,-2594731447.5024076,-2548309323.235965,-2501794489.8063927,-2455187625.45938,-2408489409.921182,-2361700523.8387117,-2314821648.1926923,-2267853463.682792,-2220796650.083771,-2173651885.571494,-2126419846.0177178,-2079101204.2524316,-2031696629.2925029,-1984206785.5353703,-1936632331.9163733,-1888973921.0283115,-1841232198.201739,-1793407800.5443912,-1745501355.938128,-1697513481.99161,-1649444784.94689,-1601295858.537959,-1553067282.7992487,-1504759622.821866,-1456373427.455302,-1407909227.9521775,-1359367536.553494,-1310748845.0115697,-1262053623.04788,-1213282316.7426147,-1164435346.852769,-1115513107.0551648,-1066515962.1108094,-1017444245.946487,-968298259.6494672,-919078269.3706663,-869784504.1315649,-820417153.5295409,-770976365.3361856,-721462242.9825733,-671874842.9251825,-622214171.8854988,-572480183.956112,-522672777.5653032,-472791792.29169714,-422837005.5198714,-372808128.9271512,-322704804.79104966,-272526602.10604775,-222273012.49756366,-171943445.91997683,-121537226.12466452,-71053585.88286966,-20491661.947061777,30149510.266722023,80871002.29448378,131673998.55814892,182559802.63960052,233529843.91840267,284585684.5985276,335729027.15133035,386961722.2040255,438285776.90512466,489703363.80066013,541216830.2574661,592828708.4725363,644541726.1102288,696358817.6122222,748283136.2282617,800318066.8192372,852467239.487695,904734544.0947976,957124145.7267954,1009640501.1782879,1062288376.5242414,1115072865.8572788,1167999411.2719119,1221073824.182446,1274302308.066832,1327691482.7343001,1381248410.2204607,1434980622.4196255,1488896150.5702033,1543003556.7154107,1597311967.267871,1651831108.8132133,1706571346.2941601,1761543723.7230263,1816760007.5767787,1872232733.0348785,1927975253.2257211,1984001791.6528249,2040327497.9765003,2096968507.3306441,2153942003.3572445,2211266285.14305,2268960838.243196,2327046409.9754667,2385545089.165653,2444480390.5190244,2503877343.7848835,2563762587.8699307,2624164470.041508,2685113150.3430166,2746640711.320477,2808781273.130626,2871571114.066637,2935048796.4964657,2999255298.1607795,3064234148.7209477,3130031571.3824463,3196696629.3440323,3264281376.7375154,3332841013.6259103,3402434044.5185623,3473122439.739683,3544971798.85099,3618051515.179564,3692434940.3384686,3768199547.450262,3845427091.5934963,3924203765.790783,4004620350.647053,4086772355.531726,4170760148.9847083,4256689075.8209653,4344669558.223089,4434817177.960296,4527252736.775678,4622102291.9672575,4719497164.287337,4819573915.544276,4922474293.770147,5028345144.594442,5137338288.63719,5249610366.434071,5365322654.796179,5484640861.800278,5607734912.071987,5734778740.007862,5865950116.517906,6001430545.305875,6141405278.328936,6286063517.749394,6435598894.474913,6590210342.593337,6750103526.24741,6915493022.7012005,7086605524.826977,7263684400.664661,7446996040.077511,7636838532.023808,7833553353.614352,8037540916.233046,8249281005.27911,8469359366.774805,8698501932.145636,8937618430.797895,9187857441.349112,9450675387.983953,9727922979.255297,10021955231.171312,10335778523.493834,10673267698.478409,11039536045.34578,11441661096.795078,11890244512.03627,12402943552.022312,13013403833.32898,13800214749.92667,14859596059.369402,0.0
7617.5,-8438764616.996522,-8407102125.540295,-8375313730.425706,-8343399120.850117,-8311357988.596416,-8279190028.102865,-8246894936.533926,-8214472413.852093,-8181922162.890612,-8149243889.427253,-8116437302.259005,-8083502113.277778,-8050438037.547066,-8017244793.3796,-7983922102.416016,-7950469689.704449,-7916887283.78116,-7883174616.752139,-7849331424.375708,-7815357446.146062,-7781252425.377876,-7747016109.291813,-7712648249.10106,-7678148600.098841,-7643516921.746891,-7608752977.764894,-7573856536.220895,-7538827369.622677,-7503665255.010084,-7468369974.048259,-7432941313.121865,-7397379063.4302,-7361683021.08322,-7325852987.1985035,-7289888767.999065,-7253790174.912045,-7217557024.668323,-7181189139.402881,-7144686346.75609,-7108048479.975723,-7071275378.019846,-7034366885.660379,-6997322853.587509,-6960143138.514742,-6922827603.284687,-6885376116.975536,-6847788555.008137,-6810064799.25371,-6772204738.142136,-6734208266.770786,-6696075287.013888,-6657805707.63231,-6619399444.38384,-6580856420.133806,-6542176564.966091,-6503359816.294384,-6464406118.973762,-6425315425.412403,-6386087695.683491,-6346722897.63719,-6307221007.012664,-6267582007.550055,-6227805891.102396,-6187892657.747324,-6147842315.898603,-6107654882.41731,-6067330382.722667,-6026868850.902407,-5986270329.82258,-5945534871.2367735,-5904662535.894556,-5863653393.649142,-5822507523.564154,-5781225014.019348,-5739805962.8152275,-5698250477.276426,-5656558674.353764,-5614730680.724785,-5572766632.892816,-5530666677.284167,-5488430970.343614,-5446059678.627804,-5403552978.896572,-5360911058.201982,-5318134113.974891,-5275222354.108984,-5232175997.04199,-5188995271.833996,-5145680418.242636,-5102231686.795025,-5058649338.856141,-5014933646.693593,-4971084893.538458,-4927103373.642047,-4882989392.32834,-4838743266.041906,-4794365322.3910055,-4749855900.18573,-4705215349.470838,-4660444031.553095,-4615542319.022821,-4570510595.769375,-4525349256.990296,-4480058709.193848,-4434639370.19453,-4389091669.101476,-4343416046.299176,-4297612953.420353,-4251682853.310611,-4205626219.984425,-4159443538.572291,-4113135305.2584305,-4066702027.208861,-4020144222.4893384,-3973462419.9727755,-3926657159.2357116,-3879728990.443432,-3832678474.2232437,-3785506181.525482,-3738212693.471731,-3690798601.1898212,-3643264505.635041,-3595611017.397106,-3547838756.49225,-3499948352.1400137,-3451940442.524042,-3403815674.5363398,-3355574703.5044246,-3307218192.9006643,-3258746814.0332026,-3210161245.717791,-3161462173.9298315,-3112650291.4359016,-3063726297.404029,-3014690896.991951,-2965544800.912547,-2916288724.975642,-2866923389.6052856,-2817449519.3316555,-2767867842.256645,-2718179089.4921703,-2668383994.570189,-2618483292.823406,-2568477720.7355814,-2518368015.260255,-2468154913.1067686,-2417839149.9922934,-2367421459.858581,-2316902574.0520425,-2266283220.4657683,-2215564122.6419153,-2164745998.8329115,-2113829561.019805,-2062815513.8859,-2011704553.7439172,-1960497367.4146166,-1909194631.0547316,-1857797008.9320903,-1806305152.1454287,-1754719697.2863855,-1703041265.04097,-1651270458.7276201,-1599407862.7686846,-1547454041.0921173,-1495409535.4596763,-1443274863.717997,-1391050517.9682236,-1338736962.6499548,-1286334632.5346599,-1233843930.6234887,-1181265225.94388,-1128598851.2391152,-1075845100.5442798,-1023004226.6417187,-970076438.3884408,-917061897.9073415,-863960717.6334095,-810772957.2053379,-757498620.1922431,-704137650.6442158,-650689929.4545438,-597155270.520443,-543533416.6879039,-489824035.46519953,-436026714.4881536,-382140956.7188655,-328166175.3581031,-274101688.44976324,-219946713.15409288,-165700359.66429585,-111361624.73903286,-56929384.821059674,-2402388.7095968127,52220750.24849445,106941562.48675543,161761731.10743123,216683101.37458616,271707690.8601342,326837700.294877,382075525.1808956,437423768.22605735,492885252.66640127,548463036.5472196,604160428.0393157,659981001.8727648,715928616.9768596,772007435.4216046,828221942.7632787,884576969.9040854,941077716.5839484,997729776.6308421,1054539165.1049771,1111512347.4813726,1168656271.0250301,1225978398.5231133,1283486744.548864,1341189914.4428847,1399097146.208517,1457218355.5292885,1515564184.1279469,1574146051.6981242,1632976211.6510925,1692067810.9314184,1751434954.1661263,1811092772.422447,1871057496.8586135,1931346537.560752,1991978567.8658724,2052973614.476324,2114353153.6741595,2176140213.9442,2238359485.311858,2301037435.694895,2364202434.55705,2427884884.13453,2492117358.4832525,2556934750.5639625,2622374427.5431767,2688476394.438698,2755283466.177792,2822841448.062684,2891199324.549572,2960409456.1423235,3030527784.078089,3101614042.3369637,3173731976.339041,3246949567.4972105,3321339262.569903,3396978206.5018234,3473948477.149811,3552337319.9619393,3632237380.308706,3713746930.752481,3796970090.084158,3882017030.4525084,3969004168.362966,4058054334.7303777,4149296918.540092,4242867978.012294,4338910312.490697,4437573487.610247,4539013805.671839,4643394212.61155,4750884132.562063,4861659220.855164,4975901026.529096,5093796556.150579,5215537732.262916,5341320742.329357,5471345278.053088,5605813670.946639,5744929938.681873,5888898768.970366,6037924484.656424,6192210056.828156,6351956263.936367,6517361136.496693,6688619881.8088,6865925554.678693,7049470832.253866,7239451367.751145,7436071342.229202,7639552005.879331,7850144193.447666,8068145988.618003,8293926840.460724,8527959369.953103,8770859568.933836,9023434520.327093,9286733011.9273,9562086163.255568,9851107664.839878,10155586076.136528,10477120030.698011,10816152653.835526,11169534085.672014,11524119465.319609,11838999996.236898,12002844900.09288,11840913683.319748,0.0
7615.0,-9276741575.323654,-9245130198.25894,-9213383886.040695,-9181502234.231838,-9149484840.292036,-9117331303.647093,-9085041225.759436,-9052614210.199724,-9020049862.719599,-8987347791.325546,-8954507606.353916,-8921528920.547092,-8888411349.130856,-8855154509.89284,-8821758023.262268,-8788221512.390785,-8754544603.234531,-8720726924.637405,-8686768108.415533,-8652667789.44292,-8618425605.738396,-8584041198.553673,-8549514212.462727,-8514844295.452362,-8480031099.014011,-8445074278.2368,-8409973491.901809,-8374728402.577623,-8339338676.717093,-8303803984.755351,-8268124001.209072,-8232298404.776979,-8196326878.441576,-8160209109.572147,-8123944790.028971,-8087533616.268755,-8050975289.451342,-8014269515.547586,-7977416005.44848,-7940414475.075457,-7903264645.491937,-7865966243.015984,-7828518999.334236,-7790922651.616903,-7753176942.633978,-7715281620.872555,-7677236440.655269,-7639041162.259832,-7600695552.039655,-7562199382.545512,-7523552432.648267,-7484754487.6625805,-7445805339.471621,-7406704786.652718,-7367452634.603963,-7328048695.671674,-7288492789.278747,-7248784742.053815,-7208924387.961201,-7168911568.431604,-7128746132.493508,-7088427936.905222,-7047956846.28755,-7007332733.256995,-6966555478.5595045,-6925624971.204605,-6884541108.599995,-6843303796.686419,-6801912950.072794,-6760368492.17159,-6718670355.334253,-6676818480.986747,-6634812819.764992,-6592653331.650263,-6550339986.104341,-6507872762.204352,-6465251648.777318,-6422476644.534076,-6379547758.202783,-6336465008.661578,-6293228425.070544,-6249838047.0027,-6206293924.573948,-6162596118.571938,-6118744700.583492,-6074739753.120741,-6030581369.745617,-5986269655.192616,-5941804725.489733,-5897186708.077362,-5852415741.924949,-5807491977.645363,-5762415577.606671,-5717186716.041215,-5671805579.15177,-5626272365.214616,-5580587284.679262,-5534750560.264698,-5488762427.051873,-5442623132.572239,-5396332936.892096,-5349892112.692499,-5303300945.344493,-5256559732.979434,-5209668786.554062,-5162628429.910162,-5115438999.828439,-5068100846.076364,-5020614331.449703,-4972979831.807358,-4925197736.099297,-4877268446.387161,-4829192377.85726,-4780969958.825615,-4732601630.734665,-4684087848.141274,-4635429078.695708,-4586625803.111128,-4537678515.12326,-4488587721.439784,-4439353941.679087,-4389977708.297853,-4340459566.507184,-4290800074.1766233,-4240999801.7258053,-4191059332.0030932,-4140979260.15079,-4090760193.456434,-4040402751.1895924,-3989907564.4237003,-3939275275.842324,-3888506539.529355,-3837602020.7425127,-3786562395.669578,-3735388351.166765,-3684080584.4785795,-3632639802.9385586,-3581066723.6501875,-3529362073.1473417,-3477526587.0335693,-3425561009.5994453,-3373466093.4172893,-3321242598.912482,-3268891293.9105625,-3216412953.159301,-3163808357.824888,-3111078294.96137,-3058223556.9524117,-3005244940.924408,-2952143248.129989,-2898919283.3008437,-2845573853.9688215,-2792107769.7541513,-2738521841.6195436,-2684816881.0890036,-2630993699.43,-2577053106.797516,-2522995911.3386493,-2468822918.2560577,-2414534928.8286476,-2360132739.387704,-2305617140.246574,-2250988914.5818334,-2196248837.2638154,-2141397673.6340437,-2086436178.2271967,-2031365093.4346864,-1976185148.1070707,-1920897056.0919645,-1865501514.7041187,-1809999203.123717,-1754390780.7190003,-1698676885.2885847,-1642858131.218715,-1586935107.5500672,-1530908375.9483595,-1474778468.5723796,-1418545885.8324971,-1362211094.032065,-1305774522.8833725,-1249236562.8890266,-1192597562.5787268,-1135857825.5904896,-1079017607.5842328,-1022077112.9745574,-965036491.4681573,-907895834.3900113,-850655170.7808182,-793314463.2465801,-735873603.5392712,-678332407.8455316,-620690611.7581251,-562947864.9023716,-505103725.187251,-447157652.6477767,-389109002.84226894,-330957019.76449573,-272700828.2270768,-214339425.6682922,-155871673.3300671,-97296286.75005952,-38611825.50546056,20183317.85945934,79090929.79631817,138112988.68690878,197251678.83691883,256509405.62484866,315888811.910369,375392795.81528205,435024529.99992025,494787482.5682377,554685439.7458589,614722530.4872447,674903253.1807336,735232504.6336715,795715611.534032,856358364.6000679,917167055.6453118,978148517.803082,1039310169.1719941,1100660060.162299,1162206924.8417642,1223960236.5992823,1285930268.4644916,1348128158.441992,1410565980.2392957,1473256819.7881987,1536214857.9793491,1599455460.0494418,1662995272.078865,1726852325.074639,1791046147.1284192,1855597884.151405,1920530429.6966743,1985868564.3835962,2051639105.4376073,2117871066.8505213,2184595830.650219,2251847329.7423306,2319662242.7485685,2388080201.2143703,2457144009.490102,2526899877.502141,2597397666.519765,2668691147.8868237,2740838274.5197215,2813901464.7703013,2887947898.0085344,2963049820.989193,3039284863.722317,3116736363.1612515,3195493692.546162,3275652593.6853237,3357315508.8109803,3440591907.899418,3525598606.4838963,3612460068.0009375,3701308683.5812607,3792285020.9126163,3885538032.349308,3981225210.8104935,4079512680.1873984,4180575204.9653387,4284596101.5643826,4391767031.531695,4502287654.216578,4616365113.992949,4734213334.571022,4856052090.625412,4982105825.105844,5112602179.543679,5247770204.925865,5387838222.979887,5533031312.965883,5683568408.617559,5839659005.470244,6001499502.783628,6169269239.617347,6343126335.156258,6523203513.74081,6709604190.491837,6902399219.035403,7101624861.488725,7307282728.063659,7519342625.746443,7737749383.269076,7962434609.379821,8193333585.622391,8430405165.482074,8673646563.35479,8923080586.491026,9178659574.652176,9439953488.424133,9705310256.903996,9969744677.947626,10219708607.959394,10419769646.100033,10476048291.19274,10127951148.842234,8824000139.137482,0.0
7612.5,-10159636192.325977,-10128266382.445415,-10096753158.587757,-10065096019.322876,-10033294464.310173,-10001347994.365286,-9969256111.528072,-9937018319.13182,-9904634121.873692,-9872103025.886467,-9839424538.811567,-9806598169.873358,-9773623429.954792,-9740499831.674326,-9707226889.464266,-9673804119.65036,-9640231040.532839,-9606507172.468765,-9572632037.95586,-9538605161.717634,-9504426070.790033,-9470094294.609411,-9435609365.10203,-9400970816.774956,-9366178186.808437,-9331231015.149775,-9296128844.608606,-9260871220.953772,-9225457693.011631,-9189887812.765882,-9154161135.458948,-9118277219.694826,-9082235627.543543,-9046035924.647097,-9009677680.326971,-8973160467.693195,-8936483863.754984,-8899647449.532896,-8862650810.172611,-8825493535.06023,-8788175217.939194,-8750695457.028704,-8713053855.143805,-8675250019.816946,-8637283563.421177,-8599154103.294886,-8560861261.868077,-8522404666.790249,-8483783951.059769,-8444998753.154833,-8406048717.165938,-8366933492.929843,-8327652736.165116,-8288206108.609077,-8248593278.156313,-8208813918.9985695,-8168867711.766158,-8128754343.670729,-8088473508.649479,-8048024907.510706,-8007408248.080745,-7966623245.3521805,-7925669621.633404,-7884547106.699337,-7843255437.943502,-7801794360.531125,-7760163627.5535145,-7718363000.183443,-7676392247.831627,-7634251148.3042,-7591939487.961122,-7549457061.875497,-7506803673.993724,-7463979137.296435,-7420983273.960126,-7377815915.51942,-7334476903.029964,-7290966087.231717,-7247283328.71277,-7203428498.073399,-7159401476.090424,-7115202153.881698,-7070830433.070648,-7026286225.950799,-6981569455.6501045,-6936680056.295071,-6891617973.174454,-6846383162.902515,-6800975593.581603,-6755395244.964058,-6709642108.613142,-6663716188.063023,-6617617498.977554,-6571346069.307711,-6524901939.447572,-6478285162.3886595,-6431495803.872416,-6384533942.540721,-6337399670.084214,-6290093091.388264,-6242614324.676329,-6194963501.650597,-6147140767.629581,-6099146281.682602,-6050980216.7607155,-6002642759.824116,-5954134111.96553,-5905454488.529533,-5856604119.227428,-5807583248.247447,-5758392134.360061,-5709031051.018005,-5659500286.450866,-5609800143.753817,-5559930940.970285,-5509893011.168192,-5459686702.509436,-5409312378.31238,-5358770417.106868,-5308061212.681552,-5257185174.123117,-5206142725.847013,-5154934307.619464,-5103560374.570159,-5052021397.19548,-5000317861.351674,-4948450268.237701,-4896419134.367303,-4844224991.529859,-4791868386.739648,-4739349882.173074,-4686670055.093409,-4633829497.762605,-4580828817.339766,-4527668635.765759,-4474349589.633575,-4420872330.043933,-4367237522.445614,-4313445846.460127,-4259497995.690185,-4205394677.511455,-4151136612.8471503,-4096724535.9249277,-4042159194.0155993,-3987441347.153097,-3932571767.8352475,-3877551240.704747,-3822380562.2098646,-3767060540.244283,-3711591993.7655697,-3655975752.3916683,-3600212655.974887,-3544303554.1527977,-3488249305.875367,-3432050778.9078336,-3375708849.308613,-3319224400.8815694,-3262598324.602051,-3205831518.0159,-3148924884.610748,-3091879333.158759,-3034695777.030096,-2977375133.476078,-2919918322.881255,-2862326267.98322,-2804599893.05924,-2746740123.0783243,-2688747882.8176293,-2630624095.941599,-2572369684.0424495,-2513985565.6401033,-2455472655.1398163,-2396831861.7452917,-2338064088.324939,-2279170230.228673,-2220151174.052305,-2161007796.346245,-2101740962.2648392,-2042351524.1522532,-1982840320.060254,-1923208172.19275,-1863455885.271285,-1803584244.814959,-1743594015.3275146,-1683485938.3833976,-1623260730.6035993,-1562919081.5110612,-1502461651.2540736,-1441889068.1848464,-1381201926.2788205,-1320400782.3785944,-1259486153.2445297,-1198458512.3918672,-1137318286.6920326,-1076065852.7130406,-1014701532.7712762,-953225590.6635687,-891638227.0451716,-829939574.415344,-768129691.6679724,-706208558.1601335,-644176067.2462418,-582032019.2199368,-519776113.5995627,-457407940.6864407,-394926972.31765985,-332332551.72702605,-269623882.41895026,-206800015.95038658,-143859838.50545168,-80802056.13579866,-17625178.527466297,45672498.85865682,109092914.4401896,172638262.14384454,236311015.21351928,300113952.41484016,364050186.87474465,428123197.81600326,492336865.4693536,556695509.470166,621203931.0724282,685867459.540302,750692003.1064148,815684104.9167256,880851004.4136739,946200704.6428444,1011742046.0029315,1077484786.9944506,1143439692.559167,1209618630.6389017,1276034677.6194391,1342702233.3613753,1409637146.5549817,1476856851.1691217,1544380514.794316,1612229199.705837,1680426037.492806,1748996418.1119878,1817968194.2282352,1887371901.694937,1957240997.0045385,2027612112.4976707,2098525330.056113,2170024473.9145017,2242157423.1034827,2314976443.8762093,2388538542.2634444,2462905836.641281,2538145949.8697033,2614332420.157932,2691545129.3202367,2769870746.487534,2849403184.617243,2930244066.274843,3012503194.120471,3096299020.293483,3181759107.4138575,3269020572.17255,3358230500.419163,3449546320.223572,3543136116.530824,3639178867.681281,3737864580.1591873,3839394293.385913,3943979921.1083546,4051843889.868138,4163218528.0994577,4278345151.5350533,4397472781.774321,4520856425.111425,4648754828.144903,4781427615.532044,4919131703.938904,5062116875.468364,5210620384.703832,5364860467.5885,5525028619.977938,5691280522.087342,5863725506.589433,6042414508.530592,6227326501.540217,6418353524.572328,6615284542.110918,6817788554.400095,7025397550.353139,7237489966.248615,7453274979.8741,7671776468.682229,7891810903.236118,8111941239.370711,8330357899.530467,8544561268.580218,8750532130.870975,8940615547.087025,9098203541.820683,9184371280.148273,9102741102.778788,8587154113.850356,6685309366.693511,0.0
7610.0,-11087214720.818325,-11056290574.331852,-11025215248.00646,-10993988141.564894,-10962608654.903751,-10931076188.155344,-10899390141.750904,-10867549916.48512,-10835554913.582012,-10803404534.762177,-10771098182.311428,-10738635259.150814,-10706015168.908113,-10673237315.990698,-10640301105.659948,-10607205944.107058,-10573951238.53041,-10540536397.214422,-10506960829.60998,-10473223946.416355,-10439325159.66479,-10405263882.803581,-10371039530.784843,-10336651520.15287,-10302099269.134178,-10267382197.729143,-10232499727.805416,-10197451283.192963,-10162236289.780884,-10126854175.615913,-10091304371.002722,-10055586308.605946,-10019699423.554045,-9983643153.544935,-9947416938.953442,-9911020222.940578,-9874452451.564714,-9837713073.89453,-9800801542.123938,-9763717311.68879,-9726459841.3856,-9689028593.492054,-9651423033.88957,-9613642632.187668,-9575686861.850405,-9537555200.324657,-9499247129.17043,-9460762134.193115,-9422099705.577719,-9383259338.025059,-9344240530.889994,-9305042788.321554,-9265665619.405159,-9226108538.306732,-9186371064.418896,-9146452722.509047,-9106353042.86952,-9066071561.469673,-9025607820.109928,-8984961366.577837,-8944131754.806044,-8903118545.032217,-8861921303.960915,-8820539604.927351,-8778973028.063065,-8737221160.463459,-8695283596.357208,-8653159937.277498,-8610849792.23505,-8568352777.892954,-8525668518.74321,-8482796647.285019,-8439736804.204718,-8396488638.557376,-8353051807.9499655,-8309425978.726069,-8265610826.152131,-8221606034.605083,-8177411297.761454,-8133026318.787702,-8088450810.53191,-8043684495.716625,-7998727107.132837,-7953578387.8350525,-7908238091.337273,-7862705981.809946,-7816981834.277664,-7771065434.817606,-7724956580.758581,-7678655080.880628,-7632160755.614931,-7585473437.244173,-7538592970.102913,-7491519210.778159,-7444252028.309778,-7396791304.390771,-7349136933.567135,-7301288823.43731,-7253246894.850945,-7205011082.106892,-7156581333.15022,-7107957609.7681465,-7059139887.784601,-7010128157.253407,-6960922422.649658,-6911522703.05937,-6861929032.366945,-6812141459.440446,-6762160048.314337,-6711984878.36951,-6661616044.510393,-6611053657.33886,-6560297843.324723,-6509348744.972573,-6458206520.984694,-6406871346.419758,-6355343412.847113,-6303622928.496313,-6251710118.401654,-6199605224.5413885,-6147308505.971378,-6094820238.952835,-6042140717.073902,-5989270251.364674,-5936209170.40548,-5882957820.42798,-5829516565.40882,-5775885787.1555395,-5722065885.384318,-5668057277.789353,-5613860400.10343,-5559475706.149417,-5504903667.882328,-5450144775.421621,-5395199537.073431,-5340068479.342361,-5284752146.932566,-5229251102.737761,-5173565927.819871,-5117697221.376019,-5061645600.693518,-5005411701.092621,-4948996175.856741,-4892399696.149864,-4835622950.920896,-4778666646.794756,-4721531507.949926,-4664218275.9823265,-4606727709.755293,-4549060585.235495,-4491217695.314697,-4433199849.617224,-4375007874.293066,-4316642611.796542,-4258104920.6505146,-4199395675.1962147,-4140515765.328572,-4081466096.217319,-4022247588.0138206,-3962861175.543847,-3903307807.9864416,-3843588448.539137,-3783704074.0696974,-3723655674.7547593,-3663444253.7055864,-3603070826.5813947,-3542536421.190487,-3481842077.079694,-3420988845.112451,-3359977787.036007,-3298809975.038027,-3237486491.293165,-3176008427.4998407,-3114376884.4076433,-3052592971.335547,-2990657805.681258,-2928572512.4216976,-2866338223.604597,-2803956077.831081,-2741427219.728777,-2678752799.4148602,-2615933971.948126,-2552971896.768787,-2489867737.1243997,-2426622659.4797316,-2363237832.907897,-2299714428.4594364,-2236053618.5052404,-2172256576.0483956,-2108324473.9989872,-2044258484.4048488,-1980059777.6298554,-1915729521.4699244,-1851268880.1952639,-1786679013.5053744,-1721961075.3813286,-1657116212.817224,-1592145564.4101667,-1527050258.784905,-1461831412.8257864,-1396490129.6849415,-1331027496.531031,-1265444581.9982603,-1199742433.289689,-1133922072.8829923,-1067984494.779937,-1001930660.2334299,-935761492.877536,-869477873.176749,-803080632.1004443,-736570543.917201,-669948317.991081,-603214589.4483018,-536369908.56741405,-469414728.7294856,-402349392.74648046,-335174117.3658731,-267888975.72765112,-200493877.52580163,-132988546.60023955,-65372495.65668321,2355002.2189540267,70194945.61855185,138148640.845258,206217742.36458665,274404298.15719885,342710800.50245446,411140242.7697946,479696182.8461753,548382813.8819536,617205043.0946994,686168579.4304577,755280030.9443445,824547012.827126,893978267.0706884,963583794.8326747,1033375002.6280351,1103364863.5417056,1173568094.7207704,1244001352.4644127,1314683446.2837415,1385635573.3483627,1456881574.7692611,1528448215.184242,1600365487.1080809,1672666941.4789863,1745390045.769143,1818576570.9218373,1892273008.2208505,1966531016.978143,2041407903.628642,2116967132.4299445,2193278867.459178,2270420544.9555407,2348477474.2456884,2427543464.4761252,2507721473.1197963,2589124270.6740565,2671875114.0635104,2756108418.9324765,2841970418.1712523,2929619790.5642695,3019228239.2525253,3110980994.618088,3205077210.0482645,3301730211.610388,3401167553.717457,3503630822.100169,3609375112.4879417,3718668097.959746,3831788579.531473,3949024392.7423577,4070669517.313947,4197020206.921988,4328369921.352357,4465002803.561172,4607185399.450042,4755156268.967702,4909113084.630491,5069196759.960252,5235472099.518045,5407904420.371119,5586331571.561972,5770430787.704359,5959679875.203594,6153312369.656309,6350266541.968047,6549128453.301597,6748069509.087779,6944778542.6831455,7136385508.36158,7319363083.449824,7489359589.359312,7640824850.982337,7766050924.329115,7852675343.540832,7877551201.076862,7793545905.492156,7499808778.248439,6439843325.741532,0.0
7607.5,-12058934141.79144,-12028672298.28875,-11998252384.856071,-11967673702.185953,-11936935550.134325,-11906037227.775347,-11874978033.4576,-11843757264.861704,-11812374219.059275,-11780828192.573343,-11749118481.440247,-11717244381.27292,-11685205187.325768,-11653000194.560965,-11620628697.716417,-11588089991.375154,-11555383370.036415,-11522508128.18831,-11489463560.382128,-11456248961.30828,-11422863625.87402,-11389306849.282738,-11355577927.11513,-11321676155.412048,-11287600830.75917,-11253351250.373466,-11218926712.191513,-11184326514.959679,-11149549958.326176,-11114596342.935036,-11079464970.522038,-11044155144.01255,-11008666167.62144,-10972997346.954903,-10937147989.114403,-10901117402.802612,-10864904898.431494,-10828509788.232426,-10791931386.368547,-10755169009.049137,-10718221974.646296,-10681089603.81372,-10643771219.6078,-10606266147.610851,-10568573716.056715,-10530693255.95857,-10492624101.2391,-10454365588.862946,-10415917058.971539,-10377277855.020264,-10338447323.91805,-10299424816.169298,-10260209686.018272,-10220801291.595886,-10181198995.068983,-10141402162.79199,-10101410165.461138,-10061222378.27108,-10020838181.074034,-9980256958.541441,-9939478100.328093,-9898501001.238794,-9857325061.397537,-9815949686.41919,-9774374287.583717,-9732598282.012888,-9690621092.849552,-9648442149.439404,-9606060887.515205,-9563476749.383633,-9520689184.11447,-9477697647.732374,-9434501603.41106,-9391100521.669968,-9347493880.573292,-9303681165.931473,-9259661871.505043,-9215435499.210794,-9171001559.330332,-9126359570.720829,-9081509061.028072,-9036449566.901724,-8991180634.2127,-8945701818.272705,-8900012684.055775,-8854112806.421894,-8808001770.342491,-8761679171.127846,-8715144614.656305,-8668397717.605259,-8621438107.683712,-8574265423.866541,-8526879316.630142,-8479279448.189559,-8431465492.73687,-8383437136.680833,-8335194078.887556,-8286736030.9222145,-8238062717.291622,-8189173875.687544,-8140069257.230617,-8090748626.714758,-8041211762.851929,-7991458458.517094,-7941488520.993153,-7891301772.215876,-7840898049.018441,-7790277203.375578,-7739439102.647094,-7688383629.820493,-7637110683.752724,-7585620179.410596,-7533912048.109863,-7481986237.75269,-7429842713.063271,-7377481455.8213825,-7324902465.093722,-7272105757.462696,-7219091367.252463,-7165859346.752018,-7112409766.435048,-7058742715.176288,-7004858300.464174,-6950756648.609464,-6896437904.949696,-6841902234.049046,-6787149819.893455,-6732180866.08074,-6676995596.005375,-6621594253.037732,-6565977100.697514,-6510144422.8210745,-6454096523.722447,-6397833728.347802,-6341356382.423059,-6284664852.594482,-6227759526.562032,-6170640813.205202,-6113309142.701224,-6055764966.635454,-5998008758.103715,-5940041011.806536,-5881862244.135151,-5823472993.249147,-5764873819.145744,-5706065303.720637,-5647048050.820456,-5587822686.286867,-5528389857.992427,-5468750235.86831,-5408904511.924112,-5348853400.260018,-5288597637.071585,-5228137980.64754,-5167475211.361059,-5106610131.655053,-5045543566.021997,-4984276360.9791155,-4922809385.039614,-4861143528.68088,-4799279704.310646,-4737218846.23223,-4674961910.610052,-4612509875.436812,-4549863740.503766,-4487024527.3757925,-4423993279.372918,-4360771061.560322,-4297358960.748788,-4233758085.507975,-4169969566.1947136,-4105994554.9991026,-4041834226.011007,-3977489775.309957,-3912962421.0814695,-3848253403.763139,-3783363986.223904,-3718295453.9800444,-3653049115.451792,-3587626302.2643332,-3522028369.597352,-3456256696.5872216,-3390312686.7861013,-3324197768.6822443,-3257913396.2858863,-3191461049.7849994,-3124842236.275177,-3058058490.567797,-2991111376.0803876,-2924002485.812858,-2856733443.4128704,-2789305904.3331847,-2721721557.083132,-2653982124.575716,-2586089365.570783,-2518045076.2137527,-2449851091.6678877,-2381509287.836669,-2313021583.170897,-2244389940.5528903,-2175616369.2478046,-2106702926.9089334,-2037651721.620624,-1968464913.9583745,-1899144719.041323,-1829693408.547077,-1760113312.6530704,-1690406821.861868,-1620576388.660382,-1550624528.9542923,-1480553823.2093556,-1410366917.2203407,-1340066522.4160786,-1269655415.5953107,-1199136437.9725504,-1128512493.395951,-1057786545.5797882,-986961614.1726902,-916040769.4587605,-845027125.4621909,-773923831.1963621,-702734059.7658892,-631460994.9938848,-560107815.207056,-488677673.76738644,-417173675.89120305,-345598851.2437461,-273956121.7398578,-202248263.9187424,-130477865.1925326,-58647273.19456887,13241462.626531959,85186658.10690272,157187071.1935637,229241989.62708372,301351330.71571285,373515754.5463957,445736792.09389603,518016989.8100376,590360072.3994622,662771125.6154802,735256801.0373242,807825544.916349,880487853.3006334,953256555.7608639,1026147130.1410143,1099178050.8389862,1172371173.1778152,1245752156.4480422,1319350928.1753836,1393202192.0807753,1467345982.0355632,1541828264.051954,1616701587.962523,1692025789.9009824,1767868745.9614959,1844307176.4378457,1921427498.769097,1999326725.6732273,2078113402.8462582,2157908577.9328394,2238846789.099915,2321077057.300958,2404763860.997058,2490088065.4459934,2577247770.3623953,2666459029.3966947,2757956381.9896,2851993122.130586,2948841208.64474,3048790696.950137,3152148541.674442,3259236581.781067,3370388473.3729577,3485945278.292342,3606249346.927593,3731636048.940912,3862422803.442155,3998894737.94085,4141286160.9866095,4289756865.38992,4444362087.860814,4605014741.363361,4771438321.077527,4943108692.469502,5119182862.393636,5298412939.914693,5479044076.068027,5658696764.756098,5834237558.750832,6001650118.037701,6155934709.953318,6291097052.679255,6400354060.458978,6476827317.949261,6515356220.823568,6517313502.724617,6506752915.223035,6609975812.450997,7534611282.492245,0.0
7605.0,-13073921888.991499,-13044550169.113132,-13015014527.49728,-12985314167.434315,-12955448290.289875,-12925416095.550573,-12895216780.871029,-12864849542.122364,-12834313573.44202,-12803608067.285122,-12772732214.477205,-12741685204.268507,-12710466224.38977,-12679074461.10957,-12647509099.293247,-12615769322.463442,-12583854312.86223,-12551763251.514996,-12519495318.295923,-12487049691.99526,-12454425550.388323,-12421622070.306252,-12388638427.708652,-12355473797.758017,-12322127354.896032,-12288598272.921839,-12254885725.072157,-12220988884.103456,-12186906922.37608,-12152639011.94039,-12118184324.625036,-12083542032.127295,-12048711306.10548,-12013691318.273638,-11978481240.49832,-11943080244.897654,-11907487503.942663,-11871702190.560844,-11835723478.242144,-11799550541.14721,-11763182554.218115,-11726618693.29143,-11689858135.213827,-11652900057.96012,-11615743640.753849,-11578388064.190437,-11540832510.36289,-11503076162.990164,-11465118207.548147,-11426957831.403347,-11388594223.949284,-11350026576.745594,-11311254083.659985,-11272275941.012897,-11233091347.725075,-11193699505.46794,-11154099618.816895,-11114290895.407516,-11074272546.094679,-11034043785.114674,-10993603830.250292,-10952951902.998919,-10912087228.74369,-10871009036.92766,-10829716561.231092,-10788209039.751793,-10746485715.188602,-10704545835.027996,-10662388651.733795,-10620013422.940098,-10577419411.647312,-10534605886.42139,-10491572121.596247,-10448317397.479353,-10404841000.560534,-10361142223.72393,-10317220366.463188,-10273074735.099785,-10228704643.0046,-10184109410.822575,-10139288366.700603,-10094240846.518524,-10048966194.123238,-10003463761.565979,-9957732909.342577,-9911773006.63687,-9865583431.567064,-9819163571.43512,-9772512822.97907,-9725630592.628262,-9678516296.76141,-9631169361.967522,-9583589225.309517,-9535775334.590567,-9487727148.623066,-9439444137.500135,-9390925782.869617,-9342171578.21048,-9293181029.11153,-9243953653.55236,-9194488982.186417,-9144786558.626095,-9094845939.729761,-9044666695.890617,-8994248411.327158,-8943590684.375322,-8892693127.781961,-8841555368.999674,-8790177050.482813,-8738557829.984377,-8686697380.853928,-8634595392.336018,-8582251569.869277,-8529665635.385754,-8476837327.610495,-8423766402.361007,-8370452632.846642,-8316895809.967439,-8263095742.612471,-8209052257.9573,-8154765201.760458,-8100234438.658632,-8045459852.460481,-7990441346.438668,-7935178843.620087,-7879672287.073889,-7823921640.197198,-7767926886.998238,-7711688032.376644,-7655205102.400759,-7598478144.581686,-7541507228.143862,-7484292444.291988,-7426833906.474054,-7369131750.640341,-7311186135.49814,-7252997242.762097,-7194565277.399981,-7135890467.873735,-7076973066.375809,-7017813349.060492,-6958411616.270385,-6898768192.757854,-6838883427.90154,-6778757695.91792,-6718391396.068066,-6657784952.85968,-6596938816.244663,-6535853461.812386,-6474529390.979055,-6412967131.173515,-6351167236.019952,-6289130285.518102,-6226856886.221502,-6164347671.414657,-6101603301.289867,-6038624463.124749,-5975411871.461552,-5911966268.289519,-5848288423.231667,-5784379133.737539,-5720239225.283758,-5655869551.584173,-5591270994.811862,-5526444465.835236,-5461390904.470948,-5396111279.756289,-5330606590.24437,-5264877864.325254,-5198926160.576989,-5132752568.150274,-5066358207.191357,-4999744229.307742,-4932911818.081831,-4865862189.638011,-4798596593.269085,-4731116312.128444,-4663422663.994721,-4595517002.116333,-4527400716.143636,-4459075233.1570215,-4390542018.799884,-4321802578.52573,-4252858458.969541,-4183711249.4538264,-4114362583.640499,-4044814141.340308,-3975067650.4920254,-3905124889.3242598,-3834987688.7132406,-3764657934.7504764,-3694137571.5346336,-3623428604.202452,-3552533102.213873,-3481453202.9067893,-3410191115.337156,-3338749124.4200716,-3267129595.387607,-3195334978.57872,-3123367814.576261,-3051230739.7053976,-2978926491.906743,-2906457916.9963546,-2833827975.3229012,-2761039748.830408,-2688096448.532267,-2615001422.3990555,-2541758163.6589227,-2468370319.5046573,-2394841700.196136,-2321176288.5404434,-2247378249.724372,-2173451941.4653063,-2099401924.436225,-2025232972.9087796,-1950950085.5448465,-1876558496.2512836,-1802063684.9948156,-1727471388.4535036,-1652787610.358099,-1578018631.3501954,-1503171018.1541872,-1428251631.826398,-1353267634.8066142,-1278226496.4545064,-1203135996.7054627,-1128004227.4264722,-1052839590.9927701,-977650795.538866,-902446846.2631521,-827237032.082663,-752030906.8429989,-676838264.1874995,-601669105.078502,-526533596.8414378,-451442022.46883214,-376404718.7755128,-301432001.8378111,-226534077.97797492,-151720938.37006217,-77002235.14529938,-2387136.6632832885,72115840.60840964,146499026.39929676,220755820.16392142,294880947.1233276,368870750.3670503,442723522.81815207,516439883.11226124,590023199.675191,663480067.4916525,736820842.2270635,810060236.4779192,883217982.9626434,956319569.396632,1029397049.5883282,1102489934.9039135,1175646169.622296,1248923192.770194,1322389087.7023005,1396123818.8632505,1470220552.6966588,1544787056.3736722,1619947163.673115,1695842291.6681883,1772632984.4914258,1850500450.8876357,1929648049.9184775,2010302663.276936,2092715872.213354,2177164830.7992425,2263952693.545449,2353408412.1962867,2445885661.2484007,2541760581.1371846,2641427938.03729,2745295184.830737,2853773762.9051847,2967266801.741535,3086152144.1720967,3210759340.083957,3341338900.0636935,3478021674.009909,3620765714.1395698,3769287407.654034,3922973069.011469,4080766702.233205,4241029630.9654093,4401369007.00058,4558436907.326036,4707714723.495611,4843330529.286729,4958038154.239434,5043684175.435206,5092973072.637141,5104545162.3125515,5096467820.7128935,5142184469.995558,5488434658.322356,7438637625.7801695,0.0
7602.5,-14130957704.201883,-14102713485.948326,-14074300691.622072,-14045718430.65858,-14016965809.423143,-13988041931.245451,-13958945896.455524,-13929676802.42099,-13900233743.585737,-13870615811.509996,-13840822094.91184,-13810851679.710194,-13780703649.069302,-13750377083.444763,-13719871060.631138,-13689184655.811127,-13658316941.606375,-13627266988.129995,-13596033863.040735,-13564616631.59889,-13533014356.723991,-13501226099.054298,-13469250917.008104,-13437087866.84692,-13404736002.74061,-13372194376.834417,-13339462039.317966,-13306538038.496357,-13273421420.863232,-13240111231.175987,-13206606512.53312,-13172906306.453701,-13139009652.95912,-13104915590.657063,-13070623156.827757,-13036131387.51257,-13001439317.60499,-12966545980.94401,-12931450410.409977,-12896151638.02291,-12860648695.043425,-12824940612.076141,-12789026419.175823,-12752905145.956118,-12716575821.701006,-12680037475.479057,-12643289136.260412,-12606329833.03667,-12569158594.943615,-12531774451.386875,-12494176432.170582,-12456363567.628996,-12418334888.761223,-12380089427.369,-12341626216.197697,-12302944289.080349,-12264042681.085117,-12224920428.665836,-12185576569.815985,-12146010144.225967,-12106220193.44377,-12066205761.039118,-12025965892.771013,-11985499636.758856,-11944806043.657078,-11903884166.833368,-11862733062.550537,-11821351790.152035,-11779739412.251125,-11737894994.923862,-11695817607.905752,-11653506324.792246,-11610960223.24303,-11568178385.190199,-11525159897.050257,-11481903849.940037,-11438409339.89656,-11394675468.100798,-11350701341.10546,-11306486071.066645,-11262028775.979624,-11217328579.918537,-11172384613.280111,-11127196013.03143,-11081761922.961704,-11036081493.93808,-10990153884.165453,-10943978259.450321,-10897553793.468628,-10850879668.037628,-10803955073.391668,-10756779208.462027,-10709351281.160597,-10661670508.667538,-10613736117.722748,-10565547344.92124,-10517103437.012259,-10468403651.20215,-10419447255.460949,-10370233528.832611,-10320761761.748783,-10271031256.346111,-10221041326.786972,-10170791299.5836,-10120280513.925379,-10069508322.009445,-10018474089.374277,-9967177195.23627,-9915617032.829271,-9863793009.746693,-9811704548.286434,-9759351085.798164,-9706732075.033016,-9653846984.495522,-9600695298.797565,-9547276519.014269,-9493590163.04163,-9439635765.95573,-9385412880.37336,-9330921076.813828,-9276159944.061882,-9221129089.531391,-9165828139.62974,-9110256740.122631,-9054414556.499184,-8998301274.336996,-8941916599.667124,-8885260259.338589,-8828332001.38237,-8771131595.374527,-8713658832.798355,-8655913527.4053,-8597895515.57445,-8539604656.670394,-8481040833.399316,-8422203952.163059,-8363093943.411089,-8303710761.9901085,-8244054387.4912815,-8184124824.594911,-8123922103.412464,-8063446279.825927,-8002697435.824451,-7941675679.838267,-7880381147.069957,-7818813999.823163,-7756974427.828848,-7694862648.569391,-7632478907.600687,-7569823478.872662,-7506896665.048595,-7443698797.823762,-7380230238.244021,-7316491377.024983,-7252482634.872688,-7188204462.806705,-7123657342.4867115,-7058841786.543867,-6993758338.918429,-6928407575.205091,-6862790103.008005,-6796906562.307425,-6730757625.840237,-6664343999.497,-6597666422.73812,-6530725669.032503,-6463522546.321892,-6396057897.514856,-6328332601.014513,-6260347571.284626,-6192103759.45905,-6123602154.000101,-6054843781.41186,-5985829707.0149555,-5916561035.790017,-5847038913.297635,-5777264526.683231,-5707239105.776104,-5636963924.292586,-5566440301.154113,-5495669601.931855,-5424653240.430534,-5353392680.424915,-5281889437.563653,-5210145081.456159,-5138161237.959297,-5065939591.682067,-4993481888.7274685,-4920789939.692339,-4847865622.947115,-4774710888.219039,-4701327760.503794,-4627718344.332034,-4553884828.418977,-4479829490.726678,-4405554703.970428,-4331062941.60216,-4256356784.3056183,-4181438927.039503,-4106312186.666506,-4030979510.2076178,-3955443983.7626157,-3879708842.1388755,-3803777479.231894,-3727653459.2018013,-3651340528.4909163,-3574842628.727699,-3498163910.5625334,-3421308748.48023,-3344281756.6331706,-3267087805.737254,-3189732041.0703716,-3112219901.6097336,-3034557140.3398542,-2956749845.7572684,-2878804464.590927,-2800727825.7482343,-2722527165.486007,-2644210153.7924466,-2565784921.9508176,-2487260091.2368765,-2408644802.6803565,-2329948747.7952576,-2251182200.1537595,-2172356047.644022,-2093481825.211825,-2014571747.839826,-1935638743.4649746,-1856696485.473631,-1777759424.3443518,-1698842817.928978,-1619962759.7725794,-1541136204.770848,-1462380991.3481581,-1383715859.209738,-1305160461.575407,-1226735370.6387377,-1148462074.812677,-1070362966.1188949,-992461315.8516834,-914781236.3963134,-837347626.8048112,-760186099.4273708,-683322884.5635504,-606784709.7329563,-530598649.7691834,-454791943.51300174,-379391772.42144936,-304424995.919726,-229917837.8048139,-155895517.4676745,-82381819.14024079,-9398591.803189397,63034828.17807114,134902280.17186028,206191537.14639592,276895167.71844476,347011512.15440494,416545782.2717045,485511295.1444416,553930850.1649331,621838258.2404661,689280030.5650158,756317232.3060178,823027503.4331992,889507244.4555418,955873958.582589,1022268733.2033916,1088858831.8063545,1155840351.518947,1223440879.9641733,1291922056.3019822,1361581902.7509246,1432756741.39908,1505822442.5363777,1581194659.5919638,1659327584.8877091,1740710600.5503306,1825861988.1386466,1915318583.6628563,2009619902.623036,2109284788.917139,2214778033.6912146,2326463633.298798,2444540377.511243,2568954260.663042,2699280818.4529757,2834569085.636432,2973138022.26844,3112317630.824291,3248135113.6365795,3374973339.1594987,3485306196.44099,3569825489.080664,3618829724.9961143,3627180144.6074014,3608617677.1682777,3631858906.041497,3888624924.247496,4727280032.13706,0.0
7600.0,-15228458045.403072,-15201586384.963108,-15174542844.266073,-15147326444.430237,-15119936202.324074,-15092371130.588022,-15064630237.657438,-15036712527.786907,-15008617001.07579,-14980342653.495186,-14951888476.916172,-14923253459.139542,-14894436583.926945,-14865436831.033455,-14836253176.241734,-14806884591.397675,-14777330044.447605,-14747588499.47718,-14717658916.751865,-14687540252.759098,-14657231460.25225,-14626731488.296247,-14596039282.315075,-14565153784.141125,-14534073932.066343,-14502798660.89542,-14471326902.000847,-14439657583.380041,-14407789629.714512,-14375721962.431093,-14343453499.765362,-14310983156.827198,-14278309845.66861,-14245432475.353823,-14212349952.03168,-14179061179.010412,-14145565056.834873,-14111860483.366179,-14077946353.863892,-14043821561.070778,-14009484995.300182,-13974935544.52602,-13940172094.47558,-13905193528.72501,-13869998728.797657,-13834586574.265316,-13798955942.852331,-13763105710.542774,-13727034751.690565,-13690741939.13274,-13654226144.305866,-13617486237.365618,-13580521087.309673,-13543329562.103819,-13505910528.811558,-13468262853.72704,-13430385402.511494,-13392277040.33324,-13353936632.011232,-13315363042.16232,-13276555135.352152,-13237511776.249893,-13198231829.78675,-13158714161.31835,-13118957636.791103,-13078961122.912477,-13038723487.325413,-12998243598.786768,-12957520327.349926,-12916552544.551657,-12875339123.603163,-12833878939.58555,-12792170869.64952,-12750213793.219627,-12708006592.202898,-12665548151.201984,-12622837357.73295,-12579873102.44754,-12536654279.360239,-12493179786.079899,-12449448524.046215,-12405459398.77087,-12361211320.08358,-12316703202.382967,-12271933964.892231,-12226902531.919882,-12181607833.125263,-12136048803.789139,-12090224385.089207,-12044133524.380672,-11997775175.481764,-11951148298.964348,-11904251862.449581,-11857084840.908539,-11809646216.967983,-11761934981.221128,-11713950132.54341,-11665690678.41332,-11617155635.238243,-11568344028.685276,-11519254894.016943,-11469887276.431934,-11420240231.410633,-11370312825.065544,-11320104134.496456,-11269613248.150383,-11218839266.186129,-11167781300.843468,-11116438476.816895,-11064809931.63364,-11012894816.036283,-10960692294.369362,-10908201544.970282,-10855421760.564167,-10802352148.662695,-10748991931.96657,-10695340348.771793,-10641396653.3793,-10587160116.508,-10532630025.710964,-10477805685.794678,-10422686419.241009,-10367271566.63199,-10311560487.076931,-10255552558.641863,-10199247178.781055,-10142643764.770313,-10085741754.14203,-10028540605.121609,-9971039797.065035,-9913238830.897564,-9855137229.553057,-9796734538.413904,-9738030325.751232,-9679024183.165253,-9619715726.02541,-9560104593.910282,-9500190451.046898,-9439972986.749334,-9379451915.856462,-9318626979.168617,-9257497943.883064,-9196064604.028255,-9134326780.89662,-9072284323.476028,-9009937108.87976,-8947285042.77516,-8884328059.810955,-8821066124.043442,-8757499229.361788,-8693627399.912615,-8629450690.52439,-8564969187.132014,-8500183007.202131,-8435092300.159924,-8369697247.818208,-8303998064.8096895,-8237994999.023613,-8171688332.04803,-8105078379.619172,-8038165492.079616,-7970950054.847203,-7903432488.896841,-7835613251.257713,-7767492835.528562,-7699071772.41431,-7630350630.287293,-7561330015.777161,-7492010574.393595,-7422392991.186808,-7352477991.450891,-7282266341.476111,-7211758849.356477,-7140956365.859773,-7069859785.3679085,-6998470046.896207,-6926788135.20118,-6854815081.987036,-6782551967.2224455,-6709999920.579935,-6637160123.011453,-6564033808.474998,-6490622265.828364,-6416926840.907619,-6342948938.8093815,-6268690026.397626,-6194151635.057505,-6119335363.720511,-6044242882.187411,-5968875934.777396,-5893236344.334241,-5817326016.622743,-5741146945.151098,-5664701216.457877,-5587991015.904871,-5511018634.020357,-5433786473.44036,-5356297056.499006,-5278553033.522563,-5200557191.885321,-5122312465.88964,-5043821947.5360775,-4965088898.253989,-4886116761.667065,-4806909177.47259,-4727469996.5177765,-4647803297.160745,-4567913403.008402,-4487804902.127674,-4407482667.830894,-4326951881.140249,-4246218055.0399365,-4165287060.6281786,-4084165155.284173,-4002859012.967268,-3921375756.76734,-3839722993.825675,-3757908852.745086,-3675942023.605753,-3593831800.699399,-3511588128.0882654,-3429221648.0869436,-3346743752.753488,-3264166638.461299,-3181503363.6043043,-3098767909.4641232,-3015975244.238718,-2933141390.196444,-2850283493.8765507,-2767419899.2058096,-2684570223.3400598,-2601755434.9674096,-2518997934.7252617,-2436321637.284337,-2353752054.537762,-2271316379.199514,-2189043567.9620743,-2106964423.185288,-2025111671.8839273,-1943520040.547851,-1862226324.0615382,-1781269446.6862097,-1700690512.7233288,-1620532844.088269,-1540842001.5836098,-1461665786.1669636,-1383054215.9541478,-1305059474.0790715,-1227735821.8421404,-1151139470.8134437,-1075328406.7112477,-1000362156.9450083,-926301492.6924164,-853208055.2686025,-781143895.3422098,-710170912.2589979,-640350179.3540878,-571741139.6783794,-504400655.0491826,-438381889.7841313,-373733008.92755777,-310495669.2817062,-248703280.18624103,-188379009.85267657,-129533512.301983,-72162349.77753812,-16243086.196131349,38267970.84750593,91439398.23999524,143368668.03867924,194186543.04811263,244061844.47544813,293206556.4470111,341881199.60931313,390400359.29678273,439138187.2478056,488533601.9087312,539094780.4581348,591402351.4768096,646110441.2850153,703944373.2884157,765693333.3671913,832195649.0625364,904313424.599902,982892046.2248951,1068698415.3523966,1162329540.8386388,1264080156.4105287,1373754167.3526418,1490400017.5025632,1611945430.7269766,1734706402.0202012,1852762345.8934808,1957265665.5530136,2036009830.7008953,2074336972.0965474,2060431215.0703094,2000993125.9178987,1925934226.3579452,1166145842.2936273,0.0
7597.5,-16364463460.921513,-16339214969.101831,-16313792785.878443,-16288195851.610596,-16262423101.21954,-16236473464.19592,-16210345864.608322,-16184039221.113028,-16157552446.964874,-16130884450.029446,-16104034132.796425,-16077000392.39431,-16049782120.606419,-16022378203.888262,-15994787523.386358,-15967008954.958405,-15939041369.194986,-15910883631.442804,-15882534601.829376,-15853993135.289436,-15825258081.592896,-15796328285.374464,-15767202586.165062,-15737879818.424923,-15708358811.578535,-15678638390.051403,-15648717373.308708,-15618594575.895975,-15588268807.481592,-15557738872.901466,-15527003572.205774,-15496061700.707735,-15464912049.034697,-15433553403.181368,-15401984544.565378,-15370204250.085152,-15338211292.180202,-15306004438.893864,-15273582453.938501,-15240944096.763325,-15208088122.624811,-15175013282.659742,-15141718323.961094,-15108201989.656597,-15074463018.990246,-15040500147.406662,-15006312106.63847,-14971897624.796736,-14937255426.464443,-14902384232.793201,-14867282761.603188,-14831949727.486351,-14796383841.913033,-14760583813.34197,-14724548347.3339,-14688276146.668615,-14651765911.465767,-14615016339.30933,-14578026125.375875,-14540793962.566687,-14503318541.643812,-14465598551.370125,-14427632678.653454,-14389419608.694843,-14350958025.14109,-14312246610.24146,-14273284045.008944,-14234069009.3858,-14194600182.413666,-14154876242.408325,-14114895867.13903,-14074657734.012648,-14034160520.262562,-13993402903.14252,-13952383560.125378,-13911101169.106905,-13869554408.614714,-13827741958.0223,-13785662497.76842,-13743314709.58168,-13700697276.710592,-13657808884.159021,-13614648218.92718,-13571213970.258205,-13527504829.890333,-13483519492.314827,-13439256655.039663,-13394715018.858974,-13349893288.12845,-13304790171.046604,-13259404379.942015,-13213734631.566643,-13167779647.395124,-13121538153.930252,-13075008883.01452,-13028190572.147917,-12981081964.811844,-12933681810.799305,-12885988866.55133,-12838001895.499659,-12789719668.415663,-12741140963.765617,-12692264568.072151,-12643089276.282042,-12593613892.140188,-12543837228.569914,-12493758108.059378,-12443375363.05423,-12392687836.35637,-12341694381.528778,-12290393863.306454,-12238785158.013186,-12186867153.98433,-12134638751.995373,-12082098865.696184,-12029246422.050913,-11976080361.783392,-11922599639.827948,-11868803225.78545,-11814690104.384512,-11760259275.947645,-11705509756.862244,-11650440580.05621,-11595050795.47803,-11539339470.58118,-11483305690.81252,-11426948560.104614,-11370267201.371677,-11313260757.008905,-11255928389.394997,-11198269281.397604,-11140282636.881413,-11081967681.21865,-11023323661.801687,-10964349848.557554,-10905045534.463938,-10845410036.066563,-10785442693.997494,-10725142873.494215,-10664509964.919165,-10603543384.279377,-10542242573.746078,-10480607002.173965,-10418636165.619831,-10356329587.860456,-10293686820.909473,-10230707445.533066,-10167391071.764465,-10103737339.416933,-10039745918.595474,-9975416510.20704,-9910748846.469488,-9845742691.419334,-9780397841.418596,-9714714125.661009,-9648691406.678131,-9582329580.845781,-9515628578.891644,-9448588366.404778,-9381208944.348131,-9313490349.575176,-9245432655.352266,-9177035971.888151,-9108300446.872797,-9039226266.027546,-8969813653.669342,-8900062873.291742,-8829974228.166153,-8759548061.966938,-8688784759.424673,-8617684747.01218,-8546248493.668801,-8474476511.568731,-8402369356.94014,-8329927630.942438,-8257151980.609959,-8184043099.871246,-8110601730.653998,-8036828664.087006,-7962724741.811492,-7888290857.415505,-7813527958.006611,-7738437045.939408,-7663019180.716296,-7587275481.0815735,-7511207127.33093,-7434815363.860669,-7358101501.982968,-7281066923.036452,-7203713081.823557,-7126041510.409466,-7048053822.320305,-6969751717.181811,-6891136985.843271,-6812211516.035448,-6732977298.615609,-6653436434.456984,-6573591142.045233,-6493443765.849446,-6412996785.540886,-6332252826.138646,-6251214669.167706,-6169885264.921741,-6088267745.930061,-6006365441.735841,-5924181895.100793,-5841720879.759953,-5758986419.859184,-5675982811.217518,-5592714644.56611,-5509186830.926032,-5425404629.2975025,-5341373676.844461,-5257100021.769274,-5172590159.084123,-5087851069.497077,-5002890261.642489,-4917715817.896894,-4832336444.0326805,-4746761522.972547,-4661001172.917761,-4575066310.131903,-4488968716.669526,-4402721113.344574,-4316337238.236842,-4229831931.035183,-4143221223.5128427,-4056522436.4229302,-3969754283.088894,-3882936979.945722,-3796092364.26052,-3709244019.2249584,-3622417406.565337,-3535640006.7562227,-3448941466.8492107,-3362353755.83639,-3275911327.355671,-3189651289.4093275,-3103613580.6037264,-3017841152.223275,-2932380155.2202787,-2847280130.928999,-2762594203.991046,-2678379275.602797,-2594696214.7566895,-2511610044.637774,-2429190120.7456164,-2347510296.628172,-2266649072.3273163,-2186689719.7312384,-2107720377.993088,-2029834110.9911637,-1953128917.456534,-1877707682.859517,-1803678060.4060955,-1731152266.5261345,-1660246774.012826,-1591081883.4704018,-1523781150.9173055,-1458470646.244825,-1395278013.7169676,-1334331301.7853591,-1275757525.154564,-1219680917.2436936,-1166220825.9314482,-1115489199.7416196,-1067587605.4443319,-1022603711.4760594,-980607164.743052,-941644781.4951453,-905734966.4267571,-872861268.6136988,-842964979.3428769,-815936676.9270681,-791606629.6747053,-769733984.0458206,-749994696.3049948,-731968221.072153,-715123061.4442227,-698801430.87596,-682203502.9052049,-664372068.6655092,-644178937.8193774,-620315183.6220815,-591288460.7126038,-555432286.4116744,-510934646.57278395,-455897035.494943,-388440939.23664755,-306888557.9637324,-210061844.97906458,-97776403.27438831,28329079.129588127,163355814.09421176,296552259.1699247,406426792.8799411,451184868.27328795,350065604.95741564,-49294417.31679803,-1115732454.9770086,0.0
7595.0,-17536629325.162884,-17513257815.847267,-17489712426.806797,-17465992027.20583,-17442095479.60119,-17418021639.934124,-17393769357.523277,-17369337475.05863,-17344724828.5965,-17319930247.555576,-17294952554.71413,-17269790566.20829,-17244443091.531544,-17218908933.53542,-17193186888.431408,-17167275745.794245,-17141174288.566402,-17114881293.064037,-17088395528.98429,-17061715759.414064,-17034840740.840282,-17007769223.16165,-16980499949.70204,-16953031657.225454,-16925363075.952671,-16897492929.5796,-16869419935.29744,-16841142803.81456,-16812660239.380318,-16783970939.810757,-16755073596.516289,-16725966894.531355,-16696649512.54619,-16667120122.940716,-16637377391.820597,-16607419979.055544,-16577246538.319923,-16546855717.135723,-16516246156.91793,-16485416493.022396,-16454365354.796278,-16423091365.630991,-16391593143.017982,-16359869298.607124,-16327918438.267952,-16295739162.153841,-16263330064.769016,-16230689735.038712,-16197816756.382298,-16164709706.789669,-16131367158.900856,-16097787680.088898,-16063969832.54618,-16029912173.3742,-15995613254.676918,-15961071623.657711,-15926285822.72006,-15891254389.57204,-15855975857.33466,-15820448754.65422,-15784671605.818693,-15748642930.878212,-15712361245.769867,-15675825062.446764,-15639032889.011478,-15601983229.85405,-15564674585.79454,-15527105454.230293,-15489274329.28791,-15451179701.980206,-15412820060.368,-15374193889.727058,-15335299672.720154,-15296135889.574383,-15256701018.263796,-15216993534.697533,-15177011912.91344,-15136754625.27734,-15096220142.68806,-15055406934.788229,-15014313470.18105,-14972938216.653088,-14931279641.403114,-14889336211.277264,-14847106393.010365,-14804588653.473806,-14761781459.92976,-14718683280.292063,-14675292583.393719,-14631607839.261223,-14587627519.3956,-14543350097.060497,-14498774047.57717,-14453897848.626612,-14408719980.558811,-14363238926.709251,-14317453173.722668,-14271361211.884201,-14224961535.457962,-14178252643.033047,-14131233037.87714,-14083901228.297619,-14036255728.010328,-13988295056.51603,-13940017739.48443,-13891422309.146076,-13842507304.69184,-13793271272.680216,-13743712767.452368,-13693830351.55483,-13643622596.17006,-13593088081.554546,-13542225397.484718,-13491033143.710388,-13439509930.415852,-13387654378.688406,-13335465120.994402,-13282940801.662598,-13230080077.374813,-13176881617.663668,-13123344105.417448,-13069466237.391737,-13015246724.727947,-12960684293.478247,-12905777685.137072,-12850525657.178705,-12794926983.600912,-12738980455.474354,-12682684881.497524,-12626039088.556934,-12569041922.29235,-12511692247.666727,-12453988949.54055,-12395930933.250238,-12337517125.190374,-12278746473.399275,-12219617948.147648,-12160130542.529854,-12100283273.057476,-12040075180.254787,-11979505329.255573,-11918572810.401073,-11857276739.838478,-11795616260.119608,-11733590540.799337,-11671198779.033276,-11608440200.174358,-11545314058.36792,-11481819637.144712,-11417956250.011702,-11353723241.040106,-11289119985.450382,-11224145890.193983,-11158800394.531473,-11093082970.606916,-11026993124.018442,-10960530394.384846,-10893694355.908401,-10826484617.933945,-10758900825.504602,-10690942659.914478,-10622609839.259039,-10553902118.983807,-10484819292.43246,-10415361191.395508,-10345527686.660992,-10275318688.569057,-10204734147.572433,-10133774054.805336,-10062438442.663736,-9990727385.400219,-9918640999.737486,-9846179445.504862,-9773342926.302872,-9700131690.201786,-9626546030.480616,-9552586286.414118,-9478252844.116123,-9403546137.448729,-9328466649.007933,-9253014911.197708,-9177191507.405792,-9100997073.296074,-9024432298.234255,-8947497926.86518,-8870194760.862417,-8792523660.872917,-8714485548.681896,-8636081409.626057,-8557312295.286026,-8478179326.492102,-8398683696.68115,-8318826675.646086,-8238609613.723738,-8158033946.471436,-8077101199.887687,-7995812996.237553,-7914171060.549546,-7832177227.856994,-7749833451.2638645,-7667141810.922666,-7584104524.020056,-7500723955.874756,-7417002632.261813,-7332943253.08764,-7248548707.551396,-7163822090.940149,-7078766723.218322,-6993386169.585656,-6907684263.1927805,-6821665130.219554,-6735333217.538112,-6648693323.200958,-6561750630.013625,-6474510742.471918,-6386979727.365752,-6299164158.374195,-6211071165.000914,-6122708486.224198,-6034084529.262583,-5945208433.8843155,-5856090142.717553,-5766740478.047296,-5677171225.61475,-5587395225.964845,-5497426473.917514,-5407280226.76747,-5316973121.845716,-5226523304.102141,-5135950564.3925495,-5045276489.173609,-4954524622.324576,-4863720639.82392,-4772892538.01001,-4682070836.146544,-4591288793.9919815,-4500582645.036141,-4409991846.012203,-4319559343.214907,-4229331856.0517855,-4139360178.1171565,-4049699495.9037113,-3960409725.045323,-3871555863.7094607,-3783208362.4183483,-3695443509.163619,-3608343828.1764402,-3521998490.109149,-3436503730.657869,-3351963273.7883387,-3268488754.696497,-3186200136.4144897,-3105226112.5314703,-3025704486.801467,-2947782518.4174557,-2871617219.394482,-2797375587.771362,-2725234757.146868,-2655382039.339391,-2588014832.6126647,-2523340362.8436904,-2461575219.1029224,-2402944638.2298455,-2347681484.9500885,-2296024864.6909122,-2248218295.2673573,-2204507350.7392416,-2165136675.6296062,-2130346249.9306414,-2100366764.4125805,-2075413941.1276748,-2055681605.0331128,-2041333278.6770704,-2032492032.2693033,-2029228275.7267027,-2031545127.3824024,-2039360936.7116866,-2052488477.8476562,-2070610271.5066977,-2093249443.9791286,-2119735508.363733,-2149164480.786453,-2180352864.396023,-2211785312.676072,-2241556326.7354784,-2267307320.878393,-2286162100.949204,-2294666782.87838,-2288745533.923049,-2263693691.3670273,-2214250645.286871,-2134840984.1037886,-2020181343.3349237,-1866719912.7094216,-1676061786.0101476,-1463304966.8317518,-1277710528.7226849,-1252691174.0129101,-1691481148.285303,-2522351921.992348,0.0
7592.5,-18742220305.307236,-18720980237.751198,-18699567838.40464,-18677981916.745422,-18656221274.52159,-18634284705.727142,-18612170996.57854,-18589878925.492123,-18567407263.062294,-18544754772.04065,-18521920207.315937,-18498902315.89507,-18475699836.885025,-18452311501.475803,-18428736032.924484,-18404972146.540283,-18381018549.670795,-18356873941.68945,-18332537013.984077,-18308006449.946823,-18283280924.96529,-18258359106.41509,-18233239653.653698,-18207921218.01583,-18182402442.8102,-18156681963.317913,-18130758406.792324,-18104630392.46061,-18078296531.52698,-18051755427.17762,-18025005674.587425,-17998045860.928577,-17970874565.38104,-17943490359.14495,-17915891805.4551,-17888077459.597427,-17860045868.927696,-17831795572.892357,-17803325103.051674,-17774632983.105156,-17745717728.91949,-17716577848.558777,-17687211842.317497,-17657618202.75591,-17627795414.73828,-17597741955.47381,-17567456294.56034,-17536936894.03113,-17506182208.404472,-17475190684.73645,-17443960762.676914,-17412490874.528557,-17380779445.309475,-17348824892.81905,-17316625627.70737,-17284180053.548244,-17251486566.915913,-17218543557.46555,-17185349408.017624,-17151902494.64624,-17118201186.77161,-17084243847.256613,-17050028832.50772,-17015554492.580244,-16980819171.288113,-16945821206.318214,-16910558929.349485,-16875030666.176767,-16839234736.839596,-16803169455.756077,-16766833131.861855,-16730224068.754377,-16693340564.842533,-16656180913.501837,-16618743403.235136,-16581026317.839159,-16543027936.576904,-16504746534.35594,-16466180381.91293,-16427327746.004288,-16388186889.603243,-16348756072.103367,-16309033549.52871,-16269017574.750694,-16228706397.711779,-16188098265.656244,-16147191423.367954,-16105984113.415426,-16064474576.404236,-16022661051.236944,-15980541775.380535,-15938114985.141706,-15895378915.949911,-15852331802.648445,-15808971879.79354,-15765297381.961752,-15721306544.065578,-15676997601.677578,-15632368791.36297,-15587418351.020908,-15542144520.234474,-15496545540.629517,-15450619656.242426,-15404365113.896914,-15357780163.58989,-15310863058.886543,-15263612057.324614,-15216025420.828041,-15168101416.129938,-15119838315.204967,-15071234395.711224,-15022287941.441536,-14972997242.784353,-14923360597.194088,-14873376309.671017,-14823042693.250685,-14772358069.50278,-14721320769.039509,-14669929132.033337,-14618181508.744064,-14566076260.055208,-14513611758.019518,-14460786386.413586,-14407598541.301304,-14354046631.606236,-14300129079.69248,-14245844321.954063,-14191190809.412453,-14136167008.322176,-14080771400.784088,-14025002485.366175,-13968858777.731485,-13912338811.27293,-13855441137.75453,-13798164327.958889,-13740506972.340214,-13682467681.682833,-13624045087.764345,-13565237844.023209,-13506044626.230167,-13446464133.162935,-13386495087.283562,-13326136235.417953,-13265386349.436905,-13204244226.937866,-13142708691.927,-13080778595.500555,-13018452816.525085,-12955730262.315552,-12892609869.310701,-12829090603.744904,-12765171462.315544,-12700851472.845444,-12636129694.939173,-12571005220.632765,-12505477175.035885,-12439544716.96576,-12373207039.57213,-12306463370.95254,-12239312974.757322,-12171755150.783728,-12103789235.558708,-12035414602.909922,-11966630664.52479,-11897436870.497286,-11827832709.862747,-11757817711.12064,-11687391442.745968,-11616553513.689808,-11545303573.870165,-11473641314.654211,-11401566469.333876,-11329078813.596737,-11256178165.994879,-11182864388.414913,-11109137386.552937,-11034997110.398983,-10960443554.736137,-10885476759.660654,-10810096811.130081,-10734303841.547781,-10658098030.393345,-10581479604.909683,-10504448840.859364,-10427006063.364218,-10349151647.844246,-10270886021.074036,-10192209662.376999,-10113123104.98059,-10033626937.558361,-9953721805.98786,-9873408415.356997,-9792687532.255209,-9711559987.390106,-9630026678.574894,-9548088574.137197,-9465746716.805202,-9383002228.133846,-9299856313.540113,-9216310268.024403,-9132365482.663025,-9048023451.966042,-8963285782.204603,-8878154200.82283,-8792630567.06121,-8706716883.931568,-8620415311.69784,-8533728183.032582,-8446658020.035938,-8359207553.3224945,-8271379743.401461,-8183177804.5975485,-8094605231.783862,-8005665830.223751,-7916363748.846826,-7826703517.314514,-7736690087.263436,-7646328878.150254,-7555625828.159805,-7464587450.679474,-7373220896.886713,-7281534025.043993,-7189535477.145842,-7097234763.616458,-7004642356.813591,-6911769794.154835,-6818629791.746344,-6725236369.461066,-6631604988.4835005,-6537752702.4107065,-6443698323.074179,-6349462602.323655,-6255068431.091282,-6160541057.131559,-6065908322.908004,-5971200925.169855,-5876452697.828911,-5781700919.805922,-5686986649.563916,-5592355088.079105,-5497855972.013729,-5403543998.84362,-5309479285.650018,-5215727863.201278,-5122362206.816827,-5029461805.310545,-4937113769.040197,-4845413477.726942,-4754465268.23482,-4664383161.890995,-4575291630.155949,-4487326396.486175,-4400635271.031402,-4315379013.328294,-4231732216.338533,-4149884202.9666886,-4070039923.5057006,-3992420839.2032137,-3917265773.211258,-3844831705.442281,-3775394482.1475344,-3709249404.1646,-3646711649.5126705,-3588116476.0540195,-3533819137.9242887,-3484194434.9088106,-3439635796.333179,-3400553779.6181116,-3367373837.494345,-3340533175.796647,-3320476484.2355947,-3307650273.62675,-3302495492.2388744,-3305438018.019494,-3316876528.4501896,-3337167130.68026,-3366603985.3077717,-3405394970.557388,-3453631201.6016483,-3511248934.0648036,-3577982034.0076184,-3653302784.9647164,-3736348329.4669666,-3825829525.993799,-3919918486.595849,-4016110635.5977154,-4111056969.1978855,-4200362636.1783013,-4278349699.3432903,-4337786576.076006,-4369598258.592053,-4362601106.4553795,-4303385535.886051,-4176691299.063735,-3967249495.6064453,-3665865924.426366,-3287647091.1918516,-2924542461.2935653,-2887144715.1055107,-3863699101.727705,0.0
7590.0,-19978108893.339943,-19959252635.392704,-19940227423.78507,-19921032021.65137,-19901665183.349976,-19882125654.42252,-19862412171.55369,-19842523462.531624,-19822458246.208908,-19802215232.464283,-19781793122.164978,-19761190607.129818,-19740406370.093063,-19719439084.669033,-19698287415.317593,-19676950017.310455,-19655425536.69843,-19633712610.279575,-19611809865.568348,-19589715920.76579,-19567429384.730747,-19544948856.952225,-19522272927.52284,-19499400177.113567,-19476329176.949635,-19453058488.787766,-19429586664.894722,-19405912248.027306,-19382033771.413734,-19357949758.736538,-19333658724.11705,-19309159172.101444,-19284449597.64849,-19259528486.119003,-19234394313.267094,-19209045545.23329,-19183480638.539547,-19157698040.086216,-19131696187.15112,-19105473507.390724,-19079028418.843456,-19052359329.93533,-19025464639.48789,-18998342736.728565,-18970992001.303513,-18943410803.29303,-18915597503.2296,-18887550452.118706,-18859267991.462414,-18830748453.2859,-18801990160.16698,-18772991425.26867,-18743750552.37499,-18714265835.929985,-18684535561.080193,-18654558003.72049,-18624331430.543583,-18593854099.09318,-18563124257.820866,-18532140146.14697,-18500899994.525375,-18469402024.512463,-18437644448.840282,-18405625471.49408,-18373343287.79427,-18340796084.483013,-18307982039.815514,-18274899323.656147,-18241546097.57954,-18207920514.97677,-18174020721.166786,-18139844853.513203,-18105391041.54657,-18070657407.092323,-18035642064.404495,-18000343120.305344,-17964758674.33109,-17928886818.883804,-17892725639.38977,-17856273214.46426,-17819527616.08304,-17782486909.760696,-17745149154.73592,-17707512404.16402,-17669574705.31657,-17631334099.7887,-17592788623.71389,-17553936307.986614,-17514775178.49284,-17475303256.348824,-17435518558.147957,-17395419096.21622,-17355002878.87619,-17314267910.719795,-17273212192.890064,-17231833723.37194,-17190130497.29234,-17148100507.229694,-17105741743.533033,-17063052194.650843,-17020029847.469799,-16976672687.663572,-16932978700.051859,-16888945868.96972,-16844572178.647459,-16799855613.601124,-16754794159.033772,-16709385801.247635,-16663628528.067347,-16617520329.274242,-16571059197.051952,-16524243126.443336,-16477070115.818848,-16429538167.35643,-16381645287.533018,-16333389487.627647,-16284768784.23634,-16235781199.79868,-16186424763.136166,-16136697510.002335,-16086597483.644676,-16036122735.378181,-15985271325.170753,-15934041322.24005,-15882430805.662052,-15830437864.990915,-15778060600.890238,-15725297125.775402,-15672145564.46695,-15618604054.854666,-15564670748.572203,-15510343811.681976,-15455621425.370003,-15400501786.650309,-15344983109.07866,-15289063623.475067,-15232741578.654709,-15176015242.166723,-15118882901.040396,-15061342862.538134,-15003393454.914566,-14945033028.181192,-14886259954.875778,-14827072630.83578,-14767469475.974937,-14707448935.062176,-14647009478.501934,-14586149603.114798,-14524867832.917595,-14463162719.90166,-14401032844.808243,-14338476817.89978,-14275493279.725836,-14212080901.882263,-14148238387.762335,-14083964473.298353,-14019257927.692251,-13954117554.133707,-13888542190.504148,-13822530710.065117,-13756082022.129288,-13689195072.712597,-13621868845.165674,-13554102360.783106,-13485894679.388697,-13417244899.895277,-13348152160.837372,-13278615640.87529,-13208634559.269169,-13138208176.321768,-13067335793.788748,-12996016755.255516,-12924250446.479902,-12852036295.700161,-12779373773.90806,-12706262395.087334,-12632701716.418064,-12558691338.448101,-12484230905.23325,-12409320104.448534,-12333958667.473734,-12258146369.457146,-12181883029.36256,-12105168510.005686,-12028002718.087378,-11950385604.232536,-11872317163.045403,-11793797433.193443,-11714826497.534546,-11635404483.304296,-11555531562.382952,-11475207951.664581,-11394433913.554298,-11313209756.623135,-11231535836.454315,-11149412556.7195,-11066840370.528347,-10983819782.101103,-10900351348.819937,-10816435683.722012,-10732073458.505457,-10647265407.127935,-10562012330.087631,-10476315099.487171,-10390174664.993176,-10303592060.817503,-10216568413.860998,-10129104953.177029,-10041203020.930077,-9952864085.04477,-9864089753.762625,-9774881792.348251,-9685242142.213541,-9595172942.757792,-9504676556.25429,-9413755596.149641,-9322412959.181166,-9230651861.761007,-9138475881.122608,-9045889001.777006,-8952895667.883087,-8859500842.197664,-8765710072.338888,-8671529565.170126,-8576966270.191573,-8482027972.91411,-8386723399.28433,-8291062332.332228,-8195055742.323641,-8098715931.818897,-8002056697.167448,-7905093508.105951,-7807843707.274137,-7710326731.619524,-7612564357.827805,-7514580974.090619,-7416403880.705822,-7318063622.195922,-7219594353.827247,-7121034245.612987,-7022425927.085545,-6923816976.323566,-6825260456.912662,-6726815506.699737,-6628547982.362507,-6530531163.948402,-6432846523.629607,-6335584562.95919,-6238845722.879938,-6142741370.610988,-6047394867.291652,-5952942719.86506,-5859535820.097343,-5767340772.8037815,-5676541314.233963,-5587339820.083879,-5499958900.668177,-5414643078.297886,-5331660538.7404785,-5251304944.6359215,-5173897293.71483,-5099787798.377985,-5029357755.360785,-4963021364.458486,-4901227443.172399,-4844460969.075494,-4793244362.948239,-4748138402.347494,-4709742626.000477,-4678695052.629793,-4655670991.355626,-4641380661.810583,-4636565266.690596,-4641991062.476417,-4658440848.530294,-4686702131.335074,-4727551006.740182,-4781730521.975929,-4849921908.796655,-4932706590.621258,-5030516223.108648,-5143567183.209068,-5271774820.704219,-5414641364.093961,-5571109558.797006,-5739371838.029575,-5916622017.0643425,-6098733093.843605,-6279840646.288317,-6451806361.77933,-6603530035.748021,-6720070427.882479,-6781526653.832977,-6761633593.498428,-6626094972.026166,-6331052948.769649,-5823685532.046508,-5054095414.197345,-4058596769.196409,-3918048271.349717,0.0
7587.5,-21240778294.176212,-21224553238.58707,-21208164509.189175,-21191610837.792686,-21174890946.490475,-21158003547.600872,-21140947343.610786,-21123721027.119198,-21106323280.781,-21088752777.25128,-21071008179.130035,-21053088138.907326,-21034991298.90899,-21016716291.24285,-20998261737.745506,-20979626249.929733,-20960808428.932503,-20941806865.46371,-20922620139.755592,-20903246821.512894,-20883685469.863884,-20863934633.31211,-20843992849.68914,-20823858646.10813,-20803530538.918457,-20783007033.66128,-20762286625.02623,-20741367796.809177,-20720249021.871166,-20698928762.098618,-20677405468.364742,-20655677580.492313,-20633743527.217804,-20611601726.157036,-20589250583.772266,-20566688495.34084,-20543913844.92557,-20520925005.34669,-20497720338.155697,-20474298193.610928,-20450656910.655148,-20426794816.895046,-20402710228.58284,-20378401450.59998,-20353866776.443142,-20329104488.212444,-20304112856.60211,-20278890140.893578,-20253434588.951183,-20227744437.220486,-20201817910.729397,-20175653223.092064,-20149248576.515797,-20122602161.81095,-20095712158.40406,-20068576734.354107,-20041194046.372303,-20013562239.8452,-19985679448.861492,-19957543796.24255,-19929153393.576653,-19900506341.25731,-19871600728.525627,-19842434633.516838,-19813006123.311214,-19783313253.989452,-19753354070.69265,-19723126607.6871,-19692628888.43386,-19661858925.66352,-19630814721.456036,-19599494267.326,-19567895544.313377,-19536016523.079887,-19503855164.01129,-19471409417.32557,-19438677223.187366,-19405656511.82865,-19372345203.676033,-19338741209.48464,-19304842430.47892,-19270646758.50052,-19236152076.163345,-19201356257.01612,-19166257165.71251,-19130852658.189114,-19095140581.85146,-19059118775.768192,-19022785070.87374,-18986137290.179615,-18949173248.994434,-18911890755.153175,-18874287609.255547,-18836361604.913902,-18798110529.010838,-18759532161.9667,-18720624278.0172,-18681384645.501377,-18641811027.160187,-18601901180.44579,-18561652857.841896,-18521063807.195316,-18480131772.058968,-18438854492.04655,-18397229703.199028,-18355255138.36331,-18312928527.58313,-18270247598.502502,-18227210076.78183,-18183813686.526985,-18140056150.731407,-18095935191.73159,-18051448531.675938,-18006593893.00734,-17961368998.959545,-17915771574.067455,-17869799344.69156,-17823450039.556637,-17776721390.30478,-17729611132.062904,-17682117004.024857,-17634236750.04809,-17585968119.265156,-17537308866.709793,-17488256753.957893,-17438809549.78316,-17388965030.827515,-17338720982.286144,-17288075198.60717,-17237025484.205772,-17185569654.192623,-17133705535.116531,-17081430965.720932,-17028743797.714085,-16975641896.552698,-16922123142.238485,-16868185430.127443,-16813826671.751278,-16759044795.65054,-16703837748.218945,-16648203494.558174,-16592140019.34255,-16535645327.692886,-16478717446.058546,-16421354423.106987,-16363554330.619717,-16305315264.39369,-16246635345.146929,-16187512719.427223,-16127945560.522537,-16067932069.371761,-16007470475.474197,-15946559037.796358,-15885196045.674068,-15823379819.708246,-15761108712.652359,-15698381110.289412,-15635195432.296305,-15571550133.093323,-15507443702.676111,-15442874667.427769,-15377841590.908249,-15312343074.618189,-15246377758.734346,-15179944322.81341,-15113041486.461079,-15045668009.963017,-14977822694.874277,-14909504384.56366,-14840711964.709356,-14771444363.742167,-14701700553.232492,-14631479548.217398,-14560780407.463722,-14489602233.663565,-14417944173.558283,-14345805417.987251,-14273185201.85789,-14200082804.033398,-14126497547.135103,-14052428797.256456,-13977875963.586134,-13902838497.938225,-13827315894.187891,-13751307687.611748,-13674813454.132845,-13597832809.47116,-13520365408.201674,-13442410942.723213,-13363969142.143045,-13285039771.083662,-13205622628.42043,-13125717545.960983,-13045324387.079967,-12964443045.325731,-12883073443.01914,-12801215529.868437,-12718869281.628883,-12636034698.840683,-12552711805.684698,-12468900649.001925,-12384601297.530037,-12299813841.41871,-12214538392.094666,-12128775082.558163,-12042524068.204226,-11955785528.27549,-11868559668.06827,-11780846722.030338,-11692646957.90763,-11603960682.118048,-11514788246.554075,-11425130057.042093,-11334986583.715708,-11244358373.592903,-11153246065.683506,-11061650408.993958,-10969572283.841692,-10877012726.941628,-10783972960.783552,-10690454427.881065,-10596458830.541975,-10501988176.886726,-10407044833.926199,-10311631588.604431,-10215751717.815903,-10119409068.522081,-10022608149.219057,-9925354234.14831,-9827653481.797178,-9729513069.405695,-9630941345.383152,-9531948001.743017,-9432544268.889252,-9332743135.332758,-9232559595.184563,-9132010926.563995,-9031117004.37693,-8929900651.261614,-8828388030.869884,-8726609088.048473,-8624598040.91068,-8522393930.240967,-8420041232.1536,-8317590540.4290495,-8215099325.474468,-8112632777.392558,-8010264741.188756,-7908078752.690349,-7806169184.27917,-7704642510.034847,-7603618700.325489,-7503232756.238172,-7403636394.475945,-7304999893.4145,-7207514110.851685,-7111392683.522831,-7016874417.60268,-6924225878.055182,-6833744182.682382,-6745760003.8836975,-6660640777.24284,-6578794110.830411,-6500671382.191597,-6426771500.93174,-6357644803.046303,-6293897027.930304,-6236193309.392089,-6185262086.736418,-6141898809.414036,-6106969266.636379,-6081412318.7094555,-6066241735.52085,-6062546753.904063,-6071490841.539471,-6094307989.457949,-6132295632.351331,-6186802993.555232,-6259213238.429064,-6350917251.8704195,-6463276071.280186,-6597567920.039663,-6754914281.313681,-6936177369.037352,-7141818479.864033,-7371702764.090124,-7624830554.135355,-7898967990.999859,-8190139400.906813,-8491928924.952511,-8794515085.417727,-9083318167.977457,-9337045922.552227,-9524693547.07798,-9600458199.731606,-9493948963.820158,-9088912275.19111,-8173305460.932276,-6327512745.663602,-2888186490.0695534,0.0
7585.0,-22526329908.70308,-22512975479.38308,-22499464604.299507,-22485796000.42922,-22471968374.222687,-22457980421.530872,-22443830827.53226,-22429518266.659935,-22415041402.528816,-22400398887.863033,-22385589364.423424,-22370611462.935345,-22355463803.016552,-22340144993.105515,-22324653630.38988,-22308988300.735348,-22293147578.6148,-22277130027.037987,-22260934197.481415,-22244558629.81891,-22228001852.25253,-22211262381.244057,-22194338721.447124,-22177229365.63987,-22159932794.658287,-22142447477.330345,-22124771870.410732,-22106904418.516567,-22088843554.063766,-22070587697.204494,-22052135255.76547,-22033484625.187263,-22014634188.464718,-21995582316.088493,-21976327365.98772,-21956867683.47396,-21937201601.186474,-21917327439.0388,-21897243504.166847,-21876948090.87848,-21856439480.60463,-21835715941.85213,-21814775730.158253,-21793617088.047047,-21772238244.987602,-21750637417.354256,-21728812808.38887,-21706762608.165295,-21684484993.555965,-21661978128.201008,-21639240162.479618,-21616269233.48403,-21593063464.99618,-21569620967.46699,-21545939837.998615,-21522018160.329567,-21497854004.822956,-21473445428.457935,-21448790474.824417,-21423887174.12123,-21398733543.157925,-21373327585.360157,-21347667290.778984,-21321750636.104107,-21295575584.681232,-21269140086.5337,-21242442078.388485,-21215479483.70682,-21188250212.719486,-21160752162.467026,-21132983216.844967,-21104941246.654305,-21076624109.657356,-21048029650.639168,-21019155701.47471,-20990000081.201992,-20960560596.10132,-20930835039.78084,-20900821193.268703,-20870516825.11184,-20839919691.481762,-20809027536.287502,-20777838091.29589,-20746349076.259476,-20714558199.052208,-20682463155.81326,-20650061631.099033,-20617351298.043777,-20584329818.528942,-20550994843.361584,-20517344012.461994,-20483374955.060947,-20449085289.90666,-20414472625.48185,-20379534560.23118,-20344268682.799206,-20308672572.279297,-20272743798.473675,-20236479922.1649,-20199878495.39914,-20162937061.781403,-20125653156.783127,-20088024308.06239,-20050048035.796967,-20011721853.030678,-19973043266.033157,-19934009774.673485,-19894618872.807896,-19854868048.6819,-19814754785.34703,-19774276561.092728,-19733430849.893364,-19692215121.870926,-19650626843.773514,-19608663479.470055,-19566322490.461327,-19523601336.407772,-19480497475.67418,-19437008365.891647,-19393131464.536903,-19348864229.52935,-19304204119.84597,-19259148596.15437,-19213695121.464,-19167841161.79596,-19121584186.871254,-19074921670.81788,-19027851092.896645,-18980369938.245956,-18932475698.6455,-18884165873.2989,-18835437969.63533,-18786289504.129967,-18736718003.143295,-18686721003.779,-18636296054.760357,-18585440717.324867,-18534152566.136745,-18482429190.21711,-18430268193.891266,-18377667197.752666,-18324623839.643085,-18271135775.648235,-18217200681.108204,-18162816251.641838,-18107980204.18432,-18052690278.03672,-17996944235.92659,-17940739865.078323,-17884074978.291943,-17826947415.028805,-17769355042.502678,-17711295756.774433,-17652767483.848347,-17593768180.768074,-17534295836.709988,-17474348474.071476,-17413924149.55156,-17353020955.221085,-17291637019.57939,-17229770508.594307,-17167419626.72195,-17104582617.902557,-17041257766.528654,-16977443398.380886,-16913137881.527592,-16848339627.18283,-16783047090.518177,-16717258771.422707,-16650973215.205692,-16584189013.235855,-16516904803.511112,-16449119271.151953,-16380831148.81177,-16312039216.996717,-16242742304.28758,-16172939287.455803,-16102629091.465385,-16031810689.352262,-15960483101.972298,-15888645397.608925,-15816296691.4312,-15743436144.792742,-15670062964.362066,-15596176401.074608,-15521775748.896713,-15446860343.392025,-15371429560.080639,-15295482812.581976,-15219019550.532385,-15142039257.26915,-15064541447.273392,-14986525663.365055,-14907991473.644468,-14828938468.176273,-14749366255.413342,-14669274458.360147,-14588662710.477848,-14507530651.335892,-14425877922.018715,-14343704160.299965,-14261008995.6014,-14177792043.75929,-14094052901.627232,-14009791141.551878,-13925006305.766537,-13839697900.757133,-13753865391.666622,-13667508196.816292,-13580625682.437521,-13493217157.723867,-13405281870.332764,-13316819002.487576,-13227827667.855625,-13138306909.405523,-13048255698.479353,-12957672935.35069,-12866557451.580732,-12774908014.530392,-12682723334.438616,-12590002074.535805,-12496742864.727373,-12402944319.457558,-12308605060.44728,-12213723745.094978,-12118299101.435629,-12022329970.672928,-11925815358.434105,-11828754496.04763,-11731146913.313225,-11632992524.423254,-11534291728.906488,-11435045529.70275,-11335255670.741997,-11234924796.697407,-11134056637.91214,-11032656223.867138,-10930730128.966257,-10828286754.869474,-10725336654.109041,-10621892900.281517,-10517971510.725805,-10413591928.278011,-10308777569.443098,-10203556447.14584,-10097961877.123709,-9992033278.006342,-9885817076.193127,-9779367727.79483,-9672748871.146984,-9566034624.730928,-9459311046.74795,-9352677774.074703,-9246249859.869719,-9140159830.682114,-9034559985.504177,-8929624960.771181,-8825554586.789486,-8722577062.397385,-8620952475.738682,-8520976699.735181,-8422985691.025039,-8327360220.587907,-8234531062.747947,-8144984666.40173,-8059269327.73736,-7978001876.848131,-7901874880.793227,-7831664351.895006,-7768237931.165859,-7712563491.088385,-7665718067.299228,-7628896981.957177,-7603422958.356933,-7590754940.448163,-7592496213.285447,-7610401257.762905,-7646380545.534347,-7702502158.294662,-7780988655.401199,-7884206948.865854,-8014647975.897312,-8174891538.828043,-8367549592.33083,-8595178178.884762,-8860143681.612226,-9164422407.808987,-9509302755.247658,-9894944844.117289,-10319730958.364212,-10779306223.41023,-11265149828.622156,-11762396483.242296,-12246335342.243097,-12676205881.379974,-12982521383.095919,-13036913453.920094,-12570970132.208569,-10925913650.537998,-5779332808.369195,0.0
7582.5,-23830495590.905178,-23820240180.246292,-23809837519.204704,-23799286327.63694,-23788585314.22188,-23777733176.372852,-23766728600.14953,-23755570260.169674,-23744256819.52072,-23732786929.671257,-23721159230.382324,-23709372349.618713,-23697424903.46022,-23685315496.01275,-23673042719.31955,-23660605153.2724,-23648001365.522823,-23635229911.393494,-23622289333.78963,-23609178163.110615,-23595894917.161785,-23582438101.06639,-23568806207.17787,-23554997714.992416,-23541011091.06179,-23526844788.90661,-23512497248.92998,-23497966898.33165,-23483252151.022594,-23468351407.540207,-23453263054.964108,-23437985466.83252,-23422517003.059456,-23406856009.85258,-23391000819.631996,-23374949750.949745,-23358701108.410408,-23342253182.59263,-23325604249.97172,-23308752572.843376,-23291696399.248665,-23274433962.900173,-23256963483.109657,-23239283164.716995,-23221391198.0207,-23203285758.710056,-23184965007.79886,-23166427091.560997,-23147670141.467823,-23128692274.127544,-23109491591.2266,-23090066179.47325,-23070414110.543354,-23050533441.028564,-23030422212.386967,-23010078450.896297,-22989500167.60989,-22968685358.315445,-22947632003.49671,-22926338068.29832,-22904801502.493744,-22883020240.456673,-22860992201.135876,-22838715288.033657,-22816187389.188156,-22793406377.15955,-22770370109.02039,-22747076426.35015,-22723523155.2343,-22699708106.2679,-22675629074.564026,-22651283839.767193,-22626670166.07184,-22601785802.246315,-22576628481.6623,-22551195922.330017,-22525485826.93948,-22499495882.907814,-22473223762.433144,-22446667122.55493,-22419823605.221363,-22392690837.363773,-22365266430.9784,-22337547983.215836,-22309533076.478287,-22281219278.525047,-22252604142.586273,-22223685207.4856,-22194459997.771576,-22164926023.858543,-22135080782.176918,-22104921755.33349,-22074446412.2818,-22043652208.5031,-22012536586.198135,-21981096974.49005,-21949330789.638863,-21917235435.267693,-21884808302.601345,-21852046770.717323,-21818948206.809776,-21785509966.46684,-21751729393.961555,-21717603822.556908,-21683130574.825203,-21648306962.982452,-21613130289.237816,-21577597846.158802,-21541706917.052452,-21505454776.362946,-21468838690.086205,-21431855916.20158,-21394503705.121407,-21356779300.158585,-21318679938.01272,-21280202849.275204,-21241345258.95369,-21202104387.01635,-21162477448.956314,-21122461656.376747,-21082054217.59689,-21041252338.279594,-21000053222.080574,-20958454071.319843,-20916452087.67573,-20874044472.901802,-20831228429.56691,-20788001161.818928,-20744359876.172226,-20700301782.319347,-20655824093.967026,-20610924029.6968,-20565598813.850464,-20519845677.440403,-20473661859.085056,-20427044605.96951,-20379991174.831238,-20332498832.971046,-20284564859.289036,-20236186545.34557,-20187361196.44695,-20138086132.755493,-20088358690.42385,-20038176222.75285,-19987536101.372562,-19936435717.445847,-19884872482.893627,-19832843831.64114,-19780347220.884018,-19727380132.373283,-19673940073.717804,-19620024579.702866,-19565631213.62342,-19510757568.62988,-19455401269.084923,-19399559971.928814,-19343231368.05103,-19286413183.665466,-19229103181.686413,-19171299163.10208,-19112998968.34233,-19054200478.636707,-18994901617.35888,-18935100351.352974,-18874794692.236904,-18813982697.677795,-18752662472.633583,-18690832170.55498,-18628489994.54116,-18565634198.442272,-18502263087.90118,-18438375021.326374,-18373968410.78752,-18309041722.824234,-18243593479.158306,-18177622257.298836,-18111126691.029037,-18044105470.76263,-17976557343.75734,-17908481114.17178,-17839875642.951538,-17770739847.52933,-17701072701.323154,-17630873233.015648,-17560140525.59685,-17488873715.15172,-17417071989.37278,-17344734585.777508,-17271860789.608948,-17198449931.39738,-17124501384.159904,-17050014560.213984,-16974988907.580265,-16899423905.949448,-16823319062.187153,-16746673905.350632,-16669487981.190514,-16591760846.111092,-16513492060.562548,-16434681181.838896,-16355327756.25654,-16275431310.689068,-16194991343.435825,-16114007314.403868,-16032478634.585806,-15950404654.81943,-15867784653.81967,-15784617825.47874,-15700903265.436962,-15616639956.934752,-15531826755.965847,-15446462375.762968,-15360545370.66079,-15274074119.396648,-15187046807.928019,-15099461411.867407,-15011315678.660524,-14922607109.662907,-14833332942.304085,-14743490132.567928,-14653075338.06305,-14562084902.00964,-14470514838.529593,-14378360819.695932,-14285618164.877579,-14192281833.006596,-14098346418.500023,-14003806151.688242,-13908654904.738752,-13812886204.220978,-13716493251.63641,-13619468953.44196,-13521805962.32698,-13423496731.76837,-13324533586.18924,-13224908809.3883,-13124614754.295425,-13023643977.549631,-12921989402.895237,-12819644517.958345,-12716603609.60632,-12612862043.817991,-12508416596.810884,-12403265845.095678,-12297410623.169674,-12190854558.733297,-12083604696.631636,-11975672224.201952,-11867073312.365894,-11757830088.658028,-11647971760.451181,-11537535908.941526,-11426569977.013044,-11315132976.9313,-11203297446.938297,-11091151689.250755,-10978802325.716509,-10866377211.466778,-10754028751.318478,-10641937668.422743,-10530317279.706125,-10419418337.973343,-10309534506.081852,-10201008534.278385,-10094239217.494362,-9989689214.981031,-9887893819.926935,-9789470771.382668,-9695131204.588482,-9605691838.232262,-9522088497.705393,-9445391071.34206,-9376819990.930765,-9317764317.073677,-9269801492.166811,-9234718795.684265,-9214536492.950552,-9211532601.247086,-9228269091.814783,-9267619179.283718,-9332795081.083063,-9427375190.82894,-9555328888.64334,-9721036021.309986,-9929296122.044563,-10185319215.355886,-10494684797.482887,-10863247108.100496,-11296951314.101528,-11801504024.508785,-12381808587.797916,-13041024178.134577,-13779023756.652216,-14589869570.095236,-15457553821.56027,-16348124236.836702,-17192378902.401394,-17838968888.793034,-17900615065.98296,-16179701308.547081,0.0
7580.0,-25148654791.638138,-25141712673.61615,-25134634457.898262,-25127418885.866074,-25120064687.253128,-25112570580.043545,-25104935270.370407,-25097157452.41358,-25089235808.29711,-25081169007.986294,-25072955709.18426,-25064594557.228287,-25056084184.985683,-25047423212.749393,-25038610248.13328,-25029643885.967133,-25020522708.19142,-25011245283.751827,-25001810168.493507,-24992215905.05533,-24982461022.76378,-24972544037.52689,-24962463451.728016,-24952217754.11962,-24941805419.716957,-24931224909.691864,-24920474671.26658,-24909553137.607643,-24898458727.71995,-24887189846.341034,-24875744883.835503,-24864122216.089798,-24852320204.407272,-24840337195.40364,-24828171520.90287,-24815821497.833508,-24803285428.125633,-24790561598.608303,-24777648280.907757,-24764543731.346302,-24751246190.841984,-24737753884.80909,-24724065023.059708,-24710177799.706116,-24696090393.064377,-24681800965.55909,-24667307663.62931,-24652608617.635914,-24637701941.770256,-24622585733.964455,-24607258075.803226,-24591717032.43745,-24575960652.49954,-24559986968.020725,-24543793994.35039,-24527379730.07751,-24510742156.954414,-24493879239.82286,-24476788926.542706,-24459469147.923103,-24441917817.656624,-24424132832.25617,-24406112070.995018,-24387853395.850082,-24369354651.4485,-24350613665.017776,-24331628246.33965,-24312396187.707794,-24292915263.889523,-24273183232.09183,-24253197831.931763,-24232956785.41141,-24212457796.89775,-24191698553.107445,-24170676723.096947,-24149389958.258007,-24127835892.318897,-24106012141.351482,-24083916303.78458,-24061545960.42358,-24038898674.476864,-24015971991.589027,-23992763439.881443,-23969270530.00019,-23945490755.17182,-23921421591.267185,-23897060496.873646,-23872404913.375977,-23847452265.046257,-23822199959.143173,-23796645386.02096,-23770785919.24841,-23744618915.73829,-23718141715.887577,-23691351643.728718,-23664246007.09266,-23636822097.78359,-23609077191.766228,-23581008549.365788,-23552613415.48121,-23523889019.81201,-23494832577.099297,-23465441287.381256,-23435712336.263786,-23405642895.20659,-23375230121.825294,-23344471160.210136,-23313363141.261562,-23281903183.043583,-23250088391.154953,-23217915859.119247,-23185382668.79392,-23152485890.799168,-23119222584.96714,-23085589800.81198,-23051584578.0213,-23017203946.969795,-22982444929.25543,-22947304538.258892,-22911779779.726917,-22875867652.380028,-22839565148.545376,-22802869254.815296,-22765776952.732002,-22728285219.499393,-22690391028.722195,-22652091351.1733,-22613383155.589745,-22574263409.498035,-22534729080.06926,-22494777135.004704,-22454404543.452347,-22413608276.954906,-22372385310.429794,-22330732623.18168,-22288647199.947765,-22246126031.976555,-22203166118.14023,-22159764466.081043,-22115918093.392075,-22071624028.83245,-22026879313.577293,-21981681002.502487,-21936026165.504158,-21889911888.853115,-21843335276.5837,-21796293451.91711,-21748783558.718727,-21700802762.98896,-21652348254.387054,-21603417247.787067,-21554006984.86508,-21504114735.716755,-21453737800.503723,-21402873511.12749,-21351519232.929287,-21299672366.41369,-21247330348.99409,-21194490656.757523,-21141150806.245995,-21087308356.251423,-21032960909.620655,-20978106115.066856,-20922741668.983116,-20866865317.253487,-20810474857.05661,-20753568138.656113,-20696143067.171814,-20638197604.324863,-20579729770.1497,-20520737644.66458,-20461219369.492058,-20401173149.420036,-20340597253.892838,-20279490018.421356,-20217849845.89997,-20155675207.817196,-20092964645.345833,-20029716770.29738,-19965930265.923965,-19901603887.550198,-19836736463.015617,-19771326892.90711,-19705374150.559162,-19638877281.7981,-19571835404.404793,-19504247707.26857,-19436113449.20291,-19367431957.391922,-19298202625.43403,-19228424910.947342,-19158098332.698914,-19087222467.217514,-19015796944.84714,-18943821445.19597,-18871295691.93254,-18798219446.878605,-18724592503.344803,-18650414678.65299,-18575685805.78559,-18500405724.100113,-18424574269.043488,-18348191260.798634,-18271256491.79263,-18193769712.993477,-18115730618.920246,-18037138831.289135,-17957993881.216637,-17878295189.89966,-17798042047.692055,-17717233591.49709,-17635868780.396637,-17553946369.439964,-17471464881.518757,-17388422577.259853,-17304817422.874554,-17220647055.912403,-17135908748.879536,-17050599370.696606,-16964715345.990332,-16878252612.235794,-16791206574.794884,-16703572059.930637,-16615343265.918299,-16526513712.423368,-16437076188.375557,-16347022698.637358,-16256344409.848364,-16165031595.923834,-16073073583.800127,-15980458700.154297,-15887174219.981754,-15793206318.100159,-15698540024.861782,-15603159187.606476,-15507046439.678102,-15410183179.164951,-15312549559.91693,-15214124497.846783,-15114885696.049421,-15014809692.882595,-14913871937.85717,-14812046900.998856,-14709308222.28295,-14605628908.82714,-14500981588.775555,-14395338832.244947,-14288673551.35687,-14180959493.280193,-14072171842.389835,-13962287950.151007,-13851288214.20583,-13739157131.42343,-13625884553.42846,-13511467177.411047,-13395910309.911566,-13279229946.843794,-13161455219.354946,-13042631262.314922,-12922822570.38299,-12802116915.831404,-12680629912.737959,-12558510323.929728,-12435946220.32404,-12313172117.242544,-12190477229.073544,-12068215002.566967,-11946814110.365883,-11826791110.49586,-11708765004.96935,-11593473962.139124,-11481794503.977924,-11374763502.54321,-11273603381.632278,-11179750983.09631,-11094890636.793306,-11020992074.7437,-10960353961.833408,-10915653987.857733,-10890006691.342335,-10887030477.456123,-10910925659.827705,-10966565795.613655,-11059605059.46462,-11196604812.82694,-11385182638.336355,-11634186458.487823,-11953894081.947073,-12356233155.228313,-12855005819.871088,-13466083735.484352,-14207511759.797432,-15099432741.699148,-16163773858.158817,-17423907057.517605,-18905610292.27677,-20644258824.793407,-22713356489.491657,-25323691623.18398,-29388739748.53331,0.0
7577.5,-26475856629.023678,-26472424895.709045,-26468870134.146492,-26465191126.49585,-26461386642.99871,-26457455441.865692,-26453396269.16301,-26449207858.698357,-26444888931.906105,-26440438197.73181,-26435854352.516026,-26431136079.877556,-26426282050.595955,-26421290922.49354,-26416161340.316673,-26410891935.61657,-26405481326.62948,-26399928118.156338,-26394230901.441933,-26388388254.053493,-26382398739.75892,-26376260908.40444,-26369973295.791965,-26363534423.55592,-26356942799.03985,-26350196915.172585,-26343295250.344147,-26336236268.28141,-26329018417.923492,-26321640133.29695,-26314099833.39086,-26306395922.031784,-26298526787.758575,-26290490803.69732,-26282286327.436146,-26273911700.90019,-26265365250.22668,-26256645285.640156,-26247750101.327953,-26238677975.315983,-26229427169.34487,-26219995928.746433,-26210382482.320793,-26200585042.21386,-26190601803.795586,-26180430945.538853,-26170070628.899124,-26159518998.195026,-26148774180.489796,-26137834285.47377,-26126697405.3481,-26115361614.70951,-26103824970.43658,-26092085511.57725,-26080141259.238045,-26067990216.474754,-26055630368.18506,-26043059681.002884,-26030276103.194855,-26017277564.558823,-26004061976.324722,-25990627231.057766,-25976971202.5643,-25963091745.800224,-25948986696.78243,-25934653872.50315,-25920091070.847553,-25905296070.514706,-25890266630.942066,-25875000492.233734,-25859495375.092667,-25843748980.756927,-25827758990.940384,-25811523067.77794,-25795038853.775528,-25778303971.765083,-25761316024.864925,-25744072596.44543,-25726571250.100655,-25708809529.62586,-25690784959.00144,-25672495042.383324,-25653937264.100372,-25635109088.658913,-25616007960.754745,-25596631305.293015,-25576976527.416256,-25557041012.540916,-25536822126.402733,-25516317215.111412,-25495523605.214813,-25474438603.77329,-25453059498.444324,-25431383557.57805,-25409408030.324062,-25387130146.749874,-25364547117.97165,-25341656136.297443,-25318454375.383717,-25294938990.4054,-25271107118.240112,-25246955877.667103,-25222482369.581367,-25197683677.223595,-25172556866.426468,-25147098985.877895,-25121307067.40188,-25095178126.257507,-25068709161.456802,-25041897156.1021,-25014739077.743553,-24987231878.757507,-24959372496.746456,-24931157854.96128,-24902584862.746506,-24873650416.00938,-24844351397.713478,-24814684678.397705,-24784647116.72139,-24754235560.03643,-24723446844.987164,-24692277798.138985,-24660725236.63642,-24628785968.891586,-24596456795.304035,-24563734509.01261,-24530615896.68054,-24497097739.314438,-24463176813.118263,-24428849890.383102,-24394113740.41376,-24358965130.493034,-24323400826.884586,-24287417595.87551,-24251012204.859207,-24214181423.459785,-24176922024.69869,-24139230786.20451,-24101104491.466785,-24062539931.13475,-24023533904.361626,-23984083220.195435,-23944184699.01686,-23903835174.025024,-23863031492.771626,-23821770518.744083,-23780049132.99816,-23737864235.8404,-23695212748.560802,-23652091615.21576,-23608497804.46152,-23564428311.43801,-23519880159.70287,-23474850403.21539,-23429336128.369705,-23383334456.07669,-23336842543.89353,-23289857588.199768,-23242376826.418465,-23194397539.28087,-23145917053.132267,-23096932742.277023,-23047442031.359795,-22997442397.780025,-22946931374.135914,-22895906550.693985,-22844365577.879574,-22792306168.783165,-22739726101.676678,-22686623222.533466,-22632995447.54452,-22578840765.623356,-22524157240.890305,-22468943015.126743,-22413196310.188347,-22356915430.365536,-22300098764.67812,-22242744789.089596,-22184852068.625725,-22126419259.379875,-22067445110.386414,-22007928465.341755,-21947868264.150295,-21887263544.271187,-21826113441.839058,-21764417192.52977,-21702174132.13992,-21639383696.845703,-21576045423.104267,-21512158947.15717,-21447724004.092747,-21382740426.41993,-21317208142.102974,-21251127172.00181,-21184497626.65879,-21117319702.36782,-21049593676.456738,-20981319901.70872,-20912498799.842724,-20843130853.967022,-20773216599.913544,-20702756616.354034,-20631751513.591877,-20560201920.915974,-20488108472.395256,-20415471790.98401,-20342292470.79973,-20268571057.425995,-20194308026.083725,-20119503757.5044,-20044158511.32878,-19968272396.84489,-19891845340.86822,-19814877052.557312,-19737366984.947113,-19659314292.972965,-19580717787.747993,-19501575886.847977,-19421886560.349422,-19341647272.35994,-19260854917.77433,-19179505753.986904,-19097595327.289936,-19015118393.690727,-18932068833.886723,-18848439562.150295,-18764222428.892582,-18679408116.70184,-18593986029.686466,-18507944175.99889,-18421269043.4756,-18333945468.403755,-18245956497.518494,-18157283243.45225,-18067904734.00016,-17977797755.741547,-17886936692.770306,-17795293361.545044,-17702836843.18065,-17609533314.87636,-17515345882.62198,-17420234417.858253,-17324155401.40318,-17227061778.71238,-17128902831.439907,-17029624071.32968,-16929167163.727465,-16827469889.491478,-16724466155.837269,-16620086068.724407,-16514256081.833857,-16406899240.058054,-16297935538.804201,-16187282424.381285,-16074855465.401796,-15960569230.597002,-15844338414.854336,-15726079262.794891,-15605711348.000612,-15483159776.287899,-15358357893.455187,-15231250591.996664,-15101798327.71282,-14969981976.361893,-14835808682.959644,-14699318882.620062,-14560594702.628874,-14419769991.61416,-14277042264.305735,-14132686900.85506,-13987073999.871813,-13840688356.733923,-13694153126.836864,-13548257842.219183,-13403991586.57725,-13262582308.495358,-13125543481.110872,-12994729621.063278,-12872402593.852436,-12761311205.685493,-12664787384.781986,-12586863389.96127,-12532416094.074848,-12507346668.420008,-12518807192.675636,-12575490134.29526,-12688002596.951887,-12869354968.864996,-13135603104.637566,-13506693994.937584,-14007576216.357021,-14669649174.351934,-15532652083.354992,-16647202402.46442,-18078672526.219402,-19915071000.909554,-22289228954.8611,-25453118761.969963,-30035198850.515266,-37851758879.98535,0.0
7575.0,-27806846848.05892,-27807102419.227352,-27807249876.508324,-27807288062.347347,-27807215807.217278,-27807031929.496452,-27806735235.34576,-27806324518.584976,-27805798560.567913,-27805156130.056843,-27804395983.09584,-27803516862.883347,-27802517499.643684,-27801396610.497776,-27800152899.33298,-27798785056.67197,-27797291759.540833,-27795671671.336334,-27793923441.69223,-27792045706.344986,-27790037086.998455,-27787896191.187973,-27785621612.143623,-27783211928.652756,-27780665704.921833,-27777981490.437565,-27775157819.82743,-27772193212.71949,-27769086173.60167,-27765835191.680473,-27762438740.739067,-27758895278.995003,-27755203248.957336,-27751361077.283417,-27747367174.63523,-27743219935.535427,-27738917738.223026,-27734458944.508892,-27729841899.630966,-27725064932.10939,-27720126353.60149,-27715024458.75673,-27709757525.071712,-27704323812.74521,-27698721564.533356,-27692949005.60508,-27687004343.397774,-27680885767.473366,-27674591449.374805,-27668119542.483067,-27661468181.874783,-27654635484.180504,-27647619547.443893,-27640418450.981606,-27633030255.244354,-27625453001.67887,-27617684712.591286,-27609723391.011642,-27601567020.559967,-27593213565.313843,-27584660969.677727,-27575907158.25406,-27566950035.716393,-27557787486.684616,-27548417375.602448,-27538837546.61741,-27529045823.463364,-27519040009.34587,-27508817886.830467,-27498377217.734116,-27487715743.02,-27476831182.695896,-27465721235.716213,-27454383579.888134,-27442815871.78189,-27431015746.645485,-27418980818.324142,-27406708679.1847,-27394196900.045197,-27381443030.10994,-27368444596.91043,-27355199106.252277,-27341704042.168533,-27327956866.879757,-27313955020.761066,-27299695922.316635,-27285176968.16189,-27270395533.01386,-27255348969.689938,-27240034609.115692,-27224449760.341812,-27208591710.57094,-27192457725.194584,-27176045047.840733,-27159350900.43257,-27142372483.258797,-27125106975.056034,-27107551533.103943,-27089703293.333496,-27071559370.449,-27053116858.06448,-27034372828.854958,-27015324334.72337,-26995968406.983654,-26976302056.56068,-26956322274.207813,-26936026030.742676,-26915410277.302002,-26894471945.61618,-26873207948.30432,-26851615179.190792,-26829690513.64379,-26807430808.937004,-26784832904.635162,-26761893623.004486,-26738609769.44868,-26714978132.971893,-26690995486.66915,-26666658588.245644,-26641964180.565636,-26616908992.23231,-26591489738.19941,-26565703120.41608,-26539545828.505688,-26513014540.480175,-26486105923.490967,-26458816634.617664,-26431143321.69581,-26403082624.18504,-26374631174.078957,-26345785596.85796,-26316542512.486492,-26286898536.456093,-26256850280.875565,-26226394355.609783,-26195527369.468575,-26164245931.44705,-26132546652.018967,-26100426144.484528,-26067881026.374123,-26034907920.9095,-26001503458.52392,-25967664278.44266,-25933387030.32546,-25898668375.972187,-25863504991.093487,-25827893567.1474,-25791830813.243645,-25755313458.116737,-25718338252.16922,-25680901969.58622,-25643001410.522484,-25604633403.36285,-25565794807.05715,-25526482513.530243,-25486693450.16807,-25446424582.379925,-25405672916.237583,-25364435501.19125,-25322709432.862263,-25280491855.91233,-25237779966.98858,-25194571017.743572,-25150862317.92901,-25106651238.56145,-25061935215.158108,-25016711751.040104,-24970978420.700054,-24924732873.230698,-24877972835.809902,-24830696117.237534,-24782900611.51822,-24734584301.483692,-24685745262.447094,-24636381665.881096,-24586491783.109985,-24536073989.005272,-24485126765.67262,-24433648706.116703,-24381638517.868896,-24329095026.561066,-24276017179.426888,-24222404048.709797,-24168254834.955,-24113568870.159916,-24058345620.755226,-24002584690.38564,-23946285822.4563,-23889448902.407566,-23832073959.67691,-23774161169.302803,-23715710853.12108,-23656723480.499413,-23597199668.550488,-23537140181.758644,-23476545930.94896,-23415417971.520786,-23353757500.860985,-23291565854.84398,-23228844503.317585,-23165595044.464375,-23101819197.91862,-23037518796.508007,-22972695776.47815,-22907352166.045128,-22841490072.10837,-22775111664.941322,-22708219160.66214,-22640814801.269783,-22572900832.01292,-22504479475.839825,-22435552904.656693,-22366123207.099567,-22296192352.50162,-22225762150.71185,-22154834207.394634,-22083409874.41053,-22011490194.848793,-21939075842.249226,-21866167053.51762,-21792763555.00306,-21718864481.167976,-21644468285.24331,-21569572641.220417,-21494174336.49043,-21418269154.39943,-21341851745.945187,-21264915489.79932,-21187452339.79701,-21109452658.99725,-21030905039.38018,-20951796106.21618,-20872110306.11582,-20791829677.75303,-20710933604.247753,-20629398546.203663,-20547197754.423935,-20464300961.379494,-20380674050.585297,-20296278703.15826,-20211072020.99473,-20125006126.225983,-20038027736.900913,-19950077719.220486,-19861090617.128544,-19770994160.669613,-19679708755.285385,-19587146955.168022,-19493212924.962402,-19397801895.555416,-19300799621.46795,-19202081849.539516,-19101513811.2511,-18998949754.264126,-18894232532.681538,-18787193280.300995,-18677651196.89789,-18565413484.550426,-18450275479.440514,-18332021034.72346,-18210423222.302284,-18085245436.085167,-17956242997.045902,-17823165381.74693,-17685759221.646214,-17543772251.367573,-17396958421.23373,-17245084434.048645,-17087938019.987934,-16925338328.545221,-16757148895.383526,-16583293738.03996,-16403777252.246952,-16218708726.358894,-16028332473.716928,-15833064814.314074,-15633539436.376303,-15430663063.338848,-15225683884.72738,-15020275946.287022,-14816643737.18362,-14617652718.610237,-14426993754.535995,-14249392711.215279,-14090881467.763012,-13959154099.941198,-13864043353.3089,-13818169557.802433,-13837839390.193825,-13944308633.894516,-14165575144.277891,-14538939462.582758,-15114664434.59098,-15961189206.072678,-17172555125.54395,-18879294818.886135,-21266846769.20002,-24620109326.416298,-29475936938.383865,-37136681882.56182,0.0
7572.5,-29136099551.22811,-29140196307.908756,-29144201606.63156,-29148114369.51483,-29151933506.876434,-29155657917.105293,-29159286486.53177,-29162818089.296844,-29166251587.220192,-29169585829.666977,-29172819653.41357,-29175951882.512074,-29178981328.153698,-29181906788.530945,-29184727048.698727,-29187440880.43421,-29190047042.095715,-29192544278.48029,-29194931320.68028,-29197206885.93882,-29199369677.50414,-29201418384.482822,-29203351681.69204,-29205168229.51068,-29206866673.72947,-29208445645.400024,-29209903760.68301,-29211239620.695187,-29212451811.35558,-29213538903.230713,-29214499451.37887,-29215331995.193596,-29216035058.246155,-29216607148.12735,-29217046756.28846,-29217352357.881405,-29217522411.59823,-29217555359.509872,-29217449626.904312,-29217203622.12416,-29216815736.403538,-29216284343.704674,-29215607800.55385,-29214784445.87706,-29213812600.835297,-29212690568.659523,-29211416634.48548,-29209989065.188286,-29208406109.216938,-29206665996.42891,-29204766937.924644,-29202707125.882347,-29200484733.392918,-29198097914.295223,-29195544803.011765,-29192823514.384926,-29189932143.513714,-29186868765.59131,-29183631435.743446,-29180218188.86766,-29176627039.473724,-29172855981.52515,-29168902988.28218,-29164766012.146122,-29160442984.505352,-29155931815.583153,-29151230394.287373,-29146336588.062344,-29141248242.7429,-29135963182.411057,-29130479209.255177,-29124794103.432106,-29118905622.932323,-29112811503.44837,-29106509458.24686,-29099997178.044113,-29093272330.885895,-29086332562.03133,-29079175493.841415,-29071798725.67225,-29064199833.77335,-29056376371.191467,-29048325867.679974,-29040045829.6144,-29031533739.914223,-29022787057.97155,-29013803219.586777,-29004579636.911762,-28995113698.400974,-28985402768.770813,-28975444188.967823,-28965235276.14598,-28954773323.65372,-28944055601.031086,-28933079354.01754,-28921841804.570984,-28910340150.89852,-28898571567.499443,-28886533205.221264,-28874222191.32912,-28861635629.589417,-28848770600.368195,-28835624160.74515,-28822193344.643692,-28808475162.978043,-28794466603.818047,-28780164632.572533,-28765566192.191936,-28750668203.391174,-28735467564.893627,-28719961153.697044,-28704145825.36251,-28688018414.327244,-28671575734.242527,-28654814578.337463,-28637731719.809963,-28620323912.246037,-28602587890.068363,-28584520369.015644,-28566118046.653767,-28547377602.920162,-28528295700.702682,-28508868986.454468,-28489094090.845974,-28468967629.45601,-28448486203.50293,-28427646400.617767,-28406444795.660976,-28384877951.58411,-28362942420.33859,-28340634743.833,-28317951454.940838,-28294889078.56056,-28271444132.72989,-28247613129.79624,-28223392577.645348,-28198778980.990143,-28173768842.72199,-28148358665.326378,-28122544952.365406,-28096324210.02915,-28069692948.758324,-28042647684.940502,-28015184942.682316,-27987301255.659996,-27958993169.05072,-27930257241.547207,-27901090047.458183,-27871488178.896904,-27841448248.060673,-27810966889.60359,-27780040763.105057,-27748666555.636776,-27716840984.430458,-27684560799.648834,-27651822787.26238,-27618623772.034016,-27584960620.61414,-27550830244.748077,-27516229604.598087,-27481155712.181755,-27445605634.928658,-27409576499.35668,-27373065494.869602,-27336069877.67677,-27298586974.835884,-27260614188.419334,-27222148999.804176,-27183188974.08544,-27143731764.61207,-27103775117.644154,-27063316877.129475,-27022354989.596985,-26980887509.163643,-26938912602.650726,-26896428554.804314,-26853433773.61401,-26809926795.7224,-26765906291.917076,-26721371072.694847,-26676320093.886913,-26630752462.331764,-26584667441.580387,-26538064457.616837,-26490943104.57429,-26443303150.42462,-26395144542.61638,-26346467413.633053,-26297272086.440006,-26247559079.784943,-26197329113.312084,-26146583112.44617,-26095322212.997124,-26043547765.430676,-25991261338.744293,-25938464723.881016,-25885159936.606415,-25831349219.766045,-25777035044.831844,-25722220112.636158,-25666907353.18176,-25611099924.40435,-25554801209.75145,-25498014814.427654,-25440744560.140793,-25382994478.167152,-25324768800.53514,-25266071949.107307,-25206908522.31802,-25147283279.300934,-25087201121.113365,-25026667068.736618,-24965686237.499638,-24904263807.53928,-24842404989.873116,-24780114987.61979,-24717398951.857574,-24654261931.563286,-24590708817.0205,-24526744276.028946,-24462372682.183884,-24397598034.42618,-24332423866.990173,-24266853148.7954,-24200888171.241913,-24134530423.274162,-24067780452.47689,-24000637710.856316,-23933100383.84184,-23865165200.915993,-23796827226.14452,-23728079626.732643,-23658913417.57854,-23589317179.631233,-23519276749.68619,-23448774879.071056,-23377790858.483917,-23306300106.052345,-23234273715.481712,-23161677960.961807,-23088473755.30302,-23014616057.584198,-22940053226.419273,-22864726314.797287,-22788568302.33273,-22711503260.692375,-22633445447.959873,-22554298327.781994,-22473953509.338577,-22392289604.526596,-22309170999.29159,-22224446536.83034,-22137948111.49542,-22049489173.73882,-21958863148.441326,-21865841771.616512,-21770173353.910515,-21671580983.73827,-21569760688.544994,-21464379579.85584,-21355074016.843845,-21241447834.556683,-21123070697.24918,-20999476655.15034,-20870163005.28238,-20734589584.6643,-20592178658.62283,-20442315609.5281,-20284350683.94777,-20117602121.279392,-19941361067.229935,-19754898774.62065,-19557476716.39053,-19348360387.115593,-19126837757.437737,-18892243580.799538,-18643991048.294895,-18381612666.461628,-18104812726.66434,-17813534393.95818,-17508045349.738846,-17189047210.78744,-16857815842.426214,-16516382563.581606,-16167770743.656189,-15816309485.663181,-15468057763.322401,-15131391477.509325,-14817837187.540796,-14543287240.180592,-14329812772.73222,-14208418114.48787,-14223264347.337038,-14438110501.525038,-14945800235.933586,-15880740437.088097,-17429283912.055202,-19813440599.487717,-23172133449.13741,-27195500932.345154,0.0
7570.0,-30457853499.149353,-30465919592.102173,-30473912490.1967,-30481831214.103363,-30489674773.096684,-30497442164.9231,-30505132375.667397,-30512744379.61788,-30520277139.130066,-30527729604.48907,-30535100713.770576,-30542389392.70045,-30549594554.512955,-30556715099.807617,-30563749916.404655,-30570697879.199078,-30577557850.013367,-30584328677.44882,-30591009196.735447,-30597598229.58058,-30604094584.016083,-30610497054.24412,-30616804420.481705,-30623015448.803818,-30629128890.98519,-30635143484.34077,-30641057951.564865,-30646871000.568977,-30652581324.31834,-30658187600.667217,-30663688492.192898,-30669082646.02841,-30674368693.69411,-30679545250.928024,-30684610917.514946,-30689564277.114525,-30694403897.088085,-30699128328.3244,-30703736105.064453,-30708225744.725067,-30712595747.721634,-30716844597.289787,-30720970759.306263,-30724972682.10876,-30728848796.315147,-30732597514.641647,-30736217231.720547,-30739706323.917076,-30743063149.14569,-30746286046.685852,-30749373336.997307,-30752323321.534912,-30755134282.563164,-30757804482.970417,-30760332166.08294,-30762715555.478916,-30764952854.80233,-30767042247.577045,-30768981897.021004,-30770769945.86076,-30772404516.146408,-30773883709.067,-30775205604.766674,-30776368262.16149,-30777369718.75721,-30778207990.468155,-30778881071.437195,-30779386933.85719,-30779723527.793854,-30779888781.010433,-30779880598.794125,-30779696863.78472,-30779335435.805363,-30778794151.695892,-30778070825.148827,-30777163246.548264,-30776069182.811985,-30774786377.23694,-30773312549.348362,-30771645394.752914,-30769782584.996,-30767721767.423603,-30765460565.049004,-30762996576.424667,-30760327375.51954,-30757450511.60238,-30754363509.13116,-30751063867.64919,-30747549061.688248,-30743816540.67917,-30739863728.87027,-30735688025.25428,-30731286803.503925,-30726657411.916977,-30721797173.371155,-30716703385.289394,-30711373319.61611,-30705804222.805077,-30699993315.819477,-30693937794.14476,-30687634827.81506,-30681081561.45384,-30674275114.329433,-30667212580.42634,-30659891028.532974,-30652307502.346836,-30644459020.597744,-30636342577.190285,-30627955141.366165,-30619293657.88759,-30610355047.24275,-30601136205.874134,-30591634006.431236,-30581845298.048306,-30571766906.648766,-30561395635.277214,-30550728264.460392,-30539761552.59854,-30528492236.388332,-30516917031.27906,-30505032631.96329,-30492835712.90378,-30480322928.898163,-30467490915.68301,-30454336290.579117,-30440855653.179817,-30427045586.083973,-30412902655.675934,-30398423412.954174,-30383604394.410748,-30368442122.96393,-30352933108.945953,-30337073851.14833,-30320860837.927235,-30304290548.3712,-30287359453.53387,-30270064017.734364,-30252400699.9281,-30234365955.150703,-30215956236.03811,-30197167994.425816,-30177997683.030308,-30158441757.21602,-30138496676.850903,-30118158908.254265,-30097424926.240067,-30076291216.25956,-30054754276.64668,-30032810620.970158,-30010456780.496113,-29987689306.76509,-29964504774.287643,-29940899783.36258,-29916870963.021904,-29892414974.107082,-29867528512.4806,-29842208312.377514,-29816451149.901306,-29790253846.668526,-29763613273.60692,-29736526354.911385,-29708990072.16241,-29681001468.61162,-29652557653.638626,-29623655807.384056,-29594293185.562668,-29564467124.461075,-29534175046.12414,-29503414463.73378,-29472182987.18405,-29440478328.85585,-29408298309.59426,-29375640864.89141,-29342504051.276917,-29308886052.917824,-29274785188.429077,-29240199917.895107,-29205128850.102108,-29169570749.979836,-29133524546.25082,-29096989339.28338,-29059964409.144005,-29022449223.842827,-28984443447.76445,-28945946950.27446,-28906959814.489864,-28867482346.19954,-28827515082.917683,-28787058803.051075,-28746114535.156986,-28704683567.2653,-28662767456.234436,-28620368037.105644,-28577487432.416023,-28534128061.42409,-28490292649.19634,-28445984235.49566,-28401206183.405235,-28355962187.612846,-28310256282.27104,-28264092848.33808,-28217476620.29316,-28170412692.10612,-28122906522.32794,-28074963938.15214,-28026591138.27984,-27977794694.401535,-27928581551.087425,-27878959023.8538,-27828934795.14684,-27778516907.955868,-27727713756.735363,-27676534075.27951,-27624986921.153034,-27573081656.23805,-27520827922.90795,-27468235615.28562,-27415314844.983036,-27362075900.653687,-27308529200.616013,-27254685237.72486,-27200554515.57863,-27146147475.050602,-27091474410.02338,-27036545371.083878,-26981370055.802494,-26925957684.07151,-26870316856.814182,-26814455396.19445,-26758380165.257477,-26702096864.70999,-26645609804.305664,-26588921646.031776,-26532033115.99677,-26474942681.591816,-26417646190.140003,-26360136464.85174,-26302402853.471016,-26244430724.521885,-26186200905.543842,-26127689057.136475,-26068864976.0144,-26009691819.60062,-25950125243.957462,-25890112446.06879,-25829591100.64291,-25768488180.705986,-25706718650.301693,-25644184016.612064,-25580770727.774895,-25516348401.61148,-25450767869.413372,-25383859017.900024,-25315428411.490147,-25245256676.182976,-25173095625.695747,-25098665110.145298,-25021649567.62353,-24941694259.661392,-24858401173.018887,-24771324572.752773,-24679966195.451885,-24583770077.340363,-24482117020.2017,-24374318709.49108,-24259611514.485935,-24137150021.006355,-24006000374.52685,-23865133547.135147,-23713418687.899963,-23549616775.366318,-23372374866.195705,-23180221329.064716,-22971562572.090034,-22744681920.13719,-22497741480.895447,-22228788061.70074,-21935764469.678604,-21616527854.074986,-21268877142.62364,-20890592100.88263,-20479487136.87481,-20033483748.19517,-19550706600.499767,-19029609916.27019,-18469143715.847378,-17868974640.477722,-17229785857.341442,-16553699228.058498,-15844898606.819794,-15110600458.943806,-14362642087.950611,-13620177363.532532,-12914327024.69019,-12296084097.271854,-11848724632.441425,-11701820452.569193,-12016846441.667492,-12779008319.613747,-12883555923.084341,0.0
7567.5,-31766152697.244064,-31778288080.469193,-31790369974.735405,-31802397517.24544,-31814369834.44335,-31826286041.881714,-31838145244.087288,-31849946534.425144,-31861688994.961334,-31873371696.323914,-31884993697.56246,-31896554046.006096,-31908051777.119766,-31919485914.359154,-31930855469.023872,-31942159440.1091,-31953396814.15567,-31964566565.09852,-31975667654.11353,-31986699029.462795,-31997659626.338276,-32008548366.70383,-32019364159.135643,-32030105898.66108,-32040772466.595848,-32051362730.37964,-32061875543.410145,-32072309744.875423,-32082664159.58475,-32092937597.79782,-32103128855.052402,-32113236711.990395,-32123259934.18237,-32133197271.950485,-32143047460.189945,-32152809218.18895,-32162481249.446983,-32172062241.491844,-32181550865.695053,-32190945777.085846,-32200245614.163803,-32209448998.710022,-32218554535.596996,-32227560812.597084,-32236466400.189766,-32245269851.36756,-32253969701.44078,-32262564467.841114,-32271052649.924004,-32279432728.77002,-32287703166.98519,-32295862408.50029,-32303908878.3693,-32311840982.56697,-32319657107.7856,-32327355621.231064,-32334934870.41835,-32342393182.96627,-32349728866.392036,-32356940207.905106,-32364025474.20103,-32370982911.254967,-32377810744.115105,-32384507176.6962,-32391070391.573242,-32397498549.775322,-32403789790.58008,-32409942231.308487,-32415953967.120552,-32421823070.81171,-32427547592.61032,-32433125559.976376,-32438554977.40148,-32443833826.21056,-32448960064.365116,-32453931626.268734,-32458746422.574543,-32463402339.995277,-32467897241.1159,-32472228964.20928,-32476395323.054955,-32480394106.761517,-32484223079.592667,-32487879980.79742,-32491362524.444786,-32494668399.263123,-32497795268.4847,-32500740769.695732,-32503502514.69238,-32506078089.342934,-32508465053.4569,-32510660940.66121,-32512663258.28412,-32514469487.247307,-32516077081.966675,-32517483470.262363,-32518686053.278656,-32519682205.414192,-32520469274.263348,-32521044580.569214,-32521405418.189014,-32521549054.072556,-32521472728.25467,-32521173653.86206,-32520649017.13578,-32519895977.469955,-32518911667.467686,-32517693193.015076,-32516237633.37438,-32514542041.297268,-32512603443.159355,-32510418839.11686,-32507985203.2869,-32505299483.952408,-32502358603.79295,-32499159460.142887,-32495698925.278133,-32491973846.73301,-32487981047.648777,-32483717327.15518,-32479179460.786964,-32474364200.93678,-32469268277.346474,-32463888397.6385,-32458221247.88939,-32452263493.247463,-32446011778.596596,-32439462729.268574,-32432612951.806065,-32425459034.778748,-32417997549.654957,-32410225051.731636,-32402138081.124992,-32393733163.82502,-32385006812.816486,-32375955529.269672,-32366575803.803886,-32356864117.82708,-32346816944.95504,-32336430752.513706,-32325702003.128227,-32314627156.40275,-32303202670.69484,-32291425004.988716,-32279290620.871613,-32266795984.61776,-32253937569.384598,-32240711857.526062,-32227115343.02792,-32213144534.07034,-32198795955.723,-32184066152.778404,-32168951692.72896,-32153449168.893917,-32137555203.702118,-32121266452.13707,-32104579605.350704,-32087491394.452568,-32069998594.48143,-32052098028.5664,-32033786572.284744,-32015061158.22415,-31995918780.756863,-31976356501.03375,-31956371452.206287,-31935960844.884655,-31915121972.84033,-31893852218.961662,-31872149061.471066,-31850010080.412544,-31827432964.41825,-31804415517.76306,-31780955667.71592,-31757051472.19664,-31732701127.747215,-31707902977.825947,-31682655521.432964,-31656957422.07526,-31630807517.07921,-31604204827.257843,-31577148566.939995,-31549638154.367527,-31521673222.46621,-31493253629.995106,-31464379473.077858,-31435051097.118595,-31405269109.10334,-31375034390.28632,-31344348109.25863,-31313211735.39476,-31281627052.66963,-31249596173.836147,-31217121554.950127,-31184206010.225582,-31150852727.199196,-31117065282.178307,-31082847655.94085,-31048204249.65034,-31013139900.941425,-30977659900.124416,-30941770006.448048,-30905476464.350296,-30868786019.615894,-30831705935.346687,-30794244007.63762,-30756408580.834778,-30718208562.23513,-30679653436.067482,-30640753276.572376,-30601518759.974064,-30561961175.109653,-30522092432.449966,-30481925071.21153,-30441472264.22051,-30400747820.145386,-30359766182.666786,-30318542426.09763,-30277092246.905834,-30235431950.522892,-30193578432.74449,-30151549154.943596,-30109362112.218826,-30067035793.49364,-30024589132.45942,-29982041448.119816,-29939412373.541008,-29896721771.24077,-29853989633.45788,-29811235965.32687,-29768480648.742126,-29725743284.42329,-29683043009.38941,-29640398286.707253,-29597826663.995003,-29555344496.731197,-29512966631.93442,-29470706047.235226,-29428573439.750423,-29386576758.483627,-29344720673.204876,-29303005971.896168,-29261428877.877438,-29219980276.63605,-29178644841.157673,-29137400043.182186,-29096215036.2678,-29055049394.820217,-29013851691.311733,-28972557891.75499,-28931089547.083614,-28889351755.40353,-28847230867.086395,-28804591901.35715,-28761275639.35294,-28717095354.580433,-28671833137.25109,-28625235764.119816,-28577010060.187206,-28526817692.96505,-28474269333.983505,-28418918115.902428,-28360252307.088825,-28297687119.00062,-28230555555.41645,-28158098206.81165,-28079451888.46999,-27993637017.870407,-27899543626.331493,-27795915902.911926,-27681335176.517826,-27554201256.73779,-27412712077.106945,-27254841618.53815,-27078316137.86428,-26880588788.805206,-26658812801.133762,-26409813476.894093,-26130059364.071594,-25815633063.530533,-25462202185.275528,-25064990942.364094,-24618752664.745594,-24117742983.532913,-23555692349.044262,-22925774563.721703,-22220564666.24395,-21431974225.9375,-20551144374.221455,-19568266692.156227,-18472291027.268078,-17250473409.093475,-15887732795.701704,-14365862511.678097,-12662876843.318089,-10753404608.77342,-8612728388.400564,-6231748176.165189,-3662068818.2439623,-1107222210.659751,1479790174.9268556,0.0
7565.0,-33054890902.772263,-33071165140.19715,-33087406844.754166,-33103615286.873646,-33119789727.091934,-33135929415.921173,-33152033593.717335,-33168101490.546677,-33184132326.050545,-33200125309.308437,-33216079638.69946,-33231994501.76206,-33247869075.05198,-33263702523.998665,-33279494002.75964,-33295242654.073467,-33310947609.11072,-33326607987.323257,-33342222896.291744,-33357791431.57129,-33373312676.535385,-33388785702.21803,-33404209567.1539,-33419583317.216873,-33434905985.456593,-33450176591.933273,-33465394143.550564,-33480557633.88671,-33495666043.02368,-33510718337.37461,-33525713469.509262,-33540650377.97771,-33555527987.132076,-33570345206.946568,-33585100932.83545,-33599794045.46938,-33614423410.58971,-33628987878.821167,-33643486285.482456,-33657917450.39527,-33672280177.6914,-33686573255.61802,-33700795456.34128,-33714945535.74813,-33729022233.246323,-33743024271.562843,-33756950356.540565,-33770799176.93328,-33784569404.19906,-33798259692.292107,-33811868677.452972,-33825394977.997307,-33838837194.103096,-33852193907.59652,-33865463681.736404,-33878645060.99733,-33891736570.85155,-33904736717.549606,-33917643987.899902,-33930456849.04713,-33943173748.249794,-33955793112.65674,-33968313349.08295,-33980732843.784542,-33993049962.23317,-34005263048.889866,-34017370426.97859,-34029370398.25927,-34041261242.800884,-34053041218.754383,-34064708562.125732,-34076261486.54926,-34087698183.061325,-34099016819.87464,-34110215542.153347,-34121292471.78893,-34132245707.177383,-34143073322.997658,-34153773369.991707,-34164343874.746254,-34174782839.47667,-34185088241.813137,-34195258034.589317,-34205290145.633934,-34215182477.565453,-34224932907.590298,-34234539287.30477,-34243999442.501186,-34253311172.97851,-34262472252.3579,-34271480427.903538,-34280333420.349274,-34289028923.731304,-34297564605.227737,-34305938105.005123,-34314147036.07276,-34322188984.145256,-34330061507.513794,-34337762136.926956,-34345288375.481453,-34352637698.52369,-34359807553.562645,-34366795360.195015,-34373598510.04314,-34380214366.70676,-34386640265.72935,-34392873514.57986,-34398911392.65089,-34404751151.27423,-34410390013.75483,-34415825175.42422,-34421053803.71452,-34426073038.25429,-34430879990.987366,-34435471746.315994,-34439845361.26971,-34443997865.701256,-34447926262.51119,-34451627527.902534,-34455098611.66728,-34458336437.50652,-34461337903.385635,-34464099881.926956,-34466619220.84139,-34468892743.40142,-34470917248.957344,-34472689513.49927,-34474206290.26713,-34475464310.411156,-34476460283.70541,-34477190899.31719,-34477652826.635086,-34477842716.15852,-34477757200.45217,-34477392895.16832,-34476746400.140526,-34475814300.55231,-34474593168.18443,-34473079562.74482,-34471270033.284935,-34469161119.70725,-34466749354.36786,-34464031263.77909,-34461003370.41698,-34457662194.6386,-34454004256.714615,-34450026078.982475,-34445724188.12619,-34441095117.58865,-34436135410.12265,-34430841620.48749,-34425210318.2977,-34419238091.031235,-34412921547.204575,-34406257319.72237,-34399242069.40992,-34391872488.736885,-34384145305.74082,-34376057288.16004,-34367605247.78504,-34358786045.038536,-34349596593.7944,-34340033866.446167,-34330094899.236313,-34319776797.857777,-34309076743.339714,-34297991998.230007,-34286519913.08725,-34274657933.29569,-34262403606.21675,-34249754588.691517,-34236708654.90878,-34223263704.653904,-34209417771.95404,-34195169034.135727,-34180515821.311546,-34165456626.312527,-34149990115.083637,-34134115137.560303,-34117830739.04352,-34101136172.09222,-34084030908.951317,-34066514654.53414,-34048587359.978115,-34030249236.79268,-34011500771.618084,-33992342741.613926,-33972776230.49556,-33952802645.236435,-33932423733.45359,-33911641601.492622,-33890458733.227592,-33868878009.589985,-33846902728.838867,-33824536627.582985,-33801783902.562714,-33778649233.19702,-33755137804.897644,-33731255333.148197,-33707008088.341866,-33682402921.365704,-33657447289.913635,-33632149285.50275,-33606517661.15989,-33580561859.735165,-33554292042.78934,-33527719119.988266,-33500854778.92432,-33473711515.268246,-33446302663.13563,-33418642425.53203,-33390745904.715626,-33362629132.289543,-33334309098.8041,-33305803782.613884,-33277132177.694138,-33248314320.07478,-33219371312.498245,-33190325346.84777,-33161199723.82585,-33132018869.285503,-33102808346.530403,-33073594863.801476,-33044406276.055244,-33015271580.01231,-32986220901.30977,-32957285472.42766,-32928497599.87278,-32899890618.891857,-32871498833.745117,-32843357441.29769,-32815502435.374905,-32787970488.973564,-32760798811.0177,-32734024973.888325,-32707686707.433815,-32681821654.57084,-32656467082.906357,-32631659546.035362,-32607434487.283825,-32583825777.655533,-32560865178.58631,-32538581718.789444,-32517000972.965782,-32496144228.42535,-32476027523.689564,-32456660540.879272,-32438045331.0996,-32420174849.059822,-32403031269.757915,-32386584056.151127,-32370787742.25001,-32355579390.93073,-32340875679.85897,-32326569562.150517,-32312526440.62943,-32298579785.643345,-32284526116.1962,-32270119252.47929,-32255063734.52353,-32239007286.438396,-32221532188.30381,-32202145397.98805,-32180267242.70391,-32155218474.71622,-32126205457.00662,-32092303212.638718,-32052436035.8411,-32005355323.290573,-31949614240.672943,-31883538792.35986,-31805194811.094044,-31712350330.064064,-31602432741.651115,-31472480084.827435,-31319085734.626354,-31138335687.15446,-30925737531.042637,-30676140048.227707,-30383642149.4607,-30041489440.734116,-29641955986.42445,-29176207517.012447,-28634139957.10587,-28004182917.49056,-27273050331.672287,-26425407422.814903,-25443400869.871777,-24305961291.413834,-22987724447.20944,-21457315762.16209,-19674583112.357353,-17586126790.612732,-15118170654.659176,-12165591486.029392,-8576591808.302157,-4138290357.839736,1397718623.262302,8020304142.192244,13868302010.809866,0.0
7562.5,-34317859608.115128,-34338309998.57897,-34358749843.977665,-34379178563.008896,-34399595565.55784,-34420000252.57249,-34440392015.93746,-34460770238.34594,-34481134293.170006,-34501483544.3291,-34521817346.15681,-34542135043.26581,-34562435970.41097,-34582719452.35074,-34602984803.70659,-34623231328.8206,-34643458321.611244,-34663665065.42715,-34683850832.89908,-34704014885.78991,-34724156474.84265,-34744274839.62654,-34764369208.381165,-34784438797.858505,-34804482813.16311,-34824500447.59012,-34844490882.46135,-34864453286.959236,-34884386817.958786,-34904290619.85748,-34924163824.40298,-34944005550.51881,-34963814904.12799,-34983590977.97446,-35003332851.44241,-35023039590.37355,-35042710246.882126,-35062343859.167915,-35081939451.32705,-35101496033.16065,-35121012599.98136,-35140488132.417786,-35159921596.216675,-35179311942.04308,-35198658105.27839,-35217959005.81609,-35237213547.85569,-35256420619.69425,-35275579093.516075,-35294687825.18019,-35313745654.00583,-35332751402.55592,-35351703876.4185,-35370601863.98627,-35389444136.23405,-35408229446.49453,-35426956530.23196,-35445624104.81413,-35464230869.282555,-35482775504.12085,-35501256671.021515,-35519673012.6511,-35538023152.41369,-35556305694.21304,-35574519222.21323,-35592662300.597946,-35610733473.328575,-35628731263.90108,-35646654175.10182,-35664500688.7624,-35682269265.51371,-35699958344.53914,-35717566343.32727,-35735091657.423996,-35752532660.18444,-35769887702.52458,-35787155112.672874,-35804333195.92208,-35821420234.381386,-35838414486.729065,-35855314187.9659,-35872117549.1695,-35888822757.24987,-35905427974.706406,-35921931339.38646,-35938330964.24612,-35954624937.11295,-35970811320.45154,-35986888151.131775,-36002853440.20045,-36018705172.65637,-36034441307.22957,-36050059776.16471,-36065558485.00951,-36080935312.4082,-36096188109.900955,-36111314701.72929,-36126312884.64843,-36141180427.74688,-36155915072.273926,-36170514531.475624,-36184976490.439964,-36199298605.952,-36213478506.35929,-36227513791.448906,-36241402032.33653,-36255140771.368385,-36268727522.03722,-36282159768.91291,-36295434967.589005,-36308550544.64588,-36321503897.63194,-36334292395.06381,-36346913376.44674,-36359364152.31647,-36371642004.30405,-36383744185.22473,-36395667919.192696,-36407410401.76287,-36418968800.10177,-36430340253.188736,-36441521872.049706,-36452510740.02512,-36463303913.07413,-36473898420.116974,-36484291263.41816,-36494479419.01207,-36504459837.174126,-36514229442.939514,-36523785136.67237,-36533123794.68832,-36542242269.933,-36551137392.72008,-36559805971.531555,-36568244793.88426,-36576450627.26569,-36584420220.14317,-36592150303.05037,-36599637589.755066,-36606878778.51285,-36613870553.41102,-36620609585.807755,-36627092535.871506,-36633316054.225784,-36639276783.70523,-36644971361.228516,-36650396419.79434,-36655548590.60703,-36660424505.33834,-36665020798.53277,-36669334110.16366,-36673361088.348045,-36677098392.22833,-36680542695.02959,-36683690687.301285,-36686539080.353195,-36689084609.89518,-36691324039.891495,-36693254166.640434,-36694871823.09086,-36696173883.40758,-36697157267.798256,-36697818947.61515,-36698155950.7453,-36698165367.30395,-36697844355.646255,-36697190148.71334,-36696200060.729164,-36694871494.26601,-36693201947.69652,-36691189023.05165,-36688830434.30441,-36686124016.10039,-36683067732.956856,-36679659688.953285,-36675898137.93718,-36671781494.27003,-36667308344.13939,-36662477457.464066,-36657287800.420715,-36651738548.62107,-36645829100.970406,-36639559094.23891,-36632928418.378944,-36625937232.62234,-36618585982.393135,-36610875417.07234,-36602806608.65283,-36594380971.32292,-36585600282.01953,-36576466701.99169,-36566982799.41718,-36557151573.11554,-36546976477.401855,-36536461448.12622,-36525610929.94465,-36514429904.86742,-36502923922.131035,-36491099129.44011,-36478962305.62465,-36466520894.757805,-36453783041.77777,-36440757629.65552,-36427454318.14808,-36413883584.17341,-36400056763.83945,-36385986096.15461,-36371684768.441025,-36357166963.46441,-36342447908.28559,-36327543924.82789,-36312472482.14196,-36297252250.334526,-36281903156.109886,-36266446439.85199,-36250904714.15068,-36235302023.64691,-36219663906.03877,-36204017454.05113,-36188391378.12705,-36172816069.54647,-36157323663.61768,-36141948102.51667,-36126725197.26847,-36111692688.27103,-36096890303.653625,-36082359814.63692,-36068145086.91718,-36054292126.93017,-36040849121.65802,-36027866470.41961,-36015396806.82812,-36003495008.8034,-35992218194.18362,-35981625699.08535,-35971779035.70335,-35962741825.71286,-35954579704.825,-35947360193.33769,-35941152526.70448,-35936027439.193275,-35932056892.60509,-35929313740.74416,-35927871318.846664,-35927802945.44908,-35929181322.17223,-35932077814.56022,-35936561594.3941,-35942698620.72719,-35950550433.18721,-35960172726.76602,-35971613672.26081,-35984911940.61375,-36000094382.46387,-36017173306.09696,-36036143287.43857,-36056977434.52743,-36079623015.72981,-36103996345.44744,-36129976802.81033,-36157399837.32445,-36186048790.06599,-36215645329.07573,-36245838262.27702,-36276190449.54284,-36306163486.33065,-36335099773.25653,-36362201517.54966,-36386506131.744286,-36406857400.198296,-36421871672.78492,-36429898214.802574,-36428972689.89353,-36416762575.29383,-36390503102.28505,-36346922074.69671,-36282151638.58216,-36191624747.56279,-36069953675.37637,-35910787441.92296,-35706644388.75038,-35448715263.0151,-35126630850.26244,-34728186061.79674,-34239008719.827908,-33642154746.587402,-32917599522.631264,-32041573108.95587,-30985646046.001415,-29715396322.421036,-28188347054.43307,-26350604186.048748,-24131146333.27689,-21431849954.252274,-18109756799.30046,-13945197305.52053,-8583828561.857095,-1430144397.3976898,8520389746.681867,21877265747.731853,0.0
7560.0,-35548798982.63636,-35573429044.22354,-35598071338.876686,-35622725446.59947,-35647390939.864746,-35672067383.498764,-35696754334.56377,-35721451342.23877,-35746157947.69854,-35770873683.99091,-35795598075.91218,-35820330639.88067,-35845070883.80853,-35869818306.97163,-35894572399.877365,-35919332644.130905,-35944098512.29911,-35968869467.77277,-35993644964.62669,-36018424447.47779,-36043207351.34119,-36067993101.48423,-36092781113.2784,-36117570792.04921,-36142361532.92379,-36167152720.676544,-36191943729.57246,-36216733923.20833,-36241522654.351746,-36266309264.77779,-36291093085.10357,-36315873434.620415,-36340649621.1238,-36365420940.74099,-36390186677.756256,-36414946104.43389,-36439698480.83874,-36464443054.65441,-36489179060.999084,-36513905722.23885,-36538622247.798775,-36563327833.971375,-36588021663.722694,-36612702906.49601,-36637370718.0129,-36662024240.07207,-36686662600.345436,-36711284912.172,-36735890274.34898,-36760477770.92067,-36785046470.96467,-36809595428.3757,-36834123681.64694,-36858630253.648865,-36883114151.40561,-36907574365.86894,-36932009871.689804,-36956419626.987335,-36980802573.1156,-37005157634.42794,-37029483718.038925,-37053779713.584045,-37078044492.97707,-37102276910.16527,-37126475800.88231,-37150639982.3991,-37174768253.27253,-37198859393.09213,-37222912162.224785,-37246925301.55758,-37270897532.238716,-37294827555.41685,-37318714051.97856,-37342555682.28444,-37366351085.90363,-37390098881.34705,-37413797665.7993,-37437446014.84964,-37461042482.221825,-37484585599.50325,-37508073875.87337,-37531505797.831604,-37554879828.92503,-37578194409.47594,-37601447956.309265,-37624638862.4807,-37647765497.005005,-37670826204.58529,-37693819305.343315,-37716743094.551056,-37739595842.36398,-37762375793.55621,-37785081167.25802,-37807710156.69588,-37830260928.93564,-37852731624.62901,-37875120357.763985,-37897425215.41944,-37919644257.52463,-37941775516.623886,-37963816997.64709,-37985766677.686584,-38007622505.7811,-38029382402.70709,-38051044260.77862,-38072605943.65598,-38094065286.16423,-38115420094.12213,-38136668144.182465,-38157807183.68473,-38178834930.52077,-38199749073.014755,-38220547269.818306,-38241227149.82191,-38261786312.08372,-38282222325.7772,-38302532730.158646,-38322715034.55598,-38342766718.38043,-38362685231.16248,-38382467992.61366,-38402112392.71598,-38421615791.84068,-38440975520.89827,-38460188881.52178,-38479253146.28537,-38498165558.96034,-38516923334.81117,-38535523660.9338,-38553963696.638695,-38572240573.881744,-38590351397.745476,-38608293246.97395,-38626063174.564255,-38643658208.41821,-38661075352.05773,-38678311585.40755,-38695363865.64936,-38712229128.15149,-38728904287.478516,-38745386238.48538,-38761671857.50115,-38777758003.60712,-38793641520.01524,-38809319235.55211,-38824787966.25486,-38840044517.085304,-38855085683.76879,-38869908254.76529,-38884509013.37965,-38898884740.01945,-38913032214.60824,-38926948219.163376,-38940629540.54725,-38954072973.402084,-38967275323.278114,-38980233409.96644,-38992944071.04753,-39005404165.667816,-39017610578.556656,-39029560224.29755,-39041250051.86719,-39052677049.45775,-39063838249.597694,-39074730734.58798,-39085351642.270874,-39095698172.15012,-39105767591.88142,-39115557244.154175,-39125064553.98587,-39134287036.45182,-39143222304.87444,-39151868079.49724,-39160222196.67038,-39168282618.57582,-39176047443.521706,-39183514916.837494,-39190683442.40239,-39197551594.842354,-39204118132.43177,-39210382010.73873,-39216342397.05433,-39221998685.64897,-39227350513.90061,-39232397779.34232,-39237140657.67939,-39241579621.82828,-39245715462.03275,-39249549307.115456,-39253082646.92593,-39256317356.04938,-39259255718.84359,-39261900455.87493,-39264254751.827644,-39266322284.96443,-39268107258.22001,-39269614432.013115,-39270849158.86643,-39271817419.92803,-39272525863.491844,-39272981845.61916,-39273193472.96721,-39273169647.93506,-39272920116.24145,-39272455517.05341,-39271787435.788315,-39270928459.71598,-39269892236.49146,-39268693535.751755,-39267348313.913345,-39265873782.30922,-39264288478.806046,-39262612343.042854,-39260866795.43225,-39259074820.06397,-39257261051.647095,-39255451866.62266,-39253675478.57102,-39251962038.02846,-39250343736.81447,-39248854916.95442,-39247532184.26041,-39246414526.60702,-39245543436.90498,-39244963040.73558,-39244720228.558784,-39244864792.34899,-39245449566.43925,-39246530572.269104,-39248167166.62705,-39250422192.85554,-39253362134.33876,-39257057269.419,-39261581826.67932,-39267014139.284454,-39273436796.78007,-39280936792.40546,-39289605663.56645,-39299539622.63277,-39310839674.65251,-39323611717.90201,-39337966622.3907,-39354020280.496025,-39371893622.78632,-39391712590.76638,-39413608056.71321,-39437715678.912,-39464175678.398026,-39493132520.69394,-39524734482.922,-39559133082.971565,-39596482342.995605,-39636937854.25791,-39680655604.08044,-39727790518.14503,-39778494662.4313,-39832915038.31951,-39891190891.4803,-39953450439.65924,-40019806905.79011,-40090353720.358665,-40165158729.761024,-40244257214.545715,-40327643481.655396,-40415260746.576096,-40506988962.80831,-40602630185.0301,-40701890965.98149,-40804361182.123955,-40909488555.504486,-41016547984.17454,-41124604605.29563,-41232469287.0731,-41338644970.31575,-41441261949.292816,-41537999785.658264,-41625993079.544685,-41701717770.442474,-41760854001.49554,-41798120852.95453,-41807077438.605804,-41779883975.11642,-41707015494.21154,-41576919875.25054,-41375610776.907036,-41086184612.862045,-40688248271.678444,-40157239084.045395,-39463606421.76707,-38571795708.81908,-37438909173.6482,-36012766385.5429,-34228748652.632156,-32004056952.27087,-29226312499.242996,-25729357999.999264,-21237622584.768124,-15216445623.787632,-6325617340.316234,10906444946.090427,0.0
7557.5,-36741451188.58354,-36770229538.300186,-36799043428.780594,-36827892612.05977,-36856776834.10244,-36885695834.69918,-36914649347.36071,-36943637099.210556,-36972658810.87601,-37001714196.37717,-37030802963.01437,-37059924811.25366,-37089079434.61043,-37118266519.531235,-37147485745.2737,-37176736783.784424,-37206019299.57499,-37235332949.59601,-37264677383.10904,-37294052241.55658,-37323457158.42995,-37352891759.13503,-37382355660.855965,-37411848472.416595,-37441369794.1398,-37470919217.70457,-37500496326.000854,-37530100692.98215,-37559731883.51575,-37589389453.23071,-37619072948.36343,-37648781905.60081,-37678515851.9211,-37708274304.432144,-37738056770.20732,-37767862746.11888,-37797691718.66874,-37827543163.816795,-37857416546.8066,-37887311321.98845,-37917226932.63981,-37947162810.78312,-37977118377.00085,-38007093040.24791,-38037086197.6613,-38067097234.36694,-38097125523.28386,-38127170424.92539,-38157231287.19772,-38187307445.19551,-38217398220.99459,-38247502923.441956,-38277620847.9427,-38307751276.24409,-38337893476.21677,-38368046701.63295,-38398210191.94176,-38428383172.04147,-38458564852.04907,-38488754427.0665,-38518951076.94424,-38549153966.04181,-38579362242.98535,-38609575040.42221,-38639791474.77268,-38670010645.97878,-38700231637.25015,-38730453514.80699,-38760675327.62033,-38790896107.149284,-38821114867.07564,-38851330603.03567,-38881542292.34923,-38911748893.746216,-38941949347.090454,-38972142573.10101,-39002327473.071075,-39032502928.58445,-39062667801.22973,-39092820932.3123,-39122961142.56415,-39153087231.85183,-39183197978.8823,-39213292140.907295,-39243368453.425835,-39273425629.88536,-39303462361.38165,-39333477316.35747,-39363469140.30026,-39393436455.43931,-39423377860.44208,-39453291930.1105,-39483177215.07709,-39513032241.50125,-39542855510.76625,-39572645499.176765,-39602400657.65779,-39632119411.45484,-39661800159.836105,-39691441275.79683,-39721041105.76634,-39750597969.318146,-39780110158.88373,-39809575939.470276,-39838993548.383224,-39868361194.95386,-39897677060.27277,-39926939296.92988,-39956146028.76137,-39985295350.604805,-40014385328.06268,-40043413997.27553,-40072379364.705444,-40101279406.93072,-40130112070.45295,-40158875271.517334,-40187566895.94739,-40216184798.99528,-40244726805.20894,-40273190708.31741,-40301574271.13567,-40329875225.4904,-40358091272.16855,-40386220080.88988,-40414259290.305695,-40442206508.02536,-40470059310.67265,-40497815243.97397,-40525471822.880775,-40553026531.728386,-40580476824.43376,-40607820124.73477,-40635053826.47387,-40662175293.92894,-40689181862.194626,-40716070837.61713,-40742839498.28633,-40769485094.588646,-40796004849.824554,-40822395960.89505,-40848655599.061295,-40874780910.78205,-40900769018.63401,-40926617022.319786,-40952321999.76957,-40977881008.34183,-41003291086.12947,-41028549253.3778,-41053652514.02129,-41078597857.34641,-41103382259.78817,-41128002686.868744,-41152456095.28664,-41176739435.1657,-41200849652.473625,-41224783691.62028,-41248538498.2468,-41272111022.21687,-41295498220.822556,-41318697062.21752,-41341704529.09162,-41364517622.601105,-41387133366.56992,-41409548811.97881,-41431761041.759056,-41453767175.90949,-41475564376.956276,-41497149855.77599,-41518520877.804016,-41539674769.65132,-41560608926.1544,-41581320817.88447,-41601807999.14358,-41622068116.47701,-41642098917.73331,-41661898261.70491,-41681464128.38456,-41700794629.87478,-41719888021.990005,-41738742716.59343,-41757357294.71302,-41775730520.48433,-41793861355.97024,-41811748976.911026,-41829392789.46169,-41846792447.97664,-41863947873.90593,-41880859275.87088,-41897527170.991684,-41913952407.54353,-41930136189.023026,-41946080099.71166,-41961786131.82856,-41977256714.370384,-41992494743.742836,-42007503616.29421,-42022287262.86888,-42036850185.50583,-42051197496.415215,-42065334959.37432,-42079269033.69327,-42093006920.910126,-42106556614.38524,-42119926951.97516,-42133127671.97797,-42146169472.55331,-42159064074.833916,-42171824289.957924,-42184464090.26606,-42196998684.92229,-42209444600.23285,-42221819764.95446,-42234143600.9005,-42246437119.17209,-42258723022.360115,-42271025813.084274,-42283371909.25599,-42295789766.47388,-42308310007.98246,-42320965562.64772,-42333791811.42697,-42346826742.83357,-42360111117.921394,-42373688645.337166,-42387606167.012344,-42401913855.08793,-42416665420.68642,-42431918335.16337,-42447734064.48639,-42464178317.40044,-42481321308.04403,-42499238033.679665,-42518008568.19147,-42537718371.98163,-42558458618.86106,-42580326540.476585,-42603425788.74131,-42627866816.63177,-42653767277.579735,-42681252443.50803,-42710455641.331795,-42741518707.45552,-42774592459.42914,-42809837183.465096,-42847423135.94398,-42887531056.31947,-42930352687.94752,-42976091302.26581,-43024962220.39538,-43077193324.56476,-43133025549.69755,-43192713342.969696,-43256525076.01983,-43324743390.65299,-43397665454.14258,-43475603094.40075,-43558882778.09013,-43647845385.86477,-43742845727.947014,-43844251729.65849,-43952443199.68473,-44067810072.95712,-44190749994.06578,-44321665074.78886,-44460957619.01882,-44609024558.040405,-44766250276.183304,-44932997428.08126,-45109595250.01465,-45296324743.94835,-45493399957.47883,-45700944388.00689,-45918961295.30856,-46147296401.53148,-46385591077.69353,-46633223645.41767,-46889235845.44749,-47152240825.28439,-47420308167.49519,-47690820522.03386,-47960295352.951866,-48224164249.12498,-48476501365.92693,-48709692220.0115,-48914034911.4785,-49077269058.590965,-49184035288.79077,-49215283347.24355,-49147675100.377365,-48953078165.31152,-48598328392.97807,-48045569498.15249,-47253666728.77913,-46181424118.91029,-44793513265.005226,-43069860365.9933,-41018367645.389885,-38690809381.68936,-36216952502.07684,-34026842444.77047,0.0
7555.0,-37889615427.90494,-37922475086.727615,-37955393847.45672,-37988371642.301254,-38021408399.01311,-38054504040.79769,-38087658486.22287,-38120871649.12632,-38154143438.521194,-38187473758.500015,-38220862508.13698,-38254309581.38837,-38287814866.99122,-38321378248.360214,-38354999603.482605,-38388678804.81139,-38422415719.15649,-38456210207.573975,-38490062125.25338,-38523971321.40293,-38557937639.132774,-38591960915.33608,-38626040980.56811,-38660177658.92308,-38694370767.90882,-38728620118.319275,-38762925514.10474,-38797286752.23975,-38831703622.58879,-38866175907.76939,-38900703383.013115,-38935285816.023895,-38969922966.834076,-39004614587.65772,-39039360422.7416,-39074160208.213455,-39109013671.92769,-39143920533.308395,-39178880503.189674,-39213893283.6532,-39248958567.863014,-39284076039.897575,-39319245374.57882,-39354466237.29842,-39389738283.8411,-39425061160.204994,-39460434502.41888,-39495857936.35655,-39531331077.547966,-39566853530.98729,-39602424890.937836,-39638044740.73373,-39673712652.578415,-39709428187.33984,-39745190894.3423,-39781000311.155075,-39816855963.377525,-39852757364.420876,-39888704015.28662,-39924695404.341255,-39960731007.08773,-39996810285.93325,-40032932689.953545,-40069097654.653595,-40105304601.72469,-40141552938.79797,-40177842059.194176,-40214171341.669876,-40250540150.15994,-40286947833.516396,-40323393725.24351,-40359877143.229225,-40396397389.472885,-40432953749.80925,-40469545493.62879,-40506171873.594406,-40542832125.35432,-40579525467.25137,-40616251100.02878,-40653008206.53216,-40689795951.40801,-40726613480.79876,-40763459922.03421,-40800334383.319664,-40837235953.42058,-40874163701.344025,-40911116676.01689,-40948093905.96095,-40985094398.96491,-41022117141.75356,-41059161099.65408,-41096225216.259705,-41133308413.090866,-41170409589.25393,-41207527621.09779,-41244661361.86839,-41281809641.36146,-41318971265.57368,-41356145016.35244,-41393329651.0446,-41430523902.14425,-41467726476.94018,-41504936057.16292,-41542151298.63209,-41579370830.904236,-41616593256.9215,-41653817152.661736,-41691041066.79036,-41728263520.31458,-41765483006.24039,-41802697989.23299,-41839906905.28113,-41877108161.36634,-41914300135.13714,-41951481174.58964,-41988649597.754875,-42025803692.39382,-42062941715.701126,-42100061894.01836,-42137162422.557724,-42174241465.13778,-42211297153.931625,-42248327589.22944,-42285330839.21631,-42322304939.7668,-42359247894.25803,-42396157673.40244,-42433032215.10217,-42469869424.32695,-42506667173.01713,-42543423300.01421,-42580135611.02077,-42616801878.59221,-42653419842.16295,-42689987208.10925,-42726501649.85193,-42762960808.00157,-42799362290.54954,-42835703673.10808,-42871982499.20303,-42908196280.623055,-42944342497.829124,-42980418600.42891,-43016422007.72016,-43052350109.30839,-43088200265.80346,-43123969809.600975,-43159656045.75405,-43195256252.9415,-43230767684.53937,-43266187569.80234,-43301513115.16272,-43336741505.6548,-43371869906.4728,-43406895464.67166,-43441815311.01974,-43476626562.01384,-43511326322.06713,-43545911685.88122,-43580379741.01502,-43614727570.662735,-43648952256.65503,-43683050882.69809,-43717020537.866035,-43750858320.36321,-43784561341.574234,-43818126730.42047,-43851551638.04311,-43884833242.83413,-43917968755.83786,-43950955426.54766,-43983790549.12332,-44016471469.056946,-44048995590.316536,-44081360382.99899,-44113563391.52557,-44145602243.4159,-44177474658.67833,-44209178459.85763,-44240711582.783104,-44272072088.06389,-44303258173.38054,-44334268186.62632,-44365100639.95436,-44395754224.79127,-44426227827.881935,-44456520548.43457,-44486631716.43981,-44516560912.24329,-44546307987.455986,-44575873087.29335,-44605256674.440056,-44634459554.544495,-44663482903.45419,-44692328296.311966,-44720997738.64039,-44749493699.55215,-44777819147.23351,-44805977586.858894,-44833973101.10617,-44861810393.45497,-44889494834.46361,-44917032511.23483,-44944430280.29637,-44971695824.139496,-44998837711.67651,-45025865462.89882,-45052789618.03784,-45079621811.55514,-45106374851.31216,-45133062803.29847,-45159701082.32563,-45186306549.12663,-45212897614.33495,-45239494349.854904,-45266118608.17556,-45292794150.22483,-45319546782.407845,-45346404503.52575,-45373397662.327736,-45400559126.51016,-45427924464.042625,-45455532137.77436,-45483423714.35116,-45511644088.55999,-45540241724.30962,-45569268913.55778,-45598782054.60307,-45628841951.2806,-45659514134.72755,-45690869209.52661,-45722983226.18586,-45755938082.07952,-45789821953.15226,-45824729758.88268,-45860763663.2111,-45898033614.36173,-45936657926.73243,-45976763908.2855,-46018488537.15309,-46061979191.46838,-46107394436.750206,-46154904875.504105,-46204694064.052605,-46256959501.972755,-46311913699.89273,-46369785331.77737,-46430820478.20647,-46495283967.506325,-46563460821.92088,-46635657816.2801,-46712205156.81168,-46793458287.8092,-46879799833.762695,-46971641684.20857,-47069427227.87273,-47173633741.545784,-47284774937.379974,-47403403669.72972,-47530114798.991394,-47665548204.77204,-47810391933.649155,-47965385457.14236,-48131323002.46164,-48309056901.021225,-48499500876.14436,-48703633159.894775,-48922499286.99091,-49157214357.89799,-49408964488.98176,-49679007069.161194,-49968669312.10988,-50279344420.69488,-50612484453.07555,-50969588681.26528,-51352185842.51694,-51761808176.95922,-52199954493.35029,-52668038679.667946,-53167319053.29811,-53698802723.48742,-54263117761.74868,-54860344593.88754,-55489797001.77715,-56149743229.71468,-56837060500.24467,-57546824840.731895,-58271858450.230385,-59002300262.320045,-59725353545.83461,-60425538658.31624,-61086118595.836075,-61693022572.1937,-62243867561.68193,-62767175373.860886,-63361973344.684395,-64279891933.458496,-66112411937.15624,-70371144356.17714,-82661102683.58353,0.0
7552.5,-38987204028.07152,-39024042174.62826,-39060962950.63353,-39097966473.81081,-39135052859.1618,-39172222218.89396,-39209474662.34657,-39246810295.91523,-39284229222.974846,-39321731543.800964,-39359317355.4896,-39396986751.87529,-39434739823.447525,-39472576657.265526,-39510497336.871124,-39548501942.20003,-39586590549.491165,-39624763231.194214,-39663020055.875244,-39701361088.1204,-39739786388.43769,-39778296013.15673,-39816890014.3265,-39855568439.61089,-39894331332.182365,-39933178730.61325,-39972110668.764915,-40011127175.67479,-40050228275.44092,-40089413987.104385,-40128684324.5293,-40168039296.28025,-40207478905.49758,-40247003149.76985,-40286612021.003944,-40326305505.29259,-40366083582.779106,-40405946227.5196,-40445893407.34233,-40485925083.704315,-40526041211.545135,-40566241739.13774,-40606526607.93649,-40646895752.42202,-40687349099.94316,-40727886570.55577,-40768508076.85834,-40809213523.82444,-40850002808.631966,-40890875820.48891,-40931832440.45587,-40972872541.26516,-41013995987.13635,-41055202633.58826,-41096492327.24746,-41137864905.652985,-41179320197.05738,-41220858020.22403,-41262478184.22058,-41304180488.20846,-41345964721.228516,-41387830661.98263,-41429778078.61116,-41471806728.466446,-41513916357.88194,-41556106701.93724,-41598377484.21874,-41640728416.57599,-41683159198.87352,-41725669518.7384,-41768259051.30311,-41810927458.94389,-41853674391.0145,-41896499483.57524,-41939402359.11729,-41982382626.28229,-42025439879.57706,-42068573699.08348,-42111783650.16349,-42155069283.15908,-42198430133.0874,-42241865719.33079,-42285375545.32183,-42328959098.22321,-42372615848.60273,-42416345250.10295,-42460146739.10593,-42504019734.39271,-42547963636.79775,-42591977828.858246,-42636061674.458305,-42680214518.46805,-42724435686.37764,-42768724483.926346,-42813080196.72655,-42857502089.88277,-42901989407.606,-42946541372.823135,-42991157186.78157,-43035836028.64936,-43080577055.1109,-43125379399.95799,-43170242173.67696,-43215164463.03141,-43260145330.64137,-43305183814.55845,-43350278927.837715,-43395429658.10611,-43440634967.12811,-43485893790.36844,-43531205036.55248,-43576567587.224686,-43621980296.30511,-43667441989.64487,-43712951464.58055,-43758507489.48837,-43804108803.33843,-43849754115.24954,-43895442104.04555,-43941171417.81344,-43986940673.46407,-44032748456.29639,-44078593319.56572,-44124473784.05732,-44170388337.66563,-44216335434.98089,-44262313496.88367,-44308320910.148636,-44354356027.05902,-44400417165.03284,-44446502606.26237,-44492610597.36868,-44538739349.07243,-44584887035.88324,-44631051795.80893,-44677231730.087296,-44723424902.94207,-44769629341.36578,-44815843034.93174,-44862063935.63799,-44908289957.78609,-44954518977.89764,-45000748834.671936,-45046977328.98832,-45093202223.95677,-45139421245.0209,-45185632080.11759,-45231832379.897835,-45278019758.01366,-45324191791.476425,-45370346021.09198,-45416479951.97873,-45462591054.17507,-45508676763.34282,-45554734481.57415,-45600761578.30966,-45646755391.37617,-45692713228.15283,-45738632366.8754,-45784510058.08875,-45830343526.25849,-45876129971.55349,-45921866571.8117,-45967550484.70263,-46013178850.10102,-46058748792.68645,-46104257424.78602,-46149701849.47692,-46195079163.96822,-46240386463.281525,-46285620844.252335,-46330779409.87508,-46375859274.01645,-46420857566.52362,-46465771438.75566,-46510598069.56851,-46555334671.78639,-46599978499.19422,-46644526854.089,-46688977095.4303,-46733326647.6328,-46777573010.04794,-46821713767.18395,-46865746599.718094,-46909669296.35878,-46953479766.61932,-46997176054.56987,-47040756353.639206,-47084219022.543335,-47127562602.42404,-47170785835.286354,-47213887683.83147,-47256867352.78844,-47299724311.85683,-47342458320.380424,-47385069453.882416,-47427558132.60208,-47469925152.184814,-47512171716.68913,-47554299474.0878,-47596310554.45411,-47638207611.04085,-47679993864.475746,-47721673150.31621,-47763249970.22635,-47804729547.06142,-47846117884.16883,-47887421829.241425,-47928649143.087456,-47969808573.71303,-48010909936.148186,-48051964198.48404,-48092983574.63167,-48133981624.35744,-48174973361.20064,-48215975368.93317,-48257005927.28225,-48298085147.703064,-48339235120.061874,-48380480071.17043,-48421846536.20227,-48463363544.119225,-48505062818.3457,-48546978994.04881,-48589149853.51515,-48631616581.2637,-48674424040.69778,-48717621074.28126,-48761260829.427246,-48805401112.51251,-48850104773.682106,-48895440125.38929,-48941481397.92811,-48988309235.56586,-49036011237.2734,-49084682546.48976,-49134426494.84804,-49185355305.341064,-49237590861.02452,-49291265546.05172,-49346523166.61884,-49403519960.28389,-49462425703.12007,-49523424925.29251,-49586718246.92166,-49652523847.54051,-49721079084.088524,-49792642274.24029,-49867494663.973625,-49945942600.67457,-50028319935.79865,-50114990684.202866,-50206351970.78766,-50302837299.10001,-50404920181.11805,-50513118172.63847,-50627997364.606865,-50750177387.45784,-50880336993.16594,-51019220288.354095,-51167643701.56263,-51326503778.74589,-51496785913.30792,-51679574130.54906,-51876062061.24045,-52087565255.031586,-52315535001.21265,-52561573841.41905,-52827452975.19971,-53115131773.39398,-53426779623.52744,-53764800332.210846,-54131859296.25829,-54530913618.75473,-54965245276.76316,-55438497326.8339,-55954712939.109795,-56518376747.59671,-57134457548.446785,-57808450711.46016,-58546417719.84951,-59355018937.31555,-60241533943.84111,-61213861555.242714,-62280489066.14734,-63450417813.936615,-64733031159.529724,-66137894532.62589,-67674492291.29641,-69351948108.8439,-71178877586.5882,-73163755662.83528,-75316704120.20842,-77654763257.4082,-80215280931.98944,-83087713073.09018,-86485866026.63611,-90899628734.24524,-97330233456.79533,-106478698031.8495,0.0
7550.0,-40028298837.368164,-40068977026.070145,-40109761044.95893,-40150651199.64779,-40191647794.85179,-40232751134.334366,-40273961520.85251,-40315279256.100525,-40356704640.65253,-40398237973.90337,-40439879554.00824,-40481629677.820724,-40523488640.82927,-40565456737.09227,-40607534259.17139,-40649721498.063324,-40692018743.12997,-40734426282.02674,-40776944400.62929,-40819573382.95837,-40862313511.102905,-40905165065.14126,-40948128323.06045,-40991203560.67357,-41034391051.5352,-41077691066.85473,-41121103875.40765,-41164629743.44473,-41208268934.59896,-41252021709.79039,-41295888327.12864,-41339869041.81302,-41383964106.03049,-41428173768.85094,-41472498276.12018,-41516937870.35043,-41561492790.60801,-41606163272.39865,-41650949547.5499,-41695851844.09093,-41740870386.12941,-41786005393.7256,-41831257082.76337,-41876625664.8184,-41922111347.02314,-41967714331.92873,-42013434817.36367,-42059272996.289276,-42105229056.65176,-42151303181.230774,-42197495547.48475,-42243806327.39238,-42290235687.29071,-42336783787.70929,-42383450783.20067,-42430236822.16704,-42477142046.682846,-42524166592.3134,-42571310587.92934,-42618574155.51694,-42665957409.98416,-42713460458.96213,-42761083402.60239,-42808826333.369484,-42856689335.82883,-42904672486.429955,-42952775853.284874,-43000999495.941444,-43049343465.15182,-43097807802.635666,-43146392540.83821,-43195097702.68298,-43243923301.31899,-43292869339.86256,-43341935811.13336,-43391122697.38482,-43440429970.02863,-43489857589.35329,-43539405504.23658,-43589073651.852005,-43638861957.368744,-43688770333.64542,-43738798680.917175,-43788946886.47641,-43839214824.34662,-43889602354.94939,-43940109324.76467,-43990735565.983826,-44041480896.155655,-44092345117.82518,-44143328018.165,-44194429368.59932,-44245648924.420334,-44296986424.39708,-44348441590.37648,-44400014126.876495,-44451703720.671585,-44503510040.369934,-44555432735.982704,-44607471438.485176,-44659625759.36954,-44711895290.18953,-44764279602.09664,-44816778245.36795,-44869390748.92556,-44922116619.8474,-44974955342.86981,-45027906379.88139,-45080969169.4083,-45134143126.09137,-45187427640.15434,-45240822076.8639,-45294325775.9813,-45347938051.205635,-45401658189.60882,-45455485451.06262,-45509419067.657585,-45563458243.11415,-45617602152.18616,-45671849940.05693,-45726200721.728134,-45780653581.40175,-45835207571.85545,-45889861713.81166,-45944614995.30081,-45999466371.01916,-46054414761.6815,-46109459053.369774,-46164598096.87739,-46219830707.05077,-46275155662.12809,-46330571703.07654,-46386077532.928474,-46441671816.11791,-46497353177.81787,-46553120203.280045,-46608971437.17777,-46664905382.95384,-46720920502.17428,-46777015213.88986,-46833187894.00712,-46889436874.67028,-46945760443.6566,-47002156843.78679,-47058624272.35317,-47115160880.567894,-47171764773.0339,-47228434007.24172,-47285166593.095055,-47341960492.468636,-47398813618.802185,-47455723836.734085,-47512688961.779465,-47569706760.056946,-47626774948.0694,-47683891192.543625,-47741053110.335205,-47798258268.40446,-47855504183.8703,-47912788324.149376,-47970108107.188065,-48027460901.795876,-48084844028.08938,-48142254758.05628,-48199690316.25021,-48257147880.62764,-48314624583.539055,-48372117512.88759,-48429623713.4693,-48487140188.51034,-48544663901.41749,-48602191777.75998,-48659720707.501465,-48717247547.50306,-48774769124.319534,-48832282237.31279,-48889783662.1084,-48947270154.42339,-49004738454.29515,-49062185290.74423,-49119607386.906166,-49177001465.67018,-49234364255.86607,-49291692499.04326,-49348982956.89013,-49406232419.3455,-49463437713.45804,-49520595713.05463,-49577703349.28277,-49634757622.098564,-49691755612.77694,-49748694497.52745,-49805571562.30617,-49862384218.92154,-49919130022.54051,-49975806690.71022,-50032412124.02067,-50088944428.54416,-50145401940.199585,-50201783251.20247,-50258087238.77509,-50314313096.30804,-50370460367.17952,-50426528981.45943,-50482519295.743645,-50538432136.38817,-50594268846.43586,-50650031336.5571,-50705722140.35397,-50761344474.41191,-50816902303.518036,-50872400411.50566,-50927844478.22884,-50983241163.21934,-51038598196.6325,-51093924478.14881,-51149230184.563225,-51204526886.8692,-51259827677.72501,-51315147310.28164,-51370502349.45218,-51425911336.81543,-51481394970.472626,-51536976301.31552,-51592680947.32219,-51648537327.671425,-51704576918.66416,-51760834533.66027,-51817348629.48778,-51874161642.05945,-51931320354.24638,-51988876299.41115,-52046886204.40366,-52105412476.27366,-52164523737.46531,-52224295414.839325,-52284810388.525856,-52346159707.359695,-52408443378.50136,-52471771239.820045,-52536263924.72354,-52602053930.391266,-52669286801.82204,-52738122445.77883,-52808736590.63507,-52881322410.34027,-52956092333.27803,-53033280059.74275,-53113142815.18291,-53195963870.329865,-53282055363.94757,-53371761469.31861,-53465461951.86125,-53563576172.619064,-53666567600.97524,-53774948910.05888,-53889287740.21577,-54010213229.95729,-54138423430.39792,-54274693738.842514,-54419886510.50384,-54574962035.04736,-54740991097.66406,-54919169383.730896,-55110834033.114876,-55317482706.35365,-55540795592.130295,-55782660865.823494,-56045204204.97958,-56330823082.225006,-56642226692.661736,-56982482534.65389,-57355070853.62699,-57763948381.13698,-58213623057.87153,-58709241718.654144,-59256693034.21964,-59862728334.01828,-60535103247.01069,-61282743338.534645,-62115936994.46139,-63046558544.769745,-64088323753.14121,-65257077875.50245,-66571112771.00324,-68051502836.33111,-69722437893.46332,-71611511479.47276,-73749890294.8625,-76172237032.4933,-78916172395.21832,-82020925185.81787,-85524608632.17738,-89459253791.01663,-93842332053.08772,-98663112880.64804,-103861821269.54846,-109292300398.89352,-114538958925.44225,-117849685171.87122,0.0
7547.5,-41007207174.73585,-41051552026.21234,-41096025287.445244,-41140627451.24631,-41185359011.40455,-41230220462.65333,-41275212300.63622,-41320335021.8718,-41365589123.71722,-41410975104.33055,-41456493462.631935,-41502144698.263336,-41547929311.54711,-41593847803.44315,-41639900675.50462,-41686088429.83232,-41732411569.027596,-41778870596.14369,-41825466014.63558,-41872198328.3083,-41919068041.26353,-41966075657.84456,-42013221682.5797,-42060506620.123634,-42107930975.19727,-42155495252.52558,-42203199956.77362,-42251045592.48056,-42299032663.99172,-42347161675.388695,-42395433130.41715,-42443847532.412704,-42492405384.22441,-42541107188.136086,-42589953445.78531,-42638944658.08,-42688081325.112526,-42737363946.071396,-42786793019.150345,-42836369041.45465,-42886092508.90494,-42935963916.13808,-42985983756.40528,-43036152521.46725,-43086470701.48632,-43136938784.91554,-43187557258.38463,-43238326606.58259,-43289247312.137085,-43340319855.490425,-43391544714.77194,-43442922365.66692,-43494453281.281746,-43546137932.005295,-43597976785.36655,-43649970305.88803,-43702118954.93544,-43754423190.5629,-43806883467.353966,-43859500236.258385,-43912273944.4241,-43965205035.02487,-44018293947.08297,-44071541115.28722,-44124946969.80582,-44178511936.09425,-44232236434.69789,-44286120881.049164,-44340165685.259346,-44394371251.9046,-44448737979.806274,-44503266261.80527,-44557956484.53032,-44612809028.159996,-44667824266.17845,-44723002565.12439,-44778344284.33363,-44833849775.674484,-44889519383.27622,-44945353443.25047,-45001352283.40482,-45057516222.949295,-45113845572.1947,-45170340632.243225,-45227001694.670746,-45283829041.20097,-45340822943.37077,-45397983662.187,-45455311447.77416,-45512806539.01308,-45570469163.16996,-45628299535.51596,-45686297858.93694,-45744464323.533,-45802799106.20784,-45861302370.24747,-45919974264.888214,-45978814924.87361,-46037824470.0,-46097003004.6507,-46156350617.31825,-46215867380.11461,-46275553348.26914,-46335408559.613884,-46395433034.056,-46455626773.037125,-46515989758.97932,-46576521954.717255,-46637223302.916534,-46698093725.47769,-46759133122.92578,-46820341373.784996,-46881718333.938416,-46943263835.97215,-47004977688.50406,-47066859675.49643,-47128909555.55239,-47191127061.19608,-47253511898.13585,-47316063744.51049,-47378782250.11842,-47441667035.62904,-47504717691.77655,-47567933778.53569,-47631314824.27936,-47694860324.91769,-47758569743.0186,-47822442506.90958,-47886478009.76039,-47950675608.64694,-48015034623.5956,-48079554336.60857,-48144233990.66964,-48209072788.730774,-48274069892.67917,-48339224422.28501,-48404535454.12998,-48470002020.516754,-48535623108.35943,-48601397658.05531,-48667324562.338356,-48733402665.11453,-48799630760.27976,-48866007590.52055,-48932531846.09848,-48999202163.61887,-49066017124.78449,-49132975255.13547,-49200075022.77611,-49267314837.09021,-49334693047.44596,-49402207941.891945,-49469857745.84608,-49537640620.7793,-49605554662.89605,-49673597901.8139,-49741768299.24491,-49810063747.681694,-49878482069.091,-49947021013.618515,-50015678258.30877,-50084451405.84404,-50153337983.307076,-50222335440.972664,-50291441151.13342,-50360652406.96609,-50429966421.44475,-50499380326.30842,-50568891171.090805,-50638495922.22094,-50708191462.20431,-50777974588.89463,-50847842014.8677,-50917790366.90975,-50987816185.63355,-51057915925.23725,-51128085953.42172,-51198322551.48422,-51268621914.60718,-51338980152.36305,-51409393289.458115,-51479857266.73959,-51550367942.493645,-51620921094.06321,-51691512419.8182,-51762137541.51297,-51832792007.06943,-51903471293.82754,-51974170812.30874,-52044885910.54227,-52115611879.00858,-52186343956.25935,-52257077335.278915,-52327807170.65813,-52398528586.65805,-52469236686.24848,-52539926561.21389,-52610593303.42845,-52681232017.41118,-52751837834.28326,-52822405927.26054,-52892931528.82803,-52963409949.756516,-53033836600.13765,-53104207012.63058,-53174516868.13323,-53244762024.11119,-53314938545.84129,-53385042740.85308,-53455071196.878914,-53525020823.65661,-53594888898.96253,-53664673119.29338,-53734371655.65765,-53803983214.986855,-53873507107.730316,-53942943322.25817,-54012292606.76417,-54081556559.43491,-54150737727.737625,-54219839717.771225,-54288867314.732666,-54357826615.66836,-54426725175.814575,-54495572169.98009,-54564378570.59431,-54633157344.23396,-54701923668.65742,-54770695172.6186,-54839492201.008545,-54908338108.18466,-54977259582.70255,-55046287007.06854,-55115454856.589554,-55184802141.92054,-55254372900.50686,-55324216742.80204,-55394389459.9236,-55464953700.30749,-55535979723.95248,-55607546244.03308,-55679741367.02883,-55752663644.09793,-55826423248.25407,-55901143294.025955,-55976961318.74492,-56054030947.47367,-56132523766.93797,-56212631437.73386,-56294568078.66749,-56378572962.46673,-56464913568.436966,-56553889045.10802,-56645834144.75506,-56741123702.15674,-56840177742.41004,-56943467317.469604,-57051521188.82742,-57164933495.020966,-57284372568.23009,-57410591095.05246,-57544437853.827034,-57686871306.08989,-57838975374.749855,-58001977808.685936,-58177271615.60102,-58366440145.76858,-58571286533.36863,-58793868355.18024,-59036538555.70844,-59301993922.40861,-59593332685.79194,-59914123180.78453,-60268485954.81731,-60661192265.280396,-61097782598.271,-61584709689.103714,-62129511561.10631,-62741021347.876495,-63429622138.23704,-64207556765.2908,-65089304269.77899,-66092036493.955444,-67236169448.88962,-68546023819.46916,-70050605413.47928,-71784506027.19913,-73788901378.12831,-76112572516.57465,-78812775327.17061,-81955579745.49193,-85614896243.67099,-89868595529.86954,-94788467184.38606,-100417277720.43927,-106718696611.98618,-113470195079.13506,-120047165195.71312,-125143628818.92804,-127016408095.03108,0.0
7545.0,-41918516567.020325,-41966320930.38759,-42014275371.50546,-42062380566.59028,-42110637194.724655,-42159045937.846146,-42207607480.735,-42256322511.00099,-42305191719.06944,-42354215798.16596,-42403395444.30049,-42452731356.250175,-42502224235.54109,-42551874786.42903,-42601683715.87898,-42651651733.54355,-42701779551.740074,-42752067885.42659,-42802517452.176346,-42853128972.1512,-42903903168.07341,-42954840765.19618,-43005942491.27267,-43057209076.523506,-43108641253.602745,-43160239757.5622,-43212005325.814224,-43263938698.092636,-43316040616.412,-43368311825.02507,-43420753070.37834,-43473365101.06578,-43526148667.780365,-43579104523.26382,-43632233422.25411,-43685536121.430824,-43739013379.358246,-43792665956.426186,-43846494614.788506,-43900500118.29901,-43954683232.44499,-44009044724.27813,-44063585362.342636,-44118305916.600784,-44173207158.355446,-44228289860.169846,-44283554795.78419,-44339002740.02923,-44394634468.73665,-44450450758.64609,-44506452387.308815,-44562640132.98793,-44619014774.55488,-44675577091.38229,-44732327863.23301,-44789267870.14511,-44846397892.31298,-44903718709.96406,-44961231103.23136,-45018935852.02154,-45076833735.878365,-45134925533.84145,-45193212024.300186,-45251693984.842636,-45310372192.099236,-45369247421.58128,-45428320447.51379,-45487592042.66287,-45547062978.15727,-45606734023.303764,-45666605945.39661,-45726679509.52052,-45786955478.34712,-45847434611.92466,-45908117667.460724,-45969005399.098,-46030098557.68236,-46091397890.52361,-46152904141.14829,-46214618049.04444,-46276540349.39808,-46338671772.82112,-46401013045.070496,-46463564886.75811,-46526328013.051636,-46589303133.36544,-46652490951.04178,-46715892163.021675,-46779507459.50525,-46843337523.60127,-46907383030.96547,-46971644649.42736,-47036123038.60522,-47100818849.508766,-47165732724.12938,-47230865295.01717,-47296217184.84498,-47361789005.95822,-47427581359.910934,-47493594836.986984,-47559830015.706345,-47626287462.31577,-47692967730.26372,-47759871359.65852,-47826998876.70999,-47894350793.15331,-47961927605.655045,-48029729795.200714,-48097757826.46326,-48166012147.151924,-48234493187.3409,-48303201358.77713,-48372137054.166916,-48441300646.44011,-48510692487.991936,-48580312909.901215,-48650162221.124626,-48720240707.66609,-48790548631.720856,-48861086230.79307,-48931853716.78649,-49002851275.06743,-49074079063.49892,-49145537211.44562,-49217225818.748314,-49289144954.667336,-49361294656.79386,-49433674929.92836,-49506285744.92502,-49579127037.50141,-49652198707.01236,-49725500615.1869,-49799032584.82748,-49872794398.47016,-49946785797.005135,-50021006478.2559,-50095456095.51655,-50170134256.0457,-50245040519.51615,-50320174396.4189,-50395535346.420494,-50471122776.67253,-50546936040.07205,-50622974433.47154,-50699237195.837585,-50775723506.35661,-50852432482.486725,-50929363177.954315,-51006514580.694176,-51083885610.73198,-51161475118.00781,-51239281880.13964,-51317304600.125336,-51395541903.98257,-51473992338.32455,-51552654367.87164,-51631526372.89693,-51710606646.60502,-51789893392.44337,-51869384721.34485,-51949078648.90131,-52028973092.46693,-52109065868.19119,-52189354687.98096,-52269837156.391365,-52350510767.445366,-52431372901.38224,-52512420821.33513,-52593651669.93842,-52675062465.86548,-52756650100.29843,-52838411333.330734,-52920342790.30518,-53002440958.08911,-53084702181.289894,-53167122658.41388,-53249698437.97283,-53332425414.542465,-53415299324.77822,-53498315743.39471,-53581470079.11556,-53664757570.60212,-53748173282.369835,-53831712100.702965,-53915368729.579414,-53999137686.618904,-54083013299.06978,-54166989699.85103,-54251060823.66885,-54335220403.228905,-54419461965.56821,-54503778828.53333,-54588164097.43493,-54672610661.91179,-54757111193.04201,-54841658140.74237,-54926243731.50291,-55010859966.50782,-55095498620.20072,-55180151239.358154,-55264809142.74295,-55349463421.4171,-55434104939.80245,-55518724337.58847,-55603312032.59643,-55687858224.72281,-55772352901.09816,-55856785842.61313,-55941146631.98159,-56025424663.52861,-56109609154.91463,-56193689161.03001,-56277653590.32216,-56361491223.8474,-56445190737.37472,-56528740726.90599,-56612129738.02108,-56695346299.50468,-56778378961.76613,-56861216340.62503,-56943847167.10529,-57026260343.95784,-57108445009.721466,-57190390611.23098,-57272086985.59525,-57353524452.7966,-57434693920.20844,-57515587000.49405,-57596196144.53809,-57676514791.27677,-57756537536.53827,-57836260323.283966,-57915680655.961586,-57994797842.04712,-58073613264.27281,-58152130687.520355,-58230356604.91366,-58308300628.28363,-58385975928.91538,-58463399735.33899,-58540593895.91112,-58617585515.07781,-58694407673.53542,-58771100244.05246,-58847710816.51495,-58924295747.862274,-59000921355.04269,-59077665272.00658,-59154617995.15084,-59231884645.62973,-59309586981.67218,-59387865699.64195,-59466883069.216805,-59546825955.968414,-59627909294.05734,-59710380083.04819,-59794521996.40507,-59880660705.55051,-59969170043.092285,-60060479152.73019,-60155080802.43839,-60253541073.02856,-60356510677.71592,-60464738221.84862,-60579085778.08651,-60700547234.32398,-60830269973.77257,-60969580574.31911,-61120015374.62627,-61283356956.62833,-61461677850.0457,-61657393089.8765,-61873323672.846634,-62112773490.02945,-62379622994.8242,-62678443743.051544,-63014639072.949005,-63394617651.270676,-63826008490.51558,-64317928455.61877,-64881316360.400444,-65529351650.72288,-66277980516.68349,-67146578135.83037,-68158782497.5105,-69343542320.46783,-70736427397.69827,-72381250660.13133,-74332039395.95708,-76655351420.90825,-79432824622.78488,-82763598917.30513,-86765694590.84348,-91574211300.09709,-97331506047.72949,-104158283421.24947,-112079104740.55289,-120833096608.06458,-129390366138.23233,-136345125408.96957,0.0
7542.5,-42757147508.00379,-42808172086.0007,-42859367216.84967,-42910733753.30592,-42962272552.85461,-43013984477.721596,-43065870394.88367,-43117931176.07808,-43170167697.811356,-43222580841.367455,-43275171492.81526,-43327940543.01511,-43380888887.62465,-43434017427.10399,-43487327066.71961,-43540818716.54784,-43594493291.47701,-43648351711.20893,-43702394900.25908,-43756623787.95602,-43811039308.439514,-43865642400.65764,-43920434008.36267,-43975415080.10573,-44030586569.23024,-44085949433.86399,-44141504636.90991,-44197253146.035355,-44253195933.65996,-44309333976.942055,-44365668257.76337,-44422199762.71216,-44478929483.064644,-44535858414.76478,-44592987558.40198,-44650317919.18718,-44707850506.92685,-44765586335.99501,-44823526425.30304,-44881671798.26753,-44940023482.77566,-44998582511.148384,-45057349920.10115,-45116326750.70211,-45175514048.32778,-45234912862.61594,-45294524247.41586,-45354349260.73558,-45414388964.6862,-45474644425.42313,-45535116713.08414,-45595806901.724045,-45656716069.246124,-45717845297.329796,-45779195671.35477,-45840768280.32131,-45902564216.76678,-45964584576.677704,-46026830459.398155,-46089302967.53339,-46152003206.849075,-46214932286.16603,-46278091317.249825,-46341481414.69576,-46405103695.808334,-46468959280.4756,-46533049291.03788,-46597374852.15083,-46661937090.642494,-46726737135.36427,-46791776117.03563,-46857055168.08208,-46922575422.46651,-46988338015.513405,-47054344083.72591,-47120594764.59518,-47187091196.40217,-47253834518.011185,-47320825868.655235,-47388066387.71263,-47455557214.47478,-47523299487.9047,-47591294346.38594,-47659542927.46164,-47728046367.56339,-47796805801.72946,-47865822363.312004,-47935097183.67311,-48004631391.86887,-48074426114.3215,-48144482474.47879,-48214801592.460464,-48285384584.69129,-48356232563.51997,-48427346636.823814,-48498727907.59836,-48570377473.531494,-48642296426.56175,-48714485852.41975,-48786946830.15271,-48859680431.631096,-48932687721.036804,-49005969754.33248,-49079527578.710945,-49153362232.02426,-49227474742.19169,-49301866126.58569,-49376537391.39526,-49451489530.96582,-49526723527.11476,-49602240348.421715,-49678040949.49293,-49754126270.19838,-49830497234.88115,-49907154751.53746,-49984099710.96708,-50061332985.89221,-50138855430.04447,-50216667877.218185,-50294771140.28926,-50373166010.198074,-50451853254.89532,-50530833618.24916,-50610107818.912674,-50689676549.149734,-50769540473.6182,-50849700228.108536,-50930156418.23645,-51010909618.08781,-51091960368.81392,-51173309177.17576,-51254956514.034744,-51336902812.78863,-51419148467.74997,-51501693832.465546,-51584539217.974205,-51667684891.00095,-51751131072.08508,-51834877933.639626,-51918925597.93978,-52003274135.03775,-52087923560.60104,-52172873833.67136,-52258124854.34147,-52343676461.346756,-52429528429.568115,-52515680467.44333,-52602132214.28301,-52688883237.488,-52775933029.664185,-52863281005.631134,-52950926499.32045,-53038868760.55983,-53127106951.73833,-53215640144.348816,-53304467315.40247,-53393587343.71106,-53482999006.03165,-53572700973.068924,-53662691805.32951,-53752969948.82319,-53843533730.60462,-53934381354.15056,-54025510894.56554,-54116920293.6104,-54208607354.54653,-54300569736.7895,-54392804950.36465,-54485310350.15776,-54578083129.95293,-54671120316.25016,-54764418761.85471,-54857975139.2296,-54951785933.60318,-55045847435.82286,-55140155734.945885,-55234706710.55811,-55329496024.8111,-55424519114.16785,-55519771180.84732,-55615247183.95732,-55710941830.30544,-55806849564.87751,-55902964560.97261,-55999280709.983826,-56095791610.81364,-56192490558.91268,-56289370534.93081,-56386424192.96909,-56483643848.421616,-56581021465.39598,-56678548643.701706,-56776216605.39574,-56874016180.87492,-56971937794.50573,-57069971449.781975,-57168106714.00214,-57266332702.459145,-57364638062.13579,-57463010954.90155,-57561439040.20704,-57659909457.2751,-57758408806.78937,-57856923132.08417,-57955437899.842545,-58053937980.31278,-58152407627.05856,-58250830456.262184,-58349189425.60654,-58447466812.767746,-58545644193.558334,-58643702419.76936,-58741621596.77004,-58839381060.93541,-58936959356.98531,-59034334215.334,-59131482529.56682,-59228380334.181206,-59325002782.75173,-59421324126.706795,-59517317694.933975,-59612955874.46726,-59708210092.54941,-59803050800.409195,-59897447459.1469,-59991368528.182625,-60084781456.79289,-60177652679.34213,-60269947614.90962,-60361630672.12011,-60452665260.11119,-60543013806.713905,-60632637785.08967,-60721497750.257904,-60809553387.17166,-60896763572.255684,-60983086450.619965,-61068479531.50874,-61152899804.947845,-61236303883.02252,-61318648169.7644,-61399889064.264755,-61479983202.3766,-61558887743.241295,-61636560707.89835,-61712961378.43996,-61788050767.58393,-61861792170.20728,-61934151810.34887,-62005099599.51996,-62074610024.923706,-62142663189.468636,-62209246029.37623,-62274353739.86015,-62337991444.96088,-62400176154.35747,-62460939058.10441,-62520328220.07217,-62578411742.81024,-62635281491.10593,-62691057479.32851,-62745893049.55272,-62799980994.50913,-62853560812.985695,-62906927327.19292,-62960440944.1386,-63014539909.31676,-63069754985.06693,-63126727093.224976,-63186228599.41424,-63249189094.27998,-63316726758.34888,-63390186699.95135,-63471188054.296326,-63561682159.98495,-63664024833.35286,-63781066705.19226,-63916266857.698586,-64073836726.07344,-64258923582.77564,-64477846146.88836,-64738399300.721825,-65050251039.41763,-65425463326.9931,-65879180498.701004,-66430545731.507454,-67103930163.94016,-67930594015.9552,-68950950291.31354,-70217679200.36847,-71800063295.88916,-73790114770.48471,-76311423404.02676,-79532348226.55142,-83686690285.22253,-89108662676.12633,-96298172925.39674,-106047799259.40504,-119539207220.525,-134619152011.4679,0.0
7540.0,-43518403489.14724,-43572378908.68671,-43626543896.08648,-43680899470.80148,-43735446658.81613,-43790186492.67729,-43845120011.52692,-43900248261.13427,-43955572293.92781,-44011093169.0266,-44066811952.271355,-44122729716.25488,-44178847540.35217,-44235166510.74988,-44291687720.47521,-44348412269.42436,-44405341264.39013,-44462475819.08908,-44519817054.187836,-44577366097.328705,-44635124083.15465,-44693092153.3332,-44751271456.57979,-44809663148.680016,-44868268392.51102,-44927088358.06189,-44986124222.45305,-45045377169.95453,-45104848392.003136,-45164539087.21841,-45224450461.417404,-45284583727.62812,-45344940106.10159,-45405520824.32254,-45466327117.0186,-45527360226.16801,-45588621401.00556,-45650111898.02707,-45711832980.991875,-45773785920.92366,-45835971996.10933,-45898392492.095825,-45961048701.68492,-46023941924.92589,-46087073469.10578,-46150444648.737465,-46214056785.545235,-46277911208.44771,-46342009253.53825,-46406352264.06254,-46470941590.39317,-46535778590.00152,-46600864627.42613,-46666201074.238174,-46731789309.00329,-46797630717.24008,-46863726691.37486,-46930078630.692604,-46996687941.283936,-47063556035.98807,-47130684334.33139,-47198074262.46161,-47265727253.07732,-47333644745.35269,-47401828184.857254,-47470279023.470406,-47538998719.290504,-47607988736.5385,-47677250545.4555,-47746785622.194496,-47816595448.70568,-47886681512.61521,-47957045307.09721,-48027688330.73868,-48098612087.39714,-48169818086.05054,-48241307840.639305,-48313082869.90016,-48385144697.19137,-48457494850.30912,-48530134861.29463,-48603066266.23178,-48676290605.03462,-48749809421.22466,-48823624261.69742,-48897736676.47761,-48972148218.46306,-49046860443.15627,-49121874908.383606,-49197193174.001434,-49272816801.588806,-49348747354.12605,-49424986395.6588,-49501535490.946815,-49578396205.097145,-49655570103.18091,-49733058749.833015,-49810863708.83426,-49888986542.67518,-49967428812.10062,-50046192075.6346,-50125277889.08471,-50204687805.024796,-50284423372.25566,-50364486135.24257,-50444877633.52863,-50525599401.12332,-50606652965.86493,-50688039848.75609,-50769761563.27115,-50851819614.63443,-50934215499.068085,-51016950703.00837,-51100026702.28927,-51183444961.29168,-51267206932.05744,-51351314053.36615,-51435767749.77372,-51520569430.610985,-51605720488.94064,-51691222300.471016,-51777076222.4248,-51863283592.36093,-51949845726.94776,-52036763920.68544,-52124039444.575554,-52211673544.73578,-52299667440.95725,-52388022325.20241,-52476739360.0407,-52565819677.01985,-52655264374.96957,-52745074518.23538,-52835251134.83933,-52925795214.56462,-53016707706.960976,-53107989519.26747,-53199641514.249115,-53291664507.94396,-53384059267.31639,-53476826507.8132,-53569966890.81772,-53663481020.99824,-53757369443.54548,-53851632641.29524,-53946271031.73024,-54041284963.85685,-54136674714.95067,-54232440487.16543,-54328582403.9995,-54425100506.61304,-54521994749.99033,-54619264998.93915,-54716911023.92123,-54814932496.705246,-54913328985.835175,-55012099951.90531,-55111244742.63349,-55210762587.723175,-55310652593.50531,-55410913737.34938,-55511544861.83355,-55612544668.66281,-55713911712.32335,-55815644393.46134,-55917740951.97297,-56020199459.79289,-56123017813.36623,-56226193725.79028,-56329724718.60956,-56433608113.248375,-56537841022.06354,-56642420338.99917,-56747342729.82474,-56852604621.9362,-56958202193.69923,-57064131363.31258,-57170387777.168076,-57276966797.68282,-57383863490.57784,-57491072611.57573,-57598588592.489006,-57706405526.66857,-57814517153.78065,-57922916843.87863,-58031597580.73432,-58140551944.3913,-58249772092.90082,-58359249743.19909,-58468976151.08138,-58578942090.22727,-58689137830.227554,-58799553113.561386,-58910177131.46907,-59020998498.66246,-59132005226.81237,-59243184696.74809,-59354523629.30115,-59466008054.720665,-59577623280.58487,-59689353858.12672,-59801183546.889435,-59913095277.62065,-60025071113.30963,-60137092208.26622,-60249138765.13389,-60361189989.72322,-60473224043.54526,-60585217993.916916,-60697147761.503006,-60808988065.151634,-60920712363.87059,-61032292795.78376,-61143700113.8965,-61254903618.48891,-61365871085.94478,-61476568693.812775,-61586960941.883835,-61697010569.05606,-61806678465.74452,-61915923581.57886,-62024702828.11666,-62132970976.28375,-62240680548.2361,-62347781703.32001,-62454222117.78807,-62559946857.90919,-62664898246.08975,-62769015719.60186,-62872235681.49156,-62974491343.2171,-63075712558.5426,-63175825648.18761,-63274753214.70714,-63372413947.0511,-63468722414.22387,-63563588847.43938,-63656918910.13823,-63748613455.20778,-63838568268.717964,-63926673799.461296,-64012814873.5594,-64096870393.37581,-64178713019.95314,-64258208838.174355,-64335217003.831314,-64409589371.771965,-64481170104.28916,-64549795258.91047,-64615292354.74984,-64677479916.589134,-64736166995.870346,-64791152667.79936,-64842225503.78708,-64889163018.48784,-64931731090.735466,-64969683357.7281,-65002760581.87693,-65030689989.81691,-65053184583.19302,-65069942421.00369,-65080645873.54054,-65084960848.37464,-65082535989.50245,-65073001851.84864,-65055970055.092804,-65031032423.66328,-64997760124.39083,-64955702820.773865,-64904387874.69276,-64843319645.2288,-64771978963.86194,-64689822911.71174,-64596285096.84513,-64490776742.17284,-64372689068.94574,-64241397731.0964,-64096270473.94439,-63936679838.45073,-63762023736.55519,-63571758284.81371,-63365449721.983765,-63142856066.21321,-62904055231.91078,-62649646031.71163,-62381064236.359695,-62101081862.86051,-61814601699.4612,-61529934868.64052,-61260884030.19528,-61030202044.587006,-60875464046.59793,-60859307067.79468,-61087849919.06385,-61745050604.588104,-63159728489.61109,-65945010899.18083,-71325053213.23175,-82156779893.25763,-109068539790.23381,0.0
7537.5,-44198017581.56575,-44254646883.97338,-44311483060.88307,-44368527285.80052,-44425780740.45911,-44483244614.87432,-44540920107.3984,-44598808424.77462,-44656910782.19172,-44715228403.338066,-44773762520.45577,-44832514374.394585,-44891485214.66562,-44950676299.49493,-45010088895.87674,-45069724279.62648,-45129583735.43354,-45189668556.913605,-45249980046.660774,-45310519516.29915,-45371288286.534065,-45432287687.202896,-45493519057.32523,-45554983745.15275,-45616683108.21817,-45678618513.38393,-45740791336.89,-45803202964.401024,-45865854791.05267,-45928748221.497284,-45991884669.94859,-46055265560.22545,-46118892325.79473,-46182766409.81311,-46246889265.167786,-46311262354.51605,-46375887150.32358,-46440765134.90158,-46505897800.44237,-46571286649.0537,-46636933192.79155,-46702838953.691185,-46769005463.79673,-46835434265.18882,-46902126910.01051,-46969084960.491234,-47036309988.96863,-47103803577.90826,-47171567319.9212,-47239602817.77904,-47307911684.426636,-47376495542.992096,-47445356026.79414,-47514494779.3466,-47583913454.35994,-47653613715.73958,-47723597237.5811,-47793865704.16184,-47864420809.929214,-47935264259.484886,-48006397767.56541,-48077823059.0186,-48149541868.77564,-48221555941.81884,-48293867033.14456,-48366476907.7215,-48439387340.44368,-48512600116.07829,-48586117029.20798,-48659939884.16716,-48734070494.97272,-48808510685.24795,-48883262288.14027,-48958327146.23189,-49033707111.44351,-49109404044.930374,-49185419816.9707,-49261756306.84597,-49338415402.71271,-49415399001.46552,-49492709008.5909,-49570347338.011475,-49648315911.920265,-49726616660.60452,-49805251522.25865,-49884222442.78598,-49963531375.58853,-50043180281.3447,-50123171127.773865,-50203505889.38797,-50284186547.22882,-50365215088.59124,-50446593506.730736,-50528323800.55571,-50610407974.30305,-50692848037.19664,-50775646003.08809,-50858803890.07882,-50942323720.12269,-51026207518.60853,-51110457313.92154,-51195075136.98279,-51280063020.76574,-51365422999.78899,-51451157109.58416,-51537267386.13776,-51623755865.30614,-51710624582.202194,-51797875570.55271,-51885510862.0251,-51973532485.522095,-52061942466.443306,-52150742825.91193,-52239935579.96525,-52329522738.70734,-52419506305.42245,-52509888275.64723,-52600670636.20001,-52691855364.16549,-52783444425.83264,-52875439775.584015,-52967843354.734024,-53060657090.31459,-53153882893.80501,-53247522659.80424,-53341578264.64297,-53436051564.93259,-53530944396.04845,-53626258570.54451,-53721995876.49638,-53818158075.76925,-53914746902.20789,-54011764059.744865,-54109211220.42326,-54207090022.330475,-54305402067.43859,-54404148919.34745,-54503332100.92589,-54602953091.846436,-54703013326.00885,-54803514188.847206,-54904457014.5152,-55005843082.94413,-55107673616.76777,-55209949778.1077,-55312672665.21287,-55415843308.94651,-55519462669.11312,-55623531630.6182,-55728050999.45277,-55833021498.49425,-55938443763.115265,-56044318336.59093,-56150645665.295006,-56257426093.67504,-56364659858.995346,-56472347085.83708,-56580487780.34318,-56689081824.19582,-56798128968.313515,-56907628826.25342,-57017580867.304886,-57127984409.25855,-57238838610.83477,-57350142463.75412,-57461894784.432526,-57574094205.28105,-57686739165.59102,-57799827901.98268,-57913358438.39528,-58027328575.594635,-58141735880.173035,-58256577673.01525,-58371851017.202286,-58487552705.32307,-58603679246.163055,-58720226850.736,-58837191417.623795,-58954568517.58688,-59072353377.4057,-59190540862.910934,-59309125461.15808,-59428101261.698715,-59547461936.898544,-59667200721.24819,-59787310389.61058,-59907783234.34382,-60028611041.235825,-60149785064.181885,-60271295998.532745,-60393133953.035095,-60515288420.28212,-60637748245.58571,-60760501594.17641,-60883535916.630226,-61006837912.41556,-61130393491.44498,-61254187733.50951,-61378204845.46429,-61502428116.02485,-61626839868.023636,-61751421407.965515,-61876152972.709236,-62001013673.08891,-62125981434.27627,-62251032932.66914,-62376143529.07573,-62501287197.94598,-62626436452.383316,-62751562264.647736,-62876633981.83969,-63001619236.428635,-63126483851.263306,-63251191738.67092,-63375704793.22023,-63499982777.687386,-63623983201.72505,-63747661192.69165,-63870969358.050934,-63993857638.6995,-64116273152.52313,-64238160027.41869,-64359459222.949036,-64480108339.71968,-64600041415.48093,-64719188706.86239,-64837476455.540634,-64954826637.52184,-65071156694.088394,-65186379242.80965,-65300401766.85045,-65413126280.62397,-65524448969.624374,-65634259802.03679,-65742442109.45392,-65848872133.72319,-65953418536.60231,-66055941868.50751,-66156293992.1882,-66254317456.647224,-66349844816.03482,-66442697887.56415,-66532686941.7121,-66619609817.05935,-66703250951.070465,-66783380316.88493,-66859752254.75599,-66932104185.091415,-67000155188.07243,-67063604432.49218,-67122129433.69197,-67175384117.18915,-67222996660.67494,-67264567082.37598,-67299664538.1471,-67327824282.88379,-67348544243.64367,-67361281141.91682,-67365446090.36513,-67360399574.54204,-67345445711.942566,-67319825658.38895,-67282710004.17783,-67233189968.26568,-67170267156.3614,-67092841595.98221,-66999697695.58467,-66889487692.34693,-66760712049.655396,-66611696135.2742,-66440562347.51128,-66245196650.590164,-66023208220.82404,-65771880578.35894,-65488112168.467575,-65168343841.59818,-64808470039.42193,-64403729699.52303,-63948571918.93131,-63436490246.94266,-62859818107.97518,-62209476321.17594,-61474662099.3372,-60642467543.671,-59697415066.44713,-58620898494.00723,-57390524016.629166,-55979358885.388,-54355125974.34169,-52479444870.52876,-50307345839.426094,-47787531335.736176,-44864341882.08208,-41483288479.49859,-37603584300.26946,-33223301101.78794,-28423568110.386436,-23425694980.4021,-18562236884.68456,-13708699053.511902,0.0
7535.0,-44792194892.04285,-44851156409.375824,-44910340174.62201,-44969747500.10557,-45029379707.93975,-45089238130.102036,-45149324108.50936,-45209638995.09363,-45270184151.87749,-45330960951.05014,-45391970775.043526,-45453215016.608505,-45514695078.89128,-45576412375.50987,-45638368330.63063,-45700564379.04504,-45763001966.246216,-45825682548.50584,-45888607592.95059,-45951778577.639084,-46015196991.63824,-46078864335.099884,-46142782119.33706,-46206951866.90027,-46271375111.65341,-46336053398.849556,-46400988285.20639,-46466181338.98135,-46531634140.04646,-46597348279.96264,-46663325362.053635,-46729567001.479454,-46796074825.30917,-46862850472.59323,-46929895594.43495,-46997211854.0614,-47064800926.89349,-47132664500.615166,-47200804275.24162,-47269221963.18678,-47337919289.32936,-47406897991.07814,-47476159818.43571,-47545706534.0612,-47615539913.33145,-47685661744.40071,-47756073828.2589,-47826777978.78805,-47897776022.81709,-47969069800.1747,-48040661163.740204,-48112551979.49235,-48184744126.555885,-48257239497.24577,-48330039997.10892,-48403147544.96328,-48476564072.93425,-48550291526.48811,-48624331864.46242,-48698687059.09316,-48773359096.03855,-48848349974.39918,-48923661706.73449,-48999296319.07529,-49075255850.93207,-49151542355.29901,-49228157898.653435,-49305104560.95037,-49382384435.61223,-49459999629.51303,-49537952262.957245,-49616244469.652725,-49694878396.67764,-49773856204.440865,-49853180066.63596,-49932852170.18793,-50012874715.19274,-50093249914.84912,-50173979995.382454,-50255067195.960106,-50336513768.598045,-50418321978.058304,-50500494101.73663,-50583032429.54036,-50665939263.75539,-50749216918.90245,-50832867721.58172,-50916894010.30533,-51001298135.31735,-51086082458.40068,-51171249352.66994,-51256801202.350174,-51342740402.54046,-51429069358.961716,-51515790487.68815,-51602906214.861465,-51690418976.38721,-51778331217.612236,-51866645392.98262,-51955363965.68117,-52044489407.24321,-52134024197.15053,-52223970822.40137,-52314331777.056274,-52405109561.758545,-52496306683.227554,-52587925653.7247,-52679968990.489845,-52772439215.147385,-52865338853.080696,-52958670432.77302,-53052436485.11375,-53146639542.66849,-53241282138.91083,-53336366807.41474,-53431896081.005295,-53527872490.86608,-53624298565.60127,-53721176830.25019,-53818509805.25253,-53916300005.36146,-54014549938.50278,-54113262104.57723,-54212438994.20366,-54312083087.40003,-54412196852.19975,-54512782743.19998,-54613843200.039185,-54715380645.80008,-54817397485.3353,-54919896103.51128,-55022878863.36736,-55126348104.18562,-55230306139.46744,-55334755254.81242,-55439697705.69511,-55545135715.1344,-55651071471.25106,-55757507124.707535,-55864444786.02471,-55971886522.76971,-56079834356.60852,-56188290260.21689,-56297256154.04281,-56406733902.91315,-56516725312.477234,-56627232125.47894,-56738256017.8495,-56849798594.61157,-56961861385.58582,-57074445840.89005,-57187553326.22035,-57301185117.90379,-57415342397.71105,-57530026247.41681,-57645237643.09532,-57760977449.13791,-57877246411.97775,-57994045153.50752,-58111374164.17395,-58229233795.73236,-58347624253.644104,-58466545589.09798,-58585997690.63596,-58705980275.36264,-58826492879.716324,-58947534849.77858,-59069105331.09752,-59191203257.99896,-59313827342.35779,-59436976061.80015,-59560647647.30596,-59684840070.17838,-59809551028.34572,-59934777931.95888,-60060517888.24483,-60186767685.57501,-60313523776.703865,-60440782261.1308,-60568538866.53572,-60696788929.23485,-60825527373.60012,-60954748690.38249,-61084446913.87448,-61214615597.84411,-61345247790.16707,-61476336006.079834,-61607872199.97055,-61739847735.61941,-61872253354.79408,-62005079144.09903,-62138314499.970825,-62271948091.70404,-62405967822.383865,-62540360787.59301,-62675113231.75089,-62810210501.93295,-62945636999.00627,-63081376125.90648,-63217410232.866875,-63353720559.39734,-63490287172.79446,-63627088902.94807,-63764103273.19093,-63901306426.91838,-64038673049.68298,-64176176286.44627,-64313787653.642784,-64451476945.684456,-64589212135.50168,-64726959268.68436,-64864682350.748474,-65002343227.01349,-65139901454.53079,-65277314165.45471,-65414535921.192726,-65551518556.61222,-65688211013.5148,-65824559162.51648,-65960505612.390465,-66095989505.84073,-66230946300.573715,-66365307534.42587,-66499000573.18088,-66631948339.572975,-66764069021.81964,-66895275759.85442,-67025476307.23853,-67154572666.51425,-67282460695.518616,-67409029681.904045,-67534161882.8019,-67657732026.21663,-67779606770.342026,-67899644116.54147,-68017692771.22362,-68133591451.26133,-68247168126.936806,-68358239195.63261,-68466608578.61412,-68572066732.24154,-68674389563.78858,-68773337240.70277,-68868652880.58537,-68960061107.35919,-69047266456.98474,-69129951613.61792,-69207775454.21352,-69280370876.17844,-69347342378.67,-69408263363.39061,-69462673115.09747,-69510073415.33963,-69549924734.9176,-69581641940.94878,-69604589442.85213,-69618075687.59491,-69621346897.60513,-69613579924.14662,-69593874063.78375,-69561241654.70554,-69514597231.7001,-69452744971.6448,-69374364103.16737,-69277991881.6386,-69162003640.01068,-69024589312.22089,-68863725682.45099,-68677143432.03579,-68462287825.230736,-68216271580.958176,-67935818101.11191,-67617192742.07073,-67256119191.82548,-66847677206.99892,-66386176914.26868,-65865003512.56734,-65276424423.83447,-64611348594.95766,-63859024570.10368,-63006659887.42059,-62038938979.26863,-60937409625.549965,-59679698511.696144,-58238503709.12597,-56580294651.783325,-54663626446.888405,-52436941829.08357,-49835684799.892944,-46778473478.68747,-43161952217.41723,-38853713132.517075,-33682227201.847275,-27421767406.594013,-19768068016.957237,-10294586417.198946,1638583387.8891778,17116048442.010239,38476037914.6411,75102848704.84602,0.0
7532.5,-45297650272.20479,-45358600848.74863,-45419786915.98236,-45481209907.51584,-45542871268.141,-45604772453.9258,-45666914932.30867,-45729300182.19353,-45791929694.0452,-45854804969.985504,-45917927523.88962,-45981298881.483086,-46044920580.43916,-46108794170.47663,-46172921213.458046,-46237303283.48839,-46301941967.01405,-46366838862.92224,-46431995582.640686,-46497413750.237625,-46563095002.52219,-46629040989.14493,-46695253372.69868,-46761733828.81954,-46828484046.28816,-46895505727.13098,-46962800586.72183,-47030370353.88341,-47098216770.988846,-47166341594.06336,-47234746592.88579,-47303433551.09011,-47372404266.26669,-47441660550.063576,-47511204228.28739,-47581037141.0041,-47651161142.63921,-47721578102.07797,-47792289902.76468,-47863298442.80189,-47934605635.0487,-48006213407.218735,-48078123701.977104,-48150338477.03674,-48222859705.25389,-48295689374.72255,-48368829488.86797,-48442282066.538864,-48516049142.098694,-48590132765.51527,-48664535002.44918,-48739257934.340675,-48814303658.49468,-48889674288.164406,-48965371952.63269,-49041398797.29158,-49117756983.71965,-49194448689.7571,-49271476109.57828,-49348841453.76174,-49426546949.35745,-49504594839.95116,-49582987385.725494,-49661726863.518005,-49740815566.87548,-49820255806.10477,-49900049908.31952,-49980200217.483055,-50060709094.44664,-50141578916.983284,-50222812079.81676,-50304410994.645386,-50386378090.160545,-50468715812.05953,-50551426623.05234,-50634513002.86229,-50717977448.220055,-50801822472.850655,-50886050607.45325,-50970664399.67318,-51055666414.0661,-51141059232.05342,-51226845451.86909,-51313027688.49689,-51399608573.59799,-51486590755.428276,-51573976898.74478,-51661769684.700905,-51749971810.729675,-51838585990.414635,-51927614953.347694,-52017061444.973175,-52106928226.41764,-52197218074.30471,-52287933780.55391,-52379078152.163315,-52470654010.97465,-52562664193.42041,-52655111550.25191,-52747998946.247505,-52841329259.89992,-52935105383.08182,-53029330220.68851,-53124006690.25661,-53219137721.55787,-53314726256.16647,-53410775246.99909,-53507287657.82597,-53604266462.75202,-53701714645.666214,-53799635199.65802,-53898031126.39918,-53996905435.48933,-54096261143.763535,-54196101274.56014,-54296428856.94717,-54397246924.90482,-54498558516.46257,-54600366672.78845,-54702674437.22822,-54805484854.29205,-54908800968.586464,-55012625823.68857,-55116962460.9602,-55221813918.298744,-55327183228.82209,-55433073419.48406,-55539487509.61733,-55646428509.400314,-55753899418.24426,-55861903223.096794,-55970442896.65795,-56079521395.504265,-56189141658.11672,-56299306602.8078,-56410019125.54263,-56521282097.649155,-56633098363.41208,-56745470737.54454,-56858402002.53188,-56971894905.840866,-57085952156.98809,-57200576424.46033,-57315770332.47954,-57431536457.604904,-57547877325.163605,-57664795405.50192,-57782293110.04761,-57900372787.17369,-58019036717.854324,-58138287111.101425,-58258126099.17156,-58378555732.53065,-58499577974.56488,-58621194696.02401,-58743407669.18373,-58866218561.71213,-58989628930.22532,-59113640213.51535,-59238253725.433754,-59363470647.41222,-59489292020.601234,-59615718737.60639,-59742751533.80086,-59870390978.19119,-59998637463.81242,-60127491197.626854,-60256952189.89958,-60387020243.022,-60517694939.75304,-60648975630.8457,-60780861422.025024,-60913351160.280945,-61046443419.43761,-61180136484.95836,-61314428337.94287,-61449316638.270164,-61584798706.83871,-61720871506.85088,-61857531624.08683,-61994775246.10797,-62132598140.32756,-62270995630.88089,-62409962574.22369,-62549493333.382225,-62689581750.77378,-62830221119.510376,-62971404153.09294,-63113122953.39643,-63255368976.83998,-63398132998.628235,-63541405074.94239,-63685174502.950645,-63829429778.49855,-63974158551.32943,-64119347577.67461,-64264982670.040436,-64411048644.007675,-64557529261.84338,-64704407172.71163,-64851663849.25212,-64999279520.27859,-65147233099.32914,-65295502108.77944,-65444062599.20745,-65592889063.67221,-65741954346.54266,-65891229546.48221,-66040683913.16191,-66190284737.23935,-66339997233.10112,-66489784413.82325,-66639606957.756714,-66789423066.09316,-66939188310.7082,-67088855471.51601,-67238374362.50019,-67387691645.50703,-67536750630.802765,-67685491063.30168,-67833848893.2663,-67981756030.16431,-68129140078.23718,-68275924052.19061,-68422026071.25523,-68567359029.68602,-68711830241.56673,-68855341057.55963,-68997786450.98691,-69139054570.34445,-69279026255.02728,-69417574510.68356,-69554563940.20341,-69689850125.88533,-69823278957.79584,-69954685902.74057,-70083895207.58203,-70210719029.86378,-70334956487.80956,-70456392620.7488,-70574797249.84892,-70689923727.68855,-70801507563.65192,-70909264910.32794,-71012890894.0141,-71112057770.00375,-71206412880.51422,-71295576389.81453,-71379138767.24854,-71456657984.30746,-71527656386.55357,-71591617194.86813,-71647980582.99052,-71696139269.3841,-71735433550.80002,-71765145692.13362,-71784493571.80681,-71792623463.3701,-71788601811.56192,-71771405833.75217,-71739912744.35405,-71692887358.90845,-71628967784.21799,-71546648838.6774,-71444262769.65866,-71319956738.38431,-71171666421.86044,-70997084929.23283,-70793626037.31454,-70558380505.08194,-70288063913.85649,-69978954077.68535,-69626815549.03656,-69226808070.62926,-68773374944.09956,-68260106131.10295,-67679569377.90513,-67023100630.646225,-66280542305.46383,-65439914344.45375,-64486998070.889435,-63404806149.21465,-62172902722.03976,-60766524946.61893,-59155439021.52644,-57302437747.34724,-55161348362.9066,-52674361348.47897,-49768399538.34767,-46350096679.20994,-42298695749.153786,-37455711456.91569,-31609334899.63631,-24469928096.738632,-15629962908.69822,-4496778401.120173,9819154287.9324,28665737838.90232,53800074361.332016,81990529850.61511,0.0
7530.0,-45711640728.368706,-45774219239.87253,-45837044187.78963,-45900117107.516365,-45963439546.82755,-46027013065.987274,-46090839237.86043,-46154919648.02515,-46219255894.88587,-46283849589.78738,-46348702357.12942,-46413815834.48227,-46479191672.70287,-46544831536.051926,-46610737102.31149,-46676910062.90352,-46743352123.00887,-46810065001.68729,-46877050431.997765,-46944310161.119835,-47011845950.47523,-47079659575.850464,-47147752827.51975,-47216127510.3687,-47284785444.018364,-47353728462.95007,-47422958416.63052,-47492477169.63758,-47562286601.78626,-47632388608.255394,-47702785099.71454,-47773478002.45119,-47844469258.498474,-47915760825.76295,-47987354678.152695,-48059252805.70569,-48131457214.718094,-48203969927.87297,-48276792984.368645,-48349928440.04742,-48423378367.52398,-48497144856.31383,-48571230012.96141,-48645635961.16809,-48720364841.91967,-48795418813.61372,-48870800052.18623,-48946510751.23785,-49022553122.15935,-49098929394.25659,-49175641814.874435,-49252692649.51985,-49330084181.98407,-49407818714.46352,-49485898567.679504,-49564326080.996666,-49643103612.53988,-49722233539.30951,-49801718257.29501,-49881560181.586685,-49961761746.485245,-50042325405.60934,-50123253632.00068,-50204548918.22672,-50286213776.480484,-50368250738.67772,-50450662356.550766,-50533451201.73931,-50616619865.87757,-50700170960.677734,-50784107118.00954,-50868430989.97553,-50953145248.981995,-51038252587.80495,-51123755719.651405,-51209657378.21518,-51295960317.72697,-51382667312.99881,-51469781159.461914,-51557304673.19809,-51645240690.96416,-51733592070.20888,-51822361689.08221,-51911552446.43618,-52001167261.81737,-52091209075.45,-52181680848.20958,-52272585561.586365,-52363926217.63821,-52455705838.93222,-52547927468.47454,-52640594169.62789,-52733709026.01587,-52827275141.413826,-52921295639.62498,-53015773664.34178,-53110712378.99113,-53206114966.56288,-53301984629.421036,-53398324589.09628,-53495138086.05928,-53592428379.473724,-53690198746.927956,-53788452484.14431,-53887192904.66496,-53986423339.51309,-54086147136.8284,-54186367661.475136,-54287088294.6221,-54388312433.29251,-54490043489.882645,-54592284891.64769,-54695040080.15309,-54798312510.68983,-54902105651.651634,-55006422983.87276,-55111267999.92373,-55216644203.36361,-55322555107.946304,-55429004236.77885,-55535995121.42905,-55643531300.980545,-55751616321.032166,-55860253732.639,-55969447091.19269,-56079199955.23744,-56189515885.21899,-56300398442.16302,-56411851186.279724,-56523877675.490746,-56636481463.87467,-56749666100.027374,-56863435125.33238,-56977792072.13753,-57092740461.83274,-57208283802.82427,-57324425588.400185,-57441169294.48166,-57558518377.25455,-57676476270.6749,-57795046383.84257,-57914232098.2358,-58034036764.800224,-58154463700.88457,-58275516187.015625,-58397197463.50409,-58519510726.87273,-58642459126.097946,-58766045758.65498,-58890273666.35695,-59015145830.97657,-59140665169.640274,-59266834529.98185,-59393656685.04398,-59521134327.91397,-59649270066.080124,-59778066415.49385,-59907525794.32214,-60037650516.373856,-60168442784.182915,-60299904681.72937,-60432038166.77996,-60564845062.82655,-60698327050.601974,-60832485659.14927,-60967322256.42081,-61102838039.3812,-61239034023.586815,-61375911032.213104,-61513469684.49909,-61651710383.576515,-61790633303.64938,-61930238376.486984,-62070525277.192215,-62211493409.20331,-62353141888.48587,-62495469526.86809,-62638474814.470314,-62782155901.175896,-62926510577.08754,-63071536251.90971,-63217229933.193535,-63363588203.37657,-63510607195.54559,-63658282567.84549,-63806609476.452385,-63955582547.02355,-64105195844.5306,-64255442841.37644,-64406316383.68933,-64557808655.67963,-64709911141.93782,-64862614587.542755,-65015908955.84035,-65169783383.74271,-65324226134.38696,-65479224546.98112,-65634764983.65165,-65790832773.09393,-65947412150.81125,-66104486195.71225,-66262036762.819244,-66420044411.81998,-66578488331.175285,-66737346257.47242,-66896594389.68846,-67056207298.001976,-67216157826.76143,-67376416991.18672,-67536953867.34498,-67697735474.903366,-67858726652.1197,-68019889922.484886,-68181185352.38075,-68342570399.061295,-68503999748.20276,-68665425140.20183,-68826795184.32504,-68988055159.73093,-69149146802.2946,-69310008076.06418,-69470572928.06544,-69630771025.048,-69790527470.62729,-69949762501.1234,-70108391158.22684,-70266322936.42952,-70423461402.94624,-70579703787.6135,-70734940539.9834,-70889054850.53157,-71041922132.55867,-71193409460.98601,-71343374963.81598,-71491667161.54395,-71638124249.26013,-71782573315.55829,-71924829491.66292,-72064695023.38367,-72201958257.592,-72336392533.86945,-72467754970.78346,-72595785134.87666,-72720203578.8821,-72840710233.86633,-72956982637.91325,-73068673981.54482,-73175410947.27637,-73276791317.45088,-73372381320.70839,-73461712683.02426,-73544279344.0712,-73619533793.5809,-73686882975.2232,-73745683697.0692,-73795237477.69125,-73834784745.05515,-73863498291.16994,-73880475868.48337,-73884731793.61525,-73875187399.43527,-73850660146.72064,-73809851170.44165,-73751330991.52779,-73673523070.74922,-73574684814.5083,-73452885559.51105,-73305980960.11409,-73131583072.89256,-72927025270.11664,-72689320907.3642,-72415114407.09265,-72100623081.7088,-71741567582.2334,-71333088288.93784,-70869644212.85677,-70344889988.88776,-69751525224.47356,-69081108699.17332,-68323827514.76958,-67468208022.65459,-66500750843.69795,-65405466018.06062,-64163275498.61543,-62751237661.43384,-61141530461.75302,-59300103520.383705,-57184870306.471054,-54743252305.52145,-51908795110.35077,-48596430098.88817,-44695717468.69583,-40061016965.6619,-34496922009.02522,-27736526132.042477,-19410158103.9152,-9008402815.259861,4126677438.8121977,20737476378.539692,43992253174.74079,0.0
7527.5,-46031992058.77003,-46095823176.35681,-46159909246.51128,-46224251885.32665,-46288852722.25128,-46353713400.21381,-46418835575.749374,-46484220919.12687,-46549871114.47723,-46615787859.92278,-46681972867.70767,-46748427864.329254,-46815154590.67056,-46882154802.133896,-46949430268.77524,-47016982775.439896,-47084814121.899,-47152926122.98712,-47221320608.7408,-47289999424.53812,-47358964431.23917,-47428217505.327614,-47497760539.053055,-47567595440.574425,-47637724134.10422,-47708148560.05378,-47778870675.17923,-47849892452.728516,-47921215882.58907,-47992842971.43651,-48064775742.88392,-48137016237.63206,-48209566513.620186,-48282428646.17779,-48355604728.1767,-48429096870.18418,-48502907200.61627,-48577037865.89215,-48651491030.588486,-48726268877.59482,-48801373608.26894,-48876807442.59303,-48952572619.32982,-49028671396.1793,-49105106049.9355,-49181878876.64357,-49258992191.756805,-49336448330.29396,-49414249646.99629,-49492398516.48465,-49570897333.41634,-49649748512.641754,-49728954489.36065,-49808517719.277985,-49888440678.7592,-49968725864.98491,-50049375796.10486,-50130393011.390945,-50211780071.389435,-50293539558.07189,-50375674074.98506,-50458186247.39928,-50541078722.455475,-50624354169.31044,-50708015279.28038,-50792064765.98243,-50876505365.47404,-50961339836.390114,-51046570960.07749,-51132201540.72688,-51218234405.50173,-51304672404.66406,-51391518411.69684,-51478775323.42282,-51566446060.11943,-51654533565.629654,-51743040807.46839,-51831970776.92416,-51921326489.15575,-52011110983.283615,-52101327322.47565,-52191978594.02672,-52283067909.43215,-52374598404.454124,-52466573239.18117,-52558995598.07983,-52651868690.038506,-52745195748.40265,-52838980031.00103,-52933224820.162445,-53027933422.72249,-53123109170.01965,-53218755417.88031,-53314875546.5918,-53411472960.863205,-53508551089.7729,-53606113386.7024,-53704163329.25554,-53802704419.162346,-53901740182.166885,-54001274167.89787,-54101309949.72162,-54201851124.57608,-54302901312.78497,-54404464157.8513,-54506543326.228775,-54609142507.07022,-54712265411.951935,-54815915774.57233,-54920097350.42403,-55024813916.4377,-55130069270.5965,-55235867231.519295,-55342211638.01139,-55449106348.580864,-55556555240.919174,-55664562211.34359,-55773131174.20029,-55882266061.22541,-55991970820.86267,-56102249417.534676,-56213105830.866104,-56324544054.85619,-56436568096.997925,-56549181977.341255,-56662389727.49772,-56776195389.5834,-56890603015.097,-57005616663.73012,-57121240402.10605,-57237478302.44363,-57354334441.14238,-57471812897.284996,-57589917751.05292,-57708653082.0509,-57828022967.53565,-57948031480.54384,-58068682687.91463,-58189980648.20103,-58311929409.464645,-58434533006.94799,-58557795460.617905,-58681720772.57381,-58806312924.31368,-58931575873.85059,-59057513552.67232,-59184129862.53557,-59311428672.08677,-59439413813.30032,-59568089077.72484,-59697458212.527466,-59827524916.326004,-59958292834.79742,-60089765556.05152,-60221946605.75732,-60354839442.008804,-60488447449.91727,-60622773935.91472,-60757822121.75396,-60893595138.18877,-61030096018.3172,-61167327690.57016,-61305292971.32622,-61443994557.13225,-61583435016.50911,-61723616781.319374,-61864542137.67365,-62006213216.35013,-62148631982.70057,-62291800226.014626,-62435719548.31258,-62580391352.5344,-62725816830.09191,-62871996947.74804,-63018932433.78549,-63166623763.424515,-63315071143.44719,-63464274495.98303,-63614233441.40746,-63764947280.30253,-63916414974.42505,-64068635126.6247,-64221605959.650314,-64375325293.77918,-64529790523.19946,-64684998591.07175,-64840945963.190285,-64997628600.16006,-65155041927.999435,-65313180807.072525,-65472039499.24904,-65631611633.18188,-65791890167.5861,-65952867352.39384,-66114534687.651855,-66276882880.01869,-66439901796.70814,-66603580416.71541,-66767906779.14969,-66932867928.48505,-67098449856.52711,-67264637440.87837,-67431414379.66877,-67598763122.30067,-67766664795.9383,-67935099127.451385,-68104044360.499695,-68273477167.42149,-68443372555.56215,-68613703767.65008,-68784442175.79573,-68955557168.65549,-69127016031.26389,-69298783816.9976,-69470823211.0887,-69643094385.05637,-69815554841.37198,-69988159247.61328,-70160859259.2988,-70333603330.52156,-70506336511.42345,-70679000231.46428,-70851532067.3445,-71023865494.33487,-71195929619.65,-71367648896.37386,-71538942816.30235,-71709725579.90987,-71879905741.4708,-72049385827.17235,-72218061923.83672,-72385823235.6297,-72552551605.8623,-72718121000.69159,-72882396951.18958,-73045235949.87357,-73206484797.36934,-73365979894.40617,-73523546473.81288,-73678997766.58781,-73832134095.44705,-73982741888.50046,-74130592604.85675,-74275441563.00108,-74417026661.70862,-74555066982.03702,-74689261257.56245,-74819286198.46442,-74944794653.30011,-75065413590.313,-75180741877.8587,-75290347840.97145,-75393766568.19449,-75490496939.51501,-75579998342.52878,-75661687039.75598,-75734932145.28185,-75799051163.53401,-75853305036.97171,-75896892642.67194,-75928944670.1887,-75948516804.56036,-75954582128.88791,-75946022650.45303,-75921619842.86562,-75880044084.24043,-75819842857.96118,-75739427568.34541,-75637058808.71835,-75510829904.4298,-75358648538.77852,-75178216256.45706,-74967005628.0958,-74722234852.21292,-74440839569.18213,-74119441667.9067,-73754314882.24936,-73341347003.60753,-72875998581.02881,-72353258043.4878,-71767593263.26633,-71112899690.34167,-70382445341.22687,-69568813169.59848,-68663841814.76455,-67658566772.50373,-66543166552.64262,-65306924538.64605,-63938232136.22484,-62424694113.22632,-60753479168.763336,-58912245289.601776,-56891379854.83981,-54689153687.41385,-52323028961.58563,-49852906489.28282,-47423859212.11118,-45327708422.36647,-44019163644.56053,-43508473549.26852,0.0
7525.0,-46257119333.35228,-46321817474.46706,-46386776558.36574,-46451998259.56785,-46517484266.68703,-46583236282.567795,-46649256024.423645,-46715545223.97628,-46782105627.59621,-46848938996.44457,-46916047106.616356,-46983431749.284775,-47051094730.84697,-47119037873.07115,-47187263013.244705,-47255772004.323944,-47324566715.08493,-47393649030.275665,-47463020850.7695,-47532684093.71993,-47602640692.716515,-47672892597.94231,-47743441776.33222,-47814290211.732994,-47885439905.06418,-47956892874.48045,-48028651155.53515,-48100716801.34502,-48173091882.7562,-48245778488.511406,-48318778725.418175,-48392094718.518524,-48465728611.25945,-48539682565.6648,-48613958762.50815,-48688559401.48671,-48763486701.39646,-48838742900.30805,-48914330255.74409,-48990251044.8569,-49066507564.60773,-49143102131.94653,-49220037083.99269,-49297314778.21668,-49374937592.622284,-49452907925.92992,-49531228197.76024,-49609900848.81862,-49688928341.08028,-49768313157.97571,-49848057804.576805,-49928164807.78322,-50008636716.509186,-50089476101.870575,-50170685557.372025,-50252267699.09441,-50334225165.882065,-50416560619.53016,-50499276744.97184,-50582376250.465004,-50665861867.778946,-50749736352.38025,-50834002483.6183,-50918663064.90999,-51003720923.92352,-51089178912.76139,-51175039908.14209,-51261306811.58056,-51347982549.567276,-51435070073.74568,-51522572361.0878,-51610492414.06797,-51698833260.83438,-51787597955.37817,-51876789577.700066,-51966411233.97423,-52056466056.70892,-52146957204.90397,-52237887864.20474,-52329261247.05221,-52421080592.828926,-52513349168.00066,-52606070266.25324,-52699247208.6243,-52792883343.62979,-52886982047.38453,-52981546723.71676,-53076580804.276024,-53172087748.63423,-53268071044.37906,-53364534207.1998,-53461480780.964645,-53558914337.78902,-53656838478.09479,-53755256830.659256,-53854173052.6538,-53953590829.67109,-54053513875.740845,-54153945933.33279,-54254890773.34662,-54356352195.087906,-54458334026.2294,-54560840122.7567,-54663874368.89759,-54767440677.03407,-54871542987.59617,-54976185268.93652,-55081371517.18471,-55187105756.08032,-55293392036.78336,-55400234437.661194,-55507637064.05045,-55615604047.99275,-55724139547.94271,-55833247748.44705,-55942932859.793,-56053199117.62462,-56164050782.52519,-56275492139.56416,-56387527497.80658,-56500161189.78314,-56613397570.91907,-56727241018.91922,-56841695933.10774,-56956766733.7195,-57072457861.14107,-57188773775.09872,-57305718953.79038,-57423297892.959274,-57541515104.905716,-57660375117.434296,-57779882472.732994,-57900041726.18082,-58020857445.08026,-58142334207.311005,-58264476599.90049,-58387289217.50737,-58510776660.81358,-58634943534.819954,-58759794447.040726,-58885334005.59197,-59011566817.16812,-59138497484.90132,-59266130606.09721,-59394470769.84127,-59523522554.46869,-59653290524.89128,-59783779229.77327,-59914993198.54945,-60046936938.276344,-60179614930.30853,-60313031626.791016,-60447191446.95795,-60582098773.22775,-60717757947.08435,-60854173264.7328,-60991348972.51845,-61129289262.09633,-61267998265.33848,-61407480048.965164,-61547738608.88546,-61688777864.23186,-61830601651.0731,-61973213715.78764,-62116617708.080345,-62260817173.62283,-62405815546.297966,-62551616140.02675,-62698222140.155685,-62845636594.38066,-62993862403.18227,-63142902309.74649,-63292758889.34202,-63443434538.12557,-63594931461.34291,-63747251660.89295,-63900396922.219765,-64054368800.49507,-64209168606.052055,-64364797389.028595,-64521255923.17571,-64678544688.78436,-64836663854.6807,-64995613259.23723,-65155392390.34361,-65316000364.277885,-65477435903.41489,-65639697312.704926,-65802782454.851265,-65966688724.11116,-66131413018.63952,-66296951711.289925,-66463300618.782,-66630454969.13791,-66798409367.285385,-66967157758.71698,-67136693391.088806,-67307008773.63399,-67478095634.257835,-67649944874.17306,-67822546519.923515,-67995889672.63525,-68169962454.32217,-68344751951.06218,-68520244152.847015,-68696423889.89496,-68873274765.20152,-69050779083.08733,-69228917773.48448,-69407670311.68622,-69587014633.2628,-69766927043.82715,-69947382123.30922,-70128352624.37453,-70309809364.59459,-70491721111.94841,-70674054463.20297,-70856773714.68655,-71039840724.93268,-71223214768.63191,-71406852381.28743,-71590707193.92267,-71774729757.13985,-71958867353.7744,-72143063799.33119,-72327259229.3249,-72511389872.58015,-72695387809.47072,-72879180713.99951,-73062691578.53423,-73245838419.9215,-73428533965.6028,-73610685318.2498,-73792193597.32265,-73972953555.83386,-74152853170.47299,-74331773203.11156,-74509586731.56679,-74686158647.35689,-74861345118.02986,-75034993011.49817,-75206939279.6621,-75377010298.46426,-75545021161.38925,-75710774923.31755,-75874061791.57077,-76034658260.96376,-76192326189.72643,-76346811813.30263,-76497844693.3103,-76645136599.40161,-76788380322.45589,-76927248418.5494,-77061391884.57875,-77190438768.40268,-77313992719.08643,-77431631486.51254,-77542905384.5633,-77647335738.66998,-77744413347.28441,-77833596998.4201,-77914312097.72595,-77985949484.7473,-78047864540.62895,-78099376725.5338,-78139769730.155,-78168292486.41121,-78184161362.41965,-78186563972.36275,-78174665171.20628,-78147615988.48149,-78104566499.37976,-78044683955.18016,-77967177925.42198,-77871334777.53723,-77756564585.02554,-77622464579.50449,-77468904636.2998,-77296142132.8329,-77104976016.9937,-76896953310.6956,-76674645894.45602,-76442021767.41959,-76204943790.11383,-75971841330.07047,-75754618076.15176,-75569885681.08766,-75440653417.62982,-75398669207.31287,-75487717807.96901,-75768379080.90591,-76325117168.25386,-77277277192.43912,-78796917172.69554,-81138837320.4201,-84691672090.80296,-90059806101.8685,-98169549350.4736,-110435166104.27693,-131980021836.51804,0.0
7522.5,-46386040927.3127,-46451214332.65788,-46516652086.36095,-46582355898.34857,-46648327493.13086,-46714568609.946594,-46781081002.91006,-46847866441.15923,-46914926709.005615,-46982263606.08534,-47049878947.51188,-47117774564.03027,-47185952302.17282,-47254414024.41623,-47323161609.34045,-47392196951.78879,-47461521963.0298,-47531138570.92056,-47601048720.07146,-47671254372.01265,-47741757505.361946,-47812560115.99434,-47883664217.212906,-47955071839.92154,-48026785032.79893,-48098805862.47426,-48171136413.70449,-48243778789.55303,-48316735111.57004,-48390007519.97426,-48463598173.836426,-48537509251.264114,-48611742949.58813,-48686301485.5504,-48761187095.493454,-48836402035.551254,-48911948581.84157,-48987829030.65981,-49064045698.67433,-49140600923.12305,-49217497062.01162,-49294736494.31293,-49372321620.16787,-49450254861.0876,-49528538660.15702,-49607175482.23958,-49686167814.18328,-49765518165.02797,-49845229066.21373,-49925303071.79048,-50005742758.628654,-50086550726.630936,-50167729598.944954,-50249282022.17709,-50331210666.606926,-50413518226.402824,-50496207419.838066,-50579280989.50781,-50662741702.5468,-50746592350.847336,-50830835751.278145,-50915474745.90335,-51000512202.20186,-51085951013.28712,-51171794098.126785,-51258044401.76266,-51344704895.53031,-51431778577.27868,-51519268471.58935,-51607177629.99529,-51695509131.19906,-51784266081.29038,-51873451613.96271,-51963068890.72879,-52053121101.13518,-52143611462.97513,-52234543222.50015,-52325919654.629715,-52417744063.15894,-52510019780.96424,-52602750170.206474,-52695938622.53146,-52789588559.26767,-52883703431.62065,-52978286720.86416,-53073341938.527374,-53168872626.57834,-53264882357.60279,-53361374734.978455,-53458353393.04428,-53555821997.26428,-53653784244.38537,-53752243862.589325,-53851204611.63782,-53950670283.01046,-54050644700.03532,-54151131718.011185,-54252135224.321556,-54353659138.53916,-54455707412.52099,-54558284030.492874,-54661393009.12323,-54765038397.58516,-54869224277.60616,-54973954763.504974,-55079234002.21441,-55185066173.289856,-55291455488.90207,-55398406193.813805,-55505922565.339165,-55614008913.28472,-55722669579.87139,-55831908939.636086,-55941731399.311775,-56052141397.685135,-56163143405.43033,-56274741924.91757,-56386941489.99529,-56499746665.744514,-56613162048.20365,-56727192264.06253,-56841841970.32383,-56957115853.930084,-57073018631.3548,-57189555048.15539,-57306729878.4863,-57424547924.57008,-57543014016.124054,-57662133009.740715,-57781909788.21906,-57902349259.84454,-58023456357.61492,-58145236038.4093,-58267693282.097374,-58390833090.585915,-58514660486.79913,-58639180513.58978,-58764398232.577286,-58890318722.909256,-59016947079.94241,-59144288413.83913,-59272347848.074875,-59401130517.85236,-59530641568.41754,-59660886153.27259,-59791869432.280426,-59923596569.65573,-60056072731.836105,-60189303085.22791,-60323292793.82005,-60458047016.659195,-60593570905.179375,-60729869600.378624,-60866948229.834816,-61004811904.552864,-61143465715.63417,-61282914730.76008,-61423163990.479065,-61564218504.28842,-61706083246.49963,-61848763151.87653,-61992263111.03454,-62136587965.589264,-62281742503.041016,-62427731451.38255,-62574559473.415184,-62722231160.75893,-62870751027.540665,-63020123503.74408,-63170352928.20395,-63321443541.2264,-63473399476.81624,-63626224754.49076,-63779923270.65928,-63934498789.545204,-64089954933.628006,-64246295173.57943,-64403522817.668396,-64561641000.60667,-64720652671.80661,-64880560583.02031,-65041367275.327995,-65203075065.441925,-65365686031.290146,-65529201996.84244,-65693624516.13919,-65858954856.48124,-66025193980.737144,-66192342528.721664,-66360400797.596725,-66529368721.24387,-66699245848.55429,-66870031320.57964,-67041723846.48416,-67214321678.23516,-67387822583.965706,-67562223819.9404,-67737522101.050644,-67913713569.76286,-68090793763.438934,-68268757579.94375,-68447599241.4509,-68627312256.35306,-68807889379.17867,-68989322568.41211,-69171602942.10985,-69354720731.19904,-69538665230.34122,-69723424746.2373,-69908986543.24542,-70095336786.17728,-70282460480.13354,-70470341407.23349,-70658962060.08836,-70848303571.8634,-71038345642.76833,-71229066462.81169,-71420442630.6511,-71612449068.36713,-71805058931.9881,-71998243517.59038,-72191972162.80048,-72386212143.52708,-72580928565.75578,-72776084252.24765,-72971639623.9928,-73167552576.28696,-73363778349.3187,-73560269393.18277,-73756975227.27094,-73953842294.03502,-74150813807.17468,-74347829594.37257,-74544825934.78767,-74741735391.62598,-74938486640.24289,-75135004292.39644,-75331208717.47308,-75527015861.75801,-75722337067.1251,-75917078890.89647,-76111142929.07678,-76304425645.72801,-76496818211.93301,-76688206358.63571,-76878470248.67224,-77067484374.5679,-77255117490.22362,-77441232586.51826,-77625686923.19943,-77808332132.32663,-77989014412.10457,-78167574834.3672,-78343849794.4582,-78517671639.0677,-78688869516.0713,-78857270501.005,-79022701068.05185,-79184988990.01585,-79343965772.61826,-79499469754.72932,-79651350039.33804,-79799471462.09183,-79943720857.60968,-80084014951.73236,-80220310294.66411,-80352615761.12074,-80481008286.40483,-80605652691.35123,-80726826686.96695,-80844952458.07567,-80960636626.62152,-81074720919.15636,-81188346549.1071,-81303036225.8979,-81420798891.46774,-81544263856.70966,-81676853096.4063,-81823003238.28456,-81988452490.20755,-82180612716.40173,-82409053545.0868,-82686134375.43153,-83027832285.81854,-83454830273.07913,-83993952549.96669,-84680063974.48112,-85558592109.27182,-86688887167.71571,-88148713306.7669,-90040273663.73624,-92498327422.44931,-95701196576.52812,-99885892172.73825,-105369599488.65303,-112582714320.0811,-122127428934.0713,-134889852943.68011,-152068163774.5941,-170867438326.1517,0.0
7520.0,-46418385921.186844,-46483640794.42235,-46549160816.66942,-46614947709.93935,-46681003211.06006,-46747329071.82695,-46813927059.15511,-46880798955.23328,-46947946557.679474,-47015371679.698135,-47083076150.23902,-47151061814.15775,-47219330532.37793,-47287884182.05513,-47356724656.74245,-47425853866.557816,-47495273738.353,-47564986215.884445,-47634993259.98572,-47705296848.741776,-47775898977.66501,-47846801659.87306,-47918006926.26836,-47989516825.719536,-48061333425.2446,-48133458810.19589,-48205895084.44688,-48278644370.58083,-48351708810.08116,-48425090563.52374,-48498791810.77101,-48572814751.16794,-48647161603.73972,-48721834607.39152,-48796836021.109795,-48872168124.16576,-48947833216.320404,-49023833618.0316,-49100171670.66286,-49176849736.69403,-49253870199.933784,-49331235465.73395,-49408947961.20563,-49487010135.43711,-49565424459.713684,-49644193427.73902,-49723319555.8586,-49802805383.28459,-49882653472.322754,-49962866408.600815,-50043446801.29869,-50124397283.38031,-50205720511.82705,-50287419167.872955,-50369495957.241264,-50451953610.38273,-50534794882.71539,-50618022554.86565,-50701639432.911095,-50785648348.6244,-50870052159.718796,-50954853750.09471,-51040056030.08761,-51125661936.71716,-51211674433.937355,-51298096512.88776,-51384931192.1457,-51472181517.97934,-51559850564.60164,-51647941434.42493,-51736457258.31616,-51825401195.85285,-51914776435.57921,-52004586195.26265,-52094833722.150795,-52185522293.22817,-52276655215.47313,-52368235826.11452,-52460267492.887985,-52552753614.29199,-52645697619.84296,-52739102970.32976,-52832973158.06726,-52927311707.14865,-53022122173.69639,-53117408146.11168,-53213173245.322014,-53309421125.02694,-53406155471.94129,-53503380006.03614,-53601098480.77681,-53699314683.358,-53798032434.93536,-53897255590.853584,-53996988040.87038,-54097233709.37611,-54197996555.60892,-54299280573.864494,-54401089793.70065,-54503428280.13573,-54606300133.84102,-54709709491.32602,-54813660525.116776,-54918157443.92612,-55023204492.81594,-55128805953.35032,-55234966143.739365,-55341689418.97288,-55448980170.9435,-55556842828.55834,-55665281857.8385,-55774301762.0059,-55883907081.5565,-55994102394.318985,-56104892315.498276,-56216281497.70301,-56328274630.955666,-56440876442.68489,-56554091697.69854,-56667925198.13676,-56782381783.403435,-56897466330.07557,-57013183751.78867,-57129538999.09729,-57246537059.308975,-57364182956.290764,-57482481750.2462,-57601438537.46151,-57721058450.01945,-57841346655.47889,-57962308356.51846,-58083948790.54244,-58206273229.24675,-58329286978.14331,-58452995376.04012,-58577403794.47543,-58702517637.1031,-58828342339.027054,-58954883366.08206,-59082146214.05819,-59210136407.86623,-59338859500.640945,-59468321072.77906,-59598526730.90915,-59729482106.78945,-59861192856.13043,-59993664657.33847,-60126903210.17653,-60260914234.33792,-60395703467.92898,-60531276665.856125,-60667639598.11269,-60804798047.960815,-60942757810.003174,-61081524688.139496,-61221104493.40195,-61361503041.66426,-61502726151.21791,-61644779640.209564,-61787669323.933,-61931401011.96867,-62075980505.16384,-62221413592.445885,-62367706047.46072,-62514863625.028625,-62662892057.408676,-62811797050.36325,-62961584279.01323,-63112259383.47449,-63263827964.265564,-63416295577.476425,-63569667729.68744,-63723949872.62714,-63879147397.557724,-64035265629.37574,-64192309820.41576,-64350285143.9439,-64509196687.328064,-64669049444.87076,-64829848310.29019,-64991598068.83534,-65154303389.01884,-65317968813.95294,-65482598752.27192,-65648197468.6243,-65814769073.71843,-65982317513.903656,-66150846560.2697,-66320359797.24603,-66490860610.68373,-66662352175.400604,-66834837442.17198,-67008319124.14813,-67182799682.68041,-67358281312.5379,-67534765926.49695,-67712255139.28621,-67890750250.87143,-68070252229.0637,-68250761691.43817,-68432278886.54976,-68614803674.43605,-68798335506.39859,-68982873404.05774,-69168415937.67902,-69354961203.77277,-69542506801.97455,-69731049811.21852,-69920586765.22269,-70111113627.31345,-70302625764.6245,-70495117921.71695,-70688584193.67844,-70883017998.77391,-71078412050.7366,-71274758330.80635,-71472048059.64479,-71670271669.281,-71869418775.27101,-72069478149.28755,-72270437692.39485,-72472284409.30782,-72675004383.98622,-72878582756.97368,-73083003704.95901,-73288250423.11725,-73494305110.87762,-73701148961.87227,-73908762158.93996,-74117123875.20163,-74326212282.38724,-74536004567.783,-74746476961.3898,-74957604775.13853,-75169362456.30737,-75381723657.63448,-75594661327.02551,-75808147820.23087,-76022155040.42548,-76236654609.276,-76451618074.84999,-76667017162.62512,-76882824076.92506,-77099011861.36945,-77315554828.42142,-77532429069.89075,-77749613062.36288,-77967088384.04237,-78184840562.51141,-78402860076.51053,-78621143539.18388,-78839695095.4502,-79058528072.46274,-79277666929.75136,-79497149564.90057,-79717030041.89221,-79937381823.00177,-80158301601.9854,-80379913856.97783,-80602376266.9919,-80825886167.36786,-81050688258.49321,-81277083830.5447,-81505441827.37952,-81736212148.20636,-81969941680.39813,-82207293676.04637,-82449071235.44965,-82696245851.54262,-82949992211.88686,-83211730764.35541,-83483179948.86139,-83766420506.41846,-84063974932.76704,-84378905992.01863,-84714939306.1259,-85076616467.7078,-85469486991.62137,-85900349862.91187,-86377558636.72565,-86911408234.90787,-87514627064.5133,-88203005225.68903,-88996198809.53328,-89918762043.86636,-91001473605.42633,-92283040510.2092,-93812280870.92532,-95650900135.53204,-97876970579.37708,-100589168755.94427,-103911648731.8016,-107998979676.44867,-113039571816.17229,-119254077915.25629,-126882719721.0619,-136158385077.50435,-147306650447.64487,-160871799859.53772,-181342446832.5604,0.0
7517.5,-46354394785.36167,-46419339431.468956,-46484547440.4595,-46550020523.24927,-46615760405.54813,-46681768828.012924,-46748047546.40198,-46814598331.73137,-46881422970.43307,-46948523264.51463,-47015901031.72084,-47083558105.69701,-47151496336.154175,-47219717589.03607,-47288223746.6879,-47357016708.02707,-47426098388.71569,-47495470721.335045,-47565135655.56181,-47635095158.346504,-47705351214.09342,-47775905824.84302,-47846761010.455795,-47917918808.798546,-47989381275.93233,-48061150486.30264,-48133228532.9315,-48205617527.61158,-48278319601.10247,-48351336903.32895,-48424671603.58136,-48498325890.71806,-48572301973.37003,-48646602080.14751,-48721228459.84889,-48796183381.671646,-48871469135.42547,-48947088031.74758,-49023042402.32019,-49099334600.09013,-49175966999.49069,-49252941996.66575,-49330262009.69585,-49407929478.82682,-49485946866.700424,-49564316658.58713,-49643041362.621414,-49722123510.03899,-49801565655.4164,-49881370376.91287,-49961540276.514244,-50042077980.27937,-50122986138.58842,-50204267426.39368,-50285924543.4724,-50367960214.681885,-50450377190.21674,-50533178245.8684,-50616366183.28667,-50699943830.2435,-50783914040.898895,-50868279696.06886,-50953043703.49556,-51038208998.119385,-51123778542.35314,-51209755326.35829,-51296142368.32304,-51382942714.7424,-51470159440.70027,-51557795650.15324,-51645854476.216156,-51734339081.44969,-51823252658.1494,-51912598428.63641,-52002379645.549995,-52092599592.141304,-52183261582.56891,-52274368962.19536,-52365925107.88547,-52457933428.3055,-52550397364.2236,-52643320388.8114,-52736706007.94638,-52830557760.51515,-52924879218.717545,-53019673988.37118,-53114945709.21661,-53210698055.22282,-53306934734.892876,-53403659491.56972,-53500876103.74188,-53598588385.34885,-53696800186.08604,-53795515391.709335,-53894737924.33853,-53994471742.76002,-54094720842.72807,-54195489257.26492,-54296781056.95894,-54398600350.26095,-54500951283.778465,-54603838042.56736,-54707264850.42083,-54811235970.15532,-54915755703.89307,-55020828393.34096,-55126458420.065475,-55232650205.76292,-55339408212.525215,-55446736943.10031,-55554640941.14702,-55663124791.483864,-55772193120.33136,-55881850595.54738,-55992101926.85491,-56102951866.06203,-56214405207.273056,-56326466787.09083,-56439141484.808945,-56552434222.594025,-56666349965.65657,-56780893722.41046,-56896070544.6198,-57011885527.532715,-57128343810.00127,-57245450574.58645,-57363211047.64788,-57481630499.41671,-57600714244.051414,-57720467639.67508,-57840896088.393456,-57962005036.292625,-58083799973.41518,-58206286433.71384,-58329469994.98154,-58453356278.75626,-58577950950.1999,-58703259717.949585,-58829288333.94007,-58956042593.19606,-59083528333.59257,-59211751435.58229,-59340717821.88803,-59470433457.15882,-59600904347.587906,-59732136540.49098,-59864136123.84282,-59996909225.770424,-60130462014.000916,-60264800695.26214,-60399931514.63387,-60535860754.847786,-60672594735.53386,-60810139812.411064,-60948502376.420265,-61087688852.79686,-61227705700.08084,-61368559409.062225,-61510256501.6588,-61652803529.72461,-61796207073.78575,-61940473741.70188,-62085610167.25021,-62231623008.629944,-62378518946.88439,-62526304684.23855,-62674986942.3492,-62824572460.46581,-62975067993.49913,-63126480309.99599,-63278816190.01748,-63432082422.91911,-63586285805.0307,-63741433137.23436,-63897531222.43967,-64054586862.9543,-64212606857.74965,-64371597999.62126,-64531567072.24362,-64692520847.12028,-64854466080.43042,-65017409509.773544,-65181357850.81511,-65346317793.8363,-65512296000.19298,-65679299098.68887,-65847333681.87028,-66016406302.250595,-66186523468.474594,-66357691641.434616,-66529917230.352234,-66703206588.84219,-66877566010.97714,-67053001727.3755,-67229519901.33766,-67407126625.0593,-67585827915.95555,-67765629713.13376,-67946537874.05813,-68128558171.45563,-68311696290.51926,-68495957826.471664,-68681348282.56144,-68867873068.57304,-69055537499.94215,-69244346797.58028,-69434306088.52515,-69625420407.54898,-69817694699.8728,-70011133825.15424,-70205742562.93652,-70401525619.77112,-70598487638.25162,-70796633208.22737,-70995966880.49808,-71196493183.32884,-71398216642.16708,-71601141802.99031,-71805273259.76834,-72010615686.58308,-72217173875.01805,-72424952777.50659,-72633957557.41551,-72844193646.73859,-73055666812.38663,-73268383232.18718,-73482349581.84949,-73697573134.31403,-73914061873.08966,-74131824621.39233,-74350871189.13753,-74571212540.11238,-74792860981.96368,-75015830381.99384,-75240136412.1636,-75465796827.16711,-75692831779.9782,-75921264179.88371,-76151120098.72516,-76382429231.88623,-76615225421.506,-76849547250.48567,-77085438717.11993,-77322950001.648,-77562138337.72452,-77803069003.79512,-78045816451.68033,-78290465592.38414,-78537113262.32394,-78785869896.9157,-79036861442.84929,-79290231545.5837,-79546144054.73514,-79804785897.31992,-80066370377.47137,-80331140971.57047,-80599375700.05125,-80871392171.89803,-81147553415.55774,-81428274631.30028,-81714031025.75894,-82005366920.46292,-82302906363.84978,-82607365522.02994,-82919567179.35573,-83240457747.96495,-83571127268.8588,-83912832989.40086,-84267027227.97644,-84635390391.69675,-85019870204.70071,-85422728441.89764,-85846596757.34537,-86294543562.24887,-86770154362.84634,-87277628535.79738,-87821896226.17262,-88408759935.2616,-89045066463.74023,-89738916238.6077,-90499918732.10455,-91339504725.9548,-92271308609.31331,-93311636679.94077,-94480040336.07143,-95800015518.72232,-97299850392.27847,-99013638871.87852,-100982461236.29799,-103255689366.07701,-105892269144.43301,-108961589442.06445,-112542986202.83206,-116721610072.14116,-121575157316.04279,-127137717507.00278,-133306064258.85535,-139615126170.42056,-144919427990.00668,-147832520204.82065,0.0
7515.0,-46194913373.32405,-46259162271.96708,-46323670216.36228,-46388438883.72965,-46453469965.81052,-46518765169.019394,-46584326214.59758,-46650154838.76852,-46716252792.89495,-46782621843.637924,-46849263773.117645,-46916180379.07612,-46983373475.04176,-47050844890.495895,-47118596471.041084,-47186630078.57152,-47254947591.445366,-47323550904.65899,-47392441930.02333,-47461622596.342186,-47531094849.592636,-47600860653.1075,-47670921987.75987,-47741280852.149826,-47811939262.7932,-47882899254.3126,-47954162879.63051,-48025732210.164696,-48097609336.02577,-48169796366.217026,-48242295428.83652,-48315108671.28151,-48388238260.45515,-48461686382.97546,-48535455245.38689,-48609547074.37393,-48683964116.97736,-48758708640.8129,-48833782934.29217,-48909189306.846245,-48984930089.15168,-49061007633.35894,-49137424313.32348,-49214182524.839325,-49291284685.87521,-49368733236.81328,-49446530640.69047,-49524679383.44247,-49603181974.150314,-49682040945.28968,-49761258852.98285,-49840838277.25333,-49920781822.28327,-50001092116.67359,-50081771813.70678,-50162823591.612564,-50244250153.836296,-50326054229.31019,-50408238572.72729,-50490805964.81834,-50573759212.631386,-50657101149.814384,-50740834636.90047,-50824962561.59624,-50909487839.07288,-50994413412.26007,-51079742252.14288,-51165477358.06163,-51251621758.01438,-51338178508.96262,-51425150697.139656,-51512541438.362015,-51600353878.34364,-51688591193.01308,-51777256588.833496,-51866353303.12564,-51955884604.3936,-52045853792.65348,-52136264199.76494,-52227119189.76545,-52318422159.20765,-52410176537.49916,-52502385787.24545,-52595053404.595345,-52688182919.58929,-52781777896.5103,-52875841934.237656,-52970378666.603165,-53065391762.75006,-53160884927.49451,-53256861901.68952,-53353326462.59155,-53450282424.229256,-53547733637.77489,-53645683991.91781,-53744137413.24042,-53843097866.59617,-53942569355.48976,-54042555922.45941,-54143061649.46102,-54244090658.25441,-54345647110.791145,-54447735209.60431,-54550359198.19972,-54653523361.44893,-54757232025.98335,-54861489560.58996,-54966300376.608116,-55071668928.32741,-55177599713.3867,-55284097273.173744,-55391166193.225655,-55498811103.63004,-55607036679.42636,-55715847641.00772,-55825248754.52278,-55935244832.27751,-56045840733.13701,-56157041362.92661,-56268851674.83286,-56381276669.80344,-56494321396.946365,-56607990953.928085,-56722290487.37039,-56837225193.24566,-56952800317.270645,-57069021155.29839,-57185893053.70802,-57303421409.79231,-57421611672.14287,-57540469341.03267,-57659999968.795654,-57780209160.20343,-57901102572.83872,-58022685917.46536,-58144964958.39479,-58267945513.848816,-58391633456.31843,-58516034712.91871,-58641155265.73947,-58767001152.19177,-58893578465.35006,-59020893354.28992,-59148952024.42154,-59277760737.818665,-59407325813.54336,-59537653627.96649,-59668750615.08412,-59800623266.830154,-59933278133.38521,-60066721823.48244,-60200961004.71049,-60336002403.81403,-60471852806.99284,-60608519060.19971,-60746008069.43842,-60884326801.06265,-61023482282.07681,-61163481600.44033,-61304331905.37697,-61446040407.6906,-61588614380.08976,-61732061157.52278,-61876388137.52669,-62021602780.591736,-62167712610.54571,-62314725214.96098,-62462648245.58837,-62611489418.82251,-62761256516.20351,-62911957384.96036,-63063599938.60265,-63216192157.566956,-63369742089.925865,-63524257852.168144,-63679747630.059166,-63836219679.59228,-63993682328.04248,-64152143975.135376,-64311613094.34519,-64472098234.33799,-64633608020.57678,-64796151157.10811,-64959736428.55093,-65124372702.311005,-65290068931.0468,-65456834155.41498,-65624677507.12683,-65793608212.350296,-65963635595.4955,-66134769083.42584,-66307018210.14111,-66480392621.98346,-66654902083.42273,-66830556483.4832,-67007365842.88037,-67185340321.94304,-67364490229.4044,-67544826032.15364,-67726358366.049835,-67909098047.90953,-68093056088.79181,-68278243708.71682,-68464672352.96807,-68652353710.14464,-68841299732.1462,-69031522656.29355,-69223035029.80833,-69415849736.89867,-69609980028.7241,-69805439556.54202,-70002242408.36954,-70200403149.53036,-70399936867.49603,-70600859221.47487,-70803186497.25003,-71006935667.82353,-71212124460.48256,-71418771430.97255,-71626896045.5358,-71836518771.65874,-72047661178.4641,-72260346047.78838,-72474597497.10175,-72690441115.5578,-72907904114.60631,-73127015494.76524,-73347806230.33138,-73570309474.01418,-73794560783.70732,-74020598373.87123,-74248463394.29042,-74478200239.2969,-74709856890.91824,-74943485299.82487,-75179141808.41817,-75416887620.93028,-75656789326.00267,-75898919477.88608,-76143357243.16881,-76390189120.80562,-76639509744.20216,-76891422775.22339,-77146041901.26082,-77403491947.9333,-77663910121.6323,-77927447397.9894,-78194270074.46846,-78464561507.70827,-78738524059.00801,-79016381274.50424,-79298380330.19348,-79584794776.07123,-79875927618.36061,-80172114784.17108,-80473729019.05211,-80781184274.88547,-81094940653.50183,-81415509980.42401,-81743462093.3445,-82079431941.45132,-82424127604.6123,-82778339355.78406,-83142949905.82535,-83518945987.08601,-83907431450.47311,-84309642069.70749,-84726962265.37947,-85160943978.88632,-85613327940.36024,-86086067582.16562,-86581355845.83797,-87101655108.63843,-87649730406.29224,-88228686036.68327,-88842005474.85927,-89493594283.6864,-90187825326.04526,-90929585016.48138,-91724318513.48215,-92578070539.12457,-93497516772.75005,-94489978301.80885,-95563408168.38026,-96726334302.54243,-97987736715.28836,-99356828392.60593,-100842698789.52544,-102453766857.14536,-104196979884.87332,-106076692500.45612,-108093183218.3958,-110240840198.79619,-112506171996.49323,-114865669559.87775,-117281004293.77953,-119671693857.86566,-121744073465.43488,-121986146609.95912,-113287001333.3706,0.0
7512.5,-45941380353.53374,-46004558105.48005,-46067988146.94899,-46131672099.86002,-46195611600.14292,-46259808297.88553,-46324263857.48317,-46388979957.78994,-46453958292.27177,-46519200569.16131,-46584708511.61476,-46650483857.87049,-46716528361.4096,-46782843791.11849,-46849431931.453255,-46916294582.60618,-46983433560.67419,-47050850697.829315,-47118547842.49127,-47186526859.50213,-47254789630.302986,-47323338053.112915,-47392174043.11,-47461299532.61459,-47530716471.274734,-47600426826.25397,-47670432582.42123,-47740735742.54319,-47811338327.47887,-47882242376.37662,-47953449946.87355,-48024963115.29729,-48096783976.8702,-48168914645.916214,-48241357256.06995,-48314113960.48863,-48387186932.066345,-48460578363.65109,-48534290468.26428,-48608325479.32313,-48682685650.86555,-48757373257.777916,-48832390596.02551,-48907739982.88581,-48983423757.18463,-49059444279.53509,-49135803932.57951,-49212505121.23428,-49289550272.93766,-49366941837.90055,-49444682289.36042,-49522774123.83829,-49601219861.39872,-49680022045.91317,-49759183245.32629,-49838706051.925705,-49918593082.61493,-49998846979.189545,-50079470408.616936,-50160466063.31918,-50241836661.45951,-50323584947.23224,-50405713691.15613,-50488225690.37135,-50571123768.940125,-50654410778.150826,-50738089596.825905,-50822163131.63351,-50906634317.40285,-50991506117.44339,-51076781523.86786,-51162463557.91927,-51248555270.30181,-51335059741.51565,-51421980082.19602,-51509319433.456184,-51597080967.23461,-51685267886.646416,-51773883426.3389,-51862930852.851456,-51952413464.97998,-52042334594.14534,-52132697604.76661,-52223505894.63869,-52314762895.31444,-52406472072.4916,-52498636926.4042,-52591260992.21889,-52684347840.43596,-52777901077.295296,-52871924345.187256,-52966421323.06854,-53061395726.88315,-53156851309.98844,-53252791863.58658,-53349221217.16106,-53446143238.91865,-53543561836.237,-53641480956.117584,-53739904585.64425,-53838836752.44774,-53938281525.17573,-54038243013.96904,-54138725370.94372,-54239732790.67937,-54341269510.71359,-54443339812.04303,-54545948019.630615,-54649098502.919754,-54752795676.35506,-54857043999.91014,-54961847979.62247,-55067212168.13547,-55173141165.24798,-55279639618.47142,-55386712223.59487,-55494363725.25795,-55602598917.53209,-55711422644.51029,-55820839800.9057,-55930855332.65909,-56041474237.555695,-56152701565.85181,-56264542420.91123,-56377001959.85196,-56490085394.20389,-56603797990.57735,-56718145071.343285,-56833132015.32565,-56948764258.50612,-57065047294.742004,-57181986676.49791,-57299588015.5916,-57417856983.95493,-57536799314.410614,-57656420801.46526,-57776727302.12003,-57897724736.69944,-58019419089.699524,-58141816410.65633,-58264922815.035774,-58388744485.14647,-58513287671.07638,-58638558691.655045,-58764563935.44293,-58891309861.749435,-59018803001.68154,-59147049959.22479,-59276057412.359085,-59405832114.2112,-59536380894.24687,-59667710659.504715,-59799828395.875244,-59932741169.42781,-60066456127.78906,-60200980501.57626,-60336321605.88995,-60472486841.869514,-60609483698.31676,-60747319753.39259,-60886002676.391624,-61025540229.6011,-61165940270.25029,-61307210752.55716,-61449359729.87979,-61592395356.98065,-61736325892.41226,-61881159701.03393,-62026905256.6696,-62173571144.91783,-62321166066.12639,-62469698838.54376,-62619178401.66235,-62769613819.768295,-62921014285.7147,-63073389124.936356,-63226747799.72513,-63381099913.788,-63536455217.109886,-63692823611.14714,-63850215154.378235,-64008640068.24155,-64168108743.4922,-64328631747.01297,-64490219829.11673,-64652883931.38216,-64816635195.0672,-64981484970.14911,-65147444825.044014,-65314526557.06383,-65482742203.67324,-65652104054.61508,-65822624664.97884,-65994316869.29312,-66167193796.7307,-66341268887.52236,-66516555910.68495,-66693068983.177734,-66870822590.61263,-67049831609.65422,-67230111332.25901,-67411677491.91618,-67594546292.06769,-67778734436.901596,-67964259164.7311,-68151138284.19089,-68339390213.50464,-68529034023.10121,-68720089481.8832,-68912577107.48047,-69106518220.85262,-69301935005.63979,-69498850572.69836,-69697289030.3016,-69897275560.53043,-70098836502.43112,-70301999442.57297,-70506793313.7004,-70713248502.24292,-70921396965.52084,-71131272359.56802,-71342910178.58418,-71556347907.13074,-71771625186.29443,-71988783995.16733,-72207868849.1262,-72428927016.54529,-72652008755.74059,-72877167574.12787,-73104460511.77748,-73333948451.77167,-73565696460.0167,-73799774157.43286,-74036256127.74478,-74275222364.42519,-74516758760.7084,-74760957646.99112,-75007918380.37807,-75257747991.61528,-75510561895.18408,-75766484668.91095,-76025650910.0839,-76288206175.75755,-76554308015.68056,-76824127107.09067,-77097848501.49426,-77375672994.47824,-77657818630.58568,-77944522356.31578,-78236041835.36583,-78532657441.29863,-78834674443.85857,-79142425406.12463,-79456272810.515,-79776611932.25095,-80103873979.11984,-80438529516.07382,-80781092192.1262,-81132122784.8359,-81492233573.97267,-81862093050.14114,-82242430955.4252,-82634043640.43242,-83037799704.04616,-83454645856.81277,-83885612913.62299,-84331821772.72296,-84794489171.44324,-85274932918.08069,-85774576175.65013,-86294950205.34567,-86837694750.17845,-87404554931.73901,-87997373117.62341,-88618073656.51868,-89268637622.46672,-89951063693.09271,-90667309920.90776,-91419209327.39532,-92208349808.55641,-93035905601.86816,-93902403303.4055,-94807399887.81085,-95749043131.90025,-96723476146.46431,-97724037601.23053,-98740198789.29004,-99756171094.387,-100749120589.99554,-101686959001.64487,-102525785170.209,-103207328736.2652,-103657436437.26497,-103788328579.71368,-103511555218.06564,-102779372195.84468,-101700295932.93373,-100838956295.51753,-101828579943.07896,-106171621235.62613,0.0
7510.0,-45595808312.30361,-45657553399.9488,-45719541707.605545,-45781774781.67043,-45844254181.81796,-45906981481.1413,-45969958266.29468,-46033186137.637535,-46096666709.38049,-46160401609.73312,-46224392481.05356,-46288640980.00001,-46353148777.684,-46417917559.82582,-46482949026.91165,-46548244894.35277,-46613806892.64676,-46679636767.540794,-46745736280.19679,-46812107207.35895,-46878751341.523056,-46945670491.10831,-47012866480.63097,-47080341150.88048,-47148096359.09772,-47216133979.1555,-47284455901.74147,-47353064034.54321,-47421960302.43594,-47491146647.67233,-47560625030.07501,-47630397427.231514,-47700465834.69153,-47770832266.16702,-47841498753.73479,-47912467348.04156,-47983740118.51194,-48055319153.559006,-48127206560.79759,-48199404467.26048,-48271915019.617256,-48344740384.39629,-48417882748.20946,-48491344317.97985,-48565127321.17258,-48639234006.028564,-48713666641.80154,-48788427518.99804,-48863518949.62077,-48938943267.41522,-49014702828.119415,-49090800009.717255,-49167237212.69516,-49244016860.302216,-49321141398.81378,-49398613297.79888,-49476435050.390976,-49554609173.56268,-49633138208.40411,-49712024720.40518,-49791271299.74168,-49870880561.56533,-49950855146.298096,-50031197719.93022,-50111910974.32281,-50192997627.51444,-50274460424.032196,-50356302135.20706,-50438525559.49386,-50521133522.795685,-50604128878.79303,-50687514509.2777,-50771293324.4915,-50855468263.469765,-50940042294.39011,-51025018414.92616,-51110399652.60646,-51196189065.17884,-51282389740.9801,-51369004799.31124,-51456037390.81842,-51543490697.87963,-51631367934.99723,-51719672349.1966,-51808407220.43089,-51897575861.99202,-51987181620.92818,-52077227878.46789,-52167718050.45073,-52258655587.765076,-52350043976.79277,-52441886739.86103,-52534187435.70178,-52626949659.91868,-52720177045.46163,-52813873263.109535,-52908042021.96112,-53002687069.934235,-53097812194.273575,-53193421222.06755,-53289518020.77408,-53386106498.755775,-53483190605.82485,-53580774333.79785,-53678861717.06071,-53777456833.144226,-53876563803.31056,-53976186793.15075,-54076330013.19392,-54176997719.52842,-54278194214.43522,-54379923847.034256,-54482191013.943665,-54585000159.952995,-54688355778.71037,-54792262413.42445,-54896724657.58143,-55001747155.67796,-55107334603.9704,-55213491751.24104,-55320223399.58215,-55427534405.19824,-55535429679.22754,-55643914188.58362,-55752992956.81741,-55862671065.00128,-55972953652.63547,-56083845918.57834,-56195353122.00112,-56307480583.36865,-56420233685.44692,-56533617874.339096,-56647638660.550964,-56762301620.08747,-56877612395.58193,-56993576697.45916,-57110200305.13475,-57227489068.25192,-57345448907.957985,-57464085818.222595,-57583405867.199875,-57703415198.63688,-57824120033.33075,-57945526670.63723,-58067641490.0336,-58190470952.738815,-58314021603.39415,-58438300071.80788,-58563313074.76758,-58689067417.92401,-58815569997.750885,-58942827803.584885,-59070847919.75056,-59199637527.77593,-59329203908.70334,-59459554445.50209,-59590696625.589066,-59722638043.463776,-59855386403.46529,-59988949522.65883,-60123335333.86008,-60258551888.80606,-60394607361.48253,-60531510051.6174,-60669268388.351776,-60807890934.09981,-60947386388.61037,-61087763593.243835,-61229031535.47843,-61371199353.66208,-61514276342.02597,-61658271955.97852,-61803195817.698296,-61949057722.04747,-62095867642.8277,-62243635739.402664,-62392372363.71321,-62542088067.713,-62692793611.25467,-62844499970.45893,-62997218346.60134,-63150960175.55457,-63305737137.8264,-63461561169.237366,-63618444472.284966,-63776399528.245514,-63935439110.06817,-64095576296.12074,-64256824484.85088,-64419197410.4321,-64582709159.468765,-64747374188.84128,-64913207344.77818,-65080223883.24971,-65248439491.78485,-65417870312.82173,-65588532968.7117,-65760444588.50514,-65933622836.660126,-66108085943.82476,-66283852739.85762,-66460942689.26458,-66639375929.24436,-66819173310.55246,-67000356441.410034,-67182947734.703865,-67366970458.74415,-67552448791.87023,-67739407881.21825,-67927873905.99245,-68117874145.61063,-68309437053.12659,-68502592334.36673,-68697371033.2559,-68893805623.84906,-69091930109.62938,-69291780130.68279,-69493393079.41101,-69696808225.50398,-69902066850.9534,-70109212395.95859,-70318290616.64815,-70529349755.62228,-70742440726.40555,-70957617312.9949,-71174936385.7888,-71394458135.29187,-71616246325.10828,-71840368565.86362,-72066896611.83017,-72295906682.1769,-72527479808.91939,-72761702213.81035,-72998665716.5836,-73238468177.14758,-73481213974.51306,-73727014525.43518,-73975988845.94795,-74228264159.1687,-74483976552.94191,-74743271691.07642,-75006305582.09204,-75273245409.52567,-75544270427.93575,-75819572928.76959,-76099359280.19719,-76383851044.83557,-76673286178.95085,-76967920316.1773,-77268028137.97188,-77573904831.83936,-77885867636.71361,-78204257472.62347,-78529440648.72855,-78861810639.75713,-79201789915.51628,-79549831801.1037,-79906422336.24463,-80272082090.18495,-80647367872.9923,-81032874263.91513,-81429234851.28854,-81837123044.62262,-82257252275.71835,-82690375349.00656,-83137282627.99915,-83598798649.8239,-84075776636.81374,-84569090214.5816,-85079621438.85385,-85608243964.0437,-86155799836.08669,-86723067935.4705,-87310721500.95987,-87919271387.44089,-88548990696.7407,-89199815095.68121,-89871211407.45547,-90562004811.30496,-91270152061.56116,-91992444356.92497,-92724118638.83786,-93458349938.74973,-94185589708.90369,-94892705740.61519,-95561868458.90833,-96169116901.05019,-96682527796.74365,-97059908213.90436,-97245948237.2147,-97168832082.02237,-96736476532.08421,-95833000383.08612,-94317157691.32402,-92027647055.46832,-88810390610.01546,-84620999780.15742,-79923792936.5521,-77467950476.47858,-91134561079.34729,0.0
7507.5,-45160758857.430275,-45220727164.62054,-45280927465.909546,-45341361213.67813,-45402029872.65307,-45462934920.038055,-45524077845.64644,-45585460152.03558,-45647083354.643074,-45708948981.92444,-45771058575.492966,-45833413690.26095,-45896015894.58302,-45958866770.40134,-46021967913.392395,-46085320933.116104,-46148927453.16652,-46212789111.32469,-46276907559.71351,-46341284464.95453,-46405921508.32689,-46470820385.92838,-46535982808.83855,-46601410503.28407,-46667105210.80626,-46733068688.43085,-46799302708.84007,-46865809060.547,-46932589548.072266,-46999645992.1232,-47066980229.77536,-47134594114.6566,-47202489517.13355,-47270668324.50076,-47339132441.17239,-47407883788.87661,-47476924306.85251,-47546255952.05006,-47615880699.33259,-47685800541.68226,-47756017490.40829,-47826533575.35831,-47897350845.13249,-47968471367.300995,-48039897228.62416,-48111630535.27627,-48183673413.07221,-48256028007.697556,-48328696484.942,-48401681030.93615,-48474983852.391754,-48548607176.845634,-48622553252.90703,-48696824350.50873,-48771422761.161896,-48846350798.214806,-48921610797.115395,-48997205115.67781,-49073136134.35305,-49149406256.50376,-49226017908.68321,-49302973540.91862,-49380275626.99891,-49457926664.766945,-49535929176.416405,-49614285708.79331,-49692998833.702446,-49772071148.21857,-49851505275.0028,-49931303862.62402,-50011469585.88565,-50092005146.15769,-50172913271.71437,-50254196718.07732,-50335858268.36469,-50417900733.64606,-50500326953.30339,-50583139795.398285,-50666342157.045494,-50749936964.7931,-50833927175.00923,-50918315774.275826,-51003105779.78923,-51088300239.76824,-51173902233.86947,-51259914873.61034,-51346341302.79997,-51433184697.978134,-51520448268.86238,-51608135258.803986,-51696248945.25226,-51784792640.22829,-51873769690.80769,-51963183479.61318,-52053037425.31677,-52143334983.15238,-52234079645.438805,-52325274942.11356,-52416924441.2779,-52509031749.75334,-52601600513.65013,-52694634418.948105,-52788137192.0901,-52882112600.588715,-52976564453.64647,-53071496602.79039,-53166912942.5208,-53262817410.97551,-53359213990.60952,-53456106708.891075,-53553499639.014404,-53651396900.6301,-53749802660.59355,-53848721133.73222,-53948156583.632454,-54048113323.44679,-54148595716.72226,-54249608178.2507,-54351155174.94214,-54453241226.72194,-54555870907.45265,-54659048845.88211,-54762779726.61815,-54867068291.13187,-54971919338.78995,-55077337727.917984,-55183328376.895676,-55289896265.28558,-55397046434.997086,-55504783991.486694,-55613114104.99697,-55722042011.835556,-55831573015.69612,-55941712489.02353,-56052465874.42518,-56163838686.130745,-56275836511.50273,-56388465012.600494,-56501729927.80017,-56615637073.473495,-56730192345.72853,-56845401722.21544,-56961271264.00056,-57077807117.51254,-57195015516.56434,-57312902784.45489,-57431475336.15498,-57550739680.58167,-57670702422.9662,-57791370267.32045,-57912750019.007515,-58034848587.42197,-58157672988.78609,-58281230349.06874,-58405527907.033615,-58530573017.42427,-58656373154.294266,-58782935914.49008,-58910269021.29646,-59038380328.25337,-59167277823.15459,-59296969632.23926,-59427464024.58734,-59558769416.73179,-59690894377.50028,-59823847633.10072,-59957638072.46512,-60092274752.868385,-60227766905.83861,-60364123943.377205,-60501355464.508484,-60639471262.17928,-60778481330.53107,-60918395872.56821,-61059225308.24759,-61200980283.01755,-61343671676.83415,-61487310613.686874,-61631908471.66676,-61777476893.612495,-61924027798.373146,-62071573392.72809,-62220126184.00845,-62369698993.467094,-62520304970.44698,-62671957607.40334,-62824670755.83631,-62978458643.19733,-63133335890.835724,-63289317533.057175,-63446419037.37134,-63604656326.011154,-63764045798.812584,-63924604357.550354,-64086349431.832184,-64249299006.661316,-64413471651.78615,-64578886552.96382,-64745563545.2746,-64913523148.6342,-65082786605.66192,-65253375922.074615,-65425313909.789566,-65598624232.93237,-65773331456.96179,-65949461101.13867,-66127039694.58372,-66306094836.18706,-66486655258.652725,-66668750896.98193,-66852412961.72273,-67037674017.33705,-67224568066.06358,-67413130637.68195,-67603398885.614624,-67795411689.83409,-67989209767.07822,-68184835788.91162,-68382334508.210655,-68581752894.68973,-68783140280.12994,-68986548514.01648,-69192032130.33813,-69399648526.35225,-69609458154.16943,-69821524726.06445,-70035915434.47359,-70252701187.69281,-70471956862.34344,-70693761573.72467,-70918198965.21977,-71145357517.9678,-71375330882.04787,-71608218230.45096,-71844124637.12611,-72083161480.3839,-72325446872.90941,-72571106119.5789,-72820272204.17351,-73073086305.93332,-73329698346.68127,-73590267568.95105,-73854963145.15515,-74123964817.30682,-74397463566.12369,-74675662307.4594,-74958776612.87817,-75247035449.74792,-75540681934.40356,-75839974089.63046,-76145185594.82297,-76456606513.53667,-76774543978.60034,-77099322809.255,-77431286027.66516,-77770795233.24953,-78118230782.16808,-78473991705.42657,-78838495281.73247,-79212176159.58461,-79595484896.0181,-79988885745.56963,-80392853490.64691,-80807869051.37027,-81234413546.32452,-81672960391.97372,-82123964923.25916,-82587850885.40178,-83064992979.88123,-83555694436.66655,-84060158318.16777,-84578450922.89235,-85110455229.04341,-85655811775.49167,-86213843687.99486,-86783461681.72415,-87363043755.3986,-87950282871.7586,-88541994109.9519,-89133870471.28564,-89720173585.69658,-90293341830.26077,-90843493611.58229,-91357797487.49092,-91819672999.19167,-92207775922.46039,-92494708035.41708,-92645372310.70706,-92614865087.71358,-92345746751.09814,-91764436618.82727,-90776274249.87558,-89258320805.08511,-87047823773.6878,-83921281480.93915,-79550886943.29291,-73402095143.76248,-64472445139.99829,-50656378618.7959,-29052139899.635254,0.0
7505.0,-44639312142.54754,-44697180184.10798,-44755267021.984375,-44813573998.07914,-44872102465.53435,-44930853788.85102,-44989829344.00984,-45049030518.593414,-45108458711.91016,-45168115335.1199,-45228001811.36104,-45288119575.87945,-45348470076.15909,-45409054772.0544,-45469875135.92436,-45530932652.76851,-45592228820.36471,-45653765149.40879,-45715543163.6561,-45777564400.065,-45839830408.94241,-45902342754.091125,-45965103012.95945,-46028112776.792755,-46091373650.78714,-46154887254.24535,-46218655220.73477,-46282679198.24779,-46346960849.36418,-46411501851.41622,-46476303896.65568,-46541368692.42363,-46606697961.32245,-46672293441.39038,-46738156886.278725,-46804290065.43153,-46870694764.2679,-46937372784.36716,-47004325943.656555,-47071556076.60199,-47139065034.40136,-47206854685.181046,-47274926914.19529,-47343283624.02853,-47411926734.800995,-47480858184.37737,-47550079928.5787,-47619593941.39767,-47689402215.21707,-47759506761.03203,-47829909608.67546,-47900612807.047264,-47971618424.3472,-48042928548.31151,-48114545286.45331,-48186470766.30708,-48258707135.67706,-48331256562.889786,-48404121237.05083,-48477303368.30593,-48550805188.10651,-48624628949.47955,-48698776927.30242,-48773251418.58222,-48848054742.73999,-48923189241.90006,-48998657281.18435,-49074461249.01207,-49150603557.404594,-49227086642.29609,-49303912963.84963,-49381085006.77922,-49458605280.67767,-49536476320.35079,-49614700686.1577,-49693280964.35773,-49772219767.46388,-49851519734.60321,-49931183531.884155,-50011213852.77121,-50091613418.46689,-50172384978.30151,-50253531310.13079,-50335055220.7415,-50416959546.26563,-50499247152.60308,-50581920935.853226,-50664983822.75575,-50748438771.14083,-50832288770.38905,-50916536841.901596,-51001186039.58054,-51086239450.32005,-51171700194.5087,-51257571426.543045,-51343856335.353325,-51430558144.94112,-51517680114.9299,-51605225541.128555,-51693197756.10851,-51781600129.79495,-51870436070.07249,-51959709023.40601,-52049422475.477036,-52139579951.83642,-52230185018.573654,-52321241283.00383,-52412752394.37245,-52504722044.5792,-52597153968.921234,-52690051946.85643,-52783419802.788124,-52877261406.87149,-52971580675.842636,-53066381573.87152,-53161668113.43956,-53257444356.24271,-53353714414.12132,-53450482450.01811,-53547752678.964615,-53645529369.09842,-53743816842.71163,-53842619477.33226,-53941941706.84009,-54041788022.618225,-54142162974.74219,-54243071173.20801,-54344517289.20131,-54446506056.4089,-54549042272.37524,-54652130799.90541,-54755776568.5172,-54859984575.944046,-54964759889.69182,-55070107648.651535,-55176033064.77098,-55282541424.78769,-55389638092.02692,-55497328508.26694,-55605618195.67561,-55714512758.82156,-55824017886.7634,-55934139355.22149,-56044883028.83568,-56156254863.51405,-56268260908.87683,-56380907310.80067,-56494200314.06821,-56608146265.128845,-56722751614.975746,-56838022922.146194,-56953966855.85108,-57070590199.240616,-57187899852.81368,-57305902837.97853,-57424606300.77281,-57544017515.75197,-57664143890.054855,-57784992967.65672,-57906572433.819595,-58028890119.751236,-58151954007.48436,-58275772234.98845,-58400353101.52722,-58525705073.27611,-58651836789.21394,-58778757067.30533,-58906474910.98977,-59034999515.99608,-59164340277.50018,-59294506797.64706,-59425508893.45816,-59557356605.14647,-59690060204.86429,-59823630205.9087,-59958077372.41263,-60093412729.55046,-60229647574.289276,-60366793486.71873,-60504862341.99483,-60643866322.93512,-60783817933.30507,-60924730011.83824,-61066615747.035675,-61209488692.792496,-61353362784.90354,-61498252358.50241,-61644172166.49276,-61791137399.033905,-61939163704.14719,-62088267209.51385,-62238464545.539825,-62389772869.76807,-62542209892.72386,-62695793905.28477,-62850543807.672516,-63006479140.17056,-63163620115.67842,-63321987654.219986,-63481603419.5323,-63642489857.86795,-63804670239.15405,-63968168700.65938,-64133010293.33113,-64299221030.97336,-64466827942.44963,-64635859127.104065,-64806343813.60712,-64978312422.44522,-65151796632.2862,-65326829450.46672,-65503445287.86229,-65681680038.41513,-65861571163.61084,-66043157782.21033,-66226480765.55977,-66411582838.81731,-66598508688.45171,-66787305076.38364,-66978020961.15621,-67170707626.53548,-67365418817.95506,-67562210887.23053,-67761142945.97753,-67962277028.17467,-68165678262.31154,-68371415053.56062,-68579559276.39891,-68790186478.0872,-69003376093.38434,-69219211670.83064,-69437781110.8753,-69659176916.04347,-69883496453.23491,-70110842228.11273,-70341322171.37189,-70575049936.463,-70812145208.08081,-71052734020.39633,-71296949083.60086,-71544930116.82796,-71796824184.90059,-72052786035.59444,-72312978433.18538,-72577572482.92435,-72846747939.71297,-73120693492.59052,-73399607014.6223,-73683695765.32828,-73973176529.81874,-74268275675.20015,-74569229100.44824,-74876282050.65215,-75189688760.12222,-75509711881.08093,-75836621645.23749,-76170694694.12563,-76512212500.23692,-76861459284.18323,-77218719312.74263,-77584273437.90988,-77958394707.04619,-78341342837.7685,-78733357306.9459,-79134648749.40265,-79545388296.62488,-79965694406.46535,-80395616638.55511,-80835115713.26738,-81284039050.30411,-81742090811.08392,-82208795260.84662,-82683452014.24734,-83165081423.15579,-83652357996.47104,-84143529295.61435,-84636317209.24265,-85127797855.01839,-85614255555.77213,-86091005350.20738,-86552177260.25162,-86990453943.30869,-87396751226.1742,-87759828017.95105,-88065807609.0528,-88297585171.15994,-88434083960.21255,-88449300338.1666,-88311034861.62775,-87979120842.7226,-87402782718.57056,-86516367206.60342,-85231802081.07729,-83423982753.86012,-80899605918.66476,-77323251379.63574,-72018216517.19978,-63338213475.29242,-46246410084.54234,271182398.011734,0.0
7502.5,-44035031313.476105,-44090499130.99441,-44146170783.47656,-44202047488.16084,-44258130472.273895,-44314420973.136185,-44370920238.26886,-44427629525.501915,-44484550103.084,-44541683249.793655,-44599030255.05202,-44656592419.03717,-44714371052.799965,-44772367478.38152,-44830583028.93237,-44889019048.8332,-44947676893.81732,-45006557931.09493,-45065663539.479034,-45124995109.5132,-45184554043.60119,-45244341756.13835,-45304359673.64505,-45364609234.90194,-45425091891.08717,-45485809105.91576,-45546762355.7809,-45607953129.8974,-45669382930.44725,-45731053272.72741,-45792965685.299805,-45855121710.143585,-45917522902.80971,-45980170832.57793,-46043067082.61613,-46106213250.142265,-46169610946.5887,-46233261797.76919,-46297167444.04846,-46361329540.51461,-46425749757.15405,-46490429779.02954,-46555371306.46077,-46620576055.20829,-46686045756.66007,-46751782158.02147,-46817787022.508095,-46884062129.54212,-46950609274.951775,-47017430271.17425,-47084526947.46212,-47151901150.0933,-47219554742.584625,-47287489605.909195,-47355707638.71751,-47424210757.56258,-47493000897.12906,-47562080010.466446,-47631450069.22657,-47701113063.905426,-47771071004.08947,-47841325918.70643,-47911879856.280945,-47982734885.1949,-48053893093.95281,-48125356591.452286,-48197127507.25966,-48269207991.891136,-48341600217.09939,-48414306376.16587,-48487328684.19892,-48560669378.438095,-48634330718.56442,-48708314987.01727,-48782624489.31773,-48857261554.39872,-48932228534.94211,-49007527807.72307,-49083161773.96178,-49159132859.68277,-49235443516.08229,-49312096219.903534,-49389093473.820625,-49466437806.83088,-49544131774.65632,-49622177960.15423,-49700578973.737366,-49779337453.803925,-49858456067.1778,-49937937509.559265,-50017784505.98662,-50097999811.309105,-50178586210.6713,-50259546520.00992,-50340883586.562706,-50422600289.39052,-50504699539.91266,-50587184282.45619,-50670057494.81944,-50753322188.85066,-50836981411.04185,-50921038243.1388,-51005495802.7677,-51090357244.0789,-51175625758.40876,-51261304574.959885,-51347396961.50078,-51433906225.08551,-51520835712.794266,-51608188812.49539,-51695968953.63023,-51784179608.02112,-51872824290.70389,-51961906560.78558,-52051430022.32875,-52141398325.26297,-52231815166.32513,-52322684290.0295,-52414009489.66873,-52505794608.34725,-52598043540.04847,-52690760230.737015,-52783948679.49771,-52877612939.712875,-52971757120.27933,-53066385386.86741,-53161501963.22326,-53257111132.51663,-53353217238.73616,-53449824688.134384,-53546937950.72427,-53644561561.830475,-53742700123.69667,-53841358307.152794,-53940540853.343735,-54040252575.52344,-54140498360.91655,-54241283172.65151,-54342612051.76796,-54444490119.30223,-54546922578.45464,-54649914716.84244,-54753471908.84256,-54857599618.02858,-54962303399.706474,-55067588903.553856,-55173461876.36806,-55279928164.92821,-55386993718.977066,-55494664594.328575,-55602946956.10747,-55711847082.12758,-55821371366.41573,-55931526322.88891,-56042318589.19222,-56153754930.70613,-56265842244.73155,-56378587564.862,-56491998065.55267,-56606081066.89656,-56720844039.618454,-56836294610.2983,-56952440566.8363,-57069289864.17195,-57186850630.27117,-57305131172.39534,-57424139983.667755,-57543885749.95304,-57664377357.06685,-57785623898.333405,-57907634682.50981,-58030419242.09741,-58153987342.060745,-58278348988.977135,-58403514440.639824,-58529494216.14045,-58656299106.4565,-58783940185.57247,-58912428822.16376,-59041776691.87479,-59171995790.22476,-59303098446.17561,-59435097336.39935,-59568005500.284454,-59701836355.721756,-59836603715.71479,-59972321805.85985,-60109005282.74561,-60246669253.32327,-60385329295.30252,-60525001478.63052,-60665702388.11522,-60807449147.25718,-60950259443.3576,-61094151553.974625,-61239144374.80266,-61385257449.05478,-61532510998.431465,-61680925955.76387,-61830523999.423996,-61981327589.59885,-62133360006.53056,-62286645390.82903,-62441208785.96883,-62597076183.08688,-62754274568.20303,-62912831971.989136,-63072777522.21953,-63234141499.037895,-63396955393.18192,-63561251967.31061,-63727065320.58252,-63894430956.63681,-64063385855.13088,-64233968546.98989,-64406219193.523636,-64580179669.56421,-64755893650.775345,-64933406705.27849,-65112766389.731674,-65294022349.98683,-65477226426.43442,-65662432764.1246,-65849697927.72783,-66039081021.36493,-66230643813.295845,-66424450865.40657,-66620569667.37056,-66819070775.28764,-67020027954.512054,-67223518326.271164,-67429622517.54652,-67638424813.530594,-67850013311.785286,-68064480077.00503,-68281921295.02093,-68502437424.36743,-68726133343.35843,-68953118490.1775,-69183506992.96246,-69417417786.2461,-69654974709.38396,-69896306581.73782,-70141547248.3668,-70390835588.77986,-70644315479.89232,-70902135702.66716,-71164449779.96759,-71431415730.84695,-71703195723.80045,-71979955608.328,-72261864300.4305,-72549092993.29062,-72841814159.26779,-73140200303.34111,-73444422421.1276,-73754648106.42845,-74071039243.73573,-74393749210.07816,-74722919497.78357,-75058675654.97462,-75401122423.66844,-75750337936.01761,-76106366807.33331,-76469211939.97151,-76838824824.95471,-77215094098.55261,-77597832079.45496,-77986758979.5766,-78381484449.50539,-78781486090.60355,-79186084543.51309,-79594414752.69604,-80005393016.31503,-80417679470.77582,-80829635743.7413,-81239277656.70435,-81644223090.94098,-82041635475.12622,-82428163836.02869,-82799880996.1722,-83152222303.76495,-83479928190.16779,-83776994713.83646,-84036636707.7088,-84251267455.08101,-84412495524.69366,-84511130764.2142,-84537172454.2555,-84479714203.13062,-84326626437.39496,-84063742014.1247,-83673035985.39589,-83128927792.99701,-82391432855.8461,-81395107493.39911,-80036511010.03503,-78184181236.45804,-75873875628.94148,-74894291273.58864,0.0
7500.0,-43351922448.67517,-43404716136.00452,-43457697161.18812,-43510866605.08128,-43564225557.162224,-43617775115.62231,-43671516387.45752,-43725450488.56125,-43779578543.818306,-43833901687.20033,-43888421061.86253,-43943137820.241776,-43998053124.15609,-44053168144.90567,-44108484063.37521,-44164002070.13791,-44219723365.56078,-44275649159.911736,-44331780673.468056,-44388119136.62663,-44444665790.01581,-44501421884.60884,-44558388681.83917,-44615567453.7175,-44672959482.95044,-44730566063.06128,-44788388498.512436,-44846428104.82991,-44904686208.729675,-44963164148.24608,-45021863272.86224,-45080784943.642715,-45139930533.368065,-45199301426.671776,-45258899020.17944,-45318724722.65014,-45378779955.12019,-45439066151.04945,-45499584756.46985,-45560337230.13664,-45621325043.68219,-45682549681.77232,-45744012642.26553,-45805715436.37491,-45867659588.83285,-45929846638.05887,-45992278136.3302,-46054955649.9557,-46117880759.45273,-46181055059.72733,-46244480160.257835,-46308157685.28173,-46372089273.986145,-46436276580.70189,-46500721275.101204,-46565425042.39934,-46630389583.56,-46695616615.50482,-46761107871.32698,-46826865100.509125,-46892890069.14548,-46959184560.16866,-47025750373.580986,-47092589326.69055,-47159703254.35228,-47227094009.21391,-47294763461.96732,-47362713501.604965,-47430946035.68213,-47499462990.584625,-47568266311.80243,-47637357964.20936,-47706739932.34901,-47776414220.726974,-47846382854.10986,-47916647877.831055,-47987211358.10351,-48058075382.33989,-48129242059.48021,-48200713520.32716,-48272491917.88965,-48344579427.734375,-48416978248.3462,-48489690601.497284,-48562718732.62535,-48636064911.22141,-48709731431.22745,-48783720611.444,-48858034795.94844,-48932676354.52395,-49007647683.09989,-49082951204.203735,-49158589367.425026,-49234564649.891914,-49310879556.760605,-49387536621.71823,-49464538407.49963,-49541887506.4186,-49619586540.914055,-49697638164.11175,-49776045060.402115,-49854809946.03481,-49933935569.73065,-50013424713.31147,-50093280192.34892,-50173504856.832436,-50254101591.85763,-50335073318.33557,-50416422993.72392,-50498153612.78078,-50580268208.34207,-50662769852.12355,-50745661655.548294,-50828946770.60072,-50912628390.708374,-50996709751.65235,-51081194132.507835,-51166084856.61574,-51251385292.58685,-51337098855.33995,-51423229007.17503,-51509779258.883545,-51596753170.8967,-51684154354.474014,-51771986472.93332,-51860253242.92436,-51948958435.747734,-52038105878.72115,-52127699456.59506,-52217743113.01988,-52308240852.067,-52399196739.80603,-52490614905.940704,-52582499545.506134,-52674854920.63013,-52767685362.361374,-52860995272.56771,-52954789125.907425,-53049071471.87702,-53143846936.939026,-53239120226.73328,-53334896128.37581,-53431179512.84915,-53527975337.48839,-53625288648.56747,-53723124583.99039,-53821488376.09211,-53920385354.55444,-54019820949.44243,-54119800694.366684,-54220330229.777725,-54321415306.39894,-54423061788.80409,-54525275659.14719,-54628063021.05111,-54731430103.66344,-54835383265.88704,-54939929000.79405,-55045073940.23216,-55150824859.632706,-55257188683.02994,-55364172488.302475,-55471783512.64714,-55580029158.29709,-55688916998.49597,-55798454783.740906,-55908650448.30722,-56019512117.06938,-56131048112.6322,-56243266962.78812,-56356177408.31647,-56469788411.14181,-56584109162.868996,-56699149093.713974,-56814917881.849525,-56931425463.187035,-57048682041.6154,-57166698099.72028,-57285484410.007095,-57405052046.65281,-57525412397.812744,-57646577178.50964,-57768558444.13365,-57891368604.58336,-58015020439.079056,-58139527111.68092,-58264902187.546814,-58391159649.96457,-58518313918.19705,-58646379866.17776,-58775372842.0979,-58905308688.92689,-59036203765.909424,-59168074971.08452,-59300939764.87318,-59434816194.78264,-59569722921.2771,-59705679244.865845,-59842705134.46112,-59980821257.05925,-60120049008.79935,-60260410547.455185,-60401928826.41548,-60544627630.20904,-60688531611.63022,-60833666330.51989,-60980058294.2559,-61127735000.00518,-61276724978.78705,-61427057841.39343,-61578764326.20834,-61731876348.961426,-61886427054.44502,-62042450870.21412,-62199983562.278336,-62359062292.78209,-62519725679.65322,-62682013858.18219,-62845968544.47156,-63011633100.66943,-63179052601.870544,-63348273904.53126,-63519345716.2047,-63692318666.35106,-63867245377.92261,-64044180539.3553,-64223180976.52249,-64404305724.11636,-64587616095.81947,-64773175752.50954,-64961050767.60196,-65151309688.47643,-65344023592.75006,-65539266137.94903,-65737113602.88872,-65937644918.79343,-66140941687.86869,-66347088186.672104,-66556171351.210976,-66768280740.21576,-66983508472.49086,-67201949133.6213,-67423699646.60232,-67648859100.15134,-67877528527.54513,-68109810627.78667,-68345809419.73422,-68585629818.506676,-68829377121.99918,-69077156393.69357,-69329071726.11542,-69585225367.27066,-69845716690.18933,-70110640983.321,-70380088036.98978,-70654140498.47092,-70932871965.56615,-71216344785.9445,-71504607527.14752,-71797692080.27856,-72095610359.35669,-72398350558.61725,-72705872932.38121,-73018105067.46315,-73334936627.78053,-73656213566.69904,-73981731827.19632,-74311230586.55185,-74644385155.56067,-74980799718.41492,-75320000206.70181,-75661427750.51468,-76004433356.20792,-76348274743.32578,-76692116658.28041,-77035036502.77524,-77376037813.79486,-77714075064.14095,-78048094487.22304,-78377097253.12717,-78700233440.23393,-79016937985.66728,-79327123314.81082,-79631447844.98096,-79931685318.353,-80231227439.18753,-80535762591.26175,-80854188861.42307,-81199845998.1997,-81592202864.85516,-82059251696.2666,-82641136102.03699,-83396245487.03136,-84412929722.35898,-85835594258.47235,-87931663192.29303,-91287081987.10631,-97450062047.13455,-111348767101.68668,-153052662937.0481,0.0
7497.5,-42594390624.93904,-42644264454.395805,-42694307831.638405,-42744521692.01562,-42794906978.05202,-42845464639.52202,-42896195633.524994,-42947100924.56151,-42998181484.610725,-43049438293.208755,-43100872337.52842,-43152484612.460014,-43204276120.69333,-43256247872.80102,-43308400887.32301,-43360736190.85245,-43413254818.122795,-43465957812.09639,-43518846224.05428,-43571921113.687614,-43625183549.19028,-43678634607.35327,-43732275373.66031,-43786106942.38527,-43840130416.690956,-43894346908.7297,-43948757539.74549,-44003363440.17784,-44058165749.76744,-44113165617.663574,-44168364202.53333,-44223762672.67278,-44279362206.119965,-44335163990.76994,-44391169224.49182,-44447379115.24794,-44503794881.215034,-44560417750.90771,-44617248963.30409,-44674289767.9739,-44731541425.20865,-44789005206.15449,-44846682392.94751,-44904574278.851425,-44962682168.39812,-45021007377.53077,-45079551233.749756,-45138315076.26144,-45197300256.12984,-45256508136.43141,-45315940092.412834,-45375597511.652054,-45435481794.2225,-45495594352.86095,-45555936613.13846,-45616510013.635315,-45677316006.11928,-45738356055.72797,-45799631641.15487,-45861144254.83963,-45922895403.162254,-45984886606.641815,-46047119400.139404,-46109595333.065704,-46172315969.59328,-46235282888.87364,-46298497685.2594,-46361961968.531425,-46425677364.1315,-46489645513.40026,-46553868073.82107,-46618346719.26947,-46683083140.26883,-46748079044.25227,-46813336155.83088,-46878856217.0688,-46944640987.76502,-47010692245.74247,-47077011787.14428,-47143601426.737854,-47210462998.22673,-47277598354.57058,-47345009368.313705,-47412697931.9222,-47480665958.13022,-47548915380.29552,-47617448152.76483,-47686266251.249146,-47755371673.20936,-47824766438.25292,-47894452588.54133,-47964432189.20951,-48034707328.79689,-48105280119.69116,-48176152698.58479,-48247327226.94498,-48318805891.497314,-48390590904.72419,-48462684505.37778,-48535088959.00864,-48607806558.51053,-48680839624.68176,-48754190506.803955,-48827861583.23888,-48901855262.04387,-48976173981.60677,-49050820211.30115,-49125796452.16223,-49201105237.584984,-49276749134.04465,-49352730741.84091,-49429052695.86662,-49505717666.40194,-49582728359.93512,-49660087520.01069,-49737797928.10658,-49815862404.54086,-49894283809.4098,-49973065043.55806,-50052209049.582855,-50131718812.87283,-50211597362.68382,-50291847773.25234,-50372473164.94893,-50453476705.47266,-50534861611.08856,-50616631147.91013,-50698788633.22821,-50781337436.888756,-50864280982.72128,-50947622750.02014,-51031366275.08107,-51115515152.795105,-51200073038.30261,-51285043648.70973,-51370430764.87016,-51456238233.234924,-51542469967.773315,-51629129951.9677,-51716222240.88588,-51803750963.33391,-51891720324.093414,-51980134606.24657,-52068998173.592926,-52158315473.162186,-52248091037.826744,-52338329489.0188,-52429035539.5566,-52520213996.58432,-52611869764.6311,-52704007848.79416,-52796633358.05153,-52889751508.710464,-52983367627.99712,-53077487157.794266,-53172115658.53308,-53267258813.24646,-53362922431.790634,-53459112455.242676,-53555834960.48195,-53653096164.96331,-53750902431.69101,-53849260274.401855,-53948176362.96713,-54047657529.02304,-54147710771.83954,-54248343264.43829,-54349562359.970726,-54451375598.3676,-54553790713.27186,-54656815639.2675,-54760458519.41687,-54864727713.12027,-54969631804.31132,-55075179610.00289,-55181380189.1983,-55288242852.1833,-55395777170.21509,-55503992985.62469,-55612900422.34987,-55722509896.916374,-55832832129.88553,-55943878157.78682,-56055659345.55498,-56168187399.49075,-56281474380.765724,-56395532719.49155,-56510375229.37453,-56626015122.97633,-56742466027.60234,-56859742001.83896,-56977857552.7612,-57096827653.83176,-57216667763.51277,-57337393844.61051,-57459022384.37302,-57581570415.35975,-57705055537.10121,-57829495938.56461,-57954910421.440765,-58081318424.26436,-58208740047.37749,-58337196078.74326,-58466708020.61223,-58597298117.04032,-58728989382.251526,-58861805629.83238,-58995771502.739,-59130912504.08795,-59267255028.69437,-59404826395.308464,-59543654879.49017,-59683769747.046745,-59825201287.94206,-59967980850.56798,-60112140876.24614,-60257714933.80553,-60404737754.052536,-60553245263.9202,-60703274620.047195,-60854864241.4983,-61008053841.2913,-61162884456.3471,-61319398475.41971,-61477639664.500336,-61637653189.11638,-61799485632.86508,-61963185011.42999,-62128800781.22638,-62296383841.70805,-62465986530.23895,-62637662608.29276,-62811467237.584335,-62987456944.56242,-63165689571.49867,-63346224212.19455,-63529121130.09276,-63714441656.321884,-63902248064.92304,-64092603422.20302,-64285571406.831635,-64481216096.9516,-64679601720.201004,-64880792362.16391,-65084851628.372734,-65291842254.59239,-65501825659.74005,-65714861435.4482,-65931006765.99579,-66150315772.14243,-66372838772.356094,-66598621455.08822,-66827703956.20732,-67060119836.56677,-67295894956.1028,-67535046243.03169,-67777580359.896996,-68023492272.744286,-68272763736.01251,-68525361714.40153,-68781236774.75122,-69040321496.8283,-69302528973.13301,-69567751496.06961,-69835859568.23422,-70106701420.982,-70380103291.5152,-70655870794.27582,-70933791834.67648,-71213641660.29486,-71495190837.20076,-71778217190.89702,-72062523080.4357,-72347959804.06593,-72634461495.8023,-72922091604.3409,-73211106000.64171,-73502038006.02649,-73795812257.87608,-74093896453.11118,-74398502789.94406,-74712854586.55415,-75041538409.34242,-75390968577.0076,-75769999905.92923,-76190737397.02081,-76669610780.66083,-77228812424.4266,-77898249237.5635,-78718254185.69365,-79743486429.41435,-81048820109.52373,-82738800825.95071,-84963941262.53525,-87950952395.6899,-92063121885.59346,-97930036655.44409,-106741065717.29611,-120801866241.1328,-141584297628.7638,0.0
7495.0,-41767192785.74585,-41813930913.902725,-41860819759.92174,-41907860107.183624,-41955052744.748955,-42002398467.41548,-42049898075.776436,-42097552376.27969,-42145362181.287735,-42193328309.13878,-42241451584.20866,-42289732836.9738,-42338172904.07518,-42386772628.38323,-42435532859.06398,-42484454451.64605,-42533538268.08897,-42582785176.852486,-42632196052.967026,-42681771778.10553,-42731513240.65625,-42781421335.797,-42831496965.57061,-42881741038.96172,-42932154471.97491,-42982738187.71422,-43033493116.46413,-43084420195.77194,-43135520370.53175,-43186794593.069855,-43238243823.23186,-43289869028.47131,-43341671183.94006,-43393651272.58039,-43445810285.21873,-43498149220.66145,-43550669085.79232,-43603370895.67197,-43656255673.63931,-43709324451.415,-43762578269.20701,-43816018175.8183,-43869645228.756775,-43923460494.34747,-43977465047.84712,-44031659973.56113,-44086046364.96302,-44140625324.81652,-44195397965.30023,-44250365408.134964,-44305528784.71404,-44360889236.23642,-44416447913.84272,-44472205978.754486,-44528164602.4165,-44584324966.64244,-44640688263.76391,-44697255696.782875,-44754028479.527885,-44811007836.813835,-44868195004.6056,-44925591230.18574,-44983197772.32611,-45041015901.46393,-45099046899.88196,-45157292061.89343,-45215752694.03146,-45274430115.24329,-45333325657.08974,-45392440663.94944,-45451776493.228676,-45511334515.57662,-45571116115.10626,-45631122689.621216,-45691355650.848694,-45751816424.67868,-45812506451.40968,-45873427186.0013,-45934580098.33359,-45995966673.47389,-46057588411.95102,-46119446830.03723,-46181543460.03821,-46243879850.59148,-46306457566.97327,-46369278191.41452,-46432343323.42594,-46495654580.13285,-46559213596.61984,-46623022026.28581,-46687081541.20969,-46751393832.52725,-46815960610.81935,-46880783606.5123,-46945864570.290306,-47011205273.52106,-47076807508.6944,-47142673089.87501,-47208803853.16919,-47275201657.20685,-47341868383.63867,-47408805937.64944,-47476016248.4881,-47543501270.01492,-47611262981.26686,-47679303387.04135,-47747624518.499725,-47816228433.7905,-47885117218.693756,-47954292987.2873,-48023757882.63519,-48093514077.499985,-48163563775.07914,-48233909209.767044,-48304552647.94313,-48375496388.7876,-48446742765.12552,-48518294144.30056,-48590152929.079605,-48662321558.58936,-48734802509.286194,-48807598295.960724,-48880711472.77852,-48954144634.35809,-49027900416.88809,-49101981499.284966,-49176390604.39286,-49251130500.2276,-49326204001.26605,-49401613969.78349,-49477363317.24007,-49553455005.719086,-49629892049.41874,-49706677516.19974,-49783814529.19095,-49861306268.45557,-49939155972.72011,-50017366941.16902,-50095942535.30743,-50174886180.89472,-50254201369.952255,-50333891662.84766,-50413960690.45945,-50494412156.42473,-50575249839.47366,-50656477595.854324,-50738099361.85127,-50820119156.40198,-50902541083.81505,-50985369336.59421,-51068608198.372444,-51152262046.96088,-51236335357.516815,-51320832705.83569,-51405758771.77252,-51491118342.79682,-51576916317.68782,-51663157710.37424,-51749847653.92517,-51836991404.697586,-51924594346.646965,-52012661995.80684,-52101200004.94455,-52190214168.399216,-52279710427.10943,-52369694873.83765,-52460173758.59853,-52551153494.298996,-52642640662.59775,-52734642019.992065,-52827164504.14018,-52920215240.42752,-53013801548.785065,-53107930950.76891,-53202611176.90924,-53297850174.33792,-53393656114.7034,-53490037402.38208,-53587002682.99499,-53684560852.23866,-53782721065.03914,-53881492745.03786,-53980885594.41783,-54080909604.07843,-54181575064.16658,-54282892574.97193,-54384873058.192764,-54487527768.579056,-54590868305.957695,-54694906627.64486,-54799655061.24838,-54905126317.86249,-55011333505.655045,-55118290143.84621,-55226010177.07512,-55334507990.14884,-55443798423.16504,-55553896786.997314,-55664818879.12761,-55776580999.80748,-55889199968.52411,-56002693140.74318,-56117078424.89399,-56232374299.55641,-56348599830.80179,-56465774689.631645,-56583919169.44936,-56703054203.489426,-56823201382.117485,-56944382969.90218,-57066621922.34487,-57189941902.13812,-57314367294.80628,-57439923223.5612,-57566635563.18602,-57694530952.73418,-57823636806.805786,-57953981325.13347,-58085593500.17745,-58218503122.39449,-58352740782.80556,-58488337872.44494,-58625326578.22557,-58763739874.7047,-58903611511.17777,-59044975993.467415,-59187868559.70906,-59332325149.362885,-59478382364.60661,-59626077423.18114,-59775448101.675385,-59926532668.14521,-60079369802.86661,-60233998505.925095,-60390457990.24411,-60548787558.55577,-60709026462.72191,-60871213743.723434,-61035388050.558945,-61201587436.232895,-61369849128.979706,-61540209276.87155,-61712702664.00858,-61887362396.60779,-62064219557.5119,-62243302827.95949,-62424638075.927734,-62608247911.02243,-62794151206.800934,-62982362592.64348,-63172891918.92143,-63365743701.35979,-63560916553.29158,-63758402618.12787,-63958187019.03572,-64160247348.802155,-64364553230.50786,-64571065989.37129,-64779738488.49805,-64990515196.96188,-65203332578.51703,-65418119914.378044,-65634800705.274055,-65853294838.11186,-66073521753.25163,-66295404912.36536,-66518877947.60825,-66743892974.82031,-66970431682.320984,-67198519969.744934,-67428247117.45374,-67659790728.09328,-67893449012.95404,-68129682416.46445,-68369167107.79909,-68612863552.49571,-68862104253.14656,-69118705875.47827,-69385112434.10829,-69664578110.4581,-69961400766.79442,-70281220523.21046,-70631402195.26053,-71021526418.09816,-71464022616.27065,-71974988700.82082,-72575259158.05098,-73291807584.47473,-74159605399.51796,-75224109842.2656,-76544622898.15685,-78198829986.65512,-80288786340.41518,-82948014601.41818,-86346422058.96063,-90677598079.83441,-96065652948.08441,-102147882887.82822,-106420982596.99986,-98017259224.2706,0.0
7492.5,-40875388122.43928,-40918805862.557686,-40962354709.4407,-41006035290.706696,-41049848238.14149,-41093794187.73891,-41137873779.74215,-41182087658.6857,-41226436473.4381,-41270920877.2453,-41315541527.77492,-41360299087.16115,-41405194222.05044,-41450227603.648186,-41495399907.76601,-41540711814.86998,-41586164010.129875,-41631757183.469086,-41677492029.61566,-41723369248.15418,-41769389543.578705,-41815553625.346725,-41861862207.93409,-41908316010.89106,-41954915758.89953,-42001662181.83123,-42048556014.80728,-42095597998.25882,-42142788877.98894,-42190129405.235886,-42237620336.737595,-42285262434.797554,-42333056467.35215,-42381003208.03932,-42429103436.268814,-42477357937.29395,-42525767502.28499,-42574332928.40404,-42623055018.881775,-42671934583.09581,-42720972436.65091,-42770169401.46102,-42819526305.83319,-42869043984.55356,-42918723278.97523,-42968565037.10841,-43018570113.71261,-43068739370.39107,-43119073675.68756,-43169573905.18559,-43220240941.60999,-43271075674.931114,-43322079002.471695,-43373251829.01633,-43424595066.92391,-43476109636.24283,-43527796464.8293,-43579656488.468735,-43631690651.00035,-43683899904.44508,-43736285209.137024,-43788847533.85827,-43841587855.977585,-43894507161.59282,-43947606445.67722,-44000886712.23002,-44054348974.43087,-44107994254.79912,-44161823585.357185,-44215838007.798904,-44270038573.66257,-44324426344.50905,-44379002392.10512,-44433767798.612114,-44488723656.78023,-44543871070.14854,-44599211153.25111,-44654745031.8291,-44710473843.049576,-44766398735.7307,-44822520870.57399,-44878841420.40375,-44935361570.41377,-44992082518.42183,-45049005475.13214,-45106131664.40604,-45163462323.54118,-45220998703.5598,-45278742069.505905,-45336693700.75227,-45394854891.317215,-45453226950.191635,-45511811201.67675,-45570608985.73291,-45629621658.33977,-45688850591.868515,-45748297175.466286,-45807962815.45351,-45867848935.73447,-45927956978.221725,-45988288403.274796,-46048844690.15367,-46109627337.487946,-46170637863.761566,-46231877807.81467,-46293348729.36226,-46355052209.53118,-46416989851.415184,-46479163280.649826,-46541574146.00705,-46604224120.010635,-46667114899.573456,-46730248206.65683,-46793625788.95347,-46857249420.5944,-46921120902.881195,-46985242065.04404,-47049614765.027176,-47114240890.3022,-47179122358.71077,-47244261119.337585,-47309659153.41475,-47375318475.25906,-47441241133.243195,-47507429210.801994,-47573884827.47574,-47640610139.99112,-47707607343.38197,-47774878672.15095,-47842426401.47371,-47910252848.447495,-47978360373.385544,-48046751381.159195,-48115428322.58949,-48184393695.8902,-48253650048.164185,-48323199976.95502,-48393046131.85631,-48463191216.18036,-48533637988.6889,-48604389265.38806,-48675447921.389694,-48746816892.84201,-48818499178.9319,-48890497843.96124,-48962816019.50058,-49035456906.62249,-49108423778.21768,-49181719981.39688,-49255348939.98163,-49329314157.08693,-49403619217.799225,-49478267791.95303,-49553263637.00951,-49628610601.04072,-49704312625.822876,-49780373750.0426,-49856798112.619736,-49933589956.15044,-50010753630.47489,-50088293596.37303,-50166214429.392845,-50244520823.81477,-50323217596.75685,-50402309692.424286,-50481802186.50778,-50561700290.734886,-50642009357.57808,-50722734885.12416,-50803882522.10843,-50885458073.11827,-50967467503.96904,-51049916947.25678,-51132812708.09073,-51216161270.009,-51299969301.08049,-51384243660.19554,-51468991403.54785,-51554219791.30922,-51639936294.49866,-51726148602.046585,-51812864628.05423,-51900092519.247314,-51987840662.62287,-52076117693.28622,-52164932502.47475,-52254294245.76334,-52344212351.44528,-52434696529.08031,-52525756778.20059,-52617403397.16238,-52709646992.129326,-52802498486.17135,-52895969128.45922,-52990070503.53276,-53084814540.61661,-53180213522.95384,-53276280097.12367,-53373027282.30422,-53470468479.43698,-53568617480.24289,-53667488476.0345,-53767096066.26123,-53867455266.71701,-53968581517.33155,-54070490689.45697,-54173199092.55112,-54276723480.14845,-54381081054.99642,-54486289473.2225,-54592366847.382515,-54699331748.22451,-54807203204.9863,-54916000704.02501,-55025744185.557785,-55136454038.27039,-55248151091.527054,-55360856604.89035,-55474592254.63165,-55589380116.885315,-55705242647.068016,-55822202655.15335,-55940283276.356995,-56059507936.753204,-56179900313.30632,-56301484287.76413,-56424283893.82181,-56548323256.92854,-56673626526.07248,-56800217796.84668,-56928121025.06837,-57057359930.20096,-57187957887.81156,-57319937810.293045,-57453322015.08907,-57588132079.690636,-57724388682.72719,-57862111430.56211,-58001318668.93025,-58142027279.33427,-58284252460.16077,-58428007492.801926,-58573303493.49425,-58720149152.135956,-58868550460.05055,-59018510429.558876,-59170028809.35349,-59323101801.08852,-59477721784.37224,-59633877059.558716,-59791551620.47662,-59950724972.62552,-60111372016.55957,-60273463021.33929,-60436963719.28113,-60601835561.02937,-60768036179.535934,-60935520123.24306,-61104239933.09256,-61274147655.49884,-61445196904.81474,-61617345614.92349,-61790559651.42881,-61964817494.71576,-62140116251.423546,-62316479309.422134,-62493966021.43528,-62672683887.70076,-62852803811.80478,-63034579130.12123,-63218369269.14038,-63404669072.62392,-63594145069.850174,-63787680237.27045,-63986429151.75981,-64191885861.59934,-64405967334.666794,-64631116013.94713,-64870425862.69113,-65127797377.198425,-65408128470.33467,-65717550000.94911,-66063717196.40954,-66456171467.68518,-66906791309.52298,-67430356107.99951,-68045252184.8238,-68774354198.87408,-69646111074.37079,-70695838092.41025,-71967125302.64087,-73513013858.34227,-75395895705.3584,-77683216118.05634,-80430852092.4922,-83630934258.86589,-87055311751.4097,-89790829046.66818,-88992337120.8865,-79428958247.9961,0.0
7490.0,-39924286697.374695,-39964231353.6889,-40004286984.092636,-40044454059.26097,-40084733052.53855,-40125124439.963745,-40165628700.29334,-40206246315.02774,-40246977768.43656,-40287823547.5849,-40328784142.36008,-40369860045.49892,-40411051752.6156,-40452359762.23024,-40493784575.79786,-40535326697.73819,-40576986635.466034,-40618764899.42239,-40660662003.106094,-40702678463.106476,-40744814799.13648,-40787071534.066734,-40829449193.96036,-40871948308.10866,-40914569409.06755,-40957313032.695015,-41000179718.1894,-41043170008.12864,-41086284448.51052,-41129523588.79391,-41172887981.941055,-41216378184.46095,-41259994756.45387,-41303738261.65702,-41347609267.49132,-41391608345.10964,-41435736069.44609,-41479993019.2668,-41524379777.221954,-41568896929.8994,-41613545067.87957,-41658324785.79206,-41703236682.37374,-41748281360.5285,-41793459427.38867,-41838771494.378265,-41884218177.278015,-41929800096.29222,-41975517876.11769,-42021372146.01456,-42067363539.8793,-42113492696.319916,-42159760258.7332,-42206166875.38467,-42252713199.49043,-42299399889.30214,-42346227608.193954,-42393197024.75257,-42440308812.869934,-42487563651.838776,-42534962226.45118,-42582505227.10024,-42630193349.88497,-42678027296.71847,-42726007775.439545,-42774135499.92798,-42822411190.223465,-42870835572.648285,-42919409379.93415,-42968133351.35306,-43017008232.85239,-43066034777.194626,-43115213744.10142,-43164545900.40265,-43214032020.1903,-43263672884.977516,-43313469283.863,-43363422013.70087,-43413531879.27628,-43463799693.48698,-43514226277.53096,-43564812461.10062,-43615559082.58342,-43666466989.26944,-43717537037.56611,-43768770093.22026,-43820167031.54787,-43871728737.67178,-43923456106.767624,-43975350044.31822,-44027411466.37709,-44079641299.8409,-44132040482.73156,-44184609964.488335,-44237350706.26994,-44290263681.26768,-44343349875.029205,-44396610285.79416,-44450045924.84137,-44503657816.84862,-44557447000.265015,-44611414527.69682,-44665561466.30693,-44719888898.228676,-44774397920.994446,-44829089647.979614,-44883965208.862564,-44939025750.10101,-44994272435.42575,-45049706446.3519,-45105328982.70882,-45161141263.18903,-45217144525.9171,-45273340029.038864,-45329729051.33222,-45386312892.83995,-45443092875.52544,-45500070343.952194,-45557246665.98808,-45614623233.53498,-45672201463.28502,-45729982797.50427,-45787968704.84479,-45846160681.1863,-45904560250.508255,-45963168965.793686,-46021988409.96568,-46081020196.85809,-46140265972.22107,-46199727414.763306,-46259406237.23178,-46319304187.53077,-46379423049.88102,-46439764646.02092,-46500330836.45085,-46561123521.72232,-46622144643.77337,-46683396187.31189,-46744880181.248344,-46806598700.17966,-46868553865.92601,-46930747849.12207,-46993182870.86467,-47055861204.418594,-47118785176.98246,-47181957171.516396,-47245379628.63367,-47309055048.55795,-47372985993.14852,-47437175087.99512,-47501625024.584595,-47566338562.54152,-47631318531.94464,-47696567835.72125,-47762089452.12174,-47827886437.27614,-47893961927.83484,-47960319143.6956,-48026961390.81845,-48093892064.13103,-48161114650.52563,-48228632731.950165,-48296449988.594635,-48364570202.17471,-48432997259.31393,-48501735155.02573,-48570787996.2968,-48640160005.77229,-48709855525.543976,-48779879021.04149,-48850235085.02722,-48920928441.69424,-48991963950.86709,-49063346612.30414,-49135081570.100296,-49207174117.187805,-49279629699.93262,-49352453922.823105,-49425652553.24687,-49499231526.35087,-49573196949.97882,-49647555109.67935,-49722312473.776436,-49797475698.49311,-49873051633.11759,-49949047325.199646,-50025470025.76318,-50102327194.51923,-50179626505.061424,-50257375850.02382,-50335583346.17837,-50414257339.44665,-50493406409.7975,-50573039375.99907,-50653165300.18965,-50733793492.22875,-50814933513.78459,-50896595182.11023,-50978788573.455246,-51061524026.054504,-51144812142.62931,-51228663792.33035,-51313090112.044014,-51398102506.9771,-51483712650.425705,-51569932482.626114,-51656774208.57559,-51744250294.70077,-51832373464.24059,-51921156691.19921,-52010613192.71098,-52100756419.647934,-52191600045.28432,-52283157951.81962,-52375444214.54492,-52468473083.421486,-52562258961.82411,-52656816382.18354,-52752159978.24578,-52848304453.64694,-52945264546.486176,-53043054989.560356,-53141690465.9093,-53241185559.30466,-53341554699.30266,-53442812100.47206,-53544971695.4015,-53648047061.09102,-53752051338.33783,-53856997143.74187,-53962896473.98239,-54069760602.056274,-54177599965.2256,-54286424044.50038,-54396241235.585175,-54507058711.35573,-54618882276.105545,-54731716212.025024,-54845563118.65594,-54960423746.41349,-55076296825.7018,-55193178893.68435,-55311064121.42793,-55429944144.94235,-55549807904.61784,-55670641498.75191,-55792428058.2976,-55915147651.70732,-56038777230.842926,-56163290631.44708,-56288658644.69786,-56414849179.995766,-56541827543.4662,-56669556861.83247,-56797998687.47135,-56927113827.779655,-57056863450.65602,-57187210528.16453,-57318121692.55929,-57449569593.10473,-57581535858.854645,-57714014792.11832,-57847017940.13899,-57980579718.95925,-58114764293.98097,-58249673956.781006,-58385459277.714905,-58522331359.07616,-58660576564.303375,-58800574155.00921,-58942817329.258156,-59087938221.04776,-59236737491.436905,-59390219214.835785,-59549631837.7306,-59716516059.19851,-59892760550.26056,-60080666489.57002,-60283021943.28238,-60503187153.88955,-60745191820.13786,-61013845431.02703,-61314861612.78243,-61654997127.00585,-62042205287.49768,-62485801344.250496,-62996631989.99012,-63587228558.51581,-64271895172.4329,-65066621657.76915,-65988582895.67476,-67054732684.132385,-68278540237.191,-69663230671.50635,-71189458728.59029,-72798006424.3392,-74385774527.66548,-75903954813.3823,-77776197747.52663,-80337987009.32689,0.0
7487.5,-38919397043.24602,-38955748310.31427,-38992190153.23587,-39028722887.06597,-39065346828.074745,-39102062293.75586,-39138869602.83522,-39175769075.28012,-39212761032.30859,-39249845796.39921,-39287023691.30102,-39324295042.044106,-39361660174.9503,-39399119417.644424,-39436673099.06581,-39474321549.480354,-39512065100.493004,-39549904085.06056,-39587838837.505165,-39625869693.52812,-39663996990.22432,-39702221066.097206,-39740542261.07419,-39778960916.522835,-39817477375.267525,-39856091981.60679,-39894805081.33132,-39933617021.74262,-39972528151.67243,-40011538821.502945,-40050649383.18761,-40089860190.272964,-40129171597.92122,-40168583962.93363,-40208097643.77496,-40247713000.59878,-40287430395.27369,-40327250191.41078,-40367172754.39197,-40407198451.399475,-40447327651.44658,-40487560725.409424,-40527898046.06016,-40568339988.10136,-40608886928.20179,-40649539245.033615,-40690297319.31102,-40731161533.83032,-40772132273.511795,-40813209925.44299,-40854394878.9238,-40895687525.51338,-40937088259.078804,-40978597475.84568,-41020215574.45078,-41061942955.996666,-41103780024.10854,-41145727184.9933,-41187784847.500916,-41229953423.18815,-41272233326.38492,-41314624974.26314,-41357128786.908264,-41399745187.39379,-41442474601.858406,-41485317459.586464,-41528274193.091324,-41571345238.20216,-41614531034.15408,-41657832023.68171,-41701248653.11654,-41744781372.48798,-41788430635.62842,-41832196900.28224,-41876080628.21934,-41920082285.35273,-41964202341.86096,-42008441272.315216,-42052799555.81128,-42097277676.106674,-42141876121.763145,-42186595386.294525,-42231435968.32048,-42276398371.72607,-42321483105.82746,-42366690685.54415,-42412021631.577644,-42457476470.59716,-42503055735.43239,-42548759965.27362,-42594589705.87968,-42640545509.79364,-42686627936.56695,-42732837552.99206,-42779174933.34389,-42825640659.63059,-42872235321.85379,-42918959518.27875,-42965813855.71481,-43012798949.80646,-43059915425.33542,-43107163916.534195,-43154545067.41148,-43202059532.08974,-43249707975.15567,-43297491072.02372,-43345409509.313385,-43393463985.24052,-43441655210.02339,-43489983906.30391,-43538450809.58458,-43587056668.68169,-43635802246.195404,-43684688318.99729,-43733715678.73584,-43782885132.36084,-43832197502.66691,-43881653628.85713,-43931254367.12735,-43981000591.27197,-44030893193.31169,-44080933084.144394,-44131121194.21947,-44181458474.23662,-44231945895.870056,-44282584452.518684,-44333375160.08324,-44384319057.771225,-44435417208.93072,-44486670701.913574,-44538080650.96941,-44589648197.171005,-44641374509.37227,-44693260785.1996,-44745308252.0779,-44797518168.29202,-44849891824.08488,-44902430542.79296,-44955135682.020996,-45008008634.85591,-45061050831.12201,-45114263738.67794,-45167648864.75683,-45221207757.35051,-45274942006.63904,-45328853246.46657,-45382943155.86464,-45437213460.623924,-45491665934.91552,-45546302402.96283,-45601124740.7648,-45656134877.871796,-45711334799.21477,-45766726546.98839,-45822312222.58945,-45878093988.61059,-45934074070.89037,-45990254760.62007,-46046638416.507355,-46103227466.99745,-46160024412.55173,-46217031827.98329,-46274252364.849976,-46331688753.90361,-46389343807.595184,-46447220422.63495,-46505321582.60579,-46563650360.628845,-46622209922.0788,-46681003527.34689,-46740034534.648636,-46799306402.87303,-46858822694.469345,-46918587078.36702,-46978603332.92383,-47038875348.896164,-47099407132.425125,-47160202808.03099,-47221266621.607475,-47282602943.40666,-47344216271.003876,-47406111232.23105,-47468292588.06525,-47530765235.45793,-47593534210.08909,-47656604689.0282,-47719981993.28243,-47783671590.210556,-47847679095.77846,-47912010276.630325,-47976671051.94627,-48041667495.05522,-48107005834.768295,-48172692456.39453,-48238733902.39814,-48305136872.65167,-48371908224.23619,-48439054970.734634,-48506584280.960556,-48574503477.05849,-48642820031.90758,-48711541565.75441,-48780675841.99414,-48850230762.01337,-48920214359.001144,-48990634790.62672,-49061500330.47602,-49132819358.129715,-49204600347.758415,-49276851855.100975,-49349582502.683624,-49422800963.12779,-49496515940.385544,-49570736148.73193,-49645470289.33409,-49720727024.20775,-49796514947.36275,-49872842552.93143,-49949718200.06569,-50027150074.38302,-50105146145.73688,-50183714122.08478,-50262861399.22787,-50342595006.19949,-50422921546.08913,-50503847132.10144,-50585377318.67091,-50667517027.48135,-50750270468.27783,-50833641054.41012,-50917631313.110855,-51002242790.595474,-51087475952.173706,-51173330077.691376,-51259803152.77946,-51346891756.580315,-51434590946.85701,-51522894143.67517,-51611793013.19054,-51701277353.48607,-51791334984.894196,-51881951647.82628,-51973110911.82718,-52064794100.39842,-52156980237.107895,-52249646019.65257,-52342765829.89107,-52436311789.44357,-52530253872.306076,-52624560088.0777,-52719196751.901,-52814128860.107574,-52909320593.89464,-53004735977.18488,-53100339719.1873,-53196098277.132034,-53291981180.23619,-53387962662.19394,-53484023656.381165,-53580154215.487366,-53676356425.35772,-53772647891.28389,-53869065883.56295,-53965672237.4326,-54062559109.86416,-54159855701.245026,-54257736052.412834,-54356428024.99042,-54456223562.99751,-54557490312.82432,-54660684642.16191,-54766366040.09631,-54875212791.87472,-54988038691.70367,-55105810370.65164,-55229664555.05829,-55360924208.65884,-55501112016.11711,-55651958993.90743,-55815405109.82337,-55993587578.65001,-56188810873.298546,-56403490296.065506,-56640057963.92409,-56900815910.89621,-57187715103.71098,-57502030525.17893,-57843889572.5376,-58211591842.46202,-58600631920.60864,-59002310138.5978,-59401832187.46293,-59776034661.7323,-60091986737.757576,-60312019041.45947,-60426148000.4698,-60585922507.72349,-61587175507.077324,-66415512545.54235,-82867467150.70926,0.0
7485.0,-37866373464.32587,-37899043402.32028,-37931783500.57764,-37964593922.20182,-37997474830.12646,-38030426387.10871,-38063448755.72331,-38096542098.356606,-38129706577.20073,-38162942354.24802,-38196249591.28547,-38229628449.889496,-38263079091.42064,-38296601677.01877,-38330196367.59824,-38363863323.843376,-38397602706.20418,-38431414674.892296,-38465299389.877205,-38499257010.88277,-38533287697.38397,-38567391608.60406,-38601568903.51203,-38635819740.820404,-38670144278.98341,-38704542676.195595,-38739015090.390816,-38773561679.2417,-38808182600.15951,-38842878010.29463,-38877648066.53748,-38912492925.51993,-38947412743.61736,-38982407676.95138,-39017477881.393036,-39052623512.56679,-39087844725.85514,-39123141676.40405,-39158514519.12904,-39193963408.72215,-39229488499.659744,-39265089946.21117,-39300767902.448364,-39336522522.256424,-39372353959.34517,-39408262367.2618,-39444247899.40462,-39480310709.0379,-39516450949.30809,-39552668773.261055,-39588964333.86087,-39625337784.00981,-39661789276.56991,-39698318964.38591,-39734927000.309845,-39771613537.22725,-39808378728.08504,-39845222725.92114,-39882145683.8961,-39919147755.32649,-39956229093.720314,-39993389852.81462,-40030630186.6152,-40067950249.438614,-40105350195.95649,-40142830181.242386,-40180390360.82118,-40218030890.72108,-40255751927.52845,-40293553628.44556,-40331436151.35117,-40369399654.864494,-40407444298.41218,-40445570242.29874,-40483777647.78056,-40522066677.14345,-40560437493.78401,-40598890262.29503,-40637425148.55475,-40676042319.820694,-40714741944.82755,-40753524193.89,-40792389239.00998,-40831337253.989105,-40870368414.546135,-40909482898.439766,-40948680885.596924,-40987962558.24689,-41027328101.06118,-41066777701.29988,-41106311548.96403,-41145929836.95495,-41185632761.240265,-41225420521.02714,-41265293318.94285,-41305251361.223114,-41345294857.9082,-41385424023.04749,-41425639074.91232,-41465940236.217834,-41506327734.3539,-41546801801.62546,-41587362675.50285,-41628010598.88199,-41668745820.3553,-41709568594.493454,-41750479182.1382,-41791477850.70698,-41832564874.50955,-41873740535.07692,-41915005121.503235,-41956358930.800896,-41997802268.2694,-42039335447.87832,-42080958792.66498,-42122672635.14713,-42164477317.7513,-42206373193.2572,-42248360625.25867,-42290439988.64183,-42332611670.080826,-42374876068.551605,-42417233595.864746,-42459684677.2172,-42502229751.764175,-42544869273.21118,-42587603710.42737,-42630433548.080185,-42673359287.29242,-42716381446.32196,-42759500561.26491,-42802717186.782845,-42846031896.85449,-42889445285.552864,-42932957967.84797,-42976570580.436165,-43020283782.59645,-43064098257.07438,-43108014710.9941,-43152033876.79939,-43196156513.22365,-43240383406.28995,-43284715370.3414,-43329153249.10216,-43373697916.76977,-43418350279.1391,-43463111274.75824,-43507981876.11661,-43552963090.86561,-43598055963.07194,-43643261574.50365,-43688581045.94898,-43734015538.56787,-43779566255.27602,-43825234442.16112,-43871021389.93083,-43916928435.39206,-43962956962.960686,-44009108406.20076,-44055384249.39235,-44101786029.12649,-44148315335.92572,-44194973815.8887,-44241763172.356445,-44288685167.59808,-44335741624.5134,-44382934428.349075,-44430265528.425064,-44477736939.86767,-44525350745.34418,-44573109096.79518,-44621014217.15817,-44669068402.077286,-44717274021.59198,-44765633521.79726,-44814149426.467735,-44862824338.63608,-44911660942.11628,-44960662002.96063,-45009830370.83873,-45059168980.32534,-45108680852.082794,-45158369093.92239,-45208236901.727844,-45258287560.22185,-45308524443.55611,-45358951015.70216,-45409570830.619644,-45460387532.17569,-45511404853.787384,-45562626617.75681,-45614056734.26572,-45665699199.99385,-45717558096.32272,-45769637587.08303,-45821941915.800964,-45874475402.39513,-45927242439.27224,-45980247486.765915,-46033495067.85881,-46086989762.124115,-46140736198.818115,-46194739049.0507,-46249003016.95611,-46303532829.781006,-46358333226.80207,-46413408946.979935,-46468764715.25105,-46524405227.353714,-46580335133.07918,-46636559017.83353,-46693081382.39131,-46749906620.71667,-46807038995.72385,-46864482612.84566,-46922241391.27466,-46980319032.74095,-47038718987.68953,-47097444418.72136,-47156498161.16527,-47215882680.65392,-47275600027.58463,-47335651788.35933,-47396039033.313194,-47456762261.26404,-47517821340.6418,-47579215447.192986,-47640942998.29829,-47703001583.99538,-47765387894.86507,-47828097647.01796,-47891125504.51468,-47954464999.667694,-48018108451.80857,-48082046885.26695,-48146269947.49763,-48210765828.51743,-48275521183.07561,-48340521057.288826,-48405748821.8284,-48471186114.1608,-48536812792.81963,-48602606907.236694,-48668544687.287735,-48734600557.42636,-48800747181.09323,-48866955542.005905,-48933195069.966576,-48999433819.97185,-49065638714.67736,-49131775861.65546,-49197810958.37902,-49263709799.450966,-49329438902.24533,-49394966268.78281,-49460262303.256424,-49525300906.04235,-49590060766.12143,-49654526874.38078,-49718692279.960754,-49782560110.24916,-49846145871.7422,-49909480043.036446,-49972610961.67737,-50035607992.11544,-50098564940.81404,-50161603654.22532,-50224877692.74332,-50288575914.67651,-50352925723.246635,-50418195619.3427,-50484696553.67496,-50552781371.48342,-50622841374.50619,-50695298666.75864,-50770592474.30864,-50849156997.38337,-50931387517.30792,-51017590378.36323,-51107911016.03092,-51202232309.490974,-51300033080.79874,-51400193420.40333,-51500729584.16714,-51598436473.10266,-51688410440.462875,-51763420315.39382,-51813092606.32191,-51822883939.80336,-51772844033.74739,-51636258221.77464,-51378473694.82347,-50956729017.800285,-50323022798.70599,-49434937710.09008,-48286334608.3205,-46988532153.938225,-46001034013.22136,-47069577179.6604,-60431817251.89656,0.0
7482.5,-36770963743.91486,-36799896347.866486,-36828878915.65439,-36857911464.24263,-36886994009.131546,-36916126564.3383,-36945309142.377335,-36974541754.2408,-37003824409.37895,-37033157115.680534,-37062539879.45312,-37091972705.40347,-37121455596.61792,-37150988554.54268,-37180571578.964226,-37210204667.98981,-37239887818.027855,-37269621023.76849,-37299404278.164185,-37329237572.410416,-37359120895.92644,-37389054236.33621,-37419037579.44942,-37449070909.24261,-37479154207.84059,-37509287455.497894,-37539470630.58049,-37569703709.547745,-37599986666.93452,-37630319475.33366,-37660702105.37862,-37691134525.72651,-37721616703.0414,-37752148601.977936,-37782730185.16547,-37813361413.19239,-37844042244.59107,-37874772635.823135,-37905552541.26526,-37936381913.1955,-37967260701.78019,-37998188855.0613,-38029166318.94457,-38060193037.18819,-38091268951.392166,-38122394000.98854,-38153568123.23216,-38184791253.19246,-38216063323.74599,-38247384265.56989,-38278754007.136284,-38310172474.70766,-38341639592.33328,-38373155281.84683,-38404719462.86495,-38436332052.7873,-38467992966.79758,-38499702117.86609,-38531459416.75363,-38563264772.01681,-38595118090.01494,-38627019274.91845,-38658968228.71907,-38690964851.24165,-38723009040.15792,-38755100691.00201,-38787239697.188034,-38819425950.02983,-38851659338.76268,-38883939750.56741,-38916267070.59682,-38948641182.00455,-38981061965.9765,-39013529301.76491,-39046043066.72525,-39078603136.355896,-39111209384.34093,-39143861682.59601,-39176559901.317406,-39209303909.03458,-39242093572.66615,-39274928757.57954,-39307809327.65445,-39340735145.35025,-39373706071.777435,-39406721966.77339,-39439782688.98251,-39472888095.94098,-39506038044.16617,-39539232389.25113,-39572470985.96405,-39605753688.35309,-39639080349.856674,-39672450823.41956,-39705864961.61462,-39739322616.770966,-39772823641.108154,-39806367886.87722,-39839955206.50815,-39873585452.76468,-39907258478.90613,-39940974138.85682,-39974732287.38331,-40008532780.27945,-40042375474.5599,-40076260228.6621,-40110186902.65713,-40144155358.469574,-40178165460.1069,-40212217073.8985,-40246310068.744644,-40280444316.37591,-40314619691.62306,-40348836072.698,-40383093341.48585,-40417391383.848724,-40451730089.94144,-40486109354.53935,-40520529077.378914,-40554989163.51114,-40589489523.668304,-40624030074.64435,-40658610739.689224,-40693231448.91753,-40727892139.7319,-40762592757.26135,-40797333254.81497,-40832113594.35144,-40866933746.96437,-40901793693.38413,-40936693424.496445,-40971632941.87767,-41006612258.34771,-41041631398.54016,-41076690399.49057,-41111789311.24246,-41146928197.471886,-41182107136.13035,-41217326220.10637,-41252585557.905876,-41287885274.35141,-41323225511.30041,-41358606428.38225,-41394028203.754425,-41429491034.877396,-41464995139.30817,-41500540755.51237,-41536128143.69443,-41571757586.64555,-41607429390.60907,-41643143886.162476,-41678901429.11557,-41714702401.42389,-41750547212.116486,-41786436298.23706,-41822370125.797066,-41858349190.73959,-41894374019.912476,-41930445172.04841,-41966563238.750946,-42002728845.48317,-42038942652.557465,-42075205356.12289,-42111517689.147675,-42147880422.39322,-42184294365.375824,-42220760367.31221,-42257279318.04425,-42293852148.93808,-42330479833.75194,-42367163389.46712,-42403903877.07535,-42440702402.31558,-42477560116.352585,-42514478216.38893,-42551457946.20109,-42588500596.59007,-42625607505.73549,-42662780059.44177,-42700019691.263596,-42737327882.49707,-42774706162.02188,-42812156105.97837,-42849679337.26258,-42887277524.82036,-42924952382.7209,-42962705668.98804,-43000539184.16623,-43038454769.596405,-43076454305.37503,-43114539707.96796,-43152712927.44824,-43190975944.32549,-43229330765.93156,-43267779422.325516,-43306323961.67799,-43344966445.092606,-43383708940.819534,-43422553517.81334,-43461502238.58476,-43500557151.29253,-43539720281.01909,-43578993620.17018,-43618379117.93631,-43657878668.74974,-43697494099.66882,-43737227156.61778,-43777079489.40752,-43817052635.46042,-43857148002.159836,-43897366847.742455,-43937710260.6508,-43978179137.26172,-44018774157.90613,-44059495761.09633,-44100344115.87811,-44141319092.22791,-44182420229.41919,-44223646702.28821,-44264997285.33714,-44306470314.622894,-44348063647.39292,-44389774619.44525,-44431600000.211075,-44473535945.58133,-44515577948.529076,-44557720787.61396,-44599958473.49737,-44642284193.64516,-44684690255.453354,-44727168028.09825,-44769707883.49115,-44812299136.80639,-44854929987.15562,-44897587459.09729,-44940257345.80493,-44982924154.867775,-45025571057.86687,-45068179845.05855,-45110730886.70624,-45153203102.831116,-45195573943.40216,-45237819381.25382,-45279913920.30397,-45321830621.939575,-45363541152.735176,-45405015856.961296,-45446223857.60719,-45487133189.86769,-45527710971.19371,-45567923612.04619,-45607737071.364746,-45647117160.40204,-45686029897.88515,-45724441918.32921,-45762320933.58741,-45799636245.16989,-45836359301.23889,-45872464287.142105,-45907928731.440216,-45942734100.0425,-45976866338.55049,-46010316306.27217,-46043080023.38386,-46075158623.80299,-46106557868.45967,-46137287024.185005,-46167356848.97149,-46196776340.49956,-46225547795.84297,-46253659588.72159,-46281075886.849976,-46307722293.1359,-46333466084.08725,-46358089314.996826,-46381252535.78621,-46402446176.672386,-46420925771.19928,-46435626025.06947,-46445047238.54958,-46447105663.19003,-46438936935.91057,-46416638731.49844,-46374935254.720825,-46306742450.474655,-46202609688.081314,-46050013143.23555,-45832482297.69406,-45528561913.08701,-45110661546.087654,-44543943589.104996,-43785564111.71311,-42784755556.50824,-41484053316.69091,-39819812510.80856,-37710069452.860245,-34979240702.17939,-31036332712.22057,-23721044685.340675,-6536733300.7708435,0.0
7480.0,-35638957928.795,-35664128316.2944,-35689328911.74094,-35714559593.67458,-35739820237.988785,-35765110717.899086,-35790430903.91167,-35815780663.79176,-35841159862.531784,-35866568362.319305,-35892006022.50492,-35917472699.56996,-35942968247.093925,-35968492515.72196,-35994045353.132,-36019626604.00202,-36045236109.97687,-36070873709.63529,-36096539238.456635,-36122232528.78756,-36147953409.8087,-36173701707.501144,-36199477244.612946,-36225279840.625626,-36251109311.720505,-36276965470.74513,-36302848127.17973,-36328757087.1035,-36354692153.16118,-36380653124.52938,-36406639796.88324,-36432651962.362976,-36458689409.54062,-36484751923.386856,-36510839285.2379,-36536951272.76277,-36563087659.93044,-36589248216.97745,-36615432710.37553,-36641640902.79969,-36667872553.096375,-36694127416.25212,-36720405243.36231,-36746705781.60058,-36773028774.188324,-36799373960.36484,-36825741075.35783,-36852129850.354355,-36878540012.47246,-36904971284.73317,-36931423386.03326,-36957896031.1185,-36984388930.55778,-37010901790.71771,-37037434313.73822,-37063986197.508804,-37090557135.64575,-37117146817.470146,-37143754927.98699,-37170381147.8652,-37197025153.41872,-37223686616.58883,-37250365204.927505,-37277060581.58208,-37303772405.28131,-37330500330.32265,-37357244006.56102,-37384003079.399185,-37410777189.77955,-37437565974.17775,-37464369064.59785,-37491186088.569496,-37518016669.14682,-37544860424.90941,-37571716969.96529,-37598585913.956116,-37625466862.064575,-37652359415.02411,-37679263169.13115,-37706177716.25982,-37733102643.87933,-37760037535.07414,-37786981968.56694,-37813935518.74462,-37840897755.68741,-37867868245.20115,-37894846548.85295,-37921832224.01031,-37948824823.88383,-37975823897.573746,-38002828990.120125,-38029839642.55739,-38056855391.97267,-38083875771.56878,-38110900310.731384,-38137928535.10097,-38164959966.64953,-38191994123.7622,-38219030521.323944,-38246068670.8116,-38273108080.39134,-38300148255.02179,-38327188696.562836,-38354228903.89059,-38381268373.01837,-38408306597.22419,-38435343067.18467,-38462377271.11576,-38489408694.92044,-38516436822.34338,-38543461135.13324,-38570481113.212204,-38597496234.85336,-38624505976.866196,-38651509814.78989,-38678507223.095184,-38705497675.394844,-38732480644.66257,-38759455603.461136,-38786422024.179565,-38813379379.27948,-38840327141.55121,-38867264784.37933,-38894191782.01826,-38921107609.87766,-38948011744.818214,-38974903665.45762,-39001782852.48699,-39028648788.997955,-39055500960.820244,-39082338856.87024,-39109161969.51022,-39135969794.9185,-39162761833.47051,-39189537590.13078,-39216296574.85567,-39243038303.007034,-39269762295.77663,-39296468080.620834,-39323155191.706085,-39349823170.36422,-39376471565.55776,-39403099934.35498,-39429707842.41369,-39456294864.47417,-39482860584.85995,-39509404597.986374,-39535926508.87599,-39562425933.679794,-39588902500.20419,-39615355848.441635,-39641785631.10477,-39668191514.16223,-39694573177.375114,-39720930314.83237,-39747262635.48353,-39773569863.66697,-39799851739.63158,-39826108020.04976,-39852338478.519104,-39878542906.0504,-39904721111.538635,-39930872922.21424,-39956998184.07091,-39983096762.266106,-40009168541.4906,-40035213426.30197,-40061231341.41788,-40087222231.963554,-40113186063.66792,-40139122823.00226,-40165032517.25496,-40190915174.53498,-40216770843.69676,-40242599594.17791,-40268401515.74107,-40294176718.11052,-40319925330.49271,-40345647500.970474,-40371343395.75855,-40397013198.30797,-40422657108.24579,-40448275340.1355,-40473868122.04288,-40499435693.89052,-40524978305.583336,-40550496214.8864,-40575989685.03496,-40601458982.05529,-40626904371.773575,-40652326116.48903,-40677724471.2854,-40703099679.954025,-40728451970.49971,-40753781550.199234,-40779088600.18068,-40804373269.48983,-40829635668.6086,-40854875862.38819,-40880093862.35839,-40905289618.372444,-40930463009.54515,-40955613834.44028,-40980741800.46201,-41005846512.40277,-41030927460.09956,-41055984005.148735,-41081015366.6285,-41106020605.77762,-41130998609.57828,-41155948073.19081,-41180867481.188614,-41205755087.54186,-41230608894.300735,-41255426628.930336,-41280205720.25277,-41304943272.95563,-41329636040.63097,-41354280397.315,-41378872307.50609,-41403407294.64789,-41427880408.07467,-41452286188.42887,-41476618631.57522,-41500871151.05255,-41525036539.124115,-41549106926.50836,-41573073740.89728,-41596927664.396164,-41620658590.049446,-41644255577.64928,-41667706809.05974,-41690999543.32644,-41714120071.8812,-41737053674.190605,-41759784574.23698,-41782295898.2575,-41804569634.1987,-41826586593.36878,-41848326374.78165,-41869767332.680984,-41890886547.702286,-41911659802.06553,-41932061559.079956,-41952064947.07014,-41971641747.578766,-41990762387.34367,-42009395933.05175,-42027510087.20448,-42045071182.53686,-42062044171.25685,-42078392603.83629,-42094078590.09454,-42109062732.75397,-42123304020.36378,-42136759662.30537,-42149384843.27841,-42161132367.94179,-42171952157.89698,-42181790552.515945,-42190589351.69178,-42198284521.75344,-42204804464.69558,-42210067724.484566,-42213979971.19825,-42216430062.49715,-42217284930.330414,-42216382976.23175,-42213525577.71686,-42208466206.88995,-42200896534.90705,-42190428735.31953,-42176572996.2683,-42158708993.896034,-42136049751.26391,-42107595887.57033,-42072077724.14033,-42027882020.88937,-41972959224.44051,-41904705961.08728,-41819816040.27223,-41714091382.98023,-41582202011.513855,-41417381558.26114,-41211041860.38998,-40952287631.036964,-40627311082.36044,-40218648857.24893,-39704292982.211075,-39056666849.05098,-38241501859.81484,-37216639413.49532,-35930561653.000374,-34319398562.281612,-32297185867.850292,-29720407777.429913,-26260720767.061794,-20942740823.92012,-10229616966.237778,23647591848.768837,0.0
7477.5,-34476138817.05652,-34497552064.61019,-34518976408.01656,-34540411596.74539,-34561857376.56209,-34583313489.48633,-34604779673.750404,-34626255663.75712,-34647741190.0375,-34669235979.20822,-34690739753.92868,-34712252232.857765,-34733773130.61045,-34755302157.71394,-34776839020.56377,-34798383421.37935,-34819935058.159546,-34841493624.63779,-34863058810.237015,-34884630300.024414,-34906207774.66582,-34927790910.38001,-34949379378.89268,-34970972847.39029,-34992570978.47363,-35014173430.11137,-35035779855.593155,-35057389903.48279,-35079003217.57114,-35100619436.82891,-35122238195.35933,-35143859122.35068,-35165481842.02872,-35187105973.609055,-35208731131.249435,-35230356924.00196,-35251982955.76522,-35273608825.2366,-35295234125.86428,-35316858445.79951,-35338481367.8488,-35360102469.42619,-35381721322.50563,-35403337493.573364,-35424950543.58055,-35446560027.89601,-35468165496.259094,-35489766492.732765,-35511362555.65697,-35532953217.60219,-35554538005.32332,-35576116439.713905,-35597688035.76059,-35619252302.498116,-35640808742.9646,-35662356854.157364,-35683896126.98922,-35705426046.24522,-35726946090.54006,-35748455732.27609,-35769954437.60188,-35791441666.37159,-35812916872.10501,-35834379501.9484,-35855828996.63618,-35877264790.45354,-35898686311.19983,-35920092980.1532,-35941484212.03597,-35962859414.98144,-35984217990.50151,-36005559333.45585,-36026882832.02208,-36048187867.6675,-36069473815.12207,-36090740042.35301,-36111985910.54082,-36133210774.057045,-36154413980.44363,-36175594870.3941,-36196752777.73659,-36217887029.41878,-36238996945.49483,-36260081839.11447,-36281141016.514145,-36302173777.01065,-36323179412.996796,-36344157209.93986,-36365106446.38233,-36386026393.94549,-36406916317.33545,-36427775474.35244,-36448603115.90259,-36469398486.01308,-36490160821.85028,-36510889353.741234,-36531583305.19834,-36552241892.947754,-36572864326.96115,-36593449810.491325,-36613997540.11152,-36634506705.75873,-36654976490.78102,-36675406071.98901,-36695794619.71167,-36716141297.85635,-36736445263.97362,-36756705669.326324,-36776921658.963806,-36797092371.80064,-36817216940.700455,-36837294492.56492,-36857324148.427765,-36877305023.55417,-36897236227.54552,-36917116864.44967,-36936946032.87674,-36956722826.12067,-36976446332.28639,-36996115634.42297,-37015729810.66254,-37035287934.365204,-37054789074.269966,-37074232294.65166,-37093616655.48398,-37112941212.60857,-37132205017.910095,-37151407119.497604,-37170546561.89158,-37189622386.21721,-37208633630.403435,-37227579329.38779,-37246458515.326836,-37265270217.812256,-37284013464.09207,-37302687279.297066,-37321290686.67207,-37339822707.81169,-37358282362.900406,-37376668670.956314,-37394980650.07852,-37413217317.69722,-37431377690.826385,-37449460786.31807,-37467465621.11793,-37485391212.52117,-37503236578.42796,-37521000737.59764,-37538682709.9005,-37556281516.56626,-37573796180.428055,-37591225726.1603,-37608569180.50955,-37625825572.51641,-37642993933.72704,-37660073298.39225,-37677062703.65248,-37693961189.70626,-37710767799.96007,-37727481581.156876,-37744101583.480865,-37760626860.63537,-37777056469.890785,-37793389472.09912,-37809624931.671776,-37825761916.51625,-37841799497.92783,-37857736750.431816,-37873572751.57109,-37889306581.634285,-37904937323.31877,-37920464061.32246,-37935885881.85818,-37951201872.0839,-37966411119.44142,-37981512710.89586,-37996505732.06767,-38011389266.24849,-38026162393.2914,-38040824188.36573,-38055373720.56569,-38069810051.36203,-38084132232.88423,-38098339306.02132,-38112430298.32736,-38126404221.71811,-38140260069.943344,-38153996815.81976,-38167613408.207245,-38181108768.71187,-38194481788.09622,-38207731322.379,-38220856188.602585,-38233855160.24821,-38246726962.27621,-38259470265.768364,-38272083682.14839,-38284565756.95534,-38296914963.1441,-38309129693.88619,-38321208254.84296,-38333148855.88247,-38344949602.21101,-38356608484.88888,-38368123370.69976,-38379491991.342575,-38390711931.91396,-38401780618.64972,-38412695305.89318,-38423453062.258255,-38434050755.95627,-38444485039.25458,-38454752332.03731,-38464848804.43854,-38474770358.51973,-38484512608.96514,-38494070862.77026,-38503440097.90064,-38512614940.90103,-38521589643.43675,-38530358057.75239,-38538913611.035324,-38547249278.674286,-38555357556.40527,-38563230431.33924,-38570859351.86633,-38578235196.431435,-38585348241.17315,-38592188126.41344,-38598743821.97693,-38605003591.30545,-38610954954.31442,-38616584648.910904,-38621878591.05572,-38626821833.20216,-38631398520.87836,-38635591847.0928,-38639384004.13189,-38642756132.17331,-38645688263.95654,-38648159264.51951,-38650146764.717636,-38651627086.874985,-38652575160.45931,-38652964425.103386,-38652766717.58897,-38651952138.53803,-38650488893.480965,-38648343101.65162,-38645478564.24049,-38641856481.8584,-38637435108.54741,-38632169326.73591,-38626010123.958694,-38618903947.828674,-38610791910.495735,-38601608807.48363,-38591281908.13958,-38579729465.710686,-38566858883.973145,-38552564464.02947,-38536724638.934845,-38519198584.71803,-38499822073.54062,-38478402407.49232,-38454712239.02678,-38428482045.31273,-38399390977.621124,-38367055751.84457,-38331017180.56229,-38290723868.482155,-38245512498.743256,-38194584023.702705,-38136974935.469154,-38071522621.79938,-37996823602.66011,-37911183178.62049,-37812554685.61641,-37698466114.83972,-37565931283.174934,-37411341973.240074,-37230336421.90991,-37017638103.347725,-36766856748.82675,-36470240695.25606,-36118365510.27195,-35699737633.49214,-35200282081.35674,-34602667312.62481,-33885392513.767143,-33021511341.391464,-31976768926.32171,-30706746042.02978,-29152287447.423992,-27232074780.61816,-24831221645.816513,-21787687711.90241,-17893043220.98822,-12991629419.528421,-7761721234.469353,0.0
7475.0,-33288234721.689865,-33305924384.747387,-33323606858.0533,-33341281772.713043,-33358948755.205536,-33376607427.333443,-33394257406.172935,-33411898304.02317,-33429529728.35521,-33447151281.760674,-33464762561.899956,-33482363161.450027,-33499952668.051857,-33517530664.25744,-33535096727.476463,-33552650429.922546,-33570191338.559155,-33587719015.045074,-33605233015.679573,-33622732891.347183,-33640218187.462086,-33657688443.912193,-33675143195.002846,-33692581969.400177,-33710004290.074104,-33727409674.2411,-33744797633.306473,-33762167672.806507,-33779519292.350132,-33796851985.560417,-33814165240.015724,-33831458537.190575,-33848731352.396263,-33865983154.72119,-33883213406.970985,-33900421565.60833,-33917607080.69262,-33934769395.81939,-33951907948.059486,-33969022167.89817,-33986111479.17395,-34003175299.01727,-34020213037.78911,-34037224099.019394,-34054207879.34538,-34071163768.449875,-34088091148.99939,-34104989396.582302,-34121857879.646973,-34138695959.439796,-34155502989.943283,-34172278317.814243,-34189021282.321953,-34205731215.286476,-34222407441.016922,-34239049276.250137,-34255656030.08923,-34272227003.942528,-34288761491.462627,-34305258778.48575,-34321718142.971333,-34338138854.94195,-34354520176.42358,-34370861361.38629,-34387161655.68523,-34403420297.00216,-34419636514.7875,-34435809530.20274,-34451938556.06366,-34468022796.783875,-34484061448.31929,-34500053698.11305,-34515998725.04137,-34531895699.36,-34547743782.65166,-34563542127.77427,-34579289878.810104,-34594986171.01593,-34610630130.77419,-34626220875.5453,-34641757513.82089,-34657239145.07851,-34672664859.73734,-34688033739.11539,-34703344855.38786,-34718597271.5471,-34733790041.363884,-34748922209.35044,-34763992810.72477,-34779000871.37693,-34793945407.83686,-34808825427.24408,-34823639927.319145,-34838387896.337204,-34853068313.1033,-34867680146.92992,-34882222357.616554,-34896693895.43153,-34911093701.09596,-34925420705.770096,-34939673831.04207,-34953851988.919044,-34967954081.820854,-34981979002.57626,-34995925634.42178,-35009792851.00325,-35023579516.38017,-35037284485.03267,-35050906601.87158,-35064444702.25123,-35077897611.98517,-35091264147.36508,-35104543115.18246,-35117733312.75353,-35130833527.94721,-35143842539.21609,-35156759115.63066,-35169582016.91657,-35182309993.49507,-35194941786.526535,-35207476127.95705,-35219911740.56813,-35232247338.02945,-35244481624.9545,-35256613296.9591,-35268641040.72285,-35280563534.05323,-35292379445.95224,-35304087436.685616,-35315686157.85423,-35327174252.46768,-35338550355.01987,-35349813091.56607,-35360961079.80165,-35371992929.14187,-35382907240.80242,-35393702607.8806,-35404377615.43645,-35414930840.57364,-35425360852.519516,-35435666212.7038,-35445845474.835495,-35455897184.97714,-35465819881.61599,-35475612095.73131,-35485272350.85687,-35494799163.13798,-35504191041.38191,-35513446487.10095,-35522563994.54674,-35531542050.734924,-35540379135.4586,-35549073721.28964,-35557624273.565765,-35566029250.362404,-35574287102.44731,-35582396273.21615,-35590355198.60709,-35598162306.9925,-35605816019.04515,-35613314747.576866,-35620656897.3468,-35627840864.83684,-35634865037.9909,-35641727795.915375,-35648427508.537025,-35654962536.21513,-35661331229.3038,-35667531927.6608,-35673562960.098236,-35679422643.77106,-35685109283.49805,-35690621171.010826,-35695956584.12487,-35701113785.82742,-35706091023.27587,-35710886526.700485,-35715498508.204666,-35719925160.45566,-35724164655.25839,-35728215142.004364,-35732074745.98759,-35735741566.57854,-35739213675.24755,-35742489113.427475,-35745565890.2061,-35748441979.837494,-35751115319.061584,-35753583804.2204,-35755845288.159065,-35757897576.89914,-35759738426.07144,-35761365537.09491,-35762776553.08754,-35763969054.49506,-35764940554.42253,-35765688493.653305,-35766210235.3396,-35766503059.34848,-35766564156.246185,-35766390620.90401,-35765979445.70764,-35765327513.35236,-35764431589.20535,-35763288313.216354,-35761894191.35756,-35760245586.572975,-35758338709.21722,-35756169606.96334,-35753734154.15857,-35751028040.60637,-35748046759.75249,-35744785596.25165,-35741239612.89057,-35737403636.841446,-35733272245.21781,-35728839749.90299,-35724100181.61749,-35719047273.187965,-35713674441.97524,-35707974771.412445,-35701940991.5954,-35695565458.85794,-35688840134.25047,-35681756560.82441,-35674305839.604324,-35666478604.10367,-35658264993.20889,-35649654622.21716,-35640636551.76511,-35631199254.32717,-35621330577.88977,-35611017706.319855,-35600247115.839355,-35589004526.8873,-35577274850.49368,-35565042128.09948,-35552289463.52729,-35538998945.53074,-35525151559.01888,-35510727082.652534,-35495703970.03232,-35480059211.126755,-35463768169.90705,-35446804393.34241,-35429139385.942955,-35410742342.889496,-35391579833.42761,-35371615424.594215,-35350809233.44218,-35329117393.68904,-35306491420.08118,-35282877450.675934,-35258215343.63138,-35232437600.87947,-35205468086.1601,-35177220499.22154,-35147596561.44679,-35116483860.65283,-35083753294.22728,-35049256040.02463,-35012819973.46639,-34974245437.020996,-34933300254.67174,-34889713869.16301,-34843170463.884735,-34793300914.47256,-34739673397.991745,-34681782470.57881,-34619036408.55764,-34550742594.58869,-34476090721.02166,-34394133579.40799,-34303765210.61857,-34203696206.96949,-34092425988.767174,-33968211924.135696,-33829035221.0917,-33672563585.685287,-33496110686.184425,-33296592438.85807,-33070479929.954517,-32813748204.2398,-32521818791.556908,-32189490985.896515,-31810851231.857155,-31379139233.132877,-30886529801.60745,-30323755364.904976,-29679438971.083042,-28938931377.017403,-28082382995.362385,-27081900618.59144,-25898567525.72072,-24483981907.93078,-22804931269.25085,-20958799858.13766,-19633269306.839504,-22070006903.06295,-45787978022.58063,0.0
7472.5,-32080875020.327965,-32094901375.853714,-32108903242.75627,-32122880145.53833,-32136831603.295666,-32150757129.66069,-32164656232.745583,-32178528415.084896,-32192373173.57773,-32206189999.429363,-32219978378.09249,-32233737789.20788,-32247467706.544624,-32261167597.939926,-32274836925.238346,-32288475144.2306,-32302081704.59194,-32315656049.819977,-32329197617.172062,-32342705837.602287,-32356180135.69787,-32369619929.615192,-32383024631.015366,-32396393644.99929,-32409726370.04234,-32423022197.928482,-32436280513.684135,-32449500695.51137,-32462682114.72091,-32475824135.664474,-32488926115.66691,-32501987404.95773,-32515007346.602356,-32527985276.432934,-32540920522.978714,-32553812407.396103,-32566660243.398247,-32579463337.184364,-32592220987.368614,-32604932484.908623,-32617597113.03373,-32630214147.17282,-32642782854.881905,-32655302495.771286,-32667772321.432568,-32680191575.365208,-32692559492.902958,-32704875301.139862,-32717138218.856228,-32729347456.44411,-32741502215.832737,-32753601690.413727,-32765645064.96606,-32777631515.580826,-32789560209.585964,-32801430305.47072,-32813240952.810055,-32824991292.188965,-32836680455.126637,-32848307564.000607,-32859871731.970882,-32871372062.90401,-32882807651.297127,-32894177582.202114,-32905480931.149685,-32916716764.073685,-32927884137.235355,-32938982097.147774,-32950009680.500435,-32960965914.084084,-32971849814.71557,-32982660389.16314,-32993396634.0718,-33004057535.88911,-33014642070.791237,-33025149204.609344,-33035577892.756355,-33045927080.154217,-33056195701.161423,-33066382679.50125,-33076486928.19027,-33086507349.467598,-33096442834.72457,-33106292264.435127,-33116054508.086807,-33125728424.112373,-33135312859.822273,-33144806651.33773,-33154208623.524666,-33163517589.92848,-33172732352.709587,-33181851702.579975,-33190874418.74057,-33199799268.819595,-33208625008.812004,-33217350383.01977,-33225974123.993412,-33234494952.474464,-33242911577.33916,-33251222695.543198,-33259426992.067734,-33267523139.86651,-33275509799.814274,-33283385620.65635,-33291149238.95957,-33298799279.064426,-33306334353.038506,-33313753060.63123,-33321053989.22995,-33328235713.81727,-33335296796.92971,-33342235788.617683,-33349051226.40675,-33355741635.2601,-33362305527.542347,-33368741402.984444,-33375047748.64985,-33381223038.901825,-33387265735.37169,-33393174286.92823,-33398947129.647972,-33404582686.786278,-33410079368.74924,-33415435573.066223,-33420649684.362896,-33425720074.334675,-33430645101.720398,-33435423112.276093,-33440052438.748573,-33444531400.848778,-33448858305.224552,-33453031445.432632,-33457049101.90956,-33460909541.94133,-33464611019.631283,-33468151775.86612,-33471530038.279316,-33474744021.212105,-33477791925.67086,-33480671939.28109,-33483382236.23704,-33485920977.246704,-33488286309.471375,-33490476366.45925,-33492489268.07247,-33494323120.406677,-33495976015.702484,-33497446032.247852,-33498731234.270706,-33499829671.82055,-33500739380.638382,-33501458382.01343,-33501984682.625954,-33502316274.3746,-33502451134.187077,-33502387223.812744,-33502122489.595688,-33501654862.226578,-33500982256.47181,-33500102570.877865,-33499013687.44944,-33497713471.298836,-33496199770.265045,-33494470414.499798,-33492523216.01859,-33490355968.21403,-33487966445.329018,-33485352401.886753,-33482511572.074963,-33479441669.081177,-33476140384.375763,-33472605386.93953,-33468834322.432102,-33464824812.297726,-33460574452.804302,-33456080814.011726,-33451341438.665344,-33446353841.00991,-33441115505.51973,-33435623885.539787,-33429876401.83316,-33423870441.02937,-33417603353.968178,-33411072453.933468,-33404275014.770905,-33397208268.88389,-33389869405.10111,-33382255566.40942,-33374363847.545334,-33366191292.438263,-33357734891.49833,-33348991578.741386,-33339958228.74393,-33330631653.419865,-33321008598.61117,-33311085740.484406,-33300859681.724308,-33290326947.515957,-33279483981.306118,-33268327140.334732,-33256852690.92656,-33245056803.532726,-33232935547.51172,-33220484885.638298,-33207700668.328415,-33194578627.56735,-33181114370.527054,-33167303372.85763,-33153140971.636253,-33138622357.954887,-33123742569.1261,-33108496480.48298,-33092878796.7464,-33076884042.92789,-33060506554.732094,-33043740468.41571,-33026579710.05315,-33009017984.14918,-32991048761.528477,-32972665266.41806,-32953860462.62314,-32934627038.67695,-32914957391.8227,-32894843610.65722,-32874277456.233418,-32853250341.378654,-32831753307.938892,-32809777001.602394,-32787311643.890022,-32764347000.819557,-32740872347.657906,-32716876429.06362,-32692347413.790924,-32667272842.97139,-32641639570.806618,-32615433696.290646,-32588640484.327656,-32561244274.31488,-32533228373.91243,-32504574935.316353,-32475264810.876118,-32445277384.344624,-32414590373.4049,-32383179598.36941,-32351018711.081177,-32318078877.042404,-32284328402.6401,-32249732298.00675,-32214251764.52831,-32177843594.267536,-32140459466.58618,-32102045125.00111,-32062539414.777,-32021873158.922607,-31979967847.109104,-31936734108.563725,-31892069936.223553,-31845858625.397205,-31797966385.939396,-31748239582.605145,-31696501553.98089,-31642548956.43967,-31586147576.293114,-31527027551.221848,-31464877941.860836,-31399340597.06472,-31330003263.19252,-31256391900.499096,-31177962190.76333,-31094090252.743824,-31004062630.03746,-30907065684.753475,-30802174626.954746,-30688342542.69462,-30564389963.342064,-30428995758.375263,-30280690447.02923,-30117853424.98642,-29938716100.509712,-29741373527.662594,-29523807782.0485,-29283926958.085644,-29019624074.115852,-28728859939.674225,-28409772378.450417,-28060809679.350838,-27680876312.931313,-27269459912.528076,-26826674951.59623,-26353105677.609077,-25849263433.861416,-25314436444.054874,-24744883336.82229,-24132300366.80572,-23467107116.250954,-22762845507.038116,-22154449586.59289,-22233713617.59438,-25080713382.892815,-36117766210.80121,0.0
7470.0,-30859548933.148384,-30869996986.468216,-30880404375.49193,-30890770530.637665,-30901094876.28009,-30911376830.688995,-30921615805.96743,-30931811207.989334,-30941962436.336555,-30952068884.23536,-30962129938.492416,-30972144979.430237,-30982113380.82206,-30992034509.826187,-31001907726.9198,-31011732385.832245,-31021507833.477715,-31031233409.88745,-31040908448.14136,-31050532274.29914,-31060104207.330772,-31069623559.046585,-31079089634.02668,-31088501729.549885,-31097859135.522133,-31107161134.404285,-31116407001.13951,-31125596003.079987,-31134727399.91323,-31143800443.587746,-31152814378.23826,-31161768440.110374,-31170661857.484745,-31179493850.60067,-31188263631.579224,-31196970404.345882,-31205613364.55258,-31214191699.49935,-31222704588.055405,-31231151200.579727,-31239530698.841225,-31247842235.938374,-31256084956.21831,-31264257995.1956,-31272360479.470432,-31280391526.646416,-31288350245.247856,-31296235734.636658,-31304047084.928818,-31311783376.91035,-31319443681.952957,-31327027061.929207,-31334532569.127285,-31341959246.16545,-31349306125.90603,-31356572231.369026,-31363756575.645485,-31370858161.810337,-31377875982.835102,-31384809021.50003,-31391656250.306213,-31398416631.387085,-31405089116.419876,-31411672646.536682,-31418166152.23526,-31424568553.289635,-31430878758.660385,-31437095666.404793,-31443218163.586716,-31449245126.186325,-31455175419.009583,-31461007895.59768,-31466741398.136192,-31472374757.36416,-31477906792.4831,-31483336311.06584,-31488662108.9653,-31493882970.223213,-31498997666.97876,-31504004959.377213,-31508903595.47854,-31513692311.165962,-31518369830.054604,-31522934863.40011,-31527386110.007294,-31531722256.138916,-31535941975.424458,-31540043928.769028,-31544026764.262344,-31547889117.087852,-31551629609.431923,-31555246850.393295,-31558739435.892517,-31562105948.58166,-31565344957.75416,-31568455019.25486,-31571434675.39016,-31574282454.83847,-31576996872.560707,-31579576429.71115,-31582019613.548332,-31584324897.34619,-31586490740.305443,-31588515587.46499,-31590397869.613632,-31592136003.201874,-31593728390.253845,-31595173418.279343,-31596469460.18595,-31597614874.191235,-31598608003.73497,-31599447177.391304,-31600130708.780903,-31600656896.482986,-31601024023.947205,-31601230359.405254,-31601274155.782284,-31601153650.607838,-31600867065.926453,-31600412608.207657,-31599788468.255333,-31598992821.116364,-31598023825.98844,-31596879626.12681,-31595558348.749947,-31594058104.94394,-31592376989.56542,-31590513081.142876,-31588464441.77616,-31586229117.03399,-31583805135.849182,-31581190510.41142,-31578383236.057335,-31575381291.157516,-31572182637.000294,-31568785217.671844,-31565186959.93242,-31561385773.088253,-31557379548.858727,-31553166161.23861,-31548743466.354614,-31544109302.31604,-31539261489.059067,-31534197828.18385,-31528916102.784317,-31523414077.26973,-31517689497.177547,-31511740088.976997,-31505563559.862473,-31499157597.53621,-31492519869.979546,-31485648025.21154,-31478539691.034702,-31471192474.766426,-31463603962.95548,-31455771721.082462,-31447693293.243202,-31439366201.814,-31430787947.09767,-31421956006.948956,-31412867836.378456,-31403520867.133286,-31393912507.253586,-31384040140.60312,-31373901126.372643,-31363492798.554493,-31352812465.386757,-31341857408.76542,-31330624883.622787,-31319112117.270367,-31307316308.70427,-31295234627.87159,-31282864214.895344,-31270202179.256218,-31257245598.92918,-31243991519.472397,-31230436953.066696,-31216578877.50318,-31202414235.116547,-31187939931.66202,-31173152835.1334,-31158049774.519684,-31142627538.497993,-31126882874.0601,-31110812485.07004,-31094413030.750305,-31077681124.093693,-31060613330.19847,-31043206164.52381,-31025456091.06286,-31007359520.430504,-30988912807.8629,-30970112251.12576,-30950954088.328255,-30931434495.63915,-30911549584.901814,-30891295401.144314,-30870667919.98076,-30849663044.89916,-30828276604.431572,-30806504349.200645,-30784341948.836777,-30761784988.758907,-30738828966.81083,-30715469289.74389,-30691701269.535004,-30667520119.52717,-30642920950.37732,-30617898765.793312,-30592448458.038395,-30566564803.177814,-30540242456.036285,-30513475944.830166,-30486259665.43006,-30458587875.2019,-30430454686.36378,-30401854058.78428,-30372779792.13369,-30343225517.28257,-30313184686.822807,-30282650564.562233,-30251616213.817253,-30220074484.295128,-30188017997.320133,-30155439129.113243,-30122329991.78377,-30088682411.630222,-30054487904.278084,-30019737646.099342,-29984422441.263725,-29948532683.660423,-29912058312.800716,-29874988762.66291,-29837312902.268806,-29799018966.582077,-29760094476.08985,-29720526143.164803,-29680299763.00212,-29639400086.57856,-29597810672.683014,-29555513715.614952,-29512489844.630615,-29468717890.63109,-29424174614.923378,-29378834394.13897,-29332668854.555424,-29285646448.1302,-29237731961.516186,-29188885948.180763,-29139064072.495678,-29088216353.305138,-29036286293.026043,-28983209876.803062,-28928914424.665474,-28873317278.055607,-28816324300.591602,-28757828171.586563,-28697706449.80915,-28635819384.428173,-28572007450.293133,-28506088586.01498,-28437855116.19543,-28367070344.238304,-28293464810.295124,-28216732221.157436,-28136525076.769848,-28052450043.42723,-27964063159.17132,-27870865005.74145,-27772296048.02134,-27667732431.95336,-27556482652.78195,-27437785666.852894,-27310811234.411392,-27174663563.67992,-27028389697.750313,-26870994569.773216,-26701465277.283916,-26518807925.173855,-26322101390.244194,-26110573591.102833,-25883707302.33497,-25641384170.598602,-25384077196.1476,-25113103143.881752,-24830946368.19403,-24541662952.838196,-24251366412.27384,-23968779395.85719,-23705803409.953,-23478000385.556465,-23304778797.50274,-23208895669.361065,-23214510661.90703,-23342029839.469215,-23594534810.589252,-23915932839.502655,-24022488476.904587,-22452674830.27701,-8982687975.986652,0.0
7467.5,-29629567897.93261,-29636545197.42729,-29643466892.07979,-29650332331.20501,-29657140857.58,-29663891807.379265,-29670584510.10958,-29677218288.544098,-29683792458.65605,-29690306329.55175,-29696759203.403,-29703150375.37903,-29709479133.577713,-29715744758.95633,-29721946525.261597,-29728083698.959213,-29734155539.162792,-29740161297.562145,-29746100218.351013,-29751971538.154217,-29757774485.95415,-29763508283.016724,-29769172142.816666,-29774765270.96225,-29780286865.119415,-29785736114.935238,-29791112201.960884,-29796414299.573837,-29801641572.89966,-29806793178.733,-29811868265.458107,-29816865972.9687,-29821785432.587177,-29826625766.983322,-29831386090.092285,-29836065507.03208,-29840663114.02038,-29845177998.29073,-29849609238.008213,-29853955902.184425,-29858217050.5919,-29862391733.677956,-29866478992.477875,-29870477858.527565,-29874387353.77555,-29878206490.494423,-29881934271.191696,-29885569688.520054,-29889111725.186996,-29892559353.86399,-29895911537.094925,-29899167227.204052,-29902325366.20336,-29905384885.699368,-29908344706.799313,-29911203740.016853,-29913960885.177124,-29916615031.321312,-29919165056.61064,-29921609828.229797,-29923948202.28984,-29926179023.730576,-29928301126.222355,-29930313332.067387,-29932214452.100502,-29934003285.589424,-29935678620.134445,-29937239231.56768,-29938683883.85178,-29940011328.97811,-29941220306.864487,-29942309545.252365,-29943277759.603554,-29944123652.99648,-29944845916.02192,-29945443226.67827,-29945914250.26634,-29946257639.283707,-29946472033.31854,-29946556058.942986,-29946508329.60617,-29946327445.526535,-29946011993.583984,-29945560547.21132,-29944971666.285374,-29944243897.017662,-29943375771.844505,-29942365809.316746,-29941212513.989,-29939914376.30845,-29938469872.50309,-29936877464.469612,-29935135599.66069,-29933242710.971863,-29931197216.627853,-29928997520.06842,-29926642009.83362,-29924129059.448647,-29921457027.30797,-29918624256.559006,-29915629074.985176,-29912469794.88827,-29909144712.970367,-29905652110.214806,-29901990251.766712,-29898157386.812683,-29894151748.459705,-29889971553.613266,-29885615002.85475,-29881080280.317673,-29876365553.563282,-29871468973.454918,-29866388674.031517,-29861122772.379803,-29855669368.50551,-29850026545.203163,-29844192367.924618,-29838164884.646217,-29831942125.734325,-29825522103.80939,-29818902813.60823,-29812082231.844498,-29805058317.06729,-29797829009.51763,-29790392230.9828,-29782745884.64833,-29774887854.9476,-29766816007.408684,-29758528188.498505,-29750022225.46395,-29741295926.169903,-29732347078.93386,-29723173452.356987,-29713772795.151466,-29704142835.963745,-29694281283.19361,-29684185824.80868,-29673854128.1542,-29663283839.75769,-29652472585.12836,-29641417968.550743,-29630117572.87242,-29618568959.28543,-29606769667.100975,-29594717213.51709,-29582409093.378925,-29569842778.9312,-29557015719.56237,-29543925341.540276,-29530569047.738518,-29516944217.35339,-29503048205.610764,-29488878343.462402,-29474431937.271294,-29459706268.485435,-29444698593.29946,-29429406142.30385,-29413826120.12068,-29397955705.02594,-29381792048.557186,-29365332275.106678,-29348573481.498642,-29331512736.550716,-29314147080.618546,-29296473525.123142,-29278489052.060295,-29260190613.491535,-29241575131.015953,-29222639495.222363,-29203380565.121178,-29183795167.555565,-29163880096.591156,-29143632112.883965,-29123047943.025955,-29102124278.86776,-29080857776.818253,-29059245057.120483,-29037282703.103706,-29014967260.411125,-28992295236.203247,-28969263098.336563,-28945867274.517487,-28922104151.43138,-28897970073.846863,-28873461343.695168,-28848574219.124985,-28823304913.532608,-28797649594.567863,-28771604383.115875,-28745165352.255005,-28718328526.191147,-28691089879.168625,-28663445334.357803,-28635390762.71951,-28606921981.846,-28578034754.778282,-28548724788.798996,-28518987734.199806,-28488819183.021683,-28458214667.765934,-28427169660.072617,-28395679569.36248,-28363739741.436718,-28331345457.027824,-28298491930.292416,-28265174307.234993,-28231387664.048664,-28197127005.355556,-28162387262.325844,-28127163290.649433,-28091449868.329025,-28055241693.25669,-28018533380.528152,-27981319459.440296,-27943594370.1067,-27905352459.61322,-27866587977.621674,-27827295071.31239,-27787467779.536934,-27747100026.029297,-27706185611.497337,-27664718204.38584,-27622691330.066658,-27580098358.17076,-27536932487.729702,-27493186729.73973,-27448853886.699272,-27403926528.599197,-27358396964.762928,-27312257210.840126,-27265498950.150467,-27218113488.452232,-27170091701.07207,-27121423971.174965,-27072100117.77546,-27022109311.890625,-26971439979.008762,-26920079685.793606,-26868015008.66035,-26815231381.54172,-26761712919.81152,-26707442216.94385,-26652400110.059505,-26596565410.045055,-26539914591.426483,-26482421436.6382,-26424056628.75717,-26364787286.174816,-26304576432.070747,-26243382390.94804,-26181158103.91361,-26117850353.87394,-26053398891.411808,-25987735451.875088,-25920782654.228096,-25852452772.599014,-25782646372.347004,-25711250804.06104,-25638138551.434235,-25563165432.756374,-25486168661.24942,-25406964777.18019,-25325347475.323666,-25241085365.833145,-25153919726.08373,-25063562327.13334,-24969693453.09462,-24871960277.54076,-24769975821.492855,-24663318797.01928,-24551534744.88169,-24434139011.695385,-24310622291.897808,-24180459695.8611,-24043124615.505505,-23898109066.300194,-23744952720.780186,-23583283555.052876,-23412873961.113335,-23233717406.90609,-23046132349.25904,-22850902249.064426,-22649463369.452625,-22444155768.943604,-22238557791.143402,-22037930669.549335,-21849807741.7878,-21684771699.4138,-21557470621.45395,-21487919888.43792,-21503093187.435043,-21638634433.055904,-21939968309.705517,-22460407281.74443,-23248870101.61178,-24305050197.86953,-25435509316.950855,-25810253211.94722,-22656151162.29355,-8758058834.65961,0.0
7465.0,-28396031835.394005,-28399666139.447,-28403231220.413025,-28406726359.66741,-28410150831.690506,-28413503904.001083,-28416784837.08931,-28419992884.348923,-28423127292.008987,-28426187299.06494,-28429172137.20905,-28432081030.76025,-28434913196.593437,-28437667844.06804,-28440344174.955975,-28442941383.369164,-28445458655.686104,-28447895170.478077,-28450250098.434643,-28452522602.288403,-28454711836.739243,-28456816948.377922,-28458837075.60891,-28460771348.5727,-28462618889.067413,-28464378810.469704,-28466050217.655136,-28467632206.917732,-28469123865.889008,-28470524273.45623,-28471832499.680122,-28473047605.711723,-28474168643.708786,-28475194656.751354,-28476124678.756657,-28476957734.393448,-28477692838.99551,-28478328998.474594,-28478865209.232605,-28479300458.07305,-28479633722.112007,-28479863968.68811,-28479990155.272034,-28480011229.375237,-28479926128.457962,-28479733779.836594,-28479433100.59028,-28479022997.466835,-28478502366.787956,-28477870094.353718,-28477125055.34637,-28476266114.233418,-28475292124.669952,-28474201929.400307,-28472994360.158966,-28471668237.570778,-28470222371.050377,-28468655558.700996,-28466966587.212406,-28465154231.758255,-28463217255.892563,-28461154411.445602,-28458964438.418873,-28456646064.879494,-28454198006.853775,-28451618968.220024,-28448907640.600662,-28446062703.253517,-28443082822.96237,-28439966653.926834,-28436712837.651283,-28433320002.83319,-28429786765.250565,-28426111727.648666,-28422293479.625908,-28418330597.51898,-28414221644.28714,-28409965169.395752,-28405559708.698936,-28401003784.321472,-28396295904.53978,-28391434563.662186,-28386418241.908165,-28381245405.2869,-28375914505.47483,-28370423979.692406,-28364772250.579857,-28358957726.072144,-28352978799.27291,-28346833848.327507,-28340521236.295082,-28334039311.019653,-28327386405.0002,-28320560835.259758,-28313560903.21342,-28306384894.535324,-28299031079.024513,-28291497710.46971,-28283783026.51291,-28275885248.51182,-28267802581.401146,-28259533213.552486,-28251075316.633114,-28242427045.46337,-28233586537.87268,-28224551914.554214,-28215321278.918106,-28205892716.943157,-28196264297.027004,-28186434069.834682,-28176400068.145615,-28166160306.6988,-28155712782.036255,-28145055472.344673,-28134186337.29514,-28123103317.880844,-28111804336.25283,-28100287295.553543,-28088550079.74818,-28076590553.453766,-28064406561.765892,-28051995930.08278,-28039356463.927063,-28026485948.76461,-28013382149.82073,-28000042811.893456,-27986465659.163727,-27972648395.00254,-27958588701.774834,-27944284240.639885,-27929732651.34836,-27914931552.03553,-27899878539.01088,-27884571186.543602,-27869007046.64413,-27853183648.841385,-27837098499.95562,-27820749083.866745,-27804132861.277878,-27787247269.47413,-27770089722.076164,-27752657608.788727,-27734948295.143703,-27716959122.23757,-27698687406.46327,-27680130439.235996,-27661285486.713158,-27642149789.507893,-27622720562.39631,-27602994994.018234,-27582970246.57115,-27562643455.497414,-27542011729.16446,-27521072148.53794,-27499821766.847733,-27478257609.246548,-27456376672.46138,-27434175924.437347,-27411652303.974323,-27388802720.355938,-27365624052.97133,-27342113150.92948,-27318266832.666298,-27294081885.5446,-27269555065.44713,-27244683096.36293,-27219462669.967163,-27193890445.19492,-27167963047.809296,-27141677069.964207,-27115029069.7625,-27088015570.81002,-27060633061.76621,-27032877995.892128,-27004746790.596764,-26976235826.982555,-26947341449.391277,-26918059964.9514,-26888387643.12835,-26858320715.27893,-26827855374.211617,-26796987773.75421,-26765714028.330833,-26734030212.549946,-26701932360.805565,-26669416466.89377,-26636478483.64656,-26603114322.5857,-26569319853.59854,-26535090904.63849,-26500423261.452408,-26465312667.33742,-26429754822.92935,-26393745386.02508,-26357279971.440678,-26320354150.9071,-26282963453.00475,-26245103363.137623,-26206769323.547226,-26167956733.36569,-26128660948.706234,-26088877282.788223,-26048601006.092167,-26007827346.538692,-25966551489.682827,-25924768578.91246,-25882473715.637123,-25839661959.44889,-25796328328.23355,-25752467798.204617,-25708075303.827187,-25663145737.591446,-25617673949.5879,-25571654746.826862,-25525082892.233917,-25477953103.24095,-25430260049.87738,-25381998352.2506,-25333162577.284695,-25283747234.565697,-25233746771.116257,-25183155564.89463,-25131967916.780617,-25080178040.774414,-25027780052.092884,-24974767952.800907,-24921135614.562027,-24866876758.033493,-24811984928.36285,-24756453466.168415,-24700275473.30174,-24643443772.59578,-24585950860.698853,-24527788852.978382,-24468949419.351685,-24409423709.760853,-24349202267.85685,-24288274931.292183,-24226630716.843792,-24164257688.39754,-24101142805.625244,-24037271750.975544,-23972628732.38587,-23907196258.90763,-23840954886.22792,-23773882928.877266,-23705956135.746395,-23637147325.411003,-23567425977.70325,-23496757777.99952,-23425104110.84861,-23352421499.889473,-23278660991.55755,-23203767480.92659,-23127678979.267548,-23050325824.644913,-22971629839.25622,-22891503440.435944,-22809848716.52142,-22726556484.40602,-22641505352.95013,-22554560825.950054,-22465574490.666912,-22374383353.743275,-22280809406.64412,-22184659528.782192,-22085725869.815876,-21983786895.30636,-21878609334.69278,-21769951340.953396,-21657567262.107452,-21541214542.245914,-21420663422.69659,-21295710314.09108,-21166195973.97995,-21032029975.42484,-20893223422.77281,-20749932509.491062,-20602516389.87968,-20451614056.51189,-20298246636.521347,-20143953983.290497,-19990978014.579964,-19842510496.867283,-19703030744.815403,-19578770216.010006,-19478357843.995342,-19413723823.266155,-19401370646.722168,-19464152417.957603,-19633710410.912884,-19953609292.84147,-20482757886.1104,-21297206138.678867,-22484104491.48438,-24110010351.497986,-26117259952.991177,-28054204915.329514,-28704208737.315163,-28866757452.814663,0.0
7462.5,-27163799520.861965,-27164236361.338512,-27164591745.502544,-27164864899.874382,-27165055043.85144,-27165161389.64116,-27165183142.193283,-27165119499.13151,-27164969650.684578,-27164732779.61668,-27164408061.157326,-27163994662.93048,-27163491744.88315,-27162898459.213314,-27162213950.297188,-27161437354.6159,-27160567800.681393,-27159604408.961887,-27158546291.806423,-27157392553.368988,-27156142289.531788,-27154794587.82794,-27153348527.3635,-27151803178.73876,-27150157603.96884,-27148410856.4037,-27146561980.647346,-27144610012.47638,-27142553978.75782,-27140392897.366318,-27138125777.100445,-27135751617.598515,-27133269409.253498,-27130678133.12727,-27127976760.86416,-27125164254.6037,-27122239566.892647,-27119201640.596313,-27116049408.809044,-27112781794.76403,-27109397711.742287,-27105896062.98091,-27102275741.580532,-27098535630.412006,-27094674602.022278,-27090691518.53952,-27086585231.57745,-27082354582.138763,-27077998400.517887,-27073515506.20283,-27068904707.776257,-27064164802.81566,-27059294577.792793,-27054292807.972206,-27049158257.308914,-27043889678.345264,-27038485812.106903,-27032945387.997864,-27027267123.694786,-27021449725.040264,-27015491885.935287,-27009392288.230747,-27003149601.61808,-26996762483.51895,-26990229578.97402,-26983549520.53077,-26976720928.13037,-26969742408.993584,-26962612557.505695,-26955329955.10047,-26947893170.143116,-26940300757.812172,-26932551259.980495,-26924643205.095123,-26916575108.0561,-26908345470.094254,-26899952778.647915,-26891395507.238495,-26882672115.34497,-26873781048.277313,-26864720737.048645,-26855489598.24634,-26846086033.901894,-26836508431.35963,-26826755163.14412,-26816824586.82643,-26806715044.889088,-26796424864.589714,-26785952357.823387,-26775295820.983704,-26764453534.822353,-26753423764.30746,-26742204758.48035,-26730794750.311005,-26719191956.551926,-26707394577.59057,-26695400797.30018,-26683208782.889038,-26670816684.748173,-26658222636.297295,-26645424753.829147,-26632421136.352055,-26619209865.430733,-26605789005.025223,-26592156601.328045,-26578310682.599354,-26564249259.00023,-26549970322.42383,-26535471846.324608,-26520751785.54535,-26505808076.14202,-26490638635.20643,-26475241360.68663,-26459614131.204865,-26443754805.873257,-26427661224.106873,-26411331205.434387,-26394762549.306053,-26377953034.899033,-26360900420.920025,-26343602445.40503,-26326056825.51625,-26308261257.336067,-26290213415.65795,-26271910953.774315,-26253351503.261185,-26234532673.759575,-26215452052.753643,-26196107205.345337,-26176495674.025658,-26156614978.442375,-26136462615.164093,-26116036057.44068,-26095332754.95996,-26074350133.600582,-26053085595.181007,-26031536517.204685,-26009700252.601112,-25987574129.463055,-25965155450.77959,-25942441494.165184,-25919429511.584633,-25896116729.07395,-25872500346.457123,-25848577537.05886,-25824345447.41327,-25799801196.968567,-25774941877.787872,-25749764554.246162,-25724266262.723484,-25698444011.294666,-25672294779.415497,-25645815517.605766,-25619003147.129234,-25591854559.670845,-25564366617.01156,-25536536150.700966,-25508359961.728237,-25479834820.191742,-25450957464.967873,-25421724603.379555,-25392132910.865135,-25362179030.6483,-25331859573.4096,-25301171116.960762,-25270110205.92227,-25238673351.405556,-25206857030.700615,-25174657686.970512,-25142071728.953697,-25109095530.675938,-25075725431.1731,-25041957734.226482,-25007788708.11258,-24973214585.36905,-24938231562.57907,-24902835800.17611,-24867023422.271637,-24830790516.508186,-24794133133.94041,-24757047288.947086,-24719528959.176834,-24681574085.530952,-24643178572.186516,-24604338286.663147,-24565049059.937256,-24525306686.607346,-24485106925.114174,-24444445498.019886,-24403318092.350025,-24361720360.002464,-24319647918.227352,-24277096350.182014,-24234061205.564842,-24190538001.331566,-24146522222.497803,-24102009323.030525,-24056994726.83133,-24011473828.81345,-23965441996.073666,-23918894569.159496,-23871826863.430794,-23824234170.51339,-23776111759.840904,-23727454880.278812,-23678258761.82242,-23628518617.357666,-23578229644.47043,-23527387027.286278,-23475985938.31806,-23424021540.293922,-23371488987.93204,-23318383429.622124,-23264700008.965866,-23210433866.119293,-23155580138.870827,-23100133963.376614,-23044090474.46223,-22987444805.385597,-22930192086.938576,-22872327445.74756,-22813846001.611824,-22754742863.69568,-22695013125.365147,-22634651857.43081,-22573654099.527878,-22512014849.329437,-22449729049.25097,-22386791570.263535,-22323197192.38736,-22258940581.390293,-22194016261.1632,-22128418581.190247,-22062141678.474358,-21995179433.218555,-21927525417.503773,-21859172836.14249,-21790114458.82942,-21720342542.65576,-21649848744.00545,-21578624018.81593,-21506658510.163906,-21433941422.138176,-21360460878.990974,-21286203768.62929,-21211155569.627613,-21135300161.129555,-21058619615.27622,-20981093972.17515,-20902700997.933113,-20823415926.9524,-20743211190.57253,-20662056135.278137,-20579916735.146362,-20496755305.046658,-20412530223.41711,-20327195676.330048,-20240701438.150063,-20152992708.532845,-20064010030.99632,-19973689325.041103,-19881962072.07645,-19788755705.555836,-19693994268.15502,-19597599414.051132,-19499491853.03335,-19399593356.12775,-19297829470.733253,-19194133128.37918,-19088449372.066067,-18980741485.41668,-18870998876.313118,-18759247158.74697,-18645560996.21568,-18530080430.032074,-18413031634.417984,-18294753345.03112,-18175730642.034996,-18056638401.435917,-17938397668.076546,-17822249624.56614,-17709854011.955647,-17603422248.235107,-17505900805.359734,-17421228776.639187,-17354706755.628807,-17313534822.87407,-17307609462.53499,-17350717799.12722,-17462338704.949745,-17670359039.982357,-18015138862.947712,-18555499592.200188,-19377349832.692913,-20605911753.89483,-22423773912.27836,-25104062977.218475,-29101000082.06245,-35345502395.395134,-45513666197.700195,0.0
7460.0,-25937463201.911293,-25934863387.409073,-25932171307.41768,-25929386146.37069,-25926507081.469917,-25923533282.618774,-25920463912.355034,-25917298125.78304,-25914035070.50521,-25910673886.553013,-25907213706.317234,-25903653654.477654,-25899992847.932083,-25896230395.724716,-25892365398.9739,-25888396950.79918,-25884324136.247746,-25880146032.220146,-25875861707.39538,-25871470222.155296,-25866970628.50831,-25862361970.012398,-25857643281.69745,-25852813589.98688,-25847871912.61855,-25842817258.564926,-25837648627.952606,-25832365011.981026,-25826965392.840508,-25821448743.62949,-25815814028.27107,-25810060201.428764,-25804186208.4215,-25798190985.137894,-25792073457.94963,-25785832543.624184,-25779467149.236675,-25772976172.08098,-25766358499.579967,-25759613009.194946,-25752738568.334324,-25745734034.261383,-25738598254.00124,-25731330064.246944,-25723928291.264732,-25716391750.79842,-25708719247.972862,-25700909577.19659,-25692961522.06355,-25684873855.25383,-25676645338.433674,-25668274722.154343,-25659760745.75016,-25651102137.235626,-25642297613.2015,-25633345878.70992,-25624245627.18859,-25614995540.323944,-25605594287.953228,-25596040527.955708,-25586332906.142696,-25576470056.14658,-25566450599.30886,-25556273144.566925,-25545936288.33996,-25535438614.41355,-25524778693.82327,-25513955084.7371,-25502966332.336628,-25491810968.697212,-25480487512.666756,-25468994469.74344,-25457330331.952133,-25445493577.71953,-25433482671.748096,-25421296064.888657,-25408932194.011642,-25396389481.877083,-25383666337.003166,-25370761153.5334,-25357672311.102448,-25344398174.700394,-25330937094.535706,-25317287405.896553,-25303447429.01067,-25289415468.903725,-25275189815.25599,-25260768742.257523,-25246150508.461617,-25231333356.63665,-25216315513.61615,-25201095190.1472,-25185670580.73701,-25170039863.497704,-25154201199.989243,-25138152735.06047,-25121892596.68821,-25105418895.81447,-25088729726.181473,-25071823164.164856,-25054697268.604584,-25037350080.633842,-25019779623.505684,-25001983902.417473,-24983960904.33304,-24965708597.80252,-24947224932.779846,-24928507840.43772,-24909555232.980217,-24890365003.452843,-24870935025.54997,-24851263153.419662,-24831347221.46589,-24811185044.14788,-24790774415.77687,-24770113110.30979,-24749198881.140285,-24728029460.886658,-24706602561.176888,-24684915872.43058,-24662967063.63784,-24640753782.135017,-24618273653.37728,-24595524280.707973,-24572503245.124664,-24549208105.041954,-24525636396.05098,-24501785630.67546,-24477653298.124447,-24453236864.041615,-24428533770.251205,-24403541434.500443,-24378257250.198647,-24352678586.152832,-24326802786.299957,-24300627169.43582,-24274149028.940575,-24247365632.501,-24220274221.82956,-24192872012.38036,-24165156193.06192,-24137123925.94727,-24108772345.981033,-24080098560.683994,-24051099649.855217,-24021772665.271816,-23992114630.386856,-23962122540.025356,-23931793360.07894,-23901124027.19928,-23870111448.49083,-23838752501.203163,-23807044032.423454,-23774982858.769493,-23742565766.08394,-23709789509.13022,-23676650811.290974,-23643146364.269547,-23609272827.795532,-23575026829.33498,-23540404963.806618,-23505403793.304604,-23470019846.82943,-23434249620.02781,-23398089574.943066,-23361536139.77741,-23324585708.667572,-23287234641.475548,-23249479263.596085,-23211315865.78299,-23172740703.99617,-23133749999.271683,-23094339937.617065,-23054506669.934555,-23014246311.974762,-22973554944.32373,-22932428612.426353,-22890863326.64934,-22848855062.387306,-22806399760.215218,-22763493326.091434,-22720131631.614967,-22676310514.34135,-22632025778.161472,-22587273193.74791,-22542048499.07366,-22496347400.008087,-22450165570.995396,-22403498655.820805,-22356342268.46993,-22308691994.08699,-22260543390.037373,-22211891987.08039,-22162733290.65791,-22113062782.30456,-22062875921.18511,-22012168145.764473,-21960934875.61556,-21909171513.369713,-21856873446.814438,-21804036051.14187,-21750654691.35156,-21696724724.809616,-21642241503.965523,-21587200379.22665,-21531596701.98912,-21475425827.82169,-21418683119.797554,-21361363951.9667,-21303463712.95851,-21244977809.70156,-21185901671.243984,-21126230752.653862,-21065960538.974815,-21005086549.206997,-20943604340.278225,-20881509510.964035,-20818797705.70878,-20755464618.29251,-20691505995.28071,-20626917639.185135,-20561695411.255283,-20495835233.80985,-20429333092.00786,-20362185034.948433,-20294387175.977337,-20225935692.068275,-20156826822.13606,-20087056864.129635,-20016622170.744537,-19945519143.587788,-19873744225.624832,-19801293891.737846,-19728164637.229935,-19654352964.12101,-19579855365.101223,-19504668305.03826,-19428788199.978687,-19352211393.644524,-19274934131.507683,-19196952532.632183,-19118262559.612278,-19038859987.111618,-18958740369.730682,-18877899010.208,-18796330929.304634,-18714030839.14521,-18630993122.305485,-18547211819.564594,-18462680629.99837,-18377392928.000023,-18291341802.90203,-18204520128.165134,-18116920668.626827,-18028536236.098305,-17939359905.69753,-17849385307.748165,-17758607012.894966,-17667021031.325005,-17574625450.6764,-17481421241.391296,-17387413262.951008,-17292611509.62806,-17197032640.096493,-17100701841.429796,-17003655084.635612,-16905941835.8503,-16807628294.55143,-16708801237.551786,-16609572555.070923,-16510084572.938766,-16410516263.380886,-16311090456.901077,-16212082181.722252,-16113828279.394598,-16016738483.59254,-15921308218.328314,-15828133497.400152,-15737928533.188519,-15651547065.731838,-15570009130.871084,-15494536215.619604,-15426599863.016928,-15367992396.667202,-15320934561.999796,-15288245269.010084,-15273616286.420984,-15282065070.042233,-15320692000.017918,-15399964247.177177,-15535930261.767254,-15754135235.707333,-16096800709.525845,-16636673749.376926,-17505500754.001404,-18956749062.54666,-21511522783.227108,-26293601363.710052,-35571287196.479546,-51060870461.197105,0.0
7457.5,-24721327527.146744,-24715864627.39808,-24710300093.55979,-24704633080.222557,-24698862734.743164,-24692988197.179283,-24687008600.223602,-24680923069.137398,-24674730721.68344,-24668430668.05836,-24662022010.82425,-24655503844.839813,-24648875257.190655,-24642135327.119156,-24635283125.953476,-24628317717.036102,-24621238155.651497,-24614043488.95333,-24606732755.8908,-24599304987.13441,-24591759205.00101,-24584094423.37809,-24576309647.647423,-24568403874.60796,-24560376092.39801,-24552225280.416653,-24543950409.24446,-24535550440.56343,-24527024327.07617,-24518371012.424316,-24509589431.10614,-24500678508.39345,-24491637160.247593,-24482464293.234764,-24473158804.440376,-24463719581.382725,-24454145501.925716,-24444435434.190857,-24434588236.46826,-24424602757.12692,-24414477834.523987,-24404212296.91327,-24393804962.352722,-24383254638.611115,-24372560123.073727,-24361720202.647118,-24350733653.66296,-24339599241.78089,-24328315721.890404,-24316881838.011723,-24305296323.19575,-24293557899.422874,-24281665277.500885,-24269617156.961693,-24257412225.95713,-24245049161.153557,-24232526627.62545,-24219843278.747856,-24206997756.087666,-24193988689.29383,-24180814695.98634,-24167474381.644043,-24153966339.491272,-24140289150.38326,-24126441382.690216,-24112421592.180305,-24098228321.901165,-24083860102.06026,-24069315449.903763,-24054592869.59426,-24039690852.08689,-24024607875.004227,-24009342402.509632,-23993892885.179234,-23978257759.87236,-23962435449.600525,-23946424363.394794,-23930222896.171722,-23913829428.59751,-23897242326.950737,-23880459942.983273,-23863480613.77959,-23846302661.614326,-23828924393.808163,-23811344102.58174,-23793560064.907967,-23775570542.36232,-23757373780.9713,-23738968011.058937,-23720351447.09138,-23701522287.519375,-23682478714.618774,-23663218894.328945,-23643740976.088963,-23624043092.671764,-23604123360.015965,-23583979877.055443,-23563610725.54667,-23543013969.893593,-23522187656.970222,-23501129815.940674,-23479838458.076782,-23458311576.573174,-23436547146.359695,-23414543123.911293,-23392297447.055122,-23369808034.77501,-23347072787.013035,-23324089584.46839,-23300856288.393288,-23277370740.38601,-23253630762.18091,-23229634155.43547,-23205378701.514275,-23180862161.269875,-23156082274.820564,-23131036761.324818,-23105723318.752792,-23080139623.65422,-23054283330.923347,-23028152073.56031,-23001743462.429333,-22975055086.01347,-22948084510.16601,-22920829277.858494,-22893286908.925316,-22865454899.804966,-22837330723.277855,-22808911828.200813,-22780195639.238182,-22751179556.58966,-22721860955.714878,-22692237187.054718,-22662305575.74955,-22632063421.35437,-22601507997.551018,-22570636551.857533,-22539446305.334785,-22507934452.29055,-22476098159.981213,-22443934568.311226,-22411440789.530647,-22378613907.930893,-22345450979.53905,-22311949031.810997,-22278105063.323784,-22243916043.46747,-22209378912.136925,-22174490579.42413,-22139247925.31131,-22103647799.3655,-22067687020.435215,-22031362376.349792,-21994670623.62213,-21957608487.155556,-21920172659.955803,-21882359802.84881,-21844166544.205418,-21805589479.674133,-21766625171.922844,-21727270150.391075,-21687520911.053757,-21647373916.19828,-21606825594.21615,-21565872339.411053,-21524510511.82509,-21482736437.08496,-21440546406.270523,-21397936675.807434,-21354903467.386684,-21311442967.913254,-21267551329.486706,-21223224669.416546,-21178459070.275402,-21133250579.993275,-21087595211.996284,-21041488945.39364,-20994927725.216553,-20947907462.713455,-20900424035.705593,-20852473289.00772,-20804051034.918842,-20755153053.78781,-20705775094.65945,-20655912876.006626,-20605562086.55429,-20554718386.201683,-20503377407.049107,-20451534754.53603,-20399186008.697746,-20346326725.54765,-20292952438.59291,-20239058660.49138,-20184640884.857952,-20129694588.228558,-20074215232.19079,-20018198265.689686,-19961639127.518036,-19904533249.00026,-19846876056.879517,-19788662976.417366,-19729889434.716,-19670550864.272495,-19610642706.775124,-19550160417.15149,-19489099467.87832,-19427455353.562798,-19365223595.80497,-19302399748.351227,-19238979402.54816,-19174958193.1065,-19110331804.184612,-19045095975.801205,-18979246510.586838,-18912779280.88437,-18845690236.208908,-18777975411.078396,-18709630933.227695,-18640653032.219994,-18571038048.472332,-18500782442.71466,-18429882805.90645,-18358335869.639824,-18286138517.065685,-18213287794.38796,-18139780922.982513,-18065615312.21187,-17990788573.02449,-17915298532.449562,-17839143249.125923,-17762321030.03717,-17684830448.666027,-17606670364.831367,-17527839946.531387,-17448338694.189953,-17368166467.790455,-17287323517.487015,-17205810518.40806,-17123628610.516579,-17040779444.567923,-16957265235.41484,-16873088824.154688,-16788253750.90165,-16702764340.302597,-16616625802.306105,-16529844351.146223,-16442427346.02437,-16354383457.569916,-16265722864.84198,-16176457488.406162,-16086601265.887465,-15996170477.367163,-15905184129.056501,-15813664404.839685,-15721637196.519936,-15629132724.903463,-15536186265.180447,-15442838991.35473,-15349138955.652292,-15255142219.787779,-15160914155.52434,-15066530931.90155,-14972081205.525644,-14877668028.004953,-14783410980.429068,-14689448538.011799,-14595940657.706295,-14503071566.531542,-14411052706.950993,-14320125765.91283,-14230565673.573975,-14142683403.162954,-14056828331.092255,-13973389821.831833,-13892797580.136255,-13815520158.653973,-13742060816.88327,-13672949694.968227,-13608730994.805521,-13549943563.196478,-13497092978.79002,-13450613025.384222,-13410814429.742676,-13377819232.79842,-13351480706.604645,-13331292452.82512,-13316298559.255793,-13305034440.02834,-13295566211.3571,-13285779872.580383,-13274256981.49315,-13262493458.236256,-13260184825.217373,-13297553377.314121,-13453971929.641764,-13924459391.81726,-15173618842.474321,-18285443392.341663,-25724071119.464966,-42928762848.02703,0.0
7455.0,-23519392780.47528,-23511250630.694073,-23502998914.36876,-23494636767.789764,-23486163320.104927,-23477577693.25634,-23468879001.916462,-23460066353.423874,-23451138847.718117,-23442095577.274162,-23432935627.036095,-23423658074.350258,-23414261988.897713,-23404746432.62603,-23395110459.68052,-23385353116.33467,-23375473440.919983,-23365470463.75515,-23355343207.074486,-23345090684.95572,-23334711903.247,-23324205859.49328,-23313571542.861923,-23302807934.06757,-23291914005.29631,-23280888720.12903,-23269731033.46409,-23258439891.439117,-23247014231.35216,-23235452981.581886,-23223755061.507095,-23211919381.42537,-23199944842.47094,-23187830336.53161,-23175574746.164993,-23163176944.513702,-23150635795.219856,-23137950152.3385,-23125118860.250305,-23112140753.573265,-23099014657.073425,-23085739385.57479,-23072313743.868156,-23058736526.619064,-23045006518.274693,-23031122492.969803,-23017083214.43166,-23002887435.88387,-22988533899.94926,-22974021338.551575,-22959348472.816204,-22944514012.96973,-22929516658.23838,-22914355096.745316,-22899028005.406826,-22883534049.827263,-22867871884.192795,-22852040151.164005,-22836037481.76715,-22819862495.284203,-22803513799.14163,-22786989988.7978,-22770289647.629097,-22753411346.814667,-22736353645.219753,-22719115089.2777,-22701694212.870377,-22684089537.20729,-22666299570.70311,-22648322808.85367,-22630157734.11052,-22611802815.753757,-22593256509.76333,-22574517258.688698,-22555583491.516804,-22536453623.538292,-22517126056.212082,-22497599177.02809,-22477871359.368145,-22457940962.365097,-22437806330.759995,-22417465794.75737,-22396917669.87857,-22376160256.813038,-22355191841.2676,-22334010693.813667,-22312615069.732296,-22291003208.857086,-22269173335.414864,-22247123657.86416,-22224852368.73131,-22202357644.444267,-22179637645.164017,-22156690514.613552,-22133514379.904335,-22110107351.360317,-22086467522.33923,-22062592969.05143,-22038481750.375908,-22014131907.673668,-21989541464.59828,-21964708426.903656,-21939630782.248886,-21914306500.000214,-21888733531.030018,-21862909807.51272,-21836833242.71771,-21810501730.799084,-21783913146.582275,-21757065345.34737,-21729956162.60932,-21702583413.89473,-21674944894.515343,-21647038379.33819,-21618861622.55227,-21590412357.431778,-21561688296.09594,-21532687129.265213,-21503406526.014046,-21473844133.520065,-21443997576.80968,-21413864458.500107,-21383442358.537888,-21352728833.933716,-21321721418.493805,-21290417622.54763,-21258814932.672203,-21226910811.412815,-21194702697.0004,-21162188003.065426,-21129364118.348576,-21096228406.408085,-21062778205.32405,-21029010827.39963,-20994923558.859383,-20960513659.54488,-20925778362.607662,-20890714874.199875,-20855320373.162685,-20819592010.712765,-20783526910.127026,-20747122166.42606,-20710374846.05639,-20673281986.572067,-20635840596.31594,-20598047654.100964,-20559900108.892094,-20521394879.489285,-20482528854.212093,-20443298890.586517,-20403701815.034748,-20363734422.56857,-20323393476.487137,-20282675708.08004,-20241577816.33652,-20200096467.66185,-20158228295.601944,-20115969900.57742,-20073317849.62822,-20030268676.170227,-19986818879.765358,-19942964925.90658,-19898703245.81955,-19854030236.282745,-19808942259.467896,-19763435642.802784,-19717506678.85872,-19671151625.264915,-19624366704.65231,-19577148104.629604,-19529491977.794235,-19481394441.78153,-19432851579.35513,-19383859438.542274,-19334414032.81762,-19284511341.339508,-19234147309.242947,-19183317847.993633,-19132018835.80799,-19080246118.143944,-19027995508.268047,-18975262787.904472,-18922043707.97197,-18868333989.41505,-18814129324.13632,-18759425376.036953,-18704217782.172997,-18648502154.03548,-18592274078.9629,-18535529121.694935,-18478262826.077152,-18420470716.926563,-18362148302.068844,-18303291074.558586,-18243894515.094418,-18183954094.641937,-18123465277.2778,-18062423523.269413,-18000824292.40551,-17938663047.593803,-17875935258.743176,-17812636406.948887,-17748761989.00065,-17684307522.234985,-17619268549.754654,-17553640646.04009,-17487419422.979477,-17420600536.346714,-17353179692.758842,-17285152657.147736,-17216515260.784092,-17147263409.895683,-17077393094.92635,-17006900400.487356,-16935781516.058697,-16864032747.504784,-16791650529.47706,-16718631438.785305,-16644972208.830135,-16570669745.202072,-16495721142.56657,-16420123702.972141,-16343874955.737923,-16266972679.100498,-16189414923.826298,-16111200039.027466,-16032326700.455082,-15952793941.585976,-15872601187.868221,-15791748294.547195,-15710235588.559978,-15628063915.061546,-15545234689.234417,-15461749954.134607,-15377612445.443232,-15292825664.127281,-15207393958.166668,-15121322614.680233,-15034617963.984066,-14947287497.343271,-14859340000.43672,-14770785704.846272,-14681636460.2098,-14591905930.044336,-14501609814.654089,-14410766104.988373,-14319395371.808908,-14227521095.061148,-14135170038.917904,-14042372678.568483,-13949163685.450079,-13855582478.243607,-13761673847.556501,-13667488662.752178,-13573084669.808151,-13478527389.318462,-13383891123.70375,-13289260082.219429,-13194729631.283524,-13100407675.741777,-13006416173.638533,-12912892782.453,-12819992628.050282,-12727890178.07381,-12636781188.235348,-12546884671.722551,-12458444817.141657,-12371732746.955282,-12287047963.526005,-12204719270.04958,-12125104874.154879,-12048591276.57501,-11975590407.905283,-11906534292.274288,-11841866273.44283,-11782027517.294996,-11727437079.242676,-11678463261.114794,-11635383232.73588,-11598326894.941982,-11567199627.206509,-11541576780.055082,-11520560394.331347,-11502585487.710615,-11485159196.621716,-11464511110.782768,-11435127825.977074,-11389141042.032595,-11315542000.153322,-11199219690.005705,-11019899198.72497,-10751264565.237432,-10361048425.469437,-9813985503.142391,-9081873789.752035,-8169670451.493826,-7176533965.452301,-6447982423.744933,-7163213877.590473,-15361051602.88694,0.0
7452.5,-22335342349.110725,-22324712609.876472,-22313966784.239956,-22303104000.8897,-22292123381.54236,-22281024040.881912,-22269805086.498516,-22258465618.82653,-22247004731.08204,-22235421509.199776,-22223715031.76938,-22211884369.970985,-22199928587.510292,-22187846740.552868,-22175637877.65782,-22163301039.710846,-22150835259.856567,-22138239563.430164,-22125512967.88835,-22112654482.739635,-22099663109.47384,-22086537841.49093,-22073277664.029045,-22059881554.09191,-22046348480.375298,-22032677403.192898,-22018867274.401314,-22004917037.324257,-21990825626.676006,-21976591968.48397,-21962214980.010456,-21947693569.673615,-21933026636.967453,-21918213072.38108,-21903251757.316986,-21888141564.00843,-21872881355.435974,-21857469985.242977,-21841906297.65028,-21826189127.369804,-21810317299.517265,-21794289629.52379,-21778104923.046654,-21761761975.87887,-21745259573.857788,-21728596492.772636,-21711771498.2709,-21694783345.763737,-21677630780.3301,-21660312536.619835,-21642827338.755592,-21625173900.23348,-21607350923.822586,-21589357101.46325,-21571191114.164047,-21552851631.8975,-21534337313.4945,-21515646806.537445,-21496778747.251877,-21477731760.39692,-21458504459.154125,-21439095445.015068,-21419503307.667316,-21399726624.878998,-21379763962.381798,-21359613873.75242,-21339274900.29248,-21318745570.90674,-21298024401.97969,-21277109897.250526,-21256000547.686264,-21234694831.35324,-21213191213.286743,-21191488145.358826,-21169584066.14429,-21147477400.78469,-21125166560.850468,-21102649944.201103,-21079925934.84317,-21056992902.7864,-21033849203.89759,-21010493179.75239,-20986923157.48487,-20963137449.63488,-20939134353.99304,-20914912153.443512,-20890469115.804333,-20865803493.66526,-20840913524.223267,-20815797429.115387,-20790453414.24907,-20764879669.62986,-20739074369.18637,-20713035670.59265,-20686761715.087593,-20660250627.291626,-20633500515.02048,-20606509469.09605,-20579275563.15415,-20551796853.44934,-20524071378.65661,-20496097159.66986,-20467872199.397247,-20439394482.55323,-20410661975.447266,-20381672625.76922,-20352424362.3713,-20322915095.04654,-20293142714.303802,-20263105091.139145,-20232800076.803726,-20202225502.567837,-20171379179.481518,-20140258898.13123,-20108862428.392914,-20077187519.18116,-20045231898.19464,-20012993271.657654,-19980469324.05783,-19947657717.879982,-19914556093.33606,-19881162068.091225,-19847473236.98606,-19813487171.754944,-19779201420.740555,-19744613508.604576,-19709720936.034645,-19674521179.447605,-19639011690.68907,-19603189896.729424,-19567053199.35637,-19530598974.86402,-19493824573.738815,-19456727320.342262,-19419304512.59067,-19381553421.6322,-19343471291.521194,-19305055338.890213,-19266302752.61991,-19227210693.50705,-19187776293.930984,-19147996657.51887,-19107868858.81008,-19067389942.920124,-19026556925.2046,-18985366790.923534,-18943816494.906784,-18901902961.22103,-18859623082.838867,-18816973721.310837,-18773951706.44108,-18730553835.967274,-18686776875.24603,-18642617556.94429,-18598072580.738045,-18553138613.019325,-18507812286.61262,-18462090200.50211,-18415968919.570854,-18369444974.353683,-18322514860.80513,-18275175040.084206,-18227421938.3578,-18179251946.62469,-18130661420.562206,-18081646680.397835,-18032204010.80807,-17982329660.847313,-17932019843.9092,-17881270737.723694,-17830078484.392845,-17778439190.46867,-17726348927.07676,-17673803730.089474,-17620799600.352806,-17567332503.97139,-17513398372.65628,-17458993104.140583,-17404112562.66832,-17348752579.56223,-17292908953.876633,-17236577453.14206,-17179753814.20842,-17122433744.19447,-17064612921.551414,-17006286997.249332,-16947451596.09559,-16888102318.195156,-16828234740.563293,-16767844418.902067,-16706926889.552776,-16645477671.63743,-16583492269.403347,-16520966174.786072,-16457894870.206875,-16394273831.622658,-16330098531.847143,-16265364444.164305,-16200067046.256126,-16134201824.469421,-16067764278.447853,-16000749926.158413,-15933154309.343689,-15864972999.434483,-15796201603.960796,-15726835773.502733,-15656871209.227034,-15586303671.05994,-15515128986.552238,-15443343060.498205,-15370941885.377419,-15297921552.695528,-15224278265.30928,-15150008350.830692,-15075108276.21653,-14999574663.662086,-14923404307.932713,-14846594195.282791,-14769141524.130947,-14691043727.681248,-14612298498.70454,-14532903816.721615,-14452857977.861172,-14372159627.701359,-14290807797.44396,-14208801943.816616,-14126141993.150517,-14042828390.14051,-13958862151.861725,-13874244927.692924,-13788979065.883,-13703067687.594227,-13616514769.365484,-13529325235.062014,-13441505058.51707,-13353061378.22537,-13264002625.622503,-13174338668.676563,-13084080972.732967,-12993242780.78973,-12901839315.640354,-12809888006.605589,-12717408743.88313,-12624424163.875862,-12530959969.211351,-12437045287.535477,-12342713073.544167,-12248000559.101763,-12152949756.668175,-12057608021.603033,-11962028679.2084,-11866271722.578001,-11770404587.396868,-11674503009.719467,-11578651972.36918,-11482946744.842304,-11387494020.331123,-11292413151.524559,-11197837483.97148,-11103915781.70005,-11010813734.086994,-10918715525.15503,-10827825435.886223,-10738369435.91346,-10650596701.970123,-10564780975.2723,-10481221636.652187,-10400244334.216515,-10322200940.209532,-10247468537.139273,-10176447032.079336,-10109554864.287924,-10047222093.865343,-9989879922.956684,-9937945384.98847,-9891799512.158802,-9851756715.163773,-9818022322.211884,-9790634140.391846,-9769382395.416265,-9753700290.485388,-9742514427.935926,-9734040053.266794,-9725499910.076986,-9712736550.655334,-9689674928.952719,-9647573104.208172,-9573971094.7163,-9451207061.30344,-9254308960.475,-8947974817.719595,-8482193782.078817,-7785747220.018864,-6756117558.038959,-5242508271.029538,-3013780583.242141,309319946.8368455,5401172369.716053,13470542437.23866,25935032246.957104,0.0
7450.0,-21172534293.294827,-21159614097.87024,-21146572668.176735,-21133409135.04612,-21120122622.57405,-21106712248.06215,-21093177121.959488,-21079516347.80353,-21065729022.160408,-21051814234.564613,-21037771067.458084,-21023598596.12859,-21009295888.647587,-20994862005.807266,-20980296001.057117,-20965596920.439644,-20950763802.525517,-20935795678.347984,-20920691571.336586,-20905450497.25013,-20890071464.10898,-20874553472.12657,-20858895513.640175,-20843096573.04092,-20827155626.703003,-20811071642.912117,-20794843581.793133,-20778470395.236855,-20761951026.82603,-20745284411.760487,-20728469476.781387,-20711505140.094646,-20694390311.29341,-20677123891.27968,-20659704772.184944,-20642131837.28995,-20624403960.943455,-20606520008.479992,-20588478836.136715,-20570279290.969154,-20551920210.765976,-20533400423.962708,-20514718749.554314,-20495873997.006805,-20476864966.167595,-20457690447.17485,-20438349220.36557,-20418840056.18258,-20399161715.08026,-20379312947.429085,-20359292493.418873,-20339099082.960808,-20318731435.588127,-20298188260.355453,-20277468255.73686,-20256570109.522446,-20235492498.713608,-20214234089.416733,-20192793536.735588,-20171169484.662052,-20149360565.96543,-20127365402.08014,-20105182602.99183,-20082810767.121834,-20060248481.21001,-20037494320.195827,-20014546847.097767,-19991404612.89088,-19968066156.382614,-19944530004.086765,-19920794670.09547,-19896858655.949383,-19872720450.5058,-19848378529.804802,-19823831356.933357,-19799077381.887268,-19774115041.431023,-19748942758.95549,-19723558944.33327,-19697961993.771877,-19672150289.664513,-19646122200.438488,-19619876080.401234,-19593410269.5838,-19566723093.58182,-19539812863.39397,-19512677875.257603,-19485316410.481953,-19457726735.278336,-19429907100.587776,-19401855741.90557,-19373570879.103104,-19345050716.246597,-19316293441.412865,-19287297226.501984,-19258060227.04682,-19228580582.019337,-19198856413.633636,-19168885827.14576,-19138666910.649994,-19108197734.871834,-19077476352.95739,-19046500800.259285,-19015269094.118935,-18983779233.645138,-18952029199.488964,-18920016953.614906,-18887740439.068115,-18855197579.737846,-18822386280.116905,-18789304425.05722,-18755949879.521217,-18722320488.329353,-18688414075.90337,-18654228446.005493,-18619761381.473454,-18585010643.951294,-18549973973.61595,-18514649088.899643,-18479033686.207924,-18443125439.63359,-18406922000.66621,-18370420997.897484,-18333620036.722366,-18296516699.035934,-18259108542.926125,-18221393102.36232,-18183367886.879887,-18145030381.260662,-18106378045.20955,-18067408313.027344,-18028118593.279697,-17988506268.462673,-17948568694.6647,-17908303201.225395,-17867707090.39122,-17826777636.96826,-17785512087.972427,-17743907662.27721,-17701961550.259396,-17659670913.442986,-17617032884.14167,-17574044565.100403,-17530703029.136147,-17487005318.77868,-17442948445.911667,-17398529391.414642,-17353745104.806564,-17308592503.891495,-17263068474.407166,-17217169869.677246,-17170893510.268032,-17124236183.650581,-17077194643.869236,-17029765611.21749,-16981945771.922531,-16933731777.839588,-16885120246.157215,-16836107759.115513,-16786690863.738037,-16736866071.579828,-16686629858.492733,-16635978664.410366,-16584908893.154537,-16533416912.265419,-16481499052.857906,-16429151609.506638,-16376370840.162493,-16323152966.103485,-16269494171.923233,-16215390605.560417,-16160838378.37289,-16105833565.26036,-16050372204.83984,-15994450299.678442,-15938063816.588333,-15881208686.989151,-15823880807.343382,-15766076039.670862,-15707790212.14885,-15649019119.804665,-15589758525.308386,-15530004159.873781,-15469751724.276196,-15408996889.996744,-15347735300.50309,-15285962572.677753,-15223674298.405767,-15160866046.334637,-15097533363.82041,-15033671779.075039,-14969276803.531301,-14904343934.44315,-14838868657.74075,-14772846451.161236,-14706272787.678242,-14639143139.255081,-14571452980.949032,-14503197795.396563,-14434373077.712414,-14364974340.838251,-14294997121.380623,-14224436985.981443,-14153289538.26892,-14081550426.441502,-14009215351.543207,-13936280076.494425,-13862740435.949444,-13788592347.05962,-13713831821.229311,-13638454976.96207,-13562458053.904587,-13485837428.208649,-13408589629.34476,-13330711358.516323,-13252199508.840624,-13173051187.482094,-13093263739.94506,-13012834776.757542,-12931762202.80499,-12850044249.603601,-12767679510.83746,-12684666981.522015,-12601006101.20032,-12516696801.62637,-12431739559.444778,-12346135454.436329,-12259886233.966972,-12172994384.353529,-12085463209.943335,-11997296920.799103,-11908500729.983734,-11819080961.55516,-11729045170.508085,-11638402276.039324,-11547162709.666836,-11455338579.900076,-11362943855.341518,-11269994568.296516,-11176509041.180511,-11082508138.238424,-10988015545.330095,-10893058080.784195,-10797666040.57937,-10701873581.368578,-10605719145.114893,-10509245929.343632,-10412502407.22361,-10315542901.851501,-10218428219.204966,-10121226344.220709,-10024013204.303928,-9926873504.233803,-9829901635.829458,-9733202664.796211,-9636893395.773834,-9541103514.615719,-9445976804.159853,-9351672425.977757,-9258366255.509104,-9166252251.224178,-9075543829.512001,-8986475205.22931,-8899302642.438652,-8814305539.731283,-8731787248.2593,-8652075486.325026,-8575522169.618574,-8502502417.646571,-8433412420.092317,-8368665745.7192135,-8308687542.638859,-8253905900.747806,-8204739408.687194,-8161579615.835142,-8124766671.725163,-8094555813.297725,-8071071534.898233,-8054245103.950673,-8043729422.847827,-8038782852.21596,-8038110146.660848,-8039643560.0243025,-8040239584.1156,-8035255294.249361,-8017950573.924968,-7978634620.985288,-7903430032.687737,-7772452198.503529,-7557069662.512038,-7215668817.551408,-6686878156.192796,-5878256116.896414,-4646424545.867525,-2760158033.749004,172377945.0206949,4856819428.088815,12669700701.821037,26690875816.27895,55960495829.17682,0.0
7447.5,-20033996832.13227,-20018986549.044823,-20003851200.37572,-19988589927.816628,-19973201866.609997,-19957686145.494156,-19942041886.647667,-19926268205.633183,-19910364211.340622,-19894329005.929813,-19878161684.772392,-19861861336.393196,-19845427042.410896,-19828857877.47802,-19812152909.220318,-19795311198.17541,-19778331797.730732,-19761213754.06084,-19743956106.063904,-19726557885.297546,-19709018115.913887,-19691335814.593845,-19673509990.48068,-19655539645.112732,-19637423772.35535,-19619161358.33204,-19600751381.35473,-19582192811.853233,-19563484612.30387,-19544625737.1571,-19525615132.76438,-19506451737.304054,-19487134480.70631,-19467662284.577213,-19448034062.12173,-19428248718.06582,-19408305148.57747,-19388202241.18672,-19367938874.704674,-19347513919.141403,-19326926235.62275,-19306174676.306053,-19285258084.29477,-19264175293.55182,-19242925128.81191,-19221506405.49247,-19199917929.603565,-19178158497.656353,-19156226896.570366,-19134121903.579506,-19111842286.1366,-19089386801.81668,-19066754198.218815,-19043943212.866524,-19020952573.106796,-18997780996.00747,-18974427188.253307,-18950889846.040306,-18927167654.968575,-18903259289.93349,-18879163415.015263,-18854878683.366768,-18830403737.099686,-18805737207.168823,-18780877713.254684,-18755823863.644123,-18730574255.109215,-18705127472.7841,-18679482090.039894,-18653636668.357605,-18627589757.19896,-18601339893.875183,-18574885603.4135,-18548225398.421623,-18521357778.949852,-18494281232.35095,-18466994233.137634,-18439495242.83774,-18411782709.84688,-18383855069.278576,-18355710742.811993,-18327348138.536846,-18298765650.795856,-18269961660.024345,-18240934532.58713,-18211682620.612537,-18182204261.823586,-18152497779.366142,-18122561481.634163,-18092393662.091766,-18061992599.092213,-18031356555.69374,-18000483779.47204,-17969372502.329475,-17938020940.300934,-17906427293.35615,-17874589745.198635,-17842506463.060867,-17810175597.496017,-17777595282.165836,-17744763633.6248,-17711678751.10049,-17678338716.269985,-17644741593.03234,-17610885427.27703,-17576768246.64832,-17542388060.30546,-17507742858.67875,-17472830613.221245,-17437649276.156223,-17402196780.220303,-17366471038.40203,-17330469943.67613,-17294191368.733192,-17257633165.704815,-17220793165.884144,-17183669179.441833,-17146258995.137325,-17108560380.025478,-17070571079.158524,-17032288815.28326,-16993711288.533655,-16954836176.11865,-16915661132.005344,-16876183786.597492,-16836401746.40937,-16796312593.73506,-16755913886.313179,-16715203156.987194,-16674177913.361238,-16632835637.45178,-16591173785.334919,-16549189786.789793,-16506881044.937983,-16464244935.879139,-16421278808.323135,-16377979983.218767,-16334345753.3794,-16290373383.105675,-16246060107.8058,-16201403133.613365,-16156399637.003433,-16111046764.407045,-16065341631.824661,-16019281324.438969,-15972862896.227581,-15926083369.576208,-15878939734.892872,-15831428950.22385,-15783547940.872013,-15735293599.018518,-15686662783.348392,-15637652318.681273,-15588258995.60807,-15538479570.13468,-15488310763.334005,-15437749261.007446,-15386791713.357212,-15335434734.67112,-15283674903.02114,-15231508759.977753,-15178932810.341732,-15125943521.89544,-15072537325.175781,-15018710613.27116,-14964459741.644876,-14909781027.987705,-14854670752.102621,-14799125155.824646,-14743140442.979412,-14686712779.383839,-14629838292.893078,-14572513073.49784,-14514733173.476662,-14456494607.608091,-14397793353.448156,-14338625351.678722,-14278986506.533077,-14218872686.305447,-14158279723.951551,-14097203417.788303,-14035639532.300898,-13973583799.066633,-13911031917.80549,-13847979557.568077,-13784422358.072945,-13720355931.205921,-13655775862.695202,-13590677713.977537,-13525057024.2718,-13458909312.87784,-13392230081.72014,-13325014818.157671,-13257258998.083174,-13188958089.33729,-13120107555.465508,-13050702859.848337,-12980739470.23836,-12910212863.740627,-12839118532.277046,-12767451988.578785,-12695208772.755857,-12622384459.49725,-12548974665.961079,-12474975060.419888,-12400381371.733364,-12325189399.727827,-12249395026.570673,-12172994229.23702,-12095983093.176239,-12018357827.297565,-11940114780.40697,-11861250459.241673,-11781761548.264578,-11701644931.398827,-11620897715.902246,-11539517258.603407,-11457501194.74565,-11374847469.712246,-11291554373.936407,-11207620581.332922,-11123045191.625822,-11037827776.987247,-10951968433.448664,-10865467837.595785,-10778327309.114561,-10690548879.816998,-10602135369.843529,-10513090471.813072,-10423418843.773888,-10333126211.897938,-10242219483.9593,-10150706874.743721,-10058598044.652103,-9965904252.885437,-9872638526.73335,-9778815848.63209,-9684453362.81032,-9589570603.502747,-9494189746.879395,-9398335889.012545,-9302037352.379734,-9205326023.577654,-9108237725.09226,-9010812624.130304,-8913095681.656298,-8815137144.888826,-8716993086.574286,-8618725994.359722,-8520405413.505059,-8422108645.981619,-8323921508.661597,-8225939152.767729,-8128266945.965875,-8031021417.375073,-7934331264.247952,-7838338417.027183,-7743199156.7653675,-7649085275.326241,-7556185264.132173,-7464705511.193519,-7374871478.373068,-7286928820.818615,-7201144397.613436,-7117807106.129474,-7037228451.24939,-6959742733.129617,-6885706701.608586,-6815498479.159322,-6749515493.955161,-6688171085.357122,-6631889339.262661,-6581097570.895673,-6536215684.442527,-6497641383.340652,-6465729854.305393,-6440766061.771045,-6422927107.256038,-6412231140.271872,-6408467917.285515,-6411104082.795865,-6419153262.737662,-6430996589.275028,-6444132456.607489,-6454823690.42311,-6457593383.072233,-6444492889.6963825,-6404018537.949666,-6319471522.287236,-6166407007.899456,-5908541346.710975,-5490954572.082828,-4828382898.074892,-3784320556.529063,-2132460991.4435732,516727299.4816839,4861975035.221427,12233405129.520205,25528145357.548225,53100216828.94675,0.0
7445.0,-18922427513.661423,-18905528648.06783,-18888502134.17733,-18871347132.18622,-18854062796.16665,-18836648274.01449,-18819102707.396683,-18801425231.697945,-18783614975.966846,-18765671062.861282,-18747592608.59333,-18729378722.873405,-18711028508.85383,-18692541063.071644,-18673915475.39082,-18655150828.943718,-18636246200.07184,-18617200658.2659,-18598013266.105103,-18578683079.195717,-18559209146.10885,-18539590508.317467,-18519826200.13257,-18499915248.63861,-18479856673.628113,-18459649487.535294,-18439292695.368996,-18418785294.644653,-18398126275.315403,-18377314619.702187,-18356349302.423065,-18335229290.321457,-18313953542.393467,-18292521009.714195,-18270930635.363037,-18249181354.347977,-18227272093.528755,-18205201771.53905,-18182969298.707474,-18160573576.97749,-18138013499.82615,-18115287952.1817,-18092395810.339947,-18069335941.8794,-18046107205.575184,-18022708451.31166,-17999138519.99373,-17975396243.45683,-17951480444.37549,-17927389936.170628,-17903123522.915237,-17878679999.238815,-17854058150.230118,-17829256751.33851,-17804274568.273705,-17779110356.903927,-17753762863.15245,-17728230822.89245,-17702512961.840187,-17676607995.44638,-17650514628.785927,-17624231556.445633,-17597757462.41026,-17571091019.94652,-17544230891.48523,-17517175728.50139,-17489924171.39233,-17462474849.353672,-17434826380.25324,-17406977370.502758,-17378926414.927345,-17350672096.632732,-17322212986.87014,-17293547644.89882,-17264674617.846138,-17235592440.565193,-17206299635.48986,-17176794712.48732,-17147076168.707874,-17117142488.432108,-17086992142.915203,-17056623590.22854,-17026035275.098316,-16995225628.741333,-16964193068.69759,-16932935998.66005,-16901452808.301035,-16869741873.095629,-16837801554.141602,-16805630197.976213,-16773226136.38945,-16740587686.233898,-16707713149.231009,-16674600811.77383,-16641248944.725979,-16607655803.216965,-16573819626.433582,-16539738637.407555,-16505411042.799078,-16470835032.676476,-16436008780.29163,-16400930441.851345,-16365598156.284409,-16330010045.00441,-16294164211.668095,-16258058741.92937,-16221691703.188738,-16185061144.338203,-16148165095.50151,-16111001567.769659,-16073568552.931767,-16035864023.200985,-15997885930.935638,-15959632208.35541,-15921100767.25257,-15882289498.698164,-15843196272.743204,-15803818938.1147,-15764155321.906649,-15724203229.265854,-15683960443.072525,-15643424723.61581,-15602593808.264088,-15561465411.130108,-15520037222.730953,-15478306909.642895,-15436272114.15113,-15393930453.894466,-15351279521.505005,-15308316884.24287,-15265040083.626152,-15221446635.056,-15177534027.437252,-15133299722.79435,-15088741155.883095,-15043855733.79821,-14998640835.576847,-14953093811.798426,-14907211984.180977,-14860992645.174316,-14814433057.55016,-14767530453.98987,-14720282036.669922,-14672684976.845604,-14624736414.433413,-14576433457.592705,-14527773182.306976,-14478752631.965656,-14429368816.946665,-14379618714.200943,-14329499266.839289,-14279007383.722622,-14228139939.056501,-14176893771.99089,-14125265686.226252,-14073252449.627258,-14020850793.845163,-13968057413.950508,-13914868968.077385,-13861282077.081102,-13807293324.210806,-13752899254.799192,-13698096375.971102,-13642881156.373425,-13587250025.9286,-13531199375.614391,-13474725557.27265,-13417824883.450216,-13360493627.27517,-13302728022.37198,-13244524262.819487,-13185878503.15576,-13126786858.434483,-13067245404.337578,-13007250177.349518,-12946797174.998943,-12885882356.173866,-12824501641.517105,-12762650913.909403,-12700326019.047947,-12637522766.129114,-12574236928.644663,-12510464245.301514,-12446200421.076351,-12381441128.41682,-12316182008.602642,-12250418673.280794,-12184146706.190365,-12117361665.093979,-12050059083.934452,-11982234475.236784,-11913883332.777557,-11845001134.546087,-11775583346.023592,-11705625423.809416,-11635122819.626009,-11564070984.73741,-11492465374.819366,-11420301455.322945,-11347574707.377478,-11274280634.283443,-11200414768.65061,-11125972680.242449,-11050949984.593967,-10975342352.476643,-10899145520.291882,-10822355301.482473,-10744967599.06055,-10666978419.360977,-10588383887.139786,-10509180262.14993,-10429363957.339914,-10348931558.836138,-10267879847.886219,-10186205824.958658,-10103906736.214853,-10020980102.59117,-9937423751.75362,-9853235853.214506,-9768414956.930124,-9682960035.731085,-9596870531.972763,-9510146408.832663,-9422788206.723959,-9334797105.342272,-9246174991.913363,-9156924536.265522,-9067049273.411448,-8976553694.389912,-8885443346.18927,-8793724941.651764,-8701406480.340118,-8608497381.436987,-8515008629.842289,-8420952936.73373,-8326344915.961885,-8231201277.76223,-8135541041.381488,-8039385768.334543,-7942759818.12814,-7845690628.408103,-7748209021.604046,-7650349540.257272,-7552150813.319056,-7453655955.792299,-7354913004.153887,-7255975390.028803,-7156902454.580652,-7057760006.024033,-6958620922.536992,-6859565802.6376,-6760683664.765307,-6662072697.346397,-6563841059.990712,-6466107735.621791,-6369003432.234167,-6272671531.539105,-6177269079.926107,-6082967814.840135,-5989955216.737712,-5898435573.093078,-5808631036.298834,-5720782651.51072,-5635151323.2287855,-5552018680.301276,-5471687787.577611,-5394483637.950955,-5320753340.111207,-5250865893.740522,-5185211413.418234,-5124199622.7761545,-5068257388.09672,-5017824990.777257,-4973350743.996677,-4935283430.486308,-4904061860.822883,-4880100603.334057,-4863770584.864845,-4855372756.6408825,-4855102284.585545,-4862999637.929377,-4878883319.316478,-4902256482.740702,-4932175777.992814,-4967064493.6199465,-5004441752.585429,-5040522064.047171,-5069609254.851738,-5083155088.552623,-5068256007.770163,-5005185242.045443,-4863237780.283906,-4593595631.908163,-4116947117.5867176,-3302081092.8036966,-1929858427.1090415,362959852.17836785,4150930149.3595066,10191903078.353184,19141517752.644947,0.0
7442.5,-17840195798.724728,-17821609051.642593,-17802893244.012863,-17784047561.096233,-17765071182.38021,-17745963281.529755,-17726723026.337418,-17707349578.672794,-17687842094.43137,-17668199723.482773,-17648421609.618324,-17628506890.497963,-17608454697.596466,-17588264156.14904,-17567934385.096146,-17547464497.027664,-17526853598.126266,-17506100788.11013,-17485205160.174793,-17464165800.934364,-17442981790.361786,-17421652201.72843,-17400176101.542786,-17378552549.488335,-17356780598.360565,-17334859294.00313,-17312787675.243057,-17290564773.82509,-17268189614.3451,-17245661214.182487,-17222978583.431698,-17200140724.832657,-17177146633.7002,-17153995297.852554,-17130685697.538624,-17107216805.364292,-17083587586.217554,-17059796997.192545,-17035843987.51242,-17011727498.450987,-16987446463.253214,-16962999807.05444,-16938386446.798313,-16913605291.153494,-16888655240.42897,-16863535186.48805,-16838244012.660961,-16812780593.656042,-16787143795.469482,-16761332475.29357,-16735345481.423443,-16709181653.162281,-16682839820.72494,-16656318805.139872,-16629617418.14954,-16602734462.109,-16575668729.882828,-16548419004.740229,-16520984060.248386,-16493362660.16386,-16465553558.322212,-16437555498.525581,-16409367214.428333,-16380987429.420652,-16352414856.510052,-16323648198.20082,-16294686146.371183,-16265527382.14832,-16236170575.781132,-16206614386.51059,-16176857462.437788,-16146898440.389526,-16116735945.781422,-16086368592.478476,-16055794982.653048,-16025013706.640139,-15994023342.790024,-15962822457.318047,-15931409604.151638,-15899783324.774355,-15867942148.067043,-15835884590.145931,-15803609154.197636,-15771114330.311,-15738398595.30576,-15705460412.557833,-15672298231.82133,-15638910489.047098,-15605295606.197727,-15571451991.059055,-15537378037.047974,-15503072123.016525,-15468532613.052244,-15433757856.274536,-15398746186.62724,-15363495922.66708,-15328005367.34806,-15292272807.801662,-15256296515.112852,-15220074744.091717,-15183605733.040693,-15146887703.51738,-15109918860.092724,-15072697390.104664,-15035221463.407001,-14997489232.113537,-14959498830.337343,-14921248373.925123,-14882735960.186598,-14843959667.618784,-14804917555.625237,-14765607664.23,-14726028013.786377,-14686176604.680374,-14646051417.028782,-14605650410.371801,-14564971523.360287,-14524012673.437386,-14482771756.514715,-14441246646.64288,-14399435195.67643,-14357335232.933187,-14314944564.847904,-14272260974.620298,-14229282221.857407,-14186006042.210342,-14142430147.005407,-14098552222.869638,-14054369931.350815,-14009880908.53198,-13965082764.640568,-13919973083.652203,-13874549422.88927,-13828809312.614414,-13782750255.619074,-13736369726.80721,-13689665172.774431,-13642634011.38272,-13595273631.330996,-13547581391.721748,-13499554621.624094,-13451190619.633493,-13402486653.428589,-13353439959.3255,-13304047741.829987,-13254307173.188091,-13204215392.935635,-13153769507.447275,-13102966589.485659,-13051803677.7515,-13000277776.435186,-12948385854.77092,-12896124846.594122,-12843491649.90328,-12790483126.427116,-12737096101.198427,-12683327362.135756,-12629173659.634285,-12574631706.167562,-12519698175.901522,-12464369704.322668,-12408642887.882412,-12352514283.659458,-12295980409.042679,-12239037741.43679,-12181682717.993618,-12123911735.371735,-12065721149.52761,-12007107275.541676,-11948066387.483078,-11888594718.31687,-11828688459.85822,-11768343762.778221,-11707556736.666363,-11646323450.155258,-11584639931.11369,-11522502166.91433,-11459906104.783453,-11396847652.240187,-11333322677.633713,-11269327010.78769,-11204856443.761625,-11139906731.740112,-11074473594.06175,-11008552715.40047,-10942139747.11328,-10875230308.769775,-10807819989.879877,-10739904351.838043,-10671478930.103777,-10602539236.64003,-10533080762.633102,-10463098981.519968,-10392589352.351194,-10321547323.520348,-10249968336.893787,-10177847832.37769,-10105181252.962967,-10031964050.292294,-9958191690.79799,-9883859662.463856,-9808963482.269491,-9733498704.380877,-9657460929.157625,-9580845813.053562,-9503649079.495213,-9425866530.83071,-9347494061.450489,-9268527672.1914,-9188963486.146168,-9108797766.012325,-9028026933.127604,-8946647588.352911,-8864656534.979748,-8782050803.855742,-8698827680.940739,-8614984737.526165,-8530519863.372437,-8445431303.043523,-8359717695.744024,-8273378118.992464,-8186412136.496139,-8098819850.625885,-8010601959.925974,-7921759822.133671,-7832295523.225273,-7742211953.051272,-7651512888.172315,-7560203082.55984,-7468288366.881593,-7375775757.151346,-7282673573.585415,-7188991570.574762,-7094741078.751517,-6999935160.201138,-6904588777.94704,-6808718980.9121275,-6712345105.640738,-6615488996.14425,-6518175243.31341,-6420431445.418103,-6322288491.290279,-6223780867.85584,-6124946993.743978,-6025829580.756104,-5926476025.017645,-5826938829.661716,-5727276060.900315,-5627551839.32315,-5527836868.221364,-5428209000.660378,-5328753846.918351,-5229565423.76097,-5130746846.837018,-5032411067.251212,-4934681653.101816,-4837693616.465682,-4741594285.980384,-4646544224.8283615,-4552718193.594717,-4460306157.184778,-4369514334.800749,-4280566291.9607773,-4193704073.796709,-4109189379.522188,-4027304779.1976304,-3948354975.9682317,-3872668120.1238985,-3800597186.0291843,-3732521429.7231307,-3668847954.4798684,-3610013424.74862,-3556485986.838794,-3508767479.0464973,-3467396046.726671,-3432949321.9174376,-3406048386.3322735,-3387362815.989464,-3377617212.2748127,-3377599766.576839,-3388173594.198069,-3410291818.5378375,-3445017694.7868514,-3493551425.736024,-3557265700.3001804,-3637752275.869423,-3736881936.1444535,-3856879633.1975894,-4000415547.3764133,-4170712602.0999374,-4371678579.325586,-4608111137.682463,-4886175408.811513,-5214855354.137932,-5610663761.318285,-6112991654.388609,-6835664411.797365,-8159406550.557625,-11607910803.802923,-24515280197.645237,0.0
7440.0,-16789348757.547535,-16769272257.594913,-16749066369.312305,-16728730308.513016,-16708263285.603275,-16687664505.535505,-16666933167.761051,-16646068466.182188,-16625069589.103584,-16603935719.183064,-16582666033.381718,-16561259702.913345,-16539715893.1932,-16518033763.786057,-16496212468.353497,-16474251154.600555,-16452148964.221512,-16429905032.845001,-16407518489.978268,-16384988458.95071,-16362314056.856533,-16339494394.49659,-16316528576.319351,-16293415700.361082,-16270154858.185013,-16246745134.81969,-16223185608.696348,-16199475351.585356,-16175613428.531683,-16151598897.789354,-16127430810.754936,-16103108211.899916,-16078630138.702091,-16053995621.575806,-16029203683.801132,-16004253341.451897,-15979143603.3225,-15953873470.85363,-15928441938.056707,-15902847991.437084,-15877090609.916023,-15851168764.751282,-15825081419.456482,-15798827529.719017,-15772406043.316643,-15745815900.032608,-15719056031.569273,-15692125361.460403,-15665022804.981728,-15637747269.0601,-15610297652.180988,-15582672844.294321,-15554871726.718735,-15526893172.04401,-15498736044.031853,-15470399197.514816,-15441881478.29344,-15413181723.031471,-15384298759.14922,-15355231404.714893,-15325978468.333988,-15296538749.036568,-15266911036.162481,-15237094109.244442,-15207086737.88883,-15176887681.65438,-15146495689.928434,-15115909501.800922,-15085127845.935923,-15054149440.440765,-15022972992.732582,-14991597199.402344,-14960020746.076206,-14928242307.274225,-14896260546.266298,-14864074114.925228,-14831681653.57706,-14799081790.84833,-14766273143.51042,-14733254316.320774,-14700023901.861023,-14666580480.371904,-14632922619.584883,-14599048874.550465,-14564957787.463062,-14530647887.482418,-14496117690.55146,-14461365699.210451,-14426390402.407597,-14391190275.305698,-14355763779.085041,-14320109360.742342,-14284225452.885654,-14248110473.525196,-14211762825.860027,-14175180898.060425,-14138363063.04598,-14101307678.259243,-14064013085.434887,-14026477610.364311,-13988699562.655575,-13950677235.488573,-13912408905.365433,-13873892831.856014,-13835127257.338348,-13796110406.734135,-13756840487.239017,-13717315688.047668,-13677534180.073626,-13637494115.663643,-13597193628.306759,-13556630832.33773,-13515803822.634953,-13474710674.312672,-13433349442.40761,-13391718161.559645,-13349814845.68684,-13307637487.65446,-13265184058.938158,-13222452509.281124,-13179440766.3453,-13136146735.356491,-13092568298.743422,-13048703315.770828,-13004549622.166283,-12960105029.7411,-12915367326.005062,-12870334273.775146,-12825003610.778196,-12779373049.247637,-12733440275.51427,-12687202949.591179,-12640658704.752935,-12593805147.109112,-12546639855.172245,-12499160379.420471,-12451364241.85484,-12403248935.551718,-12354811924.21025,-12306050641.69534,-12256962491.576235,-12207544846.661205,-12157795048.528439,-12107710407.053768,-12057288199.935452,-12006525672.216526,-11955420035.805313,-11903968468.99455,-11852168115.97974,-11800016086.377542,-11747509454.744694,-11694645260.098553,-11641420505.439922,-11587832157.279211,-11533877145.166954,-11479552361.22992,-11424854659.713882,-11369780856.534603,-11314327728.83839,-11258492014.573853,-11202270412.076653,-11145659579.669106,-11088656135.276693,-11031256656.063862,-10973457678.09131,-10915255695.99765,-10856647162.708221,-10797628489.174192,-10738196044.145357,-10678346153.98035,-10618075102.498264,-10557379130.87603,-10496254437.59636,-10434697178.451298,-10372703466.607113,-10310269372.736465,-10247390925.224638,-10184064110.456846,-10120284873.194595,-10056049117.049538,-9991352705.064045,-9926191460.408733,-9860561167.207674,-9794457571.503448,-9727876382.374935,-9660813273.222046,-9593263883.232815,-9525223819.049667,-9456688656.653212,-9387653943.483513,-9318115200.820684,-9248067926.448471,-9177507597.626806,-9106429674.401634,-9034829603.28273,-8962702821.323315,-8890044760.6381,-8816850853.399872,-8743116537.358398,-8668837261.929409,-8594008494.905703,-8518625729.847519,-8442684494.21398,-8366180358.303708,-8289108945.078427,-8211465940.950429,-8133247107.621983,-8054448295.072849,-7975065455.800824,-7895094660.429577,-7814532114.808627,-7733374178.741213,-7651617386.488173,-7569258469.209039,-7486294379.515942,-7402722318.331085,-7318539764.255585,-7233744505.6752825,-7148334675.848497,-7062308791.241736,-6975665793.401569,-6888405094.675348,-6800526628.118577,-6712030901.954983,-6622919058.983952,-6533192941.3618145,-6442855161.216033,-6351909177.586677,-6260359380.226359,-6168211180.828527,-6075471112.294905,-5982146936.695104,-5888247762.6157675,-5793784172.642334,-5698768361.763763,-5603214287.5392685,-5507137832.915581,-5410556982.634535,-5313492014.221989,-5215965704.602124,-5118003553.434427,-5019634024.325555,-4920888805.124599,-4821803088.569361,-4722415874.61398,-4622770295.837659,-4522913967.412503,-4422899363.201108,-4322784219.667427,-4222631969.4270887,-4122512206.4476604,-4022501185.152721,-3922682356.008302,-3823146940.6066403,-3723994549.851295,-3625333849.6420097,-3527283279.5293884,-3429971831.2502885,-3333539895.989031,-3238140191.7965946,-3143938786.0523305,-3051116232.447666,-2959868848.0729065,-2870410164.2773623,-2782972595.6819725,-2697809385.8917933,-2615196907.195933,-2535437416.3450437,-2458862401.3611727,-2385836697.969088,-2316763612.3357882,-2252091364.4429965,-2192321270.64812,-2138018224.6940231,-2089824227.6020238,-2048475978.5517926,-2014827899.9738472,-1989882472.9982154,-1974830466.7253482,-1971104650.2373407,-1980452022.085974,-2005031697.5500064,-2047548704.2759104,-2111438607.928375,-2201125043.6350293,-2322383450.7962418,-2482862426.4056582,-2692844377.8153687,-2966379700.744432,-3323023731.4762945,-3790584593.946461,-4409639283.281304,-5241278851.404945,-6381000543.007166,-7984776328.3351965,-10320322327.47549,-13874061979.441076,-19597574662.552204,-29611137464.603794,-51072411381.30796,0.0
7437.5,-15771619555.193705,-15750247273.131435,-15728746267.797539,-15707115790.011372,-15685355085.557255,-15663463395.14019,-15641439954.340862,-15619283993.570099,-15596994738.022594,-15574571407.630043,-15552013217.013533,-15529319375.435314,-15506489086.749788,-15483521549.353817,-15460415956.136303,-15437171494.426973,-15413787345.944412,-15390262686.743332,-15366596687.16096,-15342788511.762716,-15318837319.286919,-15294742262.588743,-15270502488.583208,-15246117138.18732,-15221585346.261267,-15196906241.54868,-15172078946.615917,-15147102577.79039,-15121976245.097855,-15096699052.198658,-15071270096.322994,-15045688468.20498,-15019953252.015747,-14994063525.295273,-14968018358.883171,-14941816816.848236,-14915457956.416786,-14888940827.899776,-14862264474.618649,-14835427932.829882,-14808430231.648203,-14781270392.968475,-14753947431.38615,-14726460354.116335,-14698808160.911404,-14670989843.9771,-14643004387.887154,-14614850769.496304,-14586527957.851715,-14558034914.102833,-14529370591.409523,-14500533934.848482,-14471523881.317936,-14442339359.440544,-14412979289.46449,-14383442583.162642,-14353728143.729862,-14323834865.67833,-14293761634.730873,-14263507327.712206,-14233070812.438126,-14202450947.602524,-14171646582.662226,-14140656557.71956,-14109479703.402637,-14078114840.743301,-14046560781.052645,-14014816325.794064,-13982880266.45383,-13950751384.409077,-13918428450.793137,-13885910226.358208,-13853195461.335281,-13820282895.291237,-13787171256.983059,-13753859264.209164,-13720345623.657661,-13686629030.751593,-13652708169.491043,-13618581712.291996,-13584248319.821972,-13549706640.832298,-13514955311.98696,-13479992957.688007,-13444818189.897324,-13409429607.95486,-13373825798.393044,-13338005334.74754,-13301966777.363989,-13265708673.20095,-13229229555.628717,-13192527944.224072,-13155602344.56089,-13118451247.996374,-13081073131.453064,-13043466457.19635,-13005629672.607475,-12967561209.951927,-12929259486.143177,-12890722902.501663,-12851949844.508848,-12812938681.556427,-12773687766.69044,-12734195436.350346,-12694460010.10283,-12654479790.370415,-12614253062.15462,-12573778092.75378,-12533053131.475307,-12492076409.342243,-12450846138.794384,-12409360513.383354,-12367617707.462048,-12325615875.868093,-12283353153.601398,-12240827655.495548,-12198037475.883224,-12154980688.255386,-12111655344.914272,-12068059476.62008,-12024191092.231434,-11980048178.339363,-11935628698.895044,-11890930594.830982,-11845951783.675879,-11800690159.16301,-11755143590.832119,-11709309923.624945,-11663186977.47429,-11616772546.886675,-11570064400.518719,-11523060280.747158,-11475757903.232683,-11428154956.47761,-11380249101.377577,-11332037970.767298,-11283519168.960556,-11234690271.284626,-11185548823.609272,-11136092341.870623,-11086318311.589983,-11036224187.388145,-10985807392.495213,-10935065318.2565,-10883995323.634779,-10832594734.709326,-10780860844.17225,-10728790910.822657,-10676382159.05911,-10623631778.37114,-10570536922.830471,-10517094710.582626,-10463302223.339943,-10409156505.876656,-10354654565.52727,-10299793371.689232,-10244569855.330975,-10188980908.506874,-10133023383.88029,-10076694094.256405,-10019989812.126423,-9962907269.22502,-9905443156.103054,-9847594121.717585,-9789356773.041695,-9730727674.696589,-9671703348.608719,-9612280273.695103,-9552454885.57991,-9492223576.346085,-9431582694.32573,-9370528543.93356,-9309057385.547987,-9247165435.444746,-9184848865.788544,-9122103804.688599,-9058926336.324347,-8995312501.148397,-8931258296.174192,-8866759675.356459,-8801812550.073586,-8736412789.721361,-8670556222.428675,-8604238635.906624,-8537455778.443367,-8470203360.058257,-8402477053.829931,-8334272497.414211,-8265585294.769259,-8196411018.106711,-8126745210.089332,-8056583386.29741,-7985921037.988095,-7914753635.173991,-7843076630.049494,-7770885460.796068,-7698175555.800121,-7624942338.320105,-7551181231.642822,-7476887664.772076,-7402057078.696701,-7326684933.289023,-7250766714.889093,-7174297944.634798,-7097274187.603036,-7019691062.832697,-6941544254.306036,-6862829522.971497,-6783542719.897967,-6703679800.657733,-6623236841.043604,-6542210054.233988,-6460595809.529089,-6378390652.791108,-6295591328.73183,-6212194805.202356,-6128198299.651429,-6043599307.931806,-5958395635.64741,-5872585432.248425,-5786167228.096566,-5699139974.738838,-5611503088.644706,-5523256498.67944,-5434400697.604846,-5344936797.917778,-5254866592.357257,-5164192619.431736,-5072918234.339901,-4981047685.6809225,-4888586198.373651,-4795540063.227864,-4701916733.636382,-4607724929.882316,-4512974751.583283,-4417677798.82268,-4321847302.548758,-4225498264.8550262,-4128647609.7915487,-4031314345.397645,-3933519737.6929655,-3835287497.419571,-3736643980.394267,-3637618402.4127836,-3538243069.751131,-3438553626.441108,-3338589319.666485,-3238393284.84605,-3138012852.25568,-3037499877.414631,-2936911097.9487867,-2836308520.2803564,-2735759840.325425,-2635338903.4651904,-2535126210.470448,-2435209477.897217,-2335684263.8609023,-2236654673.197028,-2138234160.0373788,-2040546451.0394375,-1943726619.2538905,-1847922347.3515782,-1753295430.2481549,-1660023581.8335648,-1568302629.5474195,-1478349205.279659,-1390404073.2931721,-1304736277.93473,-1221648349.0109696,-1141482875.1770906,-1064630851.4145092,-991542333.7770231,-922740104.3384712,-858837277.4847115,-800560087.7366121,-748777521.1823604,-704540033.6331295,-669130406.5546343,-644130927.1135203,-631512692.357404,-633755160.42017,-654007462.7738162,-696308020.9332355,-765886603.8225309,-869584655.9924252,-1016448141.2774892,-1218576850.2664208,-1492363258.2496498,-1860337376.9101284,-2353978788.556389,-3018113366.754407,-3917972187.3379774,-5150818856.456392,-6865526419.146147,-9295990842.639807,-12817898990.576582,-18039911828.73966,-25911921931.511604,-37561396219.73059,-51585082066.61213,0.0
7435.0,-14788438387.030104,-14765958739.246681,-14743351930.938656,-14720617251.406374,-14697753985.285519,-14674761412.504917,-14651638808.243729,-14628385442.88798,-14605000581.986443,-14581483486.205807,-14557833411.2852,-14534049607.989964,-14510131322.06469,-14486077794.185598,-14461888259.912045,-14437561949.637342,-14413098088.53873,-14388495896.526571,-14363754588.192682,-14338873372.757862,-14313851454.018513,-14288688030.292389,-14263382294.363422,-14237933433.425661,-14212340629.026194,-14186603057.00716,-14160719887.446728,-14134690284.59908,-14108513406.833313,-14082188406.571373,-14055714430.224743,-14029090618.130178,-14002316104.484177,-13975390017.276373,-13948311478.221653,-13921079602.691118,-13893693499.641768,-13866152271.544891,-13838455014.313168,-13810600817.22641,-13782588762.855968,-13754417926.987694,-13726087378.54348,-13697596179.501335,-13668943384.813953,-13640128042.32574,-13611149192.688292,-13582005869.274193,-13552697098.089256,-13523221897.682993,-13493579279.057434,-13463768245.574108,-13433787792.859283,-13403636908.70728,-13373314572.982002,-13342819757.516415,-13312151426.010113,-13281308533.92487,-13250290028.378065,-13219094848.03403,-13187721922.993202,-13156170174.679092,-13124438515.72297,-13092525849.846184,-13060431071.740196,-13028153066.944122,-12995690711.719797,-12963042872.924358,-12930208407.880152,-12897186164.242043,-12863974979.86203,-12830573682.650997,-12796981090.43776,-12763196010.825096,-12729217241.042927,-12695043567.798347,-12660673767.122696,-12626106604.215378,-12591340833.284504,-12556375197.38423,-12521208428.248703,-12485839246.122597,-12450266359.588173,-12414488465.38866,-12378504248.248068,-12342312380.687239,-12305911522.836063,-12269300322.241833,-12232477413.673637,-12195441418.922682,-12158190946.598488,-12120724591.920897,-12083040936.507772,-12045138548.158335,-12007015980.632002,-11968671773.422764,-11930104451.528824,-11891312525.21763,-11852294489.78601,-11813048825.31552,-11773573996.422709,-11733868452.004406,-11693930624.977842,-11653758932.015522,-11613351773.27476,-11572707532.121847,-11531824574.850716,-11490701250.39599,-11449335890.04045,-11407726807.116611,-11365872296.702698,-11323770635.312435,-11281420080.579102,-11238818870.933365,-11195965225.27506,-11152857342.638668,-11109493401.85264,-11065871561.192278,-11021989958.026268,-10977846708.4567,-10933439906.952614,-10888767625.976986,-10843827915.607061,-10798618803.148087,-10753138292.740374,-10707384364.959621,-10661354976.410606,-10615048059.314072,-10568461521.08699,-10521593243.916063,-10474441084.324621,-10427002872.73284,-10379276413.011396,-10331259482.028656,-10282949829.191372,-10234345175.979115,-10185443215.472473,-10136241611.875206,-10086738000.030458,-10036929984.931341,-9986815141.225916,-9936391012.717001,-9885655111.856924,-9834604919.237652,-9783237883.076527,-9731551418.698074,-9679542908.012226,-9627209698.989546,-9574549105.133797,-9521558404.952564,-9468234841.42653,-9414575621.478025,-9360577915.439697,-9306238856.524027,-9251555540.294718,-9196525024.140827,-9141144326.75482,-9085410427.615656,-9029320266.478249,-8972870742.870672,-8916058715.600643,-8858881002.27301,-8801334378.819944,-8743415579.04594,-8685121294.189674,-8626448172.505104,-8567392818.864328,-8507951794.384979,-8448121616.085117,-8387898756.568905,-8327279643.746557,-8266260660.592429,-8204838144.94537,-8143008389.355894,-8080767640.98498,-8018112101.5599,-7955037927.392759,-7891541229.46804,-7827618073.605843,-7763264480.7082205,-7698476427.096573,-7633249844.948578,-7567580622.844211,-7501464606.430718,-7434897599.217746,-7367875363.514269,-7300393621.520346,-7232448056.587488,-7164034314.662801,-7095148005.933107,-7025784706.686805,-6955939961.412442,-6885609285.154681,-6814788166.150025,-6743472068.766328,-6671656436.772272,-6599336696.964855,-6526508263.185376,-6453166540.756638,-6379306931.376898,-6304924838.508567,-6230015673.302921,-6154574861.105043,-6078597848.586724,-6002080111.558577,-5925017163.516594,-5847404564.982242,-5769237933.6998,-5690512955.759053,-5611225397.716399,-5531371119.792592,-5450946090.230658,-5369946400.903396,-5288368284.26564,-5206208131.7529125,-5123462513.734387,-5040128201.135107,-4956202188.849242,-4871681721.0735035,-4786564318.697302,-4700847808.893891,-4614530357.064685,-4527610501.296686,-4440087189.501426,-4351959819.411737,-4263228281.621146,-4173893005.859093,-4083955010.703561,-3993415956.9413657,-3902278204.795343,-3810544875.246489,-3718219915.6890364,-3625308170.1666965,-3531815454.4500294,-3437748636.228023,-3343115720.7029467,-3247925941.8967223,-3152189860.001311,-3055919465.1364865,-2959128287.918467,-2861831517.295122,-2764046126.1721535,-2665791005.445056,-2567087107.1702847,-2467957597.765094,-2368428022.329797,-2268526481.4532385,-2168283822.2097526,-2067733845.5080025,-1966913532.5367272,-1865863293.8083613,-1764627245.2751374,-1663253517.2439938,-1561794603.4228487,-1460307759.4884934,-1358855463.1980834,-1257505951.4301825,-1156333853.835897,-1055420948.2639192,-954857070.1204424,-854741216.7600887,-755182899.4186767,-656303809.7978075,-558239887.1094857,-461143895.3827455,-365188651.69350994,-270571085.7798767,-177517363.0045712,-86289369.51687312,2807054.280646205,89411631.48634231,173096266.47802675,253347911.69391167,329546565.71930087,400936926.5155365,466591737.9629506,525364204.2035434,575825930.744321,616185575.2664611,644181592.3479837,656939888.7489339,650783489.8080581,620975856.3893313,561371331.5224686,463933782.8348967,318065270.75974524,109656205.30636382,-180280324.74611425,-577606877.5776446,-1118040363.5975115,-1851674813.0600533,-2849964315.4382854,-4216637024.616682,-6104802930.988331,-8743316571.5185,-12474684224.012114,-17796276981.65737,-25332534700.423847,-35263256713.089226,-41696555069.20074,0.0
7432.5,-13840945517.65365,-13817540160.84824,-13794010007.222553,-13770354387.126019,-13746572626.605988,-13722664047.36749,-13698627966.73235,-13674463697.59759,-13650170548.393192,-13625747823.039204,-13601194820.902033,-13576510836.750122,-13551695160.708841,-13526747078.2146,-13501665869.968224,-13476450811.887497,-13451101175.05893,-13425616225.68871,-13399995225.052708,-13374237429.445751,-13348342090.129906,-13322308453.281906,-13296135759.939594,-13269823245.947502,-13243370141.90136,-13216775673.091677,-13190039059.44626,-13163159515.471743,-13136136250.19397,-13108968467.097383,-13081655364.063202,-13054196133.306519,-13026589961.312202,-12998836028.769615,-12970933510.506107,-12942881575.419231,-12914679386.407722,-12886326100.301105,-12857820867.788048,-12829162833.343243,-12800351135.152946,-12771384905.039072,-12742263268.381804,-12712985344.04071,-12683550244.274302,-12653957074.658047,-12624204934.000761,-12594292914.259336,-12564220100.451786,-12533985570.568596,-12503588395.482275,-12473027638.855104,-12442302357.045078,-12411411599.009895,-12380354406.209074,-12349129812.50405,-12317736844.056282,-12286174519.223293,-12254441848.452562,-12222537834.173279,-12190461470.685905,-12158211744.049442,-12125787631.966406,-12093188103.665443,-12060412119.781513,-12027458632.233612,-11994326584.099987,-11961014909.490738,-11927522533.417795,-11893848371.662231,-11859991330.638767,-11825950307.257484,-11791724188.78268,-11757311852.688759,-11722712166.51314,-11687923987.70605,-11652946163.477278,-11617777530.6396,-11582416915.449074,-11546863133.441895,-11511114989.267878,-11475171276.520477,-11439030777.563221,-11402692263.352575,-11366154493.257023,-11329416214.872463,-11292476163.833714,-11255333063.62204,-11217985625.368801,-11180432547.65487,-11142672516.305973,-11104704204.183767,-11066526270.972574,-11028137362.961687,-10989536112.823214,-10950721139.385344,-10911691047.400902,-10872444427.311169,-10832979855.004925,-10793295891.572458,-10753391083.05467,-10713263960.186996,-10672913038.138187,-10632336816.243843,-10591533777.734509,-10550502389.458384,-10509241101.59848,-10467748347.384151,-10426022542.796944,-10384062086.270594,-10341865358.385248,-10299430721.555607,-10256756519.713135,-10213841077.982084,-10170682702.34935,-10127279679.328033,-10083630275.614689,-10039732737.74011,-9995585291.713696,-9951186142.661167,-9906533474.45579,-9861625449.342857,-9816460207.557472,-9771035866.93557,-9725350522.518173,-9679402246.148745,-9633189086.063717,-9586709066.476154,-9539960187.152477,-9492940422.982346,-9445647723.54159,-9398080012.648335,-9350235187.912258,-9302111120.277014,-9253705653.556023,-9205016603.961468,-9156041759.62683,-9106778880.122824,-9057225695.967134,-9007379908.127817,-8957239187.520756,-8906801174.501232,-8856063478.349892,-8805023676.753334,-8753679315.279602,-8702027906.848906,-8650066931.199879,-8597793834.351837,-8545206028.063343,-8492300889.287712,-8439075759.62582,-8385527944.776918,-8331654713.988012,-8277453299.502553,-8222920896.009123,-8168054660.09109,-8112851709.677973,-8057309123.499657,-8001423940.544486,-7945193159.522417,-7888613738.334528,-7831682593.550324,-7774396599.8943205,-7716752589.743621,-7658747352.638215,-7600377634.806077,-7541640138.705079,-7482531522.584106,-7423048400.065806,-7363187339.753813,-7302944864.867201,-7242317452.9055195,-7181301535.347777,-7119893497.389081,-7058089677.718988,-6995886368.346003,-6933279814.472757,-6870266214.427147,-6806841719.654791,-6743002434.778783,-6678744417.733239,-6614063679.977334,-6548956186.797522,-6483417857.705806,-6417444566.942745,-6351032144.094587,-6284176374.834526,-6216873001.798794,-6149117725.609365,-6080906206.05564,-6012234063.448575,-5943096880.161633,-5873490202.373977,-5803409542.03262,-5732850379.051094,-5661808163.763777,-5590278319.656136,-5518256246.3927965,-5445737323.166339,-5372716912.391969,-5299190363.774085,-5225153018.773189,-5150600215.502706,-5075527294.087665,-4999929602.518731,-4923802503.037245,-4847141379.088948,-4769941642.885958,-4692198743.619036,-4613908176.363925,-4535065491.727946,-4455666306.285023,-4375706313.849601,-4295181297.641644,-4214087143.39734,-4132419853.481474,-4050175562.059543,-3967350551.3892097,-3883941269.2916985,-3799944347.8652945,-3715356623.5035286,-3630175158.281364,-3544397262.77276,-3458020520.3626585,-3371042813.1161127,-3283462349.2658167,-3195277692.37858,-3106487792.2589955,-3017092017.6473513,-2927090190.766574,-2836482623.7719,-2745270157.155569,-2653454200.159407,-2561036773.249879,-2468020552.714748,-2374408917.4491186,-2280205998.011953,-2185416728.055665,-2090046898.2619202,-1994103212.9608266,-1897593349.672143,-1800526021.8904395,-1702911045.5492737,-1604759409.7496343,-1506083352.5363123,-1406896442.7655935,-1307213669.4452884,-1207051540.3647878,-1106428192.3942404,-1005363516.5511976,-903879301.8513939,-801999403.1281238,-699749939.4878294,-597159531.9475359,-494259591.1749333,-391084669.2515811,-287672893.1654185,-184066502.51286864,-80312519.91241348,23536409.773950934,127420965.72888207,231273825.18581772,335017992.04316086,438564687.56823933,541810686.029313,644634946.7292663,746894353.8786308,848418324.4778429,949001978.4836701,1048397480.4942541,1146303051.940185,1242349009.1321938,1336079994.3594513,1426932319.2965574,1514205011.163649,1597022712.950527,1674287998.0618873,1744619857.8240337,1806274022.12185,1857039254.4323387,1894101638.3247893,1913865866.6461663,1911718237.4366994,1881709808.5247362,1816128972.2129555,1704919047.6244135,1534875999.5833955,1288530558.8628497,942572825.4821116,465609485.8636764,-185051931.0158,-1068019392.3424985,-2264378527.8008475,-3886734068.492337,-6090715704.7084,-9086615072.825535,-13141263821.1748,-18540647410.882183,-25473703749.332344,-34298409401.98719,0.0
7430.0,-12930006075.907425,-12905848891.678848,-12881569978.736538,-12857168710.223183,-12832644455.329803,-12807996579.257221,-12783224443.176895,-12758327404.19109,-12733304815.29232,-12708156025.322136,-12682880378.929155,-12657477216.526375,-12631945874.24773,-12606285683.903889,-12580495972.93724,-12554576064.376102,-12528525276.788082,-12502342924.232605,-12476028316.21259,-12449580757.625221,-12422999548.711845,-12396283985.006927,-12369433357.286032,-12342446951.512936,-12315324048.785622,-12288063925.281368,-12260665852.200754,-12233129095.710608,-12205452916.885899,-12177636571.650475,-12149679310.716728,-12121580379.52404,-12093339018.176098,-12064954461.37695,-12036425938.365845,-12007752672.850819,-11978933882.940922,-11949968781.07719,-11920856573.962223,-11891596462.488361,-11862187641.66446,-11832629300.541227,-11802920622.135006,-11773060783.350124,-11743048954.899632,-11712884301.224453,-11682565980.410915,-11652093144.106663,-11621464937.434748,-11590680498.90612,-11559738960.330238,-11528639446.723913,-11497381076.218267,-11465962959.963772,-11434384202.033432,-11402643899.323816,-11370741141.454226,-11338675010.663677,-11306444581.7058,-11274048921.741535,-11241487090.229654,-11208758138.814962,-11175861111.214226,-11142795043.09968,-11109558961.980152,-11076151887.079712,-11042572829.213757,-11008820790.66253,-10974894765.04201,-10940793737.172092,-10906516682.942024,-10872062569.172974,-10837430353.477823,-10802618984.117916,-10767627399.856913,-10732454529.811459,-10697099293.29886,-10661560599.681477,-10625837348.20787,-10589928427.850687,-10553832717.141052,-10517549083.999569,-10481076385.563784,-10444413468.011986,-10407559166.383387,-10370512304.394547,-10333271694.251925,-10295836136.46057,-10258204419.628819,-10220375320.268944,-10182347602.593643,-10144120018.308334,-10105691306.399174,-10067060192.916626,-10028225390.754665,-9989185599.425388,-9949939504.828989,-9910485779.01906,-9870823079.963078,-9830950051.298021,-9790865322.081017,-9750567506.53494,-9710055203.788883,-9669326997.613396,-9628381456.150394,-9587217131.63774,-9545832560.12824,-9504226261.203157,-9462396737.680042,-9420342475.314781,-9378061942.497887,-9335553589.944828,-9292815850.380358,-9249847138.21682,-9206645849.226242,-9163210360.206192,-9119539028.639359,-9075630192.346712,-9031482169.134178,-8987093256.432827,-8942461730.932405,-8897585848.208231,-8852463842.341337,-8807093925.53184,-8761474287.705463,-8715603096.113155,-8669478494.9238,-8623098604.809917,-8576461522.5264225,-8529565320.482281,-8482408046.305199,-8434987722.399207,-8387302345.495248,-8339349886.194652,-8291128288.50567,-8242635469.37301,-8193869318.2004,-8144827696.366282,-8095508436.732763,-8045909343.147782,-7996028189.940699,-7945862721.41142,-7895410651.313177,-7844669662.329144,-7793637405.543098,-7742311499.904314,-7690689531.686949,-7638769053.94425,-7586547585.957746,-7534022612.681944,-7481191584.184785,-7428051915.084301,-7374600983.98202,-7320836132.893492,-7266754666.676579,-7212353852.4581585,-7157630919.0597925,-7102583056.423191,-7047207415.036273,-6991501105.360632,-6935461197.261363,-6879084719.440411,-6822368658.874341,-6765309960.25797,-6707905525.454978,-6650152212.957138,-6592046837.353495,-6533586168.811331,-6474766932.57062,-6415585808.4540205,-6356039430.394368,-6296124385.982084,-6235837216.034864,-6175174414.192244,-6114132426.537966,-6052707651.253122,-5990896438.303333,-5928695089.163468,-5866099856.583768,-5803106944.401152,-5739712507.400321,-5675912651.229037,-5611703432.372595,-5547080858.19274,-5482040887.036675,-5416579428.421991,-5350692343.304137,-5284375444.432863,-5217624496.805154,-5150435218.221949,-5082803279.956961,-5014724307.545922,-4946193881.705327,-4877207539.390141,-4807760775.000307,-4737849041.7466545,-4667467753.1869545,-4596612284.943545,-4525277976.6144285,-4453460133.890074,-4381154030.888533,-4308354912.722077,-4235057998.308623,-4161258483.4415693,-4086951544.131857,-4012132340.23622,-3936796019.3852673,-3860937721.225286,-3784552581.986955,-3707635739.3938494,-3630182337.922837,-3552187534.427433,-3473646504.1340065,-3394554447.019119,-3314906594.574291,-3234698216.9622316,-3153924630.565712,-3072581205.9271193,-2990663376.0727096,-2908166645.2114263,-2825086597.79302,-2741418907.9046125,-2657159348.9784923,-2572303803.7770395,-2486848274.6128316,-2400788893.753933,-2314121933.955229,-2226843819.0475793,-2138951134.5068114,-2050440637.9150887,-1961309269.217879,-1871554160.6711304,-1781172646.3663955,-1690162271.2168205,-1598520799.2852447,-1506246221.3391342,-1413336761.5264435,-1319790883.0851214,-1225607293.028397,-1130784945.792961,-1035323045.9011996,-939221049.7773962,-842478666.9787676,-745095861.2626152,-647072852.1226547,-548410117.702424,-449108400.34893274,-349168716.524153,-248592373.3711902,-147380994.96565306,-45536562.20922232,56938528.51265156,160041381.3249364,263768483.09576225,368115541.20776665,473077263.31600034,578647061.9836608,684816662.6565506,791575587.9182665,898910484.0931066,1006804247.6955128,1115234898.5385401,1224174132.9718134,1333585474.0386853,1443421914.4538364,1553622922.0934808,1664110644.7337294,1774785109.2296228,1885518157.818615,1996145797.6700988,2106458555.1609147,2216189318.366456,2324998012.996377,2432452279.33783,2538003088.5987477,2640953940.2694974,2740421896.2447667,2835288203.6566725,2924135597.9821334,3005168509.10767,3076111246.490472,3134077724.6463943,3175404292.2833176,3195434613.7592015,3188242193.1943717,3146271988.1241064,3059877879.628601,2916728575.9174457,2701053735.6543436,2392711894.072115,1966098591.6151881,1389012265.8538582,621827651.7385812,-382184571.20875895,-1673671965.7709308,-3298508407.1306496,-5284354047.317396,-7663869641.847078,-10924517097.559208,-21395419288.860607,0.0
7427.5,-12056226264.030815,-12031482528.91837,-12006620742.768381,-11981640322.527489,-11956540681.525837,-11931321229.440168,-11905981372.25623,-11880520512.230543,-11854938047.851433,-11829233373.799372,-11803405880.906605,-11777454956.116024,-11751379982.439302,-11725180338.914213,-11698855400.561205,-11672404538.339146,-11645827119.1002,-11619122505.54396,-11592290056.170572,-11565329125.233086,-11538239062.688868,-11511019214.150055,-11483668920.833084,-11456187519.507256,-11428574342.442295,-11400828717.354889,-11372949967.354218,-11344937410.886381,-11316790361.677765,-11288508128.677307,-11260090015.997593,-11231535322.854803,-11202843343.507504,-11174013367.19418,-11145044678.06954,-11115936555.13956,-11086688272.195229,-11057299097.744932,-11027768294.945534,-10998095121.532024,-10968278829.745766,-10938318666.261276,-10908213872.11155,-10877963682.611841,-10847567327.281889,-10817024029.766605,-10786333007.755058,-10755493472.897892,-10724504630.72296,-10693365680.549324,-10662075815.399384,-10630634221.909288,-10599040080.23743,-10567292563.971067,-10535390840.031073,-10503334068.574598,-10471121402.895832,-10438751989.32463,-10406224967.123068,-10373539468.379826,-10340694617.902397,-10307689533.107044,-10274523323.906454,-10241195092.59505,-10207703933.73193,-10174048934.02134,-10140229172.190678,-10106243718.865908,-10072091636.444422,-10037771978.9652,-10003283791.976307,-9968626112.39955,-9933797968.392387,-9898798379.206894,-9863626355.04581,-9828280896.915571,-9792760996.476261,-9757065635.888472,-9721193787.656925,-9685144414.470852,-9648916469.041061,-9612508893.933592,-9575920621.39991,-9539150573.203619,-9502197660.443485,-9465060783.3729,-9427738831.2155,-9390230681.97707,-9352535202.253462,-9314651247.03466,-9276577659.504688,-9238313270.837513,-9199856899.988697,-9161207353.482794,-9122363425.196388,-9083323896.136744,-9044087534.21589,-9004653094.02016,-8965019316.575033,-8925184929.10524,-8885148644.790009,-8844909162.51341,-8804465166.609661,-8763815326.603405,-8722958296.944712,-8681892716.738901,-8640617209.470972,-8599130382.724617,-8557430827.895697,-8515517119.900083,-8473387816.87588,-8431041459.879782,-8388476572.577566,-8345691660.928705,-8302685212.86488,-8259455697.962328,-8216001567.108091,-8172321252.159867,-8128413165.599542,-8084275700.180277,-8039907228.567013,-7995306102.970394,-7950470654.7740345,-7905399194.15496,-7860090009.697296,-7814541367.998997,-7768751513.271665,-7722718666.933304,-7676441027.194046,-7629916768.634686,-7583144041.778106,-7536120972.6533985,-7488845662.352832,-7441316186.581409,-7393530595.199189,-7345486911.756242,-7297183133.020284,-7248617228.4969,-7199787139.942499,-7150690780.869904,-7101326036.046635,-7051690760.985952,-7001782781.430681,-6951599892.829874,-6901139859.80843,-6850400415.629694,-6799379261.651236,-6748074066.773857,-6696482466.883999,-6644602064.289717,-6592430427.15044,-6539965088.9006405,-6487203547.667764,-6434143265.684552,-6380781668.696174,-6327116145.3623905,-6273144046.655146,-6218862685.251913,-6164269334.925394,-6109361229.9297085,-6054135564.38393,-5998589491.653221,-5942720123.728353,-5886524530.604114,-5829999739.657353,-5773142735.025428,-5715950456.9857,-5658419801.337134,-5600547618.78476,-5542330714.328037,-5483765846.654125,-5424849727.537199,-5365579021.244968,-5305950343.953661,-5245960263.172751,-5185605297.180924,-5124881914.474623,-5063786533.230804,-5002315520.785551,-4940465193.130121,-4878231814.426313,-4815611596.542932,-4752600698.615238,-4689195226.629342,-4625391233.033577,-4561184716.37876,-4496571620.989587,-4431547836.668995,-4366109198.437752,-4300251486.31107,-4233970425.114377,-4167261684.3399105,-4100120878.0459604,-4032543564.8001804,-3964525247.668283,-3896061374.249106,-3827147336.7565475,-3757778472.1486673,-3687950062.3033795,-3617657334.2397943,-3546895460.3832936,-3475659558.8716254,-3403944693.898105,-3331745876.0869193,-3259058062.8939095,-3185876159.024649,-3112195016.859608,-3038009436.874087,-2963314168.037963,-2888103908.177483,-2812373304.278071,-2736116952.7033668,-2659329399.3016486,-2582005139.366056,-2504138617.4097958,-2425724226.7117014,-2346756308.581005,-2267229151.2830377,-2187136988.5595245,-2106473997.6684654,-2025234296.8591304,-1943411942.1869738,-1861000923.5624223,-1777995159.9148788,-1694388493.3406134,-1610174682.0892277,-1525347392.2288795,-1439900187.815448,-1353826519.3752837,-1267119710.4956262,-1179772942.3015275,-1091779235.583506,-1003131430.327054,-913822162.3840623,-823843837.0186167,-733188599.056203,-641848299.3683894,-549814457.436116,-457078219.7565443,-363630313.89380115,-269460998.0274861,-174560005.92800516,-78916487.39163637,17481055.693173587,114644837.29424429,212587858.60831034,311323981.9638126,410868005.9739389,511235740.17295444,612444076.7578784,714511056.2944837,817455923.2984328,921299166.4272794,1026062536.5678935,1131769034.3159537,1238442856.1456032,1346109285.868739,1454794514.6756718,1564525368.9982796,1675328920.4819162,1787231946.2943206,1900260200.597557,2014437448.968181,2129784206.51225,2246316106.950683,2364041813.5184736,2482960362.4934053,2603057805.786689,2724302989.3927217,2846642268.5654025,2969992917.1877775,3094234936.6517706,3219200907.383769,3344663452.838864,3470319800.787403,3595772830.6909347,3720507891.981943,3843864573.756962,3965002517.80103,4082860325.3088317,4196106672.233632,4303083028.431341,4401738073.496326,4489555388.930312,4563478967.3774805,4619846782.766443,4654353458.686396,4662083299.960804,4637692594.751113,4575889588.583554,4472487189.246477,4326528862.603267,4144370460.9710665,3947180099.0359564,3783918651.371405,3751172346.0585303,4012645999.0473404,4763850369.5441885,5852007018.701984,4631964550.667555,0.0
7425.0,-11219970649.941477,-11194796383.722363,-11169508261.926413,-11144105745.675581,-11118588292.793606,-11092955357.77062,-11067206391.727066,-11041340842.37698,-11015358153.990538,-10989257767.355928,-10963039119.740505,-10936701644.851166,-10910244772.794033,-10883667930.03329,-10856970539.349304,-10830152019.795889,-10803211786.656757,-10776149251.401127,-10748963821.638496,-10721654901.07247,-10694221889.453756,-10666664182.532202,-10638981172.007874,-10611172245.48121,-10583236786.402184,-10555174174.018417,-10526983783.322315,-10498664984.99713,-10470217145.361938,-10441639626.315535,-10412931785.279184,-10384092975.13824,-10355122544.18259,-10326019836.045883,-10296784189.643555,-10267414939.109562,-10237911413.73188,-10208272937.886658,-10178498830.971045,-10148588407.334648,-10118540976.209595,-10088355841.639168,-10058032302.404978,-10027569651.95263,-9996967178.315891,-9966224164.039291,-9935339886.099129,-9904313615.822844,-9873144618.806755,-9841832154.83207,-9810375477.779179,-9778773835.540207,-9747026469.929684,-9715132616.593424,-9683091504.91554,-9650902357.923458,-9618564392.191011,-9586076817.739542,-9553438837.936901,-9520649649.394396,-9487708441.86158,-9454614398.11886,-9421366693.867886,-9387964497.619621,-9354406970.580181,-9320693266.53418,-9286822531.725763,-9252793904.737106,-9218606516.364399,-9184259489.491299,-9149751938.959692,-9115082971.43784,-9080251685.285727,-9045257170.417698,-9010098508.162165,-8974774771.118465,-8939285023.010754,-8903628318.538849,-8867803703.226025,-8831810213.26366,-8795646875.352646,-8759312706.541592,-8722806714.06164,-8686127895.157923,-8649275236.917528,-8612247716.093994,-8575044298.928128,-8537663940.965209,-8500105586.868466,-8462368170.228722,-8424450613.37015,-8386351827.15213,-8348070710.767039,-8309606151.533948,-8270957024.688138,-8232122193.166428,-8193100507.388068,-8153890805.031298,-8114491910.805422,-8074902636.218253,-8035121779.339009,-7995148124.556355,-7954980442.33174,-7914617488.947784,-7874058006.251665,-7833300721.393509,-7792344346.55952,-7751187578.699968,-7709829099.251799,-7668267573.855803,-7626501652.068356,-7584529967.067443,-7542351135.353107,-7499963756.442074,-7457366412.556471,-7414557668.306621,-7371536070.3678,-7328300147.15079,-7284848408.466231,-7241179345.182618,-7197291428.87788,-7153183111.484425,-7108852824.927582,-7064298980.7573,-7019519969.773112,-6974514161.642102,-6929279904.509961,-6883815524.604941,-6838119325.834599,-6792189589.375296,-6746024573.254367,-6699622511.924773,-6652981615.832286,-6606100070.97498,-6558976038.455052,-6511607654.022826,-6463993027.612896,-6416130242.872221,-6368017356.680277,-6319652398.661003,-6271033370.6865635,-6222158246.372826,-6173024970.566451,-6123631458.823623,-6073975596.880192,-6024055240.113294,-5973868212.994354,-5923412308.53337,-5872685287.714405,-5821684878.92236,-5770408777.360779,-5718854644.46077,-5667020107.281037,-5614902757.898695,-5562500152.791215,-5509809812.209138,-5456829219.539645,-5403555820.660948,-5349987023.28739,-5296120196.305249,-5241952669.099199,-5187481730.869326,-5132704629.938714,-5077618573.051425,-5022220724.660918,-4966508206.20871,-4910478095.393199,-4854127425.428603,-4797453184.293709,-4740452313.970423,-4683121709.671761,-4625458219.059167,-4567458641.448744,-4509119727.006132,-4450438175.929551,-4391410637.620605,-4332033709.842173,-4272303937.862792,-4212217813.586693,-4151771774.668579,-4090962203.6120844,-4029785426.850623,-3968237713.8091826,-3906315275.945422,-3844014265.7680387,-3781330775.8301697,-3718260837.695317,-3654800420.8726606,-3590945431.718466,-3526691712.2995386,-3462035039.214342,-3396971122.366509,-3331495603.684969,-3265604055.783971,-3199291980.55536,-3132554807.684529,-3065387893.0801506,-2997786517.2065816,-2929745883.306379,-2861261115.4986124,-2792327256.73692,-2722939266.609158,-2653092018.958101,-2582780299.3002906,-2511998802.017008,-2440742127.288397,-2369004777.7380605,-2296781154.751558,-2224065554.4279957,-2150852163.1189413,-2077135052.5035882,-2002908174.1433496,-1928165353.4524136,-1852900283.013857,-1777106515.1629562,-1700777453.7509232,-1623906344.9928641,-1546486267.2935848,-1468510119.9339716,-1389970610.488292,-1310860240.8303015,-1231171291.5716515,-1150895804.7612486,-1070025564.6583492,-988552076.3748622,-906466542.1646024,-823759835.1181148,-740422470.0021679,-656444570.9625446,-571815835.7879701,-486525496.4121636,-400562275.3102692,-313914337.4256945,-226569237.2449746,-138513860.62124258,-49734360.93342543,39783910.84152728,130056482.57011479,221099844.34081203,312931539.1910702,405570261.56926334,499035963.87974536,593349971.4010959,688535105.7880574,784615817.2597663,881618325.4353056,979570768.595772,1078503360.920579,1178448556.955905,1279441222.2131605,1381518808.351985,1484721530.8607912,1589092546.4897494,1694678126.8980694,1801527824.0248938,1909694621.5578613,2019235065.5261736,2130209365.4570565,2242681455.6742806,2356719004.154903,2472393353.868039,2589779378.6779423,2708955232.6993093,2830001968.4667115,2953002995.490427,3078043346.8547807,3205208717.724722,3334584236.3911924,3466252926.5100336,3600293819.602594,3736779681.4717884,3875774327.734734,4017329526.516702,4161481527.2180176,4308247323.580704,4457620873.2419815,4609569679.815078,4764032436.855888,4920918898.299761,5080113876.417065,5241488435.497696,5404923205.7956505,5570351710.7941265,5737836380.419169,5907697676.894625,6080729436.24185,6258554394.290111,6444208384.958095,6643098905.79627,6864578228.924797,7124525437.566548,7449576818.021078,7884012271.295786,8500792191.779325,9418668307.862658,10826938154.59416,13016545890.092894,16414845554.684961,21759048018.40152,33541488560.81655,0.0
7422.5,-10421380227.375229,-10395921710.12202,-10370353962.898869,-10344676490.829796,-10318888796.041399,-10292990377.628931,-10266980731.62175,-10240859350.94807,-10214625725.399075,-10188279341.592262,-10161819682.934193,-10135246229.58238,-10108558458.406534,-10081755842.949001,-10054837853.384434,-10027803956.47868,-10000653615.54684,-9973386290.410522,-9946001437.35421,-9918498509.08082,-9890876954.66631,-9863136219.513464,-9835275745.30465,-9807294969.953756,-9779193327.557034,-9750970248.343079,-9722625158.621698,-9694157480.731827,-9665566632.98837,-9636852029.627945,-9608013080.753563,-9579049192.278156,-9549959765.86702,-9520744198.879013,-9491401884.30661,-9461932210.714706,-9432334562.178226,-9402608318.218395,-9372752853.737747,-9342767538.95382,-9312651739.331444,-9282404815.513702,-9252026123.251453,-9221515013.331394,-9190870831.50267,-9160092918.40199,-9129180609.47718,-9098133234.909168,-9066950119.532393,-9035630582.753544,-9004173938.468683,-8972579494.97859,-8940846554.90244,-8908974415.08963,-8876962366.529903,-8844809694.261478,-8812515677.277428,-8780079588.430044,-8747500694.333271,-8714778255.263111,-8681911525.056036,-8648899751.005203,-8615742173.754683,-8582438027.191378,-8548986538.334803,-8515386927.224566,-8481638406.805595,-8447740182.8109,-8413691453.642036,-8379491410.247095,-8345139235.996143,-8310634106.554174,-8275975189.751415,-8241161645.451029,-8206192625.4140625,-8171067273.161669,-8135784723.834506,-8100344104.049297,-8064744531.7524185,-8028985116.070559,-7993064957.158304,-7956983146.04267,-7920738764.464424,-7884330884.716258,-7847758569.477594,-7811020871.646177,-7774116834.16613,-7737045489.852632,-7699805861.213024,-7662396960.264328,-7624817788.347085,-7587067335.9354515,-7549144582.443531,-7511048496.027738,-7472778033.385312,-7434332139.548731,-7395709747.676059,-7356909778.837092,-7317931141.795284,-7278772732.785311,-7239433435.286224,-7199912119.790125,-7160207643.566261,-7120318850.420441,-7080244570.449718,-7039983619.792258,-6999534800.372236,-6958896899.639788,-6918068690.305817,-6877048930.0715885,-6835836361.3531065,-6794429711.000036,-6752827690.009154,-6711028993.232246,-6669032299.078316,-6626836269.209944,-6584439548.233854,-6541840763.385381,-6499038524.206894,-6456031422.219973,-6412818030.59122,-6369396903.791679,-6325766577.249609,-6281925566.996612,-6237872369.306923,-6193605460.329752,-6149123295.714523,-6104424310.228941,-6059506917.36965,-6014369508.965432,-5969010454.772779,-5923428102.0636015,-5877620775.205061,-5831586775.231246,-5785324379.406593,-5738831840.780867,-5692107387.735504,-5645149223.521133,-5597955525.78613,-5550524446.095964,-5502854109.443115,-5454942613.747414,-5406788029.346464,-5358388398.47607,-5309741734.74026,-5260846022.570735,-5211699216.675461,-5162299241.476121,-5112643990.534029,-5062731325.964342,-5012559077.838099,-4962125043.571737,-4911426987.303814,-4860462639.2583275,-4809229695.094345,-4757725815.241439,-4705948624.220349,-4653895709.948409,-4601564623.029129,-4548952876.025297,-4496057942.714834,-4442877257.32887,-4389408213.771032,-4335648164.817189,-4281594421.294669,-4227244251.239991,-4172594879.0338974,-4117643484.5125995,-4062387202.053742,-4006823119.6358595,-3950948277.869543,-3894759668.998697,-3838254235.8699694,-3781428870.8682737,-3724280414.8160753,-3666805655.834047,-3609001328.1601944,-3550864110.924558,-3492390626.8760667,-3433577441.057893,-3374421059.4273167,-3314917927.4155784,-3255064428.4228344,-3194856882.242825,-3134291543.4112444,-3073364599.4712296,-3012072169.1487164,-2950410300.4296217,-2888374968.529933,-2825962073.749012,-2763167439.1952124,-2699986808.371922,-2636415842.6108174,-2572450118.337774,-2508085124.1553407,-2443316257.724046,-2378138822.4228873,-2312548023.7673798,-2246538965.561248,-2180106645.7554226,-2113245951.985199,-2045951656.753529,-1978218412.2249653,-1910040744.5913243,-1841413047.9660528,-1772329577.7599156,-1702784443.4859025,-1632771600.9359398,-1562284843.666292,-1491317793.7222395,-1419863891.5258489,-1347916384.8429565,-1275468316.737602,-1202512512.413104,-1129041564.82933,-1055047818.975258,-980523354.6645975,-905459967.7099087,-829849149.3173394,-753682063.5298483,-676949522.5313082,-599641959.6073477,-521749399.5410929,-443261426.2029502,-364167147.0734443,-284455154.41662335,-204113482.79902554,-123129562.6249662,-41490169.33414328,40818632.11895406,123811547.91153866,207504121.56074673,291912806.15849113,377055043.12717515,462949348.0202965,549615403.9216588,637074163.0260783,725347957.0129932,814460616.8513572,904437602.699428,995306144.5856049,1087095394.5762186,1179836591.1516926,1273563236.5240765,1368311287.6354058,1464119361.5776143,1561028956.1706765,1659084686.4270372,1758334537.6177328,1858830135.6416965,1960627035.3881154,2063785027.7779026,2168368466.1836147,2274446612.9702883,2382094006.9913297,2491390853.040811,2602423434.543897,2715284551.214081,2830073984.0925245,2946898991.41564,3065874840.273725,3187125381.2254543,3310783676.19645,3436992694.4981036,3565906098.1900373,3697689147.022569,3832519765.8782005,3970589835.4528,4112106791.9474053,4257295656.7144327,4406401666.291865,4559693743.0375,4717469145.233975,4880059775.507378,5047840825.804607,5221242722.589779,5400767746.659432,5587013296.64368,5780704631.984165,5982741203.629081,6194262563.401536,6416742651.523759,6652125486.508382,6903021689.092093,7172995064.526407,7466983532.227739,7791921977.357683,8157670666.692663,8578408642.681557,9074737151.334839,9676867825.381975,10429462113.090923,11398962888.704622,12684641883.847376,14435165108.317768,16873852213.022913,20342071687.476288,25408751307.97774,33359972336.87632,49296013698.4424,0.0
7420.0,-9660390948.323433,-9634784394.869915,-9609073584.584087,-9583258065.966497,-9557337384.803902,-9531311084.136852,-9505178704.226704,-9478939782.521948,-9452593853.623844,-9426140449.251465,-9399579098.205936,-9372909326.334085,-9346130656.491268,-9319242608.503521,-9292244699.12894,-9265136442.018291,-9237917347.67483,-9210586923.413315,-9183144673.318228,-9155590098.201136,-9127922695.557178,-9100141959.520746,-9072247380.820179,-9044238446.731632,-9016114641.031986,-8987875443.950787,-8959520332.121231,-8931048778.53019,-8902460252.467165,-8873754219.472282,-8844930141.283163,-8815987475.780771,-8786925676.934135,-8757744194.743986,-8728442475.185196,-8699019960.148094,-8669476087.378578,-8639810290.417007,-8610021998.535862,-8580110636.676121,-8550075625.382374,-8519916380.736576,-8489632314.290512,-8459222832.996818,-8428687339.138651,-8398025230.257929,-8367235899.082081,-8336318733.449335,-8305273116.232465,-8274098425.261011,-8242794033.241918,-8211359307.678534,-8179793610.787993,-8148096299.416888,-8116266724.955305,-8084304233.248989,-8052208164.509855,-8019977853.224606,-7987612628.061512,-7955111811.775324,-7922474721.110242,-7889700666.700911,-7856788952.971448,-7823738878.032373,-7790549733.575516,-7757220804.766754,-7723751370.136619,-7690140701.468652,-7656388063.6855545,-7622492714.733029,-7588453905.461259,-7554270879.504047,-7519942873.155447,-7485469115.2440405,-7450848827.004549,-7416081221.946971,-7381165505.723039,-7346100875.990043,-7310886522.271881,-7275521625.817389,-7240005359.45576,-7204336887.449151,-7168515365.342306,-7132539939.809194,-7096409748.496565,-7060123919.864434,-7023681573.023356,-6987081817.568468,-6950323753.410248,-6913406470.60191,-6876329049.163329,-6839090558.901541,-6801690059.227657,-6764126598.970104,-6726399216.184235,-6688506937.958137,-6650448780.214573,-6612223747.509059,-6573830832.823885,-6535269017.35811,-6496537270.313398,-6457634548.675573,-6418559796.991913,-6379311947.144022,-6339889918.116171,-6300292615.759114,-6260518932.549191,-6220567747.342657,-6180437925.125185,-6140128316.756325,-6099637758.708979,-6058965072.803631,-6018109065.937298,-5977068529.807117,-5935842240.628401,-5894428958.847001,-5852827428.846007,-5811036378.646476,-5769054519.60219,-5726880546.088215,-5684513135.183204,-5641950946.345211,-5599192621.080929,-5556236782.6081505,-5513082035.511321,-5469726965.389976,-5426170138.499908,-5382410101.386863,-5338445380.512594,-5294274481.873007,-5249895890.608272,-5205308070.604588,-5160509464.08746,-5115498491.206119,-5070273549.608937,-5024833014.00953,-4979175235.74322,-4933298542.313581,-4887201236.928767,-4840881598.027293,-4794337878.792805,-4747568306.657603,-4700571082.794428,-4653344381.596082,-4605886350.142498,-4558195107.654669,-4510268744.93501,-4462105323.793602,-4413702876.459616,-4365059404.977514,-4316172880.58708,-4267041243.0868154,-4217662400.1798186,-4168034226.801288,-4118154564.4268675,-4068021220.3608665,-4017631967.0032406,-3966984541.0943975,-3916076642.9365587,-3864905935.590389,-3813470044.045645,-3761766554.36423,-3709793012.7941933,-3657546924.8528757,-3605025754.3773875,-3552226922.5404134,-3499147806.82916,-3445785739.9851003,-3392138008.9019856,-3338201853.47937,-3283974465.42859,-3229452987.028052,-3174634509.824222,-3119516073.274499,-3064094663.3278494,-3008367210.938568,-2952330590.50842,-2895981618.2515397,-2839317050.4765005,-2782333581.7790375,-2725027843.138518,-2667396399.910633,-2609435749.7081,-2551142320.160262,-2492512466.5419655,-2433542469.260854,-2374228531.191597,-2314566774.84408,-2254553239.351885,-2194183877.265737,-2133454551.1353977,-2072361029.8618622,-2010898984.800125,-1949063985.5908794,-1886851495.6975532,-1824256867.6229692,-1761275337.7773354,-1697902020.9669719,-1634131904.469999,-1569959841.6624792,-1505380545.1547456,-1440388579.394274,-1374978352.6872742,-1309144108.5868094,-1242879916.5905094,-1176179662.0857878,-1109037035.474696,-1041445520.4045348,-973398381.023581,-904888648.1740463,-835909104.4265511,-766452267.8517461,-696510374.4156315,-626075358.8747985,-555138834.0373707,-483692068.24324524,-411725960.9047912,-339231015.9355417,-266197312.87928843,-192614475.53642756,-118471637.86701816,-43757406.93159765,31540177.388997078,107433686.17491853,183936349.05287287,261062105.91330886,338825663.1134296,417242554.5480763,496329208.00100386,576103017.2214884,656582420.2060772,737786984.2025149,819737497.9933755,902456072.0598462,985966247.2732512,1070293112.8123896,1155463434.0600922,1241505791.2928555,1328450730.0441046,1416330924.095853,1505181352.1363974,1595039489.2158926,1685945514.2393303,1777942534.860672,1871076831.28813,1965398120.6827157,2060959844.0390017,2157819477.6869655,2256038871.8588595,2355684619.1412225,2456828456.099119,2559547701.943468,2663925738.846512,2770052539.4386435,2878025248.198251,2987948824.9483852,3099936760.595598,3214111877.7116704,3330607231.731387,3449567132.6337094,3571148312.2702084,3695521269.37711,3822871833.2479258,3953402998.7090373,4087337100.3073587,4224918413.6632967,4366416298.348058,4512129031.558606,4662388528.204843,4817566204.787013,4978080327.118533,5144405293.1379385,5317083452.323433,5496740267.373413,5684103902.700151,5880030707.482853,6085538590.788881,6301851023.343803,6530455432.824556,6773181215.052631,7032304649.44837,7310690958.574118,7611987992.981444,7940892147.851681,8303515994.7598715,8707899994.433792,9164729325.69695,9688343784.831728,10298167161.087036,11020736674.51142,11892588288.462608,12964357924.845346,14306611003.397478,16018184543.99611,18238517144.7804,21167806849.38877,25107873719.512344,30569196746.014885,38547210125.19713,49651005282.52899,0.0
7417.5,-8936752455.080326,-8911123834.127941,-8885396200.079931,-8859569143.823181,-8833642253.798248,-8807615115.968657,-8781487313.78944,-8755258428.175209,-8728928037.467484,-8702495717.401423,-8675961041.071865,-8649323578.898733,-8622582898.59168,-8595738565.11411,-8568790140.646427,-8541737184.548548,-8514579253.321711,-8487315900.569462,-8459946676.957901,-8432471130.175124,-8404888804.889849,-8377199242.70919,-8349401982.13562,-8321496558.523066,-8293482504.032093,-8265359347.584219,-8237126614.815302,-8208783828.027981,-8180330506.143194,-8151766164.650682,-8123090315.558516,-8094302467.341618,-8065402124.889248,-8036388789.45142,-8007261958.58426,-7978021126.094257,-7948665781.981382,-7919195412.381107,-7889609499.5052185,-7859907521.5814495,-7830088952.791939,-7800153263.210389,-7770099918.738043,-7739928381.038299,-7709638107.470091,-7679228551.019869,-7648699160.232266,-7618049379.139352,-7587278647.188506,-7556386399.168755,-7525372065.135792,-7494235070.335353,-7462974835.12517,-7431590774.895251,-7400082299.9867525,-7368448815.609009,-7336689721.755111,-7304804413.115686,-7272792278.990997,-7240652703.20131,-7208385063.995443,-7175988733.957551,-7143463079.912028,-7110807462.826521,-7078021237.713033,-7045103753.52708,-7012054353.064828,-6978872372.858211,-6945557143.067974,-6912107987.374614,-6878524222.867127,-6844805159.929636,-6810950102.125679,-6776958346.080336,-6742829181.359937,-6708561890.349443,-6674155748.127417,-6639610022.338516,-6604923973.06351,-6570096852.686699,-6535127905.760751,-6500016368.868893,-6464761470.484371,-6429362430.827182,-6393818461.717932,-6358128766.428898,-6322292539.532111,-6286308966.744485,-6250177224.769861,-6213896481.138011,-6177465894.0404,-6140884612.16278,-6104151774.514454,-6067266510.254169,-6030227938.51261,-5993035168.211361,-5955687297.878288,-5918183415.459281,-5880522598.126249,-5842703912.08134,-5804726412.357223,-5766589142.613405,-5728291134.9285,-5689831409.588345,-5651208974.869808,-5612422826.820341,-5573471949.032988,-5534355312.416935,-5495071874.963327,-5455620581.50633,-5416000363.47937,-5376210138.666265,-5336248810.947283,-5296115270.039938,-5255808391.23437,-5215327035.123161,-5174670047.325525,-5133836258.205587,-5092824482.584701,-5051633519.447545,-5010262151.641939,-4968709145.572022,-4926973250.884808,-4885053200.14968,-4842947708.530873,-4800655473.452446,-4758175174.255717,-4715505471.848805,-4672645008.348043,-4629592406.710982,-4586346270.360681,-4542905182.801001,-4499267707.222541,-4455432386.098889,-4411397740.772789,-4367162271.031902,-4322724454.673662,-4278082747.0588374,-4233235580.653314,-4188181364.5576572,-4142918484.0237713,-4097445299.958316,-4051760148.412081,-4005861340.054816,-3959747159.6347284,-3913415865.4220448,-3866865688.635714,-3820094832.852596,-3773101473.398051,-3725883756.7171702,-3678439799.7255025,-3630767689.138278,-3582865480.776875,-3534731198.851374,-3486362835.2178063,-3437758348.6086974,-3388915663.835287,-3339832670.959902,-3290507224.436561,-3240937142.218017,-3191120204.827085,-3141054154.390121,-3090736693.630213,-3040165484.8175488,-2989338148.6741676,-2938252263.2301636,-2886905362.6280565,-2835294935.8719406,-2783418425.517592,-2731273226.2996035,-2678856683.691011,-2626166092.3909106,-2573198694.7348313,-2519951679.0223913,-2466422177.756317,-2412607265.786359,-2358503958.351173,-2304109209.0105996,-2249419907.4602017,-2194432877.219228,-2139144873.1824243,-2083552579.0253792,-2027652604.452127,-1971441482.2728434,-1914915665.298504,-1858071523.0381408,-1800905338.1833003,-1743413302.8627338,-1685591514.6492562,-1627435972.2989564,-1568942571.2012255,-1510107098.5164876,-1450925227.9762027,-1391392514.3179882,-1331504387.325843,-1271256145.443545,-1210642948.925917,-1149659812.4902492,-1088301597.4264235,-1026563003.1212599,-964438557.9483765,-901922609.4710035,-839009313.900651,-775692624.7496204,-711966280.6101837,-647823791.9875767,-583258427.1076615,-518263196.6136874,-452830837.0590689,-386953793.09564763,-320624198.24810225,-253833854.1563272,-186574208.1575659,-118836329.06955284,-50610881.02417129,18111904.811025858,87342260.79990661,157090915.88409248,227369131.3153212,298188739.29733396,369562184.7792895,441502570.6626692,514023706.705185,587140162.4285426,660867324.3624238,735221457.9844475,810219774.7462325,885880504.6081505,962222974.5414357,1039267693.4956803,1117036444.3729122,1195552383.5976164,1274840148.924824,1354925976.1879706,1435837825.754417,1517605519.5312536,1600260889.4489884,1683837938.447197,1768373015.097202,1853905003.125069,1940475527.2470865,2028129176.904294,2116913749.6879334,2206880516.4907904,2298084510.709422,2390584844.1689963,2484445052.861224,2579733476.0911374,2676523673.2437196,2774894883.131472,2874932531.803156,2976728795.8234158,3080383229.426113,3186003465.6670895,3293706003.839211,3403617098.0712576,3515873765.34713,3630624935.3283362,3748032769.5595016,3868274184.1699085,3991542618.417678,4118050101.8274965,4248029685.858877,4381738322.799734,4519460295.943393,4661511332.426833,4808243565.158858,4960051555.393463,5117379645.80758,5280730989.554518,5450678699.202734,5627879688.139816,5813091945.908403,6007196211.560522,6211223303.842954,6426388758.92815,6654136949.787337,6896197563.199723,7154658255.312795,7432058582.894805,7731512035.083916,8056865331.214675,8412907317.659408,8805644063.506618,9242662451.734476,9733612051.117605,10290844651.61869,10930262660.500097,11672441197.448484,12544102940.801867,13580037453.464691,14825567175.763086,16339682556.7075,18199065476.171173,20503646953.400402,23385875183.089935,27029908617.30534,31706800924.2705,37691063508.554794,43087872229.03602,0.0
7415.0,-8250046764.46842,-8224511748.570904,-8198883163.12425,-8173160640.127912,-8147343809.387911,-8121432298.487835,-8095425732.75923,-8069323735.251453,-8043125926.7008915,-8016831925.499567,-7990441347.663135,-7963953806.79823,-7937368914.0692005,-7910686278.164095,-7883905505.260088,-7857026198.988136,-7830047960.396936,-7802970387.916217,-7775793077.319246,-7748515621.684631,-7721137611.357341,-7693658633.908955,-7666078274.097126,-7638396113.824245,-7610611732.09527,-7582724704.974731,-7554734605.542891,-7526641003.851003,-7498443466.875711,-7470141558.472565,-7441734839.328552,-7413222866.913744,-7384605195.431994,-7355881375.770597,-7327050955.44903,-7298113478.566632,-7269068485.749269,-7239915514.094935,-7210654097.118317,-7181283764.694218,-7151804042.999914,-7122214454.456322,-7092514517.668096,-7062703747.362455,-7032781654.326857,-7002747745.345469,-6972601523.134352,-6942342486.275408,-6911970129.149001,-6881483941.865303,-6850883410.194264,-6820168015.494243,-6789337234.639214,-6758390539.944584,-6727327399.091552,-6696147275.049994,-6664849625.999855,-6633433905.251005,-6601899561.161543,-6570246037.054522,-6538472771.133035,-6506579196.393676,-6474564740.538334,-6442428825.884226,-6410170869.272271,-6377790281.973596,-6345286469.594309,-6312658831.9784,-6279906763.108759,-6247029651.006294,-6214026877.627085,-6180897818.757584,-6147641843.907731,-6114258316.202079,-6080746592.268755,-6047106022.126286,-6013335949.068273,-5979435709.545802,-5945404633.047584,-5911242041.977793,-5876947251.531504,-5842519569.567757,-5807958296.480143,-5773262725.064871,-5738432140.38625,-5703465819.639633,-5668363032.011583,-5633123038.537394,-5597745091.95578,-5562228436.560752,-5526572308.050541,-5490775933.373589,-5454838530.571521,-5418759308.618925,-5382537467.260067,-5346172196.84228,-5309662678.146072,-5273008082.211793,-5236207570.162863,-5199260293.02541,-5162165391.544257,-5124921995.995156,-5087529225.993202,-5049986190.297306,-5012291986.610594,-4974445701.376713,-4936446409.571827,-4898293174.492282,-4859985047.53773,-4821521067.989674,-4782900262.785206,-4744121646.285906,-4705184220.041614,-4666086972.5490885,-4626828879.005285,-4587408901.055039,-4547825986.533136,-4508079069.200441,-4468167068.473925,-4428088889.150428,-4387843421.12387,-4347429539.095755,-4306846102.278619,-4266091954.0922985,-4225165921.8526382,-4184066816.4523916,-4142793432.034012,-4101344545.6540127,-4059718916.938563,-4017915287.7298985,-3975932381.7232723,-3933768904.0939293,-3891423541.1137443,-3848894959.7570605,-3806181807.295163,-3763282710.8789935,-3720196277.109457,-3676921091.5947776,-3633455718.4942575,-3589798700.0478454,-3545948556.0906487,-3501903783.55184,-3457662855.9369755,-3413224222.7929845,-3368586309.1548533,-3323747514.9730372,-3278706214.5205913,-3233460755.7788296,-3188009459.8004084,-3142350620.048499,-3096482501.7106953,-3050403340.9861994,-3004111344.344761,-2957604687.755632,-2910881515.884773,-2863939941.258442,-2816778043.3909893,-2769393867.874782,-2721785425.4298406,-2673950690.910598,-2625887602.2671347,-2577594059.457945,-2529067923.3110733,-2480307014.330278,-2431309111.4425526,-2382071950.683227,-2332593223.814291,-2282870576.871626,-2232901608.6361556,-2182683869.023848,-2132214857.3888407,-2081492020.7337842,-2030512751.8208199,-1979274387.1763163,-1927774204.9817135,-1876009422.8425295,-1823977195.426675,-1771674611.9627619,-1719098693.588221,-1666246390.536351,-1613114579.1505055,-1559700058.712729,-1505999548.0731325,-1452009682.065317,-1397727007.6917882,-1343147980.0623186,-1288268958.066648,-1233086199.7614818,-1177595857.4503107,-1121793972.432601,-1065676469.3973365,-1009239150.4336969,-952477688.6295476,-895387621.2261589,-837964342.2949262,-780203094.8992794,-722098962.7018859,-663646860.9742138,-604841526.9619956,-545677509.556473,-486149158.21731097,-426250611.08872736,-365975782.2457548,-305318348.0024995,-244271732.2088176,-182829090.45605975,-120983293.10601062,-58726907.050599456,3947823.8977705836,67049000.09300995,130585088.7359522,194564948.27453217,258997854.65951294,323893529.6023836,389262170.9941926,455114485.65638566,521461724.6088671,588315721.0552142,655688931.3015237,723594478.8427312,792046201.8697336,861058704.4715326,930647411.8296478,1000828629.7270918,1071619608.7220024,1143038613.3661985,1215104996.8827956,1287839281.7541199,1361263246.7126274,1435400020.673808,1510274184.2020488,1585911879.1587915,1662340927.248508,1739590958.253176,1817693548.8319201,1896682372.8607953,1976593364.4016209,2057464894.5201502,2139337963.3273175,2222256408.7963257,2306267134.118787,2391420355.611383,2477769873.477997,2565373368.0816207,2654292724.79638,2744594391.008199,2836349769.4303236,2929635652.619255,3024534704.4450817,3121135995.3206315,3219535599.268309,3319837262.452597,3422153154.6937723,3526604717.78312,3633323627.2399025,3742452887.6077237,3854148085.6356425,3968578830.9186335,4085930420.022007,4206405768.0882826,4330227661.801427,4457641399.843924,4588917902.234793,4724357388.954107,4864293752.024346,5009099774.984906,5159193391.064941,5315045218.383089,5477187669.812189,5646226010.12375,5822851828.017191,6007859511.234152,6202166466.340201,6406838020.13547,6623118188.782616,6852467818.493589,7096612006.587972,7357599226.657593,7637875233.252002,7940375639.535794,8268642074.323206,8626968051.319975,9020582113.084976,9455877369.343826,9940698023.362608,10484694401.737246,11099757430.003319,11800539666.236237,12605059816.96586,13535366030.615175,14618192661.491678,15885476379.217712,17374493803.67875,19127250124.03178,21188599726.619556,23602213639.35818,26400719268.72577,29566138655.87895,32832157050.64816,35377804299.56925,0.0
7412.5,-7599706683.674486,-7574370715.738263,-7548946757.235728,-7523434479.794762,-7497833553.089867,-7472143644.815115,-7446364420.656503,-7420495544.263813,-7394536677.221886,-7368487479.021325,-7342347607.028675,-7316116716.455929,-7289794460.329519,-7263380489.458637,-7236874452.402983,-7210275995.439827,-7183584762.53047,-7156800395.286026,-7129922532.932535,-7102950812.275407,-7075884867.6631565,-7048724330.950435,-7021468831.4603195,-6994117995.945936,-6966671448.551228,-6939128810.77106,-6911489701.410492,-6883753736.5432625,-6855920529.469516,-6827989690.672625,-6799960827.775258,-6771833545.494557,-6743607445.596437,-6715282126.849058,-6686857184.975322,-6658332212.604504,-6629706799.222967,-6600980531.1238575,-6572152991.355936,-6543223759.6713,-6514192412.472246,-6485058522.756974,-6455821660.064366,-6426481390.417628,-6397037276.266902,-6367488876.430763,-6337835746.036602,-6308077436.459872,-6278213495.262196,-6248243466.128239,-6218166888.801469,-6187983299.018603,-6157692228.442911,-6127293204.596117,-6096785750.789165,-6066169386.051552,-6035443625.059377,-6004607978.062023,-5973661950.807434,-5942605044.466005,-5911436755.553,-5880156575.849538,-5848763992.322048,-5817258487.040245,-5785639537.093506,-5753906614.505718,-5722059186.148462,-5690096713.652614,-5658018653.318197,-5625824456.022619,-5593513567.127101,-5561085426.381363,-5528539467.826487,-5495875119.695965,-5463091804.314824,-5430188937.996874,-5397165930.939966,-5364022187.119268,-5330757104.178496,-5297370073.319078,-5263860479.187139,-5230227699.758394,-5196471106.220739,-5162590062.854645,-5128583926.911161,-5094452048.487625,-5060193770.400871,-5025808428.058013,-4991295349.32466,-4956653854.390536,-4921883255.632442,-4886982857.474493,-4851951956.245541,-4816789840.033752,-4781495788.538221,-4746069072.917629,-4710508955.6357,-4674814690.303573,-4638985521.518866,-4603020684.7013855,-4566919405.925395,-4530680901.748308,-4494304379.035722,-4457789034.782759,-4421134055.931398,-4384338619.183921,-4347401890.812152,-4310323026.462492,-4273101170.9565144,-4235735458.0870237,-4198225010.4094296,-4160568939.0282207,-4122766343.3784266,-4084816311.001859,-4046717917.317949,-4008470225.388945,-3970072285.679326,-3931523135.809141,-3892821800.3010755,-3853967290.320979,-3814958603.4115777,-3775794723.219135,-3736474619.2126822,-3696997246.3955956,-3657361545.0091414,-3617566440.227579,-3577610841.8445926,-3537493643.9504733,-3497213724.5997767,-3456769945.4689155,-3416161151.503275,-3375386170.553253,-3334443812.9988093,-3293332871.361844,-3252052119.905836,-3210600314.2221045,-3168976190.8020067,-3127178466.5942883,-3085205838.546846,-3043056983.1321006,-3000730555.8549933,-2958225190.7427783,-2915539499.815494,-2872672072.5361238,-2829621475.2392397,-2786386250.5369716,-2742964916.7008886,-2699355967.018541,-2655557869.1230373,-2611569064.294156,-2567387966.729306,-2523012962.782411,-2478442410.168931,-2433674637.134838,-2388707941.587367,-2343540590.185246,-2298170817.3856964,-2252596824.4457083,-2206816778.3745694,-2160828810.834541,-2114631016.9864168,-2068221454.2763965,-2021598141.1604471,-1974759055.7620983,-1927702134.45928,-1880425270.3955925,-1832926311.9108682,-1785203060.885835,-1737253270.9949095,-1689074645.8611512,-1640664837.1066027,-1592021442.2909832,-1543142002.7311077,-1494024001.1928709,-1444664859.446966,-1395061935.6790144,-1345212521.7439334,-1295113840.253725,-1244763041.4870405,-1194157200.1080136,-1143293311.6809402,-1092168288.9663951,-1040778957.9832827,-989122053.8201857,-937194216.1781585,-884991984.6257343,-832511793.5455508,-779749966.7503865,-726702711.7447824,-673366113.6066923,-619736128.4615444,-565808576.5192387,-511579134.6421726,-457043328.41020703,-402196523.64572227,-347033917.35933447,-291550528.0737283,-235741185.47996283,-179600519.37709904,-123122947.84238583,-66302664.57508278,-9133625.353010595,48390466.46408421,106276175.45484737,164530350.75650257,223160143.86657912,282173027.71433365,341576817.09646106,401379690.5792218,461590213.97665524,522217365.52314395,583270562.867757,644759692.0275563,706695138.4478853,769087820.3292104,831949224.3928093,895291444.2711896,959127221.7243459,1023469990.8991209,1088333925.8669713,1153733991.6951425,1219685999.3278306,1286206664.577827,1353313671.555571,1421025740.8918972,1489362703.1433048,1558345577.8053734,1627996658.400577,1698339604.15315,1769399538.8156319,1841203157.2710567,1913778840.6019485,1987156780.394646,2061369113.1357489,2136450065.659771,2212436112.7248087,2289366147.930442,2367281669.3512707,2446226981.446494,2526249415.02427,2607399567.297156,2689731564.3679895,2773303348.844181,2858176995.7034507,2944419060.038722,3032100960.91096,3121299406.2555017,3212096864.644348,3304582090.732625,3398850712.447897,3495005889.4591484,3593159054.2408094,3693430749.1904864,3795951575.845553,3900863275.36969,4008319963.263607,4118489545.8383307,4231555351.55307,4347718017.078392,4467197676.16908,4590236509.44675,4717101725.406209,4848089057.869438,4983526883.329204,5123781083.9041395,5269260808.889682,5420425321.263573,5577792156.361306,5741946869.935383,5913554713.937092,6093374652.955362,6282276225.020892,6481259860.4609375,6691481404.859323,6914281749.950051,7151222661.590511,7404130106.790304,7675146617.531093,7966794474.45275,8282051718.903743,8624443148.967848,8998148414.8413,9408128904.882334,9860273960.561005,10361564481.469486,10920247172.805946,11546003869.44519,12250084800.62773,13045347948.814632,13946101938.358374,14967576600.937746,16124727012.011633,17429884449.150974,18888433819.759823,20491003071.79643,22198776721.29343,23912634970.85349,25401656776.263165,26205079757.231304,26891506100.97832,0.0
7410.0,-6985033764.884197,-6959992226.582808,-6934868354.284059,-6909661857.614141,-6884372444.47505,-6858999821.01964,-6833543691.626156,-6808003758.872321,-6782379723.508854,-6756671284.432554,-6730878138.658786,-6704999981.293491,-6679036505.504637,-6652987402.493114,-6626852361.463081,-6600631069.591728,-6574323211.998473,-6547928471.71357,-6521446529.646092,-6494877064.551332,-6468219752.997567,-6441474269.332191,-6414640285.647187,-6387717471.74399,-6360705495.097623,-6333604020.820189,-6306412711.623671,-6279131227.782014,-6251759227.092503,-6224296364.836409,-6196742293.738897,-6169096663.928154,-6141359122.8938,-6113529315.444483,-6085606883.664677,-6057591466.870693,-6029482701.565838,-6001280221.394778,-5972983657.097025,-5944592636.459536,-5916106784.268478,-5887525722.26006,-5858849069.070484,-5830076440.18491,-5801207447.885557,-5772241701.198773,-5743178805.841156,-5714018364.164686,-5684759975.100822,-5655403234.10359,-5625947733.091588,-5596393060.388977,-5566738800.665318,-5536984534.874344,-5507129840.191611,-5477174289.950949,-5447117453.579813,-5416958896.5333805,-5386698180.227482,-5356334861.970259,-5325868494.892596,-5295298627.877245,-5264624805.486665,-5233846567.889501,-5202963450.785724,-5171974985.3304,-5140880698.0560055,-5109680110.793356,-5078372740.591007,-5046958099.633221,-5015435695.156343,-4983805029.363668,-4952065599.338671,-4920216896.956651,-4888258408.794672,-4856189616.039834,-4824009994.3958,-4791719013.987541,-4759316139.2642765,-4726800828.900554,-4694172535.695419,-4661430706.469663,-4628574781.961033,-4595604196.717481,-4562518378.988211,-4529316750.612692,-4495998726.907393,-4462563716.550295,-4429011121.463074,-4395340336.690926,-4361550750.279894,-4327641743.151754,-4293612688.976242,-4259462954.040669,-4225191897.116764,-4190798869.3247404,-4156283213.9943867,-4121644266.5232015,-4086881354.231429,-4051993796.213876,-4016980903.188451,-3981841977.3412676,-3946576312.168234,-3911183192.312994,-3875661893.4010334,-3840011681.869958,-3804231814.795611,-3768321539.7140255,-3732280094.4390182,-3696106706.8751674,-3659800594.8261247,-3623360965.79801,-3586787016.797634,-3550077934.1254644,-3513232893.163003,-3476251058.154377,-3439131581.9819083,-3401873605.9353614,-3364476259.4746327,-3326938659.98552,-3289259912.528338,-3251439109.5789714,-3213475330.762063,-3175367642.575917,-3137115098.108783,-3098716736.7460003,-3060171583.867655,-3021478650.536223,-2982636933.1736736,-2943645413.2275286,-2904503056.82533,-2865208814.4168143,-2825761620.4032793,-2786160392.753334,-2746404032.604386,-2706491423.8490663,-2666421432.7057376,-2626192907.272271,-2585804677.0620847,-2545255552.5215406,-2504544324.527523,-2463669763.8642173,-2422630620.677741,-2381425623.9075003,-2340053480.692786,-2298512875.75323,-2256802470.741587,-2214920903.5671477,-2172866787.6880746,-2130638711.3707945,-2088235236.9144242,-2045654899.8381336,-2002896208.0291948,-1959957640.8492646,-1916837648.1963563,-1873534649.5197737,-1830047032.7849965,-1786373153.385505,-1742511332.9980922,-1698459858.3781888,-1654216980.0913422,-1609780911.176818,-1565149825.7389545,-1520321857.461694,-1475295098.0412493,-1430067595.5317376,-1384637352.598009,-1339002324.6697586,-1293160417.9903255,-1247109487.5534546,-1200847334.920473,-1154371705.910173,-1107680288.1528187,-1060770708.4994199,-1013640530.2764772,-966287250.3760769,-918708296.1701537,-870901022.2372596,-822862706.8891029,-774590548.4835408,-726081661.5093981,-677333072.4278401,-628341715.2536054,-579104426.8586104,-529617941.97880626,-479878887.9041269,-429883778.8298564,-379629009.8461198,-329110850.5407249,-278325438.1887141,-227268770.50010645,-175936697.89541435,-124324915.27613229,-72428953.25540906,-20244168.811202765,32234264.677962244,85011368.0577994,138092367.729589,191482707.73737296,245188062.66387454,299214351.39181435,353567751.7912597,408254716.3982352,463281989.1542435,518656623.2816275,574386000.3750391,630477850.7952216,686940275.4575559,743781769.1147087,801011245.2401865,858638062.6273627,916672053.8274982,975123555.5595131,1034003441.2344265,1093323155.7487836,1153094752.7132208,1213330934.2959416,1274045093.8752024,1335251361.7110987,1396964653.8645766,1459200724.6111548,1521976222.6184762,1585308751.1809173,1649216932.8314302,1713720478.6808379,1778840262.8685815,1844598402.547211,1911018343.865643,1978124954.46564,2045944623.0610516,2114505366.7334177,2183836946.6501765,2253970992.9954734,2324941140.000345,2396783172.070389,2469535182.138793,2543237743.522873,2617934096.737652,2693670352.924744,2770495715.7943764,2848462724.25938,2927627518.270075,3008050130.7473555,3089794808.9690433,3172930369.305375,3257530589.837806,3343674646.152004,3431447596.4914975,3520940923.5215364,3612253141.2147923,3705490476.8707848,3800767640.0654798,3898208692.4520407,3997948034.8652387,4100131531.1989193,4204917792.1251025,4312479646.0168495,4423005829.561583,4536702936.667634,4653797671.5658,4774539460.715132,4899203488.502155,5028094234.083701,5161549601.419191,5299945751.970297,5443702770.158384,5593291315.938821,5749240447.25678,5912146828.128081,6082685575.950781,6261623044.431428,6449831885.725742,6648308785.659641,6858195316.284835,7080802395.044678,7317638869.798769,7570444747.402332,7841229523.044105,8132315903.18021,8446388873.773474,8786549430.335642,9156371169.280746,9559956042.709942,10001982428.43161,10487733520.459848,11023085740.712872,11614423606.778341,12268426479.777885,12991639566.80105,13789689753.226925,14665925323.408049,15619127580.493834,16639719820.054657,17703479996.46926,18760859364.105915,19717868629.82949,20399904078.085297,20488129960.356186,19496328728.929646,17450811402.120674,0.0
7407.5,-6405215633.902565,-6380554101.485155,-6355815917.861602,-6331000828.935583,-6306108579.10676,-6281138911.24812,-6256091566.682933,-6230966285.161214,-6205762804.835793,-6180480862.237898,-6155120192.252297,-6129680528.091961,-6104161601.272262,-6078563141.584673,-6052884877.070005,-6027126533.991108,-6001287836.805086,-5975368508.134989,-5949368268.740995,-5923286837.491021,-5897123931.330832,-5870879265.253578,-5844552552.26877,-5818143503.370682,-5791651827.506183,-5765077231.541981,-5738419420.231246,-5711678096.179661,-5684852959.81081,-5657943709.330966,-5630950040.693242,-5603871647.5610485,-5576708221.270954,-5549459450.794825,-5522125022.701281,-5494704621.116488,-5467197927.684227,-5439604621.525221,-5411924379.195768,-5384156874.645618,-5356301779.175076,-5328358761.39135,-5300327487.164143,-5272207619.580385,-5243998818.898225,-5215700742.500163,-5187313044.845337,-5158835377.420999,-5130267388.693071,-5101608724.0558605,-5072859025.780869,-5044017932.964656,-5015085081.47583,-4986060103.901029,-4956942629.489993,-4927732284.099606,-4898428690.136966,-4869031466.501442,-4839540228.525645,-4809954587.9154,-4780274152.688594,-4750498527.112947,-4720627311.642636,-4690660102.853816,-4660596493.378898,-4630436071.839708,-4600178422.779399,-4569823126.593102,-4539369759.45731,-4508817893.257983,-4478167095.51731,-4447416929.319102,-4416566953.232801,-4385616721.236085,-4354565782.635984,-4323413681.988505,-4292159959.016764,-4260804148.5275044,-4229345780.326028,-4197784379.129504,-4166119464.478495,-4134350550.6468606,-4102477146.549759,-4070498755.649924,-4038414875.861931,-4006224999.454619,-3973928612.951448,-3941525197.028818,-3909014226.4122415,-3876395169.770349,-3843667489.606597,-3810830642.1486506,-3777884077.2353687,-3744827238.201259,-3711659561.7583323,-3678380477.8753843,-3644989409.654365,-3611485773.203964,-3577868977.51022,-3544138424.3039985,-3510293507.925281,-3476333615.1841455,-3442258125.218239,-3408066409.3467054,-3373757830.9202876,-3339331745.167602,-3304787499.0372972,-3270124431.0359874,-3235341871.061767,-3200439140.2330747,-3165415550.712794,-3130270405.5272446,-3095002998.379955,-3059612613.459888,-3024098525.243919,-2988459998.2932587,-2952696287.043533,-2916806635.588249,-2880790277.455276,-2844646435.376013,-2808374321.0469103,-2771973134.882915,-2735442065.7624288,-2698780290.7634115,-2661986974.890084,-2625061270.789763,-2588002318.459362,-2550809244.940957,-2513481164.005812,-2476017175.82633,-2438416366.635185,-2400677808.370949,-2362800558.30954,-2324783658.6806297,-2286626136.2681794,-2248327001.994268,-2209885250.485226,-2171299859.619041,-2132569790.0530615,-2093693984.7308054,-2054671368.3666315,-2015500846.9070892,-1976181306.9675155,-1936711615.2424579,-1897090617.8883932,-1857317139.8770816,-1817389984.3178601,-1777307931.7470016,-1737069739.3821383,-1696674140.339768,-1656119842.8134828,-1615405529.2106543,-1574529855.2450519,-1533491448.982636,-1492288909.8377588,-1450920807.5167396,-1409385680.9055037,-1367682036.8979552,-1325808349.1613536,-1283763056.8348253,-1241544563.1568606,-1199151234.0173943,-1156581396.4297304,-1113833336.917378,-1070905299.810376,-1027795485.445482,-984502048.2641824,-941023094.8020606,-897356681.5626205,-853500812.7683473,-809453437.9811049,-765212449.5836345,-720775680.1132792,-676140899.4385048,-631305811.768163,-586268052.4827693,-541025184.7764275,-495574696.0971638,-449913994.37271297,-404040404.0079498,-357951161.63919693,-311643411.6296665,-265114201.28931555,-218360475.80118012,-171379072.83519185,-124166716.82908058,-76720012.91474187,-29035440.466917932,18890653.75047475,67062062.86662069,115482727.64283243,164156744.69814798,213088375.2535558,262282054.42878696,311742401.1281655,361474228.5542021,411482555.3904452,461772617.69773227,512349881.5711274,563220056.6078782,614389110.2403142,665863282.9912475,717649104.7132983,769753411.8780231,822183365.9851031,874946473.1668589,928050605.068737,981504021.0920179,1035315392.0912609,1089493825.625742,1144048892.871356,1198990657.307414,1254329705.3013911,1310077178.724009,1366244809.7374568,1422844957.9107664,1479890649.8287225,1537395621.3744915,1595374362.8812158,1653842167.3645952,1712815182.0671928,1772310463.565983,1832346036.7180054,1892940957.7451184,1954115381.7883477,2015890635.2955072,2078289293.643635,2141335264.4403222,2205053876.997043,2269471978.5232,2334618037.6532354,2400522255.9926653,2467216688.4529305,2534735373.2421484,2603114472.491163,2672392424.624173,2742610109.73381,2813811029.39582,2886041502.561596,2959350879.4043922,3033791775.2711,3109420327.2144194,3186296475.957321,3264484276.582639,3344052241.7569084,3425073721.9019403,3507627327.435939,3591797399.036074,3677674532.84799,3765356168.7090526,3854947250.7909875,3946560971.6371503,4040319612.4096403,4136355494.3172417,4234812058.7185917,4335845096.34635,4439624149.544274,4546334115.426177,4656177082.536041,4769374439.002291,4886169296.428091,5006829280.934846,5131649750.958219,5260957510.640886,5395115097.983308,5534525738.232738,5679639065.107201,5830957724.950397,5989044991.049698,6154533525.865531,6328135435.782709,6510653762.98675,6702995547.19221,6906186558.522272,7121387740.140138,7349913287.485389,7593250103.306375,7853078063.614327,8131290048.336426,8430009940.457261,8751605642.035616,9098692390.43398,9474118979.477493,9880925447.60502,10322254723.736933,10801191644.785334,11320489242.91407,11882122129.289915,12486576980.195662,13131745491.126617,13811216902.953987,14511658109.6753,15208781910.342411,15861052339.488602,16399576327.76072,16711312231.559006,16611142928.463766,15800991301.473562,13811705603.555714,9166986912.179125,0.0
7405.0,-5859342555.59823,-5835137128.93261,-5810860715.037703,-5786513094.329198,-5762094045.93165,-5737603347.658347,-5713040775.990816,-5688406106.057972,-5663699111.614844,-5638919565.020955,-5614067237.21828,-5589141897.708839,-5564143314.531842,-5539071254.240436,-5513925481.878074,-5488705760.954395,-5463411853.420713,-5438043519.645051,-5412600518.386749,-5387082606.770594,-5361489540.260519,-5335821072.632807,-5310076955.948842,-5284256940.527376,-5258360774.9163,-5232388205.863916,-5206338978.289736,-5180212835.254724,-5154009517.93104,-5127728765.571283,-5101370315.477144,-5074933902.967552,-5048419261.346252,-5021826121.86884,-4995154213.7092,-4968403263.925373,-4941572997.424845,-4914663136.929212,-4887673402.938277,-4860603513.693469,-4833453185.140703,-4806222130.892518,-4778910062.189661,-4751516687.861913,-4724041714.288308,-4696484845.3566475,-4668845782.422301,-4641124224.266333,-4613319867.052875,-4585432404.285776,-4557461526.764517,-4529406922.539335,-4501268276.86561,-4473045272.157408,-4444737587.940283,-4416344900.803203,-4387866884.349657,-4359303209.147915,-4330653542.68041,-4301917549.292217,-4273094890.1386433,-4244185223.1318674,-4215188202.8866653,-4186103480.6651106,-4156930704.3203406,-4127669518.239255,-4098319563.284218,-4068880476.7336755,-4039351892.221678,-4009733439.6762915,-3980024745.256876,-3950225431.2901683,-3920335116.2051597,-3890353414.466765,-3860279936.5081673,-3830114288.6618915,-3799856073.0895348,-3769504887.7100782,-3739060326.126813,-3708521977.5527554,-3677889426.73458,-3647162253.87498,-3616340034.553392,-3585422339.645097,-3554408735.2385554,-3523298782.550992,-3492092037.842128,-3460788052.3259997,-3429386372.0808043,-3397886537.956711,-3366288085.4815288,-3334590544.7641716,-3302793440.395852,-3270896291.348866,-3238898610.8729286,-3206799906.388937,-3174599679.3800287,-3142297425.2798557,-3109892633.3579884,-3077384786.602228,-3044773361.5978117,-3012057828.4032583,-2979237650.422802,-2946312284.2752223,-2913281179.658864,-2880143779.212772,-2846899518.373629,-2813547825.2284317,-2780088120.3625975,-2746519816.7033415,-2712842319.358076,-2679055025.447572,-2645157323.933646,-2611148595.4410954,-2577028212.073591,-2542795537.2232046,-2508449925.373251,-2473990721.894133,-2439417262.831776,-2404728874.6882753,-2369924874.194411,-2335004568.0734496,-2299967252.795971,-2264812214.3250427,-2229538727.851367,-2194146057.5177574,-2158633456.1324067,-2123000164.870364,-2087245412.9624743,-2051368417.3712046,-2015368382.452521,-1979244499.6031034,-1942995946.8920672,-1906621888.6762908,-1870121475.1984375,-1833493842.1667187,-1796738110.3153048,-1759853384.9443116,-1722838755.4382048,-1685693294.7613368,-1648416058.9293551,-1611006086.455014,-1573462397.7669878,-1535783994.600061,-1497969859.355033,-1460018954.4265814,-1421930221.497209,-1383702580.7952898,-1345334930.3150294,-1306826144.9962306,-1268175075.8613687,-1229380549.1074796,-1190441365.1502457,-1151356297.6173186,-1112124092.2879744,-1072743465.9758503,-1033213105.3512987,-993531665.6998912,-953697769.6131194,-913710005.607232,-873566926.665999,-833267048.7026832,-792808848.9364221,-752190764.1778431,-711411189.0184228,-670468473.9177577,-629360923.1825631,-588086792.830818,-546644288.3341169,-505031562.23078835,-463246711.60187995,-421287775.40176165,-379152731.63435143,-336839494.36562526,-294345910.5623405,-251669756.7464365,-208808735.45370033,-165760471.48481247,-122522507.93596312,-79092301.99558055,-35467220.49274501,8355464.817973316,52378582.25136298,96605065.48351201,141037959.15892288,185680424.8324344,230535747.26641512,275607341.1053361,320898757.9508502,366413693.8623297,412155997.3090288,458129677.6018854,504338913.83474845,550788064.3665327,597481676.8779805,644424499.0386566,691621489.8223097,739077831.510854,786798942.4301198,834790490.4630442,883058407.3891189,931608904.101888,980448486.7600169,1029583973.9306412,1079022514.788135,1128771608.4352813,1178839124.4186711,1229233324.5148554,1279962885.8693929,1331036925.576476,1382465026.7933316,1434257266.4903603,1486424244.9455771,1538977117.1000342,1591927625.9001591,1645288137.7626748,1699071680.3089886,1753291982.5279672,1807963517.5397043,1863101548.1478684,1918722175.3851666,1974842390.2752979,2031480129.056052,2088654332.1320596,2146385007.0527756,2204693295.8418446,2263601547.0386558,2323133392.8525076,2383313831.874691,2444169317.845303,2505727855.0304255,2568019100.8327684,2631074476.3362484,2694927285.5741076,2759612844.412517,2825168620.0597596,2891634382.347205,2959052368.0855007,3027467459.980963,3096927381.8069177,3167482911.767381,3239188116.270924,3312100606.65703,3386281821.7923565,3461797339.8881993,3538717223.3916316,3617116401.3821115,3697075094.573434,3778679288.7916946,3862021263.68707,3947200184.456922,4034322765.527597,4123504016.480205,4214868082.031511,4308549189.613632,4404692720.05382,4503456419.052747,4605011769.606119,4709545548.2077875,4817261590.596786,4928382795.921888,5043153401.415445,5161841562.855381,5284742279.030011,5412180700.762779,5544515866.287327,5682144904.118761,5825507740.917142,5975092343.538477,6131440509.136454,6295154191.37946,6466902309.647787,6647427924.397231,6837555565.586956,7038198357.689571,7250364373.653021,7475161341.790149,7713798381.983345,7967582801.261551,8237909049.496805,8526235605.066573,8834043661.851795,9162768792.399675,9513692950.332462,9887778815.965185,10285420998.250204,10706078193.61033,11147735980.171646,11606129914.891836,12073630473.609066,12537650575.96879,12978374062.42201,13365502414.775272,13653550746.002272,13774985386.155233,13630350064.976824,13075093963.174206,11901471968.429731,9744434889.032972,4884756929.971142,0.0
7402.5,-5346423125.808962,-5322740817.093863,-5298993127.343639,-5275179869.713034,-5251300856.272722,-5227355897.991884,-5203344804.72047,-5179267385.171162,-5155123446.9010105,-5130912796.292778,-5106635238.535925,-5082290577.607272,-5057878616.251379,-5033399155.960501,-5008851996.954287,-4984236938.159068,-4959553777.186826,-4934802310.313799,-4909982332.458714,-4885093637.16066,-4860136016.556608,-4835109261.358502,-4810013160.830015,-4784847502.76289,-4759612073.4529,-4734306657.675383,-4708931038.660412,-4683484998.067509,-4657968315.959965,-4632380770.7787285,-4606722139.3158655,-4580992196.687567,-4555190716.306728,-4529317469.855085,-4503372227.254857,-4477354756.639959,-4451264824.326713,-4425102194.7841,-4398866630.603507,-4372557892.468008,-4346175739.12108,-4319719927.334867,-4293190211.8778896,-4266586345.482231,-4239908078.8101654,-4213155160.4202847,-4186327336.732995,-4159424351.9954967,-4132445948.246154,-4105391865.2782855,-4078261840.6033545,-4051055609.4135,-4023772904.5435147,-3996413456.4320936,-3968976993.082508,-3941463240.0225363,-3913871920.2637625,-3886202754.26016,-3858455459.865923,-3830629752.292626,-3802725344.0655937,-3774741944.9794865,-3746679262.0531516,-3718536999.4836016,-3690314858.599193,-3662012537.8119783,-3633629732.5691166,-3605166135.303441,-3576621435.3830724,-3547995319.0600777,-3519287469.418169,-3490497566.3193617,-3461625286.3495836,-3432670302.7632627,-3403632285.4267306,-3374510900.760512,-3345305811.680444,-3316016677.537512,-3286643154.0564814,-3257184893.273146,-3227641543.4702616,-3198012749.1120234,-3168298150.777108,-3138497385.090167,-3108610084.651724,-3078635877.9664626,-3048574389.369753,-3018425238.952415,-2988188042.483616,-2957862411.331854,-2927447952.3838468,-2896944267.9613996,-2866350955.7360225,-2835667608.641237,-2804893814.782505,-2774029157.3446474,-2743073214.496603,-2712025559.293447,-2680885759.575552,-2649653377.8647013,-2618327971.257038,-2586909091.31272,-2555396283.942072,-2523789089.2881174,-2492087041.60522,-2460289669.133776,-2428396493.9706135,-2396407031.9349985,-2364320792.4299345,-2332137278.298567,-2299855985.675456,-2267476403.83233,-2234998015.018215,-2202420294.2934837,-2169742709.357598,-2136964720.3701415,-2104085779.7648666,-2071105332.0562828,-2038022813.6384594,-2004837652.575593,-1971549268.3838882,-1938157071.804288,-1904660464.5655391,-1871058839.1370847,-1837351578.4712105,-1803538055.733827,-1769617634.0233102,-1735589666.0766904,-1701453493.962519,-1667208448.759634,-1632853850.2210853,-1598389006.422314,-1563813213.3928,-1529125754.7301385,-1494325901.1956515,-1459412910.2904274,-1424386025.8107176,-1389244477.3814719,-1353987479.9668455,-1318614233.3563302,-1283123921.6250732,-1247515712.5670257,-1211788757.0992444,-1175942188.6358202,-1139975122.4295952,-1103886654.8798811,-1067675862.8042251,-1031341802.6721473,-994883509.7986633,-958299997.4953053,-921590256.1761909,-884753252.4165039,-847787927.960765,-810693198.6778399,-773467953.459746,-736111053.0609891,-698621328.8748806,-660997581.643413,-623238580.0966345,-585343059.5175911,-547309720.2284518,-509137225.9933351,-470824202.3328943,-432369234.7457248,-393770866.83097494,-355027598.30667615,-316137882.91753954,-277100126.225973,-237912683.27942023,-198573856.14695472,-159081891.3174646,-119434976.95147857,-79631239.97806358,-39668743.02785945,454518.8072318435,40740621.397872835,81191715.19508672,121810029.05347204,162597874.27161992,203557648.86238012,244691842.06625986,286003039.12214464,327493926.3101421,369167296.2824027,411026053.6985956,453073221.1836678,495311945.62660646,537745504.8399224,580377314.6008273,623210936.0961416,666250083.7944385,709498633.77011,752960632.5056612,796640306.1998988,840542070.6114957,884670541.4689441,929030545.4799958,973627131.9753538,1018465585.2237669,1063551437.4576995,1108890482.6512127,1154488791.094267,1200352724.8103085,1246488953.8670044,1292904473.63315,1339606623.038062,1386603103.8935957,1433902001.342732,1481511805.5031412,1529441434.3786387,1577700258.1166844,1626298124.6956036,1675245387.1312387,1724552932.2995932,1774232211.47927,1824295272.7258048,1874754795.198908,1925624125.5738444,1976917316.6792176,2028649168.5160568,2080835271.8270783,2133492054.4007483,2186636830.312402,2240287852.324735,2294464367.6925445,2349186677.6419783,2404476200.823739,2460355541.072368,2516848559.841261,2573980453.7255845,2631777837.533836,2690268833.4240394,2749483166.683913,2809452268.8063173,2870209388.59384,2931789712.120426,2994230492.485632,3057571190.4198303,3121853626.939039,3187122149.4080296,3253423812.552719,3320808576.170721,3389329521.5248084,3459043088.672335,3530009337.286975,3602292233.8722734,3675959968.652328,3751085305.858494,3827745971.6142106,3906025084.157273,3986011631.7305737,4067801004.1186814,4151495584.505728,4237205409.0719852,4325048902.519229,4415153698.496067,4507657554.648895,4602709372.700523,4700470334.480161,4801115165.085792,4904833534.198021,5011831605.763157,5122333744.517773,5236584384.711403,5354850061.310729,5477421596.12622,5604616419.574516,5736780991.64393,5874293260.96418,6017565065.81421,6167044331.493991,6323216849.349584,6486607326.52398,6657779262.188752,6837333021.973976,7025901229.104248,7224140243.487145,7432716025.360663,7652282033.850652,7883445934.925216,8126720713.030347,8382454202.116543,8650728960.399708,8931221676.430407,9223007769.21575,9524292396.898085,9832043618.034092,10141496935.024263,10445492991.66249,10733602074.885843,10990980928.072605,11196901277.221605,11322893925.783785,11330502272.45736,11168859494.696692,10773031811.861526,10065547558.033173,8960761258.562729,7330211811.64539,4962563132.904715,0.0
7400.0,-4865399004.865423,-4842298174.230098,-4819137477.733923,-4795916759.519109,-4772635862.846226,-4749294630.079614,-4725892902.672587,-4702430521.15237,-4678907325.104797,-4655323153.158749,-4631677842.970364,-4607971231.206956,-4584203153.530706,-4560373444.582079,-4536481937.962966,-4512528466.219574,-4488512860.825015,-4464434952.161669,-4440294569.503204,-4416091540.996375,-4391825693.642479,-4367496853.278559,-4343104844.558298,-4318649490.932628,-4294130614.629998,-4269548036.6363845,-4244901576.674959,-4220191053.1854525,-4195416283.3031917,-4170577082.8378243,-4145673266.2516966,-4120704646.637909,-4095671035.6980276,-4070572243.719467,-4045408079.552492,-4020178350.5868907,-3994882862.7282705,-3969521420.3739967,-3944093826.3887596,-3918599882.0797553,-3893039387.171465,-3867412139.7800817,-3841717936.387494,-3815956571.8148904,-3790127839.195912,-3764231529.9494452,-3738267433.751899,-3712235338.5091095,-3686135030.327757,-3659966293.486316,-3633728910.405571,-3607422661.6186066,-3581047325.7403326,-3554602679.4364834,-3528088497.392124,-3501504552.2795877,-3474850614.7259007,-3448126453.2796397,-3421331834.37719,-3394466522.3084416,-3367530279.181862,-3340522864.8889422,-3313444037.0680017,-3286293551.067313,-3259071159.9075522,-3231776614.2435374,-3204409662.3252363,-3176970049.958011,-3149457520.462053,-3121871814.631075,-3094212670.690075,-3066479824.2522902,-3038673008.275216,-3010791953.015707,-2982836385.984062,-2954806031.897131,-2926700612.630351,-2898519847.1686797,-2870263451.55639,-2841931138.845663,-2813522619.043934,-2785037599.059949,-2756475782.6484537,-2727836870.3534822,-2699120559.450115,-2670326543.884782,-2641454514.2138243,-2612504157.54045,-2583475157.4498844,-2554367193.942656,-2525179943.365905,-2495913078.3426986,-2466566267.6991553,-2437139176.389335,-2407631465.4177465,-2378042791.7594047,-2348372808.2772346,-2318621163.6367564,-2288787502.2178836,-2258871464.0236974,-2228872684.586008,-2198790794.867578,-2168625421.160821,-2138376184.9827852,-2108042702.9661872,-2077624586.746387,-2047121442.8439565,-2016532872.5427635,-1985858471.7631502,-1955097830.9301012,-1924250534.8360357,-1893316162.49798,-1862294287.0087779,-1831184475.3820698,-1799986288.390636,-1768699280.3977835,-1737322999.1814077,-1705856985.7502773,-1674300774.152181,-1642653891.2734044,-1610915856.629176,-1579086182.144465,-1547164371.9246824,-1515149922.0156925,-1483042320.1525638,-1450841045.4963973,-1418545568.3586352,-1386155349.912097,-1353669841.888055,-1321088486.2585292,-1288410714.9030452,-1255635949.2588897,-1222763599.9541137,-1189793066.4221127,-1156723736.4969664,-1123554985.9883254,-1090286178.2347832,-1056916663.634501,-1023445779.1518457,-989872847.798718,-956197178.0891006,-922418063.4654305,-888534781.6951668,-854546594.2359059,-820452745.5673176,-786252462.4880819,-751944953.3757819,-717529407.4078459,-683004993.7412409,-648370860.6487193,-613626134.6091878,-578769919.349597,-543801294.8357958,-508719316.2093717,-473523012.66759866,-438211386.2833074,-402783410.76133966,-367238030.128113,-331574157.35056984,-295790672.88065803,-259886423.12114748,-223860218.8085923,-187710833.30869535,-151437000.81940976,-115037414.47658926,-78510724.35691026,-41855535.372368276,-5070405.050430447,31846158.806433856,68895700.58844265,106079819.48041573,143400172.2051788,180858475.9162245,218456511.2477955,256196125.53091902,294079236.18446004,332107834.2906808,370283988.3653497,408609848.3329431,447087649.7180392,485719718.06461215,524508473.5955366,563456436.1252697,602566230.2393311,641840590.7550018,681282368.4782856,720894536.273109,760680195.4594653,800642582.5581625,840785076.4006662,881111205.623694,921624656.5689402,962329281.6097395,1003229107.9273225,1044328346.7607777,1085631403.1558692,1127142886.2394354,1168867620.047401,1210810654.935922,1252977279.6069708,1295373033.7811904,1338003721.5528326,1380875425.4634778,1423994521.3333595,1467367693.8913786,1511001953.2473269,1554904652.252441,1599083504.797234,1643546605.098639,1688302448.0319066,1733359950.5661473,1778728474.366685,1824417849.6314433,1870438400.2337337,1916800970.2487836,1963516951.9475408,2010598315.3475885,2058057639.4183145,2105908145.0456471,2154163729.8705754,2202839005.1258554,2251949334.6067104,2301510875.923834,2351540624.2016706,2402056458.400829,2453077190.4617605,2504622617.4874187,2556713577.2057147,2609372006.9787626,2662621006.655425,2716484905.597043,2770989334.2437925,2826161300.6314616,2882029272.316261,2938623264.2187996,2995974932.958659,3054117678.318459,3113086752.551509,3172919378.3311625,3233654876.2328606,3295334802.7426715,3358003099.898825,3421706257.795603,3486493491.311945,3552416932.5691123,3619531840.771769,3687896831.241874,3757574125.611658,3828629825.2942967,3901134210.491066,3975162067.1097264,4050793044.0448146,4128112043.284075,4207209645.226355,4288182571.3840866,4371134186.243576,4456175039.394644,4543423448.021064,4633006118.333599,4725058802.35696,4819726983.4213085,4917166579.456729,5017544647.345668,5121040063.627546,5227844146.076254,5338161166.170385,5452208683.042158,5570217603.539998,5692431838.490425,5819107379.370024,5950510558.832666,6086915178.236101,6228598079.45572,6375832599.110091,6528879160.9678,6687972024.314275,6853300897.061456,7024985723.914348,7203042450.700383,7387336923.211183,7577523281.287327,7772962242.769426,7972613542.946831,8174895548.397123,8377503818.589612,8577179393.350898,8769417309.459425,8948107136.932554,9105101654.763035,9229719817.180056,9308211032.378857,9323250573.643557,9253627290.831327,9074491834.858322,8759018047.432875,8283406994.113222,7639104773.238967,6858855059.240597,6094677935.204244,6617924363.33229,0.0
7397.5,-4415158631.785306,-4392689457.923688,-4370165814.454619,-4347587574.798866,-4324954611.694168,-4302266797.18364,-4279524002.603978,-4256726098.5735235,-4233872954.9801235,-4210964440.9688225,-4188000424.929359,-4164980774.4834914,-4141905356.4721327,-4118774036.942295,-4095586681.1338444,-4072343153.4660754,-4049043317.524049,-4025687036.044799,-4002274170.9032884,-3978804583.0981812,-3955278132.7374244,-3931694679.023597,-3908054080.2390623,-3884356193.7309337,-3860600875.895775,-3836787982.1641474,-3812917366.9848714,-3788988883.809125,-3765002385.07428,-3740957722.187529,-3716854745.5092583,-3692693304.33621,-3668473246.884402,-3644194420.271778,-3619856670.500653,-3595459842.439864,-3571003779.806703,-3546488325.1485605,-3521913319.824319,-3497278603.985485,-3472584016.5570054,-3447829395.2178507,-3423014576.3812904,-3398139395.1748514,-3373203685.4200153,-3348207279.611582,-3323150008.896718,-3298031703.053696,-3272852190.470282,-3247611298.1217875,-3222308851.548788,-3196944674.8344564,-3171518590.581527,-3146030419.888891,-3120479982.327789,-3094867095.917591,-3069191577.1011467,-3043453240.719739,-3017651899.987525,-2991787366.4655733,-2965859450.0353575,-2939867958.8717966,-2913812699.415744,-2887693476.345948,-2861510092.550438,-2835262349.0973234,-2808950045.2050123,-2782572978.2117457,-2756130943.5444922,-2729623734.687161,-2703051143.148078,-2676412958.426695,-2649708967.97952,-2622938957.1852446,-2596102709.308964,-2569200005.465505,-2542230624.581819,-2515194343.3583674,-2488090936.229457,-2460920175.322504,-2433681830.416114,-2406375668.896975,-2379001455.7154865,-2351558953.3400364,-2324047921.7098856,-2296468118.186592,-2268819297.5038567,-2241101211.715764,-2213313610.1432753,-2185456239.318954,-2157528842.9297447,-2129531161.7577846,-2101462933.6190848,-2073323893.299974,-2045113772.4912195,-2016832299.7196875,-1988479200.2773473,-1960054196.1475918,-1931557005.9286194,-1902987344.7537925,-1874344924.208742,-1845629452.2451382,-1816840633.090807,-1787978167.1561306,-1759041750.936439,-1730031076.9102125,-1700945833.4328265,-1671785704.625679,-1642550370.260335,-1613239505.6374798,-1583852781.4604163,-1554389863.7027447,-1524850413.469938,-1495234086.8544989,-1465540534.784302,-1435769402.863763,-1405920331.2074833,-1375992954.2658782,-1345986900.642417,-1315901792.9019704,-1285737247.3698227,-1255492873.9208026,-1225168275.7579782,-1194763049.180423,-1164276783.3393407,-1133709059.982047,-1103059453.1829991,-1072327529.0613049,-1041512845.4838887,-1010614951.7535713,-979633388.2812209,-948567686.2411336,-917417367.2087344,-886181942.7796134,-854860914.1689276,-823453771.7900643,-791959994.8115032,-760379050.6906334,-728710394.6833405,-696953469.3280636,-665107703.9028821,-633172513.8542707,-601147300.1959611,-569031448.8763208,-536824330.11255014,-504525297.689986,-472133688.22455513,-439648820.3865339,-407069994.0834453,-374396489.6000317,-341627566.69294524,-308762463.6378144,-275800396.22615206,-242740556.7094637,-209582112.6877891,-176324205.9397611,-142965951.1910484,-109506434.81809524,-75944713.48365709,-42279812.700606644,-8510725.320298642,25363590.058422983,59344210.76371178,93432251.81302823,127628867.7677503,161935254.68489426,196352652.1709231,230882345.54283923,265525668.1021191,300284003.52717733,335158788.39043397,370151514.8062929,405263733.2166859,440497055.321077,475853157.15825737,511333782.34752214,546940745.4972205,582675935.7889961,618541320.7465287,654538950.1978797,690670960.4410101,726939578.6225231,763347127.3400565,799896029.4793423,836588813.2972851,873428117.7631551,910416698.1702317,947557432.0311425,984853325.2704235,1022307518.7285736,1059923294.9925563,1097704085.568225,1135653478.4109457,1173775225.8313777,1212073252.794086,1250551665.6275182,1289214761.1646292,1328067036.3343327,1367113198.2248664,1406358174.6410608,1445807125.1786385,1485465452.839481,1525338816.2132392,1565433142.2515752,1605754639.6627936,1646309812.9557981,1687105477.163983,1728148773.2810411,1769447184.4423952,1811008552.887939,1852841097.7435362,1894953433.6610584,1937354590.3590634,1980054033.108746,2023061684.2127872,2066387945.5277786,2110043722.084354,2154040446.8631773,2198390106.789007,2243105270.010007,2288199114.534591,2333685458.3041043,2379578790.786121,2425894306.1803174,2472647938.337249,2519856397.4988585,2567537208.9799886,2615708753.9206605,2664390312.251274,2713602108.0259576,2763365357.293719,2813702318.6928062,2864636346.9704065,2916191949.6478534,2968394847.0703764,3021272036.100038,3074851857.7304397,3129164068.9214025,3184239918.970359,3240112230.7536573,3296815487.183458,3354385923.232937,3412861623.8808074,3472282628.312549,3532691040.6852293,3594131147.709819,3656649543.220377,3720295259.7749434,3785119907.1531153,3851177817.36501,3918526195.442192,3987225274.8164234,4057338475.469788,4128932562.2147245,4202077799.3757854,4276848096.721295,4353321139.637277,4431578494.125818,4511705674.089206,4593792154.332291,4677931307.524972,4764220236.693138,4852759466.241099,4943652443.531428,5037004789.001617,5132923214.84713,5231514009.397199,5332880955.133131,5437122511.19939,5544328044.189968,5654572831.443324,5767911486.005804,5884369358.211478,6003931351.309198,6126527443.156497,6252014028.029154,6380149978.042206,6510566070.527035,6642726138.390325,6775877986.065988,6908991800.909069,7040683532.7276,7169120612.398249,7291907609.54055,7405950287.299238,7507298496.301837,7590972279.516268,7650782790.97232,7679172450.524415,7667121172.211208,7604204949.31579,7478964206.39372,7279872269.074863,6997451126.361044,6628584254.223602,6185060637.167645,5710602825.154076,5319761406.61311,5334101533.581828,6958083671.256887,0.0
7395.0,-3994549880.191905,-3972754855.212092,-3950910614.9585047,-3929017060.4789424,-3907074092.3334827,-3885081610.5859013,-3863039514.7950344,-3840947704.00601,-3818806076.7413354,-3796614530.991931,-3774372964.207991,-3752081273.289773,-3729739354.5782375,-3707347103.845603,-3684904416.2857695,-3662411186.5046062,-3639867308.5101466,-3617272675.702654,-3594627180.864563,-3571930716.150299,-3549183173.0759783,-3526384442.508977,-3503534414.657377,-3480632979.059284,-3457680024.572028,-3434675439.3612013,-3411619110.88959,-3388510925.905986,-3365350770.4338083,-3342138529.7596416,-3318874088.4216137,-3295557330.1976013,-3272188138.0933433,-3248766394.3303685,-3225291980.3337765,-3201764776.7198663,-3178184663.283613,-3154551518.9859743,-3130865221.9410276,-3107125649.4029536,-3083332677.752817,-3059486182.485185,-3035586038.1945734,-3011632118.561658,-2987624296.3393345,-2963562443.338547,-2939446430.413919,-2915276127.449163,-2891051403.342243,-2866772125.9903398,-2842438162.2745457,-2818049378.044314,-2793605638.1016297,-2769106806.184943,-2744552744.9527617,-2719943315.9669924,-2695278379.675927,-2670557795.3969483,-2645781421.2988462,-2620949114.383797,-2596060730.4689655,-2571116124.167709,-2546115148.870367,-2521057656.724611,-2495943498.615344,-2470772524.144102,-2445544581.607974,-2420259517.9779615,-2394917178.8767867,-2369517408.556123,-2344060049.873165,-2318544944.2665725,-2292971931.731715,-2267340850.7951627,-2241651538.488431,-2215903830.320884,-2190097560.251794,-2164232560.6614847,-2138308662.3215108,-2112325694.363833,-2086283484.2488902,-2060181857.7325828,-2034020638.8320224,-2007799649.790031,-1981518711.0383003,-1955177641.1591463,-1928776256.8457468,-1902314372.8608294,-1875791801.9936643,-1849208355.0153365,-1822563840.6320882,-1795858065.436758,-1769090833.8581064,-1742261948.10794,-1715371208.1259415,-1688418411.5220103,-1661403353.5160313,-1634325826.874907,-1607185621.846683,-1579982526.091624,-1552716324.6100821,-1525386799.6669035,-1497993730.712302,-1470536894.2989037,-1443016063.9947457,-1415431010.2921128,-1387781500.511828,-1360067298.7028954,-1332288165.5371077,-1304443858.1984255,-1276534130.266831,-1248558731.5962892,-1220517408.1865823,-1192409902.048615,-1164235951.0628881,-1135995288.8306828,-1107687644.5176928,-1079312742.689539,-1050870303.1388693,-1022360040.7034816,-993781665.0750636,-965134880.5979896,-936419386.0576594,-907634874.4578644,-878781032.7865102,-849857541.7691329,-820864075.6095678,-791800301.7170577,-762665880.4190811,-733460464.6591854,-704183699.6790196,-674835222.6836847,-645414662.4896452,-615921639.15414,-586355763.5853037,-556716637.131787,-527003851.1510276,-497216986.55490774,-467355613.33170974,-437419290.0431366,-407407563.2950797,-377319967.18086517,-347156022.6954882,-316915237.1194378,-286597103.3704783,-256201099.32187027,-225726687.0852202,-195173312.2563093,-164540403.12188876,-133827369.82561496,-103033603.49104077,-72158475.29948154,-41201335.52059978,-10161512.493277222,20961688.445578665,52168986.08693975,83461124.53293411,114838874.44021857,146303034.32649004,177854431.94310883,209493925.71706888,241222406.26561102,273040797.9870177,304950060.7311635,336951191.5536402,369045226.5574143,401233242.8261274,433516360.45332265,465895744.6721322,498372608.08995605,530948213.03317416,563623874.0067353,596400960.2740722,629280898.5626051,662265175.9007014,695355342.5918334,728553015.332145,761859880.4777439,795277697.4683157,828808302.4138741,862453611.8517566,896215626.6811585,930096436.2827932,964098222.8315424,998223265.8101443,1032473946.7323937,1066852754.0843338,1101362288.49252,1136005268.1284094,1170784534.3583906,1205703057.6491764,1240763943.7385688,1275970440.0818636,1311325942.5844574,1346834002.6315007,1382498334.42566,1418322822.6443892,1454311530.4283116,1490468707.712606,1526798799.9135523,1563306456.982592,1599996542.840578,1636874145.2050238,1673944585.823545,1711213431.1267006,1748686503.3138742,1786369891.885871,1824269965.638231,1862393385.129344,1900747115.6377773,1939338440.6232157,1978174975.7057657,2017264683.178393,2056615887.067493,2096237288.756639,2136137983.18873,2176327475.6617703,2216815699.233531,2257613032.7504263,2298730319.51566,2340178886.611666,2381970564.891393,2424117709.6525908,2466633222.0083404,2509530570.9661517,2552823816.2263074,2596527631.708171,2640657329.81029,2685228886.4065795,2730258966.575716,2775764951.0546055,2821764963.3982034,2868277897.8170295,2915323447.6494446,2962922134.407522,3011095337.311806,3059865323.200333,3109255276.659057,3159289330.172365,3209992594.0309463,3261391185.6568017,3313512257.90733,3366384025.7975764,3420035790.925274,3474497962.68978,3529802075.1538334,3585980798.0941253,3643067940.408634,3701098443.577049,3760108362.2829576,3820134828.574786,3881215995.032265,3943390951.273456,4006699606.7313566,4071182530.8828382,4136880739.945611,4203835416.370289,4272087544.121522,4341677438.611129,4412644145.030716,4485024672.499958,4558853023.617604,4634158969.331015,4710966507.107232,4789291925.689887,4869141381.655562,4950507870.824649,5033367450.499772,5117674535.54659,5203356051.445278,5290304179.52399,5378367372.584612,5467339252.2274,5556944922.112395,5646824145.000856,5736510738.530542,5825407451.554149,5912755501.4765415,5997597904.605705,6078735752.145626,6154676733.521223,6223575582.086096,6283166868.208301,6330691930.680899,6362824093.584026,6375600246.802058,6364373293.788322,6323810357.428261,6247978382.688237,6130585920.845731,5965494403.115721,5747686276.476465,5475001585.814578,5151161151.747851,4790931727.296954,4428890287.2463875,4135031053.740525,4049401162.53744,4479413190.516103,5643622653.308802,0.0
7392.5,-3602391636.9327974,-3581306075.7022967,-3560176393.0590196,-3539002516.092661,-3517784371.597334,-3496521886.0660877,-3475214985.6854153,-3453863596.329685,-3432467643.555524,-3411027052.5961595,-3389541748.355715,-3368011655.4034514,-3346436697.967954,-3324816799.931276,-3303151884.823042,-3281441875.814501,-3259686695.7124925,-3237886266.9534407,-3216040511.5972204,-3194149351.321022,-3172212707.413168,-3150230500.766839,-3128202651.8737965,-3106129080.8180313,-3084009707.269356,-3061844450.476973,-3039633229.262951,-3017375962.01568,-2995072566.683258,-2972722960.7668195,-2950327061.3138094,-2927884784.91119,-2905396047.6786156,-2882860765.2614913,-2860278852.8240285,-2837650225.0421658,-2814974796.096483,-2792252479.6649947,-2769483188.915879,-2746666836.5001354,-2723803334.544162,-2700892594.642194,-2677934527.8487206,-2654929044.6707506,-2631876055.0599833,-2608775468.4048753,-2585627193.52259,-2562431138.6508064,-2539187211.4394116,-2515895318.9420395,-2492555367.607472,-2469167263.2708626,-2445730911.1448107,-2422246215.810218,-2398713081.207011,-2375131410.6245856,-2351501106.692088,-2327822071.3684406,-2304094205.932101,-2280317410.9705863,-2256491586.369688,-2232616631.30239,-2208692444.217469,-2184718922.8277287,-2160695964.0979075,-2136623464.232134,-2112501318.661011,-2088329422.0282393,-2064107668.176744,-2039835950.134326,-2015514160.0987544,-1991142189.4222848,-1966719928.595544,-1942247267.2308283,-1917724094.0446186,-1893150296.8394086,-1868525762.4847498,-1843850376.8974233,-1819124025.020763,-1794346590.8030066,-1769517957.1746464,-1744638006.024728,-1719706618.1759846,-1694723673.3588145,-1669689050.1839287,-1644602626.1136966,-1619464277.432004,-1594273879.2126226,-1569031305.28596,-1543736428.2040796,-1518389119.2039196,-1492989248.1685894,-1467536683.5866263,-1442031292.509101,-1416472940.504435,-1390861491.6108325,-1365196808.2861044,-1339478751.3548415,-1313707179.95272,-1287881951.4677703,-1262002921.4784763,-1236069943.6884925,-1210082869.8577955,-1184041549.7301087,-1157945830.956293,-1131795559.0136046,-1105590577.1204967,-1079330726.1467633,-1053015844.5187632,-1026645768.1194164,-1000220330.1827828,-973739361.1828035,-947202688.7159867,-920610137.3776859,-893961528.631602,-867256680.6721523,-840495408.2793881,-813677522.6659706,-786802831.3158432,-759871137.8141761,-732882241.6680748,-705835938.1176125,-678732017.9366713,-651570267.2230476,-624350467.1773257,-597072393.8698385,-569735817.995208,-542340504.6137928,-514886212.8793607,-487372695.7522967,-459799699.6976664,-432166964.3672788,-404474222.26505303,-376721198.3947636,-348907609.88937455,-321033165.62097335,-293097565.79042226,-265100501.4956647,-237041654.27770284,-208920695.64312124,-180737286.56204933,-152491076.94033635,-124181705.06476897,-95808797.01996359,-67371966.07564119,-38870812.04288599,-10304920.597854882,18326137.42848745,47022806.79626948,75785548.6398978,104614841.29020455,133511181.13739142,162475083.5366117,191507083.75816822,220607737.98429865,249777624.35464033,279017344.06261283,308327522.5049004,337708810.4864259,367161885.48324573,396687452.9658519,426286247.78552014,455959035.62641674,485706614.526208,515529816.4681392,545429509.0474901,575406597.215563,605462025.1043253,635596777.9350489,665811884.0142485,696108416.8204855,726487497.185531,756950295.5736102,787498034.4624813,818131990.830199,848853498.7515153,879663952.1079545,910564807.4156787,941557586.775356,972643880.9482626,1003825352.5629478,1035103739.4569483,1066480858.1577845,1097958607.50795,1129538972.4381967,1161224027.893741,1193015942.9178255,1224916984.8971653,1256929523.9737074,1289056037.6270678,1321299115.431972,1353661463.9948978,1386145912.0739028,1418755415.885579,1451493064.6028337,1484362086.046744,1517365852.5758922,1550507887.1756988,1583791869.7503598,1617221643.619236,1650801222.219179,1684534796.013605,1718426739.608593,1752481619.0753677,1786704199.4777832,1821099452.602491,1855672564.888318,1890428945.5502481,1925374234.8919547,1960514312.7994738,1995855307.4066846,2031403603.9214869,2067165853.5993958,2103148982.8486862,2139360202.4486895,2175807016.85952,2212497233.5980873,2249438972.6512036,2286640675.8920217,2324111116.4608364,2361859408.0652556,2399895014.147909,2438227756.8619337,2476867825.7853065,2515825786.294484,2555112587.5054436,2594739569.675869,2634718470.9451995,2675061433.2697754,2715781007.3867073,2756890156.6128945,2798402259.253135,2840331109.3527784,2882690915.4848185,2925496297.2071733,2968762278.761088,3012504279.5048027,3056738100.484295,3101479906.432949,3146746202.3599553,3192553803.7292233,3238919799.0407,3285861503.3981905,3333396401.3737354,3381542077.1493406,3430316129.5202956,3479736068.8671083,3529819192.628186,3580582435.112754,3632042186.6584406,3684214076.131512,3737112709.553986,3790751356.1782975,3845141571.565568,3900292745.095868,3956211556.7748046,4012901325.111542,4070361224.124404,4128585343.0566816,4187561557.010644,4247270170.2601733,4307682286.283162,4368757849.336092,4430443291.419516,4492668705.474492,4555344450.31122,4618357074.809586,4681564428.090346,4744789798.466073,4807814897.050549,4870371472.25694,4932131309.900822,4992694341.959647,5051574558.305856,5108183395.133369,5161810269.8044,5211599957.872533,5256526584.945625,5295364165.79463,5326653914.100917,5348669041.140945,5359378568.895381,5356412963.367105,5337036385.542326,5298133413.939541,5236222741.789517,5147517389.967493,5028061623.001878,4873990900.340032,4681985771.785266,4450028036.067922,4178623602.142474,3872736617.388882,3544780403.16254,3219106400.180174,2938498643.559569,2773521843.0333242,2837411894.1262875,3297031815.992825,3923120526.7573576,0.0
7390.0,-3237484302.093687,-3217136857.4930224,-3196750210.2966146,-3176324312.121687,-3155859114.4787345,-3135354568.769156,-3114810626.2828627,-3094227238.1959367,-3073604355.5682483,-3052941929.341135,-3032239910.335064,-3011498249.2472925,-2990716896.6495914,-2969895802.985924,-2949034918.5701966,-2928134193.5839686,-2907193578.0742235,-2886213021.951133,-2865192474.9858594,-2844131886.8083506,-2823031206.90518,-2801890384.6173773,-2780709369.1383095,-2759488109.511554,-2738226554.6288157,-2716924653.2278447,-2695582353.890378,-2674199605.040112,-2652776354.94067,-2631312551.693622,-2609808143.236473,-2588263077.3407116,-2566677301.609862,-2545050763.477523,-2523383410.2054553,-2501675188.8816395,-2479926046.4183855,-2458135929.5503936,-2436304784.8328714,-2414432558.6395926,-2392519197.1609983,-2370564646.402258,-2348568852.181325,-2326531760.126964,-2304453315.6767764,-2282333464.0751724,-2260172150.3712997,-2237969319.4169564,-2215724915.8644295,-2193438884.1642656,-2171111168.563003,-2148741713.100792,-2126330461.6089447,-2103877357.7073746,-2081382344.8019366,-2058845366.0816152,-2036266364.5156016,-2013645282.8502128,-1990982063.605599,-1968276649.0723343,-1945528981.3077354,-1922739002.1320014,-1899906653.1240804,-1877031875.6172807,-1854114610.6945872,-1831154799.1836662,-1808152381.6515183,-1785107298.3987768,-1762019489.4535751,-1738888894.5650263,-1715715453.1961892,-1692499104.5165682,-1669239787.3940413,-1645937440.3862503,-1622592001.7313254,-1599203409.3379495,-1575771600.774744,-1552296513.2588305,-1528778083.6436226,-1505216248.4057188,-1481610943.630854,-1457962104.9988697,-1434269667.7676086,-1410533566.7556937,-1386753736.324046,-1362930110.3562045,-1339062622.237193,-1315151204.8309739,-1291195790.4563632,-1267196310.8612876,-1243152697.1952932,-1219064879.9802365,-1194932789.0789883,-1170756353.6620727,-1146535502.1720984,-1122270162.2858799,-1097960260.8740594,-1073605723.9581567,-1049206476.6648204,-1024762443.1771983,-1000273546.6832058,-975739709.3205284,-951160852.1181849,-926536894.9345069,-901867756.391185,-877153353.8033876,-852393603.1055185,-827588418.7725277,-802737713.7364919,-777841399.2981559,-752899385.0332644,-727911578.6933143,-702877886.1005092,-677798211.0365613,-652672455.1250503,-627500517.706981,-602282295.7092077,-577017683.5053655,-551706572.7689052,-526348852.3178475,-500944407.9508257,-475493122.2740176,-449994874.5184603,-424449540.34730124,-398856991.65252453,-373217096.3405227,-347529718.10613877,-321794716.1944642,-296011945.1498905,-270181254.5517975,-244302488.73620835,-218375486.50276795,-192400080.8063665,-166376098.43268085,-140303359.65684736,-114181677.88457721,-88010859.27481252,-61790702.343125045,-35520997.545010805,-9201526.838118047,17167936.777495176,43587629.742061585,70057798.44277118,96578699.74545759,123150601.55240037,149773783.38734165,176448537.00892988,203175167.05373034,229953991.71011665,256785343.42431808,283669569.6398674,310607033.5719685,337598115.01805997,364643211.20612705,391742737.6822158,418897129.23865616,446106840.884709,473372348.86107886,500694151.70011497,528072771.333321,555508754.247937,583002672.6944027,610555125.9464715,638166741.6158553,665838177.0232791,693570120.6278547,721363293.5166843,749218450.9566605,777136384.010458,805117921.2186003,833163930.349724,861275320.2208763,889453042.589884,917698094.1217505,946011518.4309705,974394408.2016144,1002847907.387098,1031373213.4912832,1059971579.932693,1088644318.493376,1117392801.8538802,1146218466.2157276,1175122814.0125325,1204107416.710774,1233173917.7010164,1262324035.280191,1291559565.7251315,1320882386.4574797,1350294459.2994852,1379797833.8200908,1409394650.770028,1439087145.6043282,1468877652.0900877,1498768605.9966092,1528762548.864558,1558862131.8498333,1589070119.6372137,1619389394.4177256,1649822959.9228442,1680373945.507336,1711045610.2714796,1741841347.2117863,1772764687.3880587,1803819304.0926678,1835009017.0062218,1866337796.3215995,1897809766.8160114,1929429211.8481548,1961200577.2546563,1993128475.1167858,2025217687.3648179,2057473169.1834579,2089900052.1772573,2122503647.249955,2155289447.146143,2188263128.5971313,2221430554.006143,2254797772.5996504,2288371020.962784,2322156722.8664985,2356161488.2825193,2390392111.468835,2424855567.9935193,2459559010.5473127,2494509763.375774,2529715315.139065,2565183309.981401,2600921536.562271,2636937914.7667103,2673240479.771909,2709837363.100887,2746736770.24002,2783946954.3343596,2821476185.4015036,2859332714.4195247,2897524731.5445333,2936060317.5969276,2974947387.818586,3014193626.7429237,3053806412.831605,3093792731.3104167,3134159073.376773,3174911319.6450806,3216054605.3355145,3257593164.286725,3299530148.371747,3341867418.305083,3384605301.1312366,3427742308.861457,3471274811.7536144,3515196658.582985,3559498734.8984146,3604168448.6621885,3649189130.790589,3694539335.897119,3740192025.9346914,3786113616.3735943,3832262860.966419,3878589546.9592767,3925032967.7241426,3971520134.1186104,4017963679.3341565,4064259404.486545,4110283403.6634264,4155888697.540384,4200901294.0350747,4245115582.9179893,4288288959.1274467,4330135557.283432,4370318968.4736,4408443801.270587,4444045944.436475,4476581392.389894,4505413511.521925,4529798663.63759,4548870173.56816,4561620747.866033,4566883644.215234,4563313190.681671,4549365708.29706,4523282567.579445,4483078104.730648,4426536569.831488,4351224364.036311,4254526807.23386,4133722930.428915,3986117829.639269,3809260686.2105823,3601288662.284945,3361453776.474969,3090912639.5347238,2793886801.1000204,2479326524.2189326,2163204242.216665,1871443829.3939328,1643041410.745114,1531428692.864715,1595839734.4240768,1847429824.8637714,2328719532.2078924,0.0
7387.5,-2898619224.563589,-2879032401.194588,-2859411107.953692,-2839755319.542682,-2820065010.741845,-2800340156.4106264,-2780580731.488325,-2760786710.9948883,-2740958070.0317397,-2721094783.782682,-2701196827.5148706,-2681264176.5798464,-2661296806.4146643,-2641294692.543033,-2621257810.576628,-2601186136.216368,-2581079645.2538433,-2560938313.5727925,-2540762117.150661,-2520551032.0602365,-2500305034.4713798,-2480024100.652808,-2459708206.9739842,-2439357329.9070773,-2418971446.0290155,-2398550532.0236044,-2378094564.683753,-2357603520.9137616,-2337077377.731707,-2316516112.2719073,-2295919701.7874618,-2275288123.6528816,-2254621355.3668027,-2233919374.5547786,-2213182158.972136,-2192409686.506922,-2171601935.1829348,-2150758883.162799,-2129880508.7511325,-2108966790.3977797,-2088017706.7010808,-2067033236.4112468,-2046013358.4337454,-2024958051.8327503,-2003867295.8346539,-1982741069.8315983,-1961579353.3850274,-1940382126.2293174,-1919149368.2753434,-1897881059.6141431,-1876577180.5205123,-1855237711.4566345,-1833862633.075669,-1812451926.2253127,-1791005571.9513345,-1769523551.5010324,-1748005846.32663,-1726452438.088614,-1704863308.6589146,-1683238440.1240284,-1661577814.7879727,-1639881415.175096,-1618149224.0327141,-1596381224.3335443,-1574577399.2779155,-1552737732.2957585,-1530862207.0482795,-1508950807.4293902,-1487003517.5667493,-1465020321.8224857,-1443001204.793519,-1420946151.3114352,-1398855146.4418986,-1376728175.483579,-1354565223.9664984,-1332366277.6498048,-1310131322.5189004,-1287860344.7818696,-1265553330.8651888,-1243210267.4086258,-1220831141.2592723,-1198415939.4646823,-1175964649.2650266,-1153477258.0841897,-1130953753.5197477,-1108394123.3317766,-1085798355.4303555,-1063166437.8617316,-1040498358.7930474,-1017794106.4955298,-995053669.3260357,-972277035.7068954,-949464194.103892,-926615133.0023266,-903729840.8809674,-880808306.1838887,-857850517.2899266,-834856462.4797215,-811826129.9001802,-788759507.5261966,-765656583.1194707,-742517344.1842992,-719341777.92015,-696129871.1708254,-672881610.3700827,-649596981.4834583,-626275969.9461281,-602918560.5966073,-579524737.6060482,-556094484.40289,-532627783.5926812,-509124616.8727746,-485584964.9416332,-462008807.40253365,-438396122.6613225,-414746887.8179543,-391061078.551522,-367338668.99844694,-343579631.62348795,-319783937.08325464,-295951554.08182645,-272082449.21816033,-248176586.82482603,-224233928.7977446,-200254434.41648626,-176238060.15463188,-152184759.4798744,-128094482.64328581,-103967176.45730665,-79802784.06198332,-55601244.678901106,-31362493.35227564,-7086460.676689804,17226927.48912683,41577750.323087916,65966092.355647296,90392043.80151637,114855700.90778804,139357166.3191561,163896549.4609197,188473966.94051456,213089542.9681816,237743409.7976631,262435708.18762237,287166587.88453054,311936208.1278927,336744738.17861944,361592357.8713205,386479258.19147265,411405641.87821597,436371724.05377644,461377732.8803103,486423910.2451354,511510512.47524893,536637811.0820477,561806093.537167,587015664.0804352,612266844.5607512,637559975.3109423,662895416.0574114,688273546.8655806,713694769.1219062,739159506.553436,764668206.2856964,790221339.9397317,815819404.7690401,841462924.837177,867152452.236613,892888568.349524,918671885.150954,944503046.5548537,970382729.8032734,996311646.8989319,1022290546.0813146,1048320213.3461379,1074401474.008071,1100535194.3062177,1126722283.0518336,1152963693.317386,1179260424.165902,1205613522.4192452,1232024084.4635954,1258493258.090171,1285022244.368739,1311612299.5511193,1338264737.0013726,1364980929.1488528,1391762309.459799,1418610374.42244,1445526685.5399156,1472512871.324657,1499570629.2868752,1526701727.909075,1553908008.5973353,1581191387.5992084,1608553857.8766062,1635997490.9210253,1663524438.4967396,1691136934.2961197,1718837295.4894686,1746627924.1497614,1774511308.530576,1802490024.1731393,1830566734.815808,1858744193.0763981,1887025240.8746834,1915412809.5587895,1943909919.6953316,1972519680.4789305,2001245288.7118092,2030090027.298976,2059057263.1985424,2088150444.7600837,2117373098.3766932,2146728824.3679712,2176221292.002184,2205854233.555277,2235631437.2928987,2265556739.2484837,2295634013.655619,2325867161.8763247,2356260099.647827,2386816742.449217,2417540988.7648115,2448436700.9936132,2479507683.722511,2510757659.0451174,2542190238.566824,2573808891.689718,2605616909.7170014,2637617365.2546153,2669813066.3165503,2702206504.458496,2734799796.169925,2767594616.645912,2800592124.934268,2833792879.3081093,2867196741.54609,2900802768.607707,2934609089.9658484,2968612768.597323,3002809643.3291287,3037194149.886722,3071759117.5823803,3106495538.1085224,3141392302.350936,3176435900.499142,3211610079.9911537,3246895454.9713583,3282269059.945976,3317703839.1687555,3353168061.958061,3388624652.609005,3424030421.7927847,3459335184.2991576,3494480745.644874,3529399737.407877,3564014278.1223345,3598234433.154824,3631956443.1567745,3665060686.4462276,3697409336.028957,3728843666.9767194,3759180964.644248,3788210978.9112754,3815691864.5828896,3841345543.738838,3864852422.896757,3885845397.3897986,3903903078.8714614,3918542191.5257244,3929209101.4663033,3935270476.2990313,3936003123.9564934,3930583140.085417,3918074613.0057726,3897418310.290354,3867421022.607546,3826746597.163108,3773910192.8014483,3707277981.5168247,3625075471.8355417,3525408922.0740724,3406306052.4991302,3265784588.469329,3101960234.6953187,2913209681.780483,2698409365.1388865,2457277015.136909,2190850230.706562,1902142797.4871678,1597020206.0321496,1285316710.0071454,982139836.0680096,709070606.4260992,494227301.1309438,367543105.6836623,337779369.40217894,319302670.3080139,453521744.4055788,0.0
7385.0,-2584587100.5059247,-2565777760.51183,-2546938489.304023,-2528069283.295165,-2509170139.1574683,-2490241053.8262506,-2471282024.503661,-2452293048.662506,-2433274124.0501537,-2414225248.6925817,-2395146420.8985567,-2376037639.263887,-2356898902.6758437,-2337730210.317674,-2318531561.67325,-2299302956.5318494,-2280044394.993051,-2260755877.4717755,-2241437404.703447,-2222088977.7492876,-2202710598.0017643,-2183302267.1901383,-2163863987.3861866,-2144395761.0100298,-2124897590.8361323,-2105369479.9994068,-2085811432.0014834,-2066223450.7171268,-2046605540.4007401,-2026957705.6930885,-2007279951.6281102,-1987572283.639863,-1967834707.569651,-1948067229.6732635,-1928269856.628346,-1908442595.5419102,-1888585453.958004,-1868698439.8654704,-1848781561.7058768,-1828834828.3815372,-1808858249.2636802,-1788851834.200725,-1768815593.5266864,-1748749538.069663,-1728653679.1604662,-1708528028.6413321,-1688372598.874707,-1668187402.752178,-1647972453.7034163,-1627727765.7052279,-1607453353.2906861,-1587149231.5582705,-1566815416.181091,-1546451923.4161148,-1526058770.1134517,-1505635973.7256093,-1485183552.316763,-1464701524.5720093,-1444189909.8065865,-1423648727.9750183,-1403077999.6802328,-1382477746.182549,-1361847989.4086015,-1341188751.9600863,-1320500057.1224055,-1299781928.8730912,-1279034391.890073,-1258257471.5596893,-1237451193.9844258,-1216615585.9904366,-1195750675.1346607,-1174856489.7116551,-1153933058.7599905,-1132980412.068268,-1111998580.1806273,-1090987594.4017792,-1069947486.8014735,-1048878290.2183583,-1027780038.2632371,-1006652765.3215668,-985496506.55524,-964311297.9035724,-943097176.0833727,-921854178.5881349,-900582343.6861879,-879281710.4178228,-857952318.5912381,-836594208.7772975,-815207422.3029898,-793792001.2435098,-772347988.412867,-750875427.3529534,-729374362.3209404,-707844838.2749475,-686286900.8578327,-664700596.3790561,-643085971.7944031,-621443074.6835742,-599771953.225423,-578072656.1707389,-556345232.8124743,-534589732.9532195,-512806206.8698003,-490994705.27490383,-469155279.2754443,-447287980.3276586,-425392860.1886126,-403469970.86408204,-381519364.5524833,-359541093.5847767,-337535210.3600784,-315501767.276778,-293440816.65897244,-271352410.67798525,-249236601.26872718,-227093440.04063675,-204922978.18303865,-182725266.3645689,-160500354.6264373,-138248292.2692685,-115969127.73323919,-93662908.47116551,-71329680.81431553,-48969489.83059001,-26582379.174774647,-4168390.9305019975,18272434.55638683,40740058.85340388,63234445.626343995,85755560.83383349,108303372.93194428,130877853.08928469,153478975.41283354,176106717.185072,198761059.112715,221441985.58748144,244149484.95934433,266883549.82269603,289644177.31579614,312431369.43402815,335245133.3573552,358085481.7924234,380952433.3297848,403846012.81664705,426766251.74564135,449713188.6600164,472686869.57573724,495687348.42085576,518714687.4926729,541768957.9330074,564850240.2220464,587958624.6911399,611094212.0548718,634257113.9627906,657447453.5711108,680665366.1346157,703910999.6191092,727184515.3344811,750486088.5886822,773815909.3626152,797174183.0060545,820561130.9544842,843976991.4668719,867422020.3840802,890896491.9077148,914400699.398994,937934956.1971633,961499596.4567661,985094976.0031472,1008721473.2050494,1032379489.8634375,1056069452.1150984,1079791811.3495793,1103547045.1377726,1127335658.1701276,1151158183.2022772,1175015182.005481,1198907246.319077,1222834998.8016338,1246799093.9772243,1270800219.1727185,1294839095.4415526,1318916478.4689896,1343033159.4531574,1367189965.9557278,1391387762.7153013,1415627452.415854,1439909976.4018562,1464236315.3307855,1488607489.752693,1513024560.6056764,1537488629.6147482,1562000839.5804794,1586562374.542424,1611174459.8008366,1635838361.7785728,1660555387.703361,1685326885.0885768,1710154240.988635,1735038881.002809,1759982267.9985793,1784985900.5229945,1810051310.8673778,1835180062.7472658,1860373748.5558484,1885633986.1450171,1910962415.0835276,1936360692.3369017,1961830487.3080425,1987373476.1714292,2012991335.4269204,2038685734.5916827,2064458327.940245,2090310745.1933737,2116244581.0459852,2142261383.4125829,2168362640.2556834,2194549764.848009,2220824079.3027906,2247186796.1880937,2273638998.020259,2300181614.408157,2326815396.5935555,2353540889.1030507,2380358398.1932583,2407267956.7327566,2434269285.120843,2461361747.794119,2488544304.815756,2515815457.978821,2543173190.7825336,2570614901.5575767,2598137328.9225545,2625736468.6457815,2653407480.863865,2681144586.4678283,2708940951.306665,2736788556.6743703,2764678054.335589,2792598604.10402,2820537691.7113333,2848480924.3881793,2876411801.2166815,2904311454.899367,2932158361.115318,2959928011.0924964,2987592542.406039,3015120322.306589,3042475477.078536,3069617360.0143294,3096499949.554781,3123071167.973757,3149272109.6661544,3175036166.618186,3200288036.989028,3224942600.9056926,3248903645.5676546,3272062419.582301,3294295994.126848,3315465406.098446,3335413555.9383287,3353962830.406517,3370912418.40141,3386035286.2020793,3399074777.601609,3409740804.781821,3417705598.130301,3422598988.457107,3424003204.5177393,3421447184.1407,3414400420.9580812,3402266403.9156613,3384375757.6122527,3359979263.648451,3328241043.8193483,3288232324.5544324,3238926390.4669795,3179195588.25509,3107811578.977019,3023450479.0200677,2924705103.373533,2810107256.800888,2678163936.366209,2527412433.5555053,2356500659.9292603,2164300532.6118975,1950063830.781127,1713631292.8951876,1455706247.774145,1178202434.5699818,884669069.1371849,580778794.8965974,274823446.973043,-21930310.932052135,-295400815.23264956,-530404920.040841,-717257320.0262623,-874294602.6119314,-1110341605.211794,-1720932046.1269846,0.0
7382.5,-2294185373.087971,-2276165228.808441,-2258119492.5889444,-2240048181.2445374,-2221951312.0259333,-2203828902.6259375,-2185680971.185994,-2167507536.302941,-2149308617.035864,-2131084232.9131482,-2112834403.9396856,-2094559150.604226,-2076258493.8869245,-2057932455.2670274,-2039581056.730757,-2021204320.7793427,-2002802270.437255,-1984374929.2605827,-1965922321.345623,-1947444471.3376226,-1928941404.4397333,-1910413146.4221158,-1891859723.6312516,-1873281162.9994333,-1854677492.0544486,-1836048738.9294505,-1817394932.3730102,-1798716101.7593668,-1780012277.0988705,-1761283489.048611,-1742529768.9232316,-1723751148.7059634,-1704947661.0597923,-1686119339.3388927,-1667266217.6001801,-1648388330.6150866,-1629485713.8815305,-1610558403.6360335,-1591606436.866066,-1572629851.3225377,-1553628685.5324662,-1534602978.8118598,-1515552771.2787082,-1496478103.8661835,-1477379018.3359902,-1458255557.291867,-1439107764.1932356,-1419935683.3690093,-1400739360.031523,-1381518840.2905865,-1362274171.1676817,-1343005400.6102653,-1323712577.50616,-1304395751.6980405,-1285054973.998042,-1265690296.2023718,-1246301771.1060348,-1226889452.517584,-1207453395.2738805,-1187993655.2549152,-1168510289.398581,-1149003355.7154565,-1129472913.3035345,-1109919022.3629165,-1090341744.210393,-1070741141.2939656,-1051117277.2072102,-1031470216.7035156,-1011800025.7101305,-992106771.3420383,-972390521.9155568,-952651346.961716,-932889317.239312,-913104504.7476788,-893296982.7390312,-873466825.7304558,-853614109.5154614,-833738911.1750002,-813841309.0880308,-793921382.9414512,-773979213.7394518,-754014883.8121716,-734028476.8236512,-714020077.7790017,-693989773.0307437,-673937650.284231,-653863798.6021602,-633768308.4080119,-613651271.4884212,-593512780.9943931,-573352931.4412608,-553171818.7073543,-532969540.0312418,-512746194.00752604,-492501880.58104545,-472236701.0394379,-451950758.0039358,-431644155.41831934,-411316998.53592384,-390969393.90457106,-370601449.3493471,-350213273.95309603,-329804978.03450286,-309376673.1236874,-288928471.93509877,-268460488.3376925,-247972837.32213208,-227465634.96501437,-206938998.38982394,-186393045.72460836,-165827896.05610687,-145243669.38027906,-124640486.54897137,-104018469.2126486,-83377739.75895755,-62718421.24695724,-42040637.336876675,-21344512.21516311,-630170.5146869421,20102262.770150676,40852662.37353437,61620902.853818566,82406858.69477126,103210404.4126719,124031414.66947055,144869764.3922436,165725328.8991208,186597984.03193188,207487606.2957651,228394073.00564557,249317262.44057688,270257054.00515914,291213328.3989417,312185967.793799,333174856.01948357,354179878.75756776,375200923.74398637,396237880.98035884,417290642.95426583,438359104.86867017,459443164.88061875,480542724.34938914,501657688.09421325,522787964.66167843,543933466.6028959,565094110.7605342,586269818.5657393,607460516.3449469,628666135.6366018,649886613.5177242,671121892.9401877,692371923.0766654,713636659.6759307,734916065.4274203,756210110.3346226,777518772.0970219,798842036.5001351,820179897.8130746,841532359.1931394,862899433.0966284,884281141.6951385,905677517.2964072,927088602.7686527,948514451.9672709,969955130.1625067,991410714.4666544,1012881294.2591224,1034366971.6074765,1055867861.6824424,1077384093.1645303,1098915808.6398017,1120463164.9819214,1142026333.7174234,1163605501.3708093,1185200869.7856655,1206812656.41774,1228441094.595398,1250086433.742547,1271748939.5585296,1293428894.1490953,1315126596.1018665,1336842360.4992626,1358576518.8610158,1380329419.0078812,1402101424.837177,1423892916.000145,1445704287.4700432,1467535948.9889777,1489388324.3804262,1511261850.7131252,1533156977.3008535,1555074164.521159,1577013882.4346254,1598976609.184579,1620962829.155469,1642973030.865975,1665007704.5710747,1687067339.5446684,1709152421.012069,1731263426.6987147,1753400822.9585228,1775565060.441912,1797756569.2598755,1819975753.596506,1842222985.7178915,1864498599.3204925,1886802882.1567554,1909136067.8697839,1931498326.962367,1953889756.8185184,1976310370.6876113,1998760085.532414,2021238708.632463,2043745922.8233974,2066281270.2406065,2088844134.4222019,2111433720.6111054,2134049034.0792975,2156688856.278546,2179351718.600686,2202035873.507181,2224739262.7611284,2247459482.4651794,2270193744.5755963,2292938834.524986,2315691064.544151,2338446222.2257376,2361199513.8187075,2383945501.6820993,2406678035.2578387,2429390174.8452706,2452074107.3722577,2474721053.2588887,2497321163.357706,2519863404.8274384,2542335434.6538253,2564723459.368193,2587012079.330738,2609184115.7366977,2631220418.2681518,2653099651.047379,2674798054.2464237,2696289178.367514,2717543587.8252583,2738528530.029876,2759207565.685517,2779540155.4735856,2799481197.6829214,2818980510.670862,2837982253.2873244,2856424275.56388,2874237391.0591035,2891344561.2604146,2907659981.3746405,2923088055.7035027,2937522249.6125093,2950843803.8884783,2962920296.083105,2973604032.317254,2982730252.059141,2990115127.7103977,2995553540.605005,2998816615.47663,2999648996.892026,2997765853.999658,2992849604.7616887,2984546358.361814,2972462085.680658,2956158543.8689585,2935149003.761598,2908893860.259433,2876796248.5210605,2838197846.1863723,2792375118.011523,2738536359.205141,2675820023.2743006,2603294985.9484563,2519963605.823971,2424768701.5420327,2316605879.662988,2194343017.807145,2056849126.4523835,1903035256.5785084,1731910537.7613297,1542656722.7425253,1334724597.9519591,1107954972.8899572,862725125.5910963,600117601.6735897,322100546.91768223,31694741.96615088,-266921639.84220266,-568459202.6315157,-866866588.5685335,-1156245021.3485305,-1432843392.374906,-1699418235.403481,-1975743495.8093638,-2335786909.089015,-3451208538.555153,0.0
7380.0,-2026224680.6875126,-2009000769.876617,-1991755403.9549525,-1974488618.8912256,-1957200451.260285,-1939890938.2522054,-1922560117.6815648,-1905208027.996941,-1887834708.2905583,-1870440198.3081625,-1853024538.4590912,-1835587769.8265429,-1818129934.1780581,-1800651073.976193,-1783151232.3894346,-1765630453.3032942,-1748088781.3316374,-1730526261.8282237,-1712942940.8984778,-1695338865.4114585,-1677714083.0120916,-1660068642.1335711,-1642402592.0100482,-1624715982.689502,-1607008865.04688,-1589281290.7974305,-1571533312.510296,-1553764983.622342,-1535976358.4521947,-1518167492.214531,-1500338441.0346262,-1482489261.9630828,-1464620012.9908416,-1446730753.0644202,-1428821542.1013658,-1410892441.005963,-1392943511.6851733,-1374974817.0647814,-1356986421.105809,-1338978388.821127,-1320950786.2923114,-1302903680.686709,-1284837140.2747264,-1266751234.447341,-1248646033.7338045,-1230521609.8196027,-1212378035.5645332,-1194215385.0210783,-1176033733.4528916,-1157833157.3535013,-1139613734.4652028,-1121375543.7980917,-1103118665.649284,-1084843181.6222668,-1066549174.6464238,-1048236728.996649,-1029905930.313129,-1011556865.6212057,-993189623.3513454,-974804293.3591933,-956400966.9456941,-937979736.8772806,-919540697.406082,-901083944.2901638,-882609574.8137804,-864117687.8076051,-845608383.6689115,-827081764.3817277,-808537933.5368893,-789976996.3520038,-771399059.6912742,-752804232.0851907,-734192623.7500169,-715564346.607103,-696919514.301916,-678258242.2228377,-659580647.5196542,-640886849.1216717,-622176967.7555239,-603451125.9625053,-584709448.1154968,-565952060.4353839,-547179091.0069367,-528390669.79412985,-509586928.654817,-490768001.35475713,-471934023.5808871,-453085132.95385766,-434221469.03971,-415343173.3606898,-396450389.40510345,-377543262.63618964,-358621940.49990517,-339686572.43162006,-320737309.861561,-301774306.2190672,-282797716.9354445,-263807699.44545102,-244804413.18730658,-225788019.60111672,-206758682.12569803,-187716566.1936502,-168661839.2246492,-149594670.61686563,-130515231.73637438,-111423695.9045434,-92320238.38323836,-73205036.35781091,-54078268.917729855,-34940117.03477062,-15790763.538707033,3369606.9096613377,22540807.848192796,41722651.04591492,60914946.53846036,80117502.66655731,99330126.11760947,118552621.9705393,137784793.74394208,157026443.44766897,176277371.63795826,195537377.4761353,214806258.79109478,234083812.14551988,253369832.90601575,272664115.3172245,291966452.57995415,311276636.9334408,330594459.7417929,349919711.5846335,369252182.3520596,388591661.34389204,407937937.37326294,427290798.8745492,446650034.0156603,466015430.81465733,485386777.26062334,504763861.43882275,524146471.6599722,543534396.593566,562927425.4051735,582325347.8974277,601727954.6546683,621135037.1908824,640546388.1007826,659961801.2136312,679381071.7495614,698803996.4778842,718230373.8770396,737660004.2955985,757092690.1137884,776528235.9048765,795966448.5957139,815407137.6256043,834850115.1026639,854295195.9566163,873742198.0870141,893190942.5056155,912641253.4716403,932092958.6184187,951545889.0698737,970999879.5450305,990454768.4486979,1009910397.9461778,1029366614.0197304,1048823266.5042751,1068280209.0996537,1087737299.3563774,1107194398.6317444,1126651372.0127177,1146108088.20176,1165564419.3614721,1185020240.913524,1204475431.286922,1223929871.61038,1243383445.3429017,1262836037.8364575,1282287535.8238325,1301737826.8244185,1321186798.4599144,1340634337.6713445,1360080329.8280659,1379524657.718681,1398967200.4128702,1418407831.9823818,1437846420.0683339,1457282824.2809494,1476716894.4168077,1496148468.4772809,1515577370.4706397,1535003407.9788237,1554426369.4681957,1573846021.3220723,1593262104.5707839,1612674331.293128,1632082380.6607711,1651485894.5949109,1670884473.0016978,1690277668.5502653,1709664980.9539587,1729045850.712081,1748419652.2656171,1767785686.5164924,1787143172.6552982,1806491239.2376385,1825828914.4438505,1845155115.4508834,1864468636.8386915,1883768137.9462965,1903052129.0847757,1922318956.5056577,1941566786.0136585,1960793585.1019077,1979997103.4760447,1999174851.8204343,2018324078.6452045,2037441745.0366364,2056524497.1153808,2075568635.9870965,2094570084.9476511,2113524353.6802297,2132426499.1539059,2151271082.9022627,2170052124.3259077,2188763049.6241317,2207396635.917409,2225944950.0740385,2244399281.699772,2262750069.68838,2280986821.66277,2299098025.559792,2317071052.525948,2334892050.1951065,2352545825.311345,2370015714.539286,2387283442.1688156,2404328963.2694964,2421130290.6804605,2437663304.0319705,2453901538.7833476,2469815953.026148,2485374669.5391173,2500542690.2903767,2515281580.2596564,2529549117.0978184,2543298902.749661,2556479932.737998,2569036118.3415656,2580905756.396338,2592020940.911572,2602306910.12204,2611681322.0034933,2620053450.6705236,2627323295.4708667,2633380594.011794,2638103729.8356285,2641358525.0486784,2642996907.963493,2642855445.8218412,2640753733.037171,2636492626.2770553,2629852319.291282,2620590252.9292994,2608438859.6047487,2593103146.968366,2574258133.2693114,2551546157.483157,2524574101.591696,2492910581.441977,2456083187.641115,2413575890.461903,2364826764.5040226,2309226241.8808446,2246116169.1584086,2174790025.3521066,2094494757.8891473,2004434811.6455748,1903779062.3021302,1791671515.4404433,1667246787.4952655,1529651524.9252443,1378073009.3518293,1211776179.6544337,1030150078.1470909,832764135.292738,619433485.8573244,390290247.2996982,145853751.71324268,-112913839.14750856,-384590577.6184468,-667356280.0453289,-959194166.7356641,-1258318606.6530762,-1563926809.4694057,-1877320851.1424732,-2203166633.2007704,-2549594458.6108394,-2923039294.883449,-3327124695.423611,-4177032894.9465847,0.0
7377.5,-1779534407.6709316,-1763109547.937666,-1746667166.313595,-1730207316.7260697,-1713730053.8725882,-1697235433.232388,-1680723511.0782573,-1664194344.4885995,-1647647991.3596797,-1631084510.4181576,-1614503961.2338006,-1597906404.2324867,-1581291900.709401,-1564660512.8425047,-1548012303.7062452,-1531347337.2855082,-1514665678.4898052,-1497967393.167767,-1481252548.12182,-1464521211.1231937,-1447773450.9271314,-1431009337.2883906,-1414228940.9769976,-1397432333.7942882,-1380619588.5891862,-1363790779.2747827,-1346945980.8451571,-1330085269.3924947,-1313208722.1244597,-1296316417.3818579,-1279408434.6565769,-1262484854.609769,-1245545759.0903533,-1228591231.1537921,-1211621355.0810943,-1194636216.3981488,-1177635901.8953326,-1160620499.6473393,-1143590099.033347,-1126544790.7574244,-1109484666.869219,-1092409820.7848985,-1075320347.3083887,-1058216342.6528454,-1041097904.4624088,-1023965131.8342111,-1006818125.340621,-989656987.0517788,-972481820.5583292,-955292730.9944211,-938089825.0609529,-920873211.0490134,-903642998.8635874,-886399300.0474243,-869142227.8051826,-851871897.0276961,-834588424.3165061,-817291928.0085316,-799982528.2009131,-782660346.7760386,-765325507.4267062,-747978135.6814351,-730618358.9298836,-713246306.4484084,-695862109.4257027,-678465900.9885223,-661057816.2274859,-643637992.2229395,-626206568.0708104,-608763684.9085467,-591309485.9409982,-573844116.466306,-556367723.9017435,-538880457.8094935,-521382469.92234933,-503873914.16927886,-486354946.7009036,-468825725.91476023,-451286412.48044693,-433737169.36448866,-416178161.8550042,-398609557.5861046,-381031526.56197006,-363444241.1806135,-345847876.2572664,-328242609.04739803,-310628619.2692622,-293006089.1260118,-275375203.3272991,-257736149.1103338,-240089116.26037765,-222434297.13060802,-204771886.66133144,-187102082.3985101,-169425084.51153553,-151741095.81024867,-134050321.76110855,-116352970.5025112,-98649252.85921629,-80939382.35579464,-63223575.22910668,-45502050.4397251,-27775029.68227616,-10042737.394683182,7694599.233808845,25436750.255770102,43183482.96001983,60934561.86730767,78689748.7273685,96448802.51733568,114211479.4415519,131977532.93282384,149746713.65516904,167518769.50803974,185293445.63207322,203070484.41641474,220849625.5075749,238630605.81987596,256413159.5474806,274197018.17800665,291981910.5077112,309767562.6582309,327553698.09489477,345340037.6465082,363126299.52661973,380912199.3562193,398697450.18776405,416481762.53048414,434264844.376892,452046401.2303084,469826136.1334032,487603749.6974846,505378940.1324444,523151403.27715206,540920832.6300713,558686919.3798894,576449352.4358444,594207818.4575199,611962001.8836933,629711584.9599392,647456247.7645415,665195668.2322595,682929522.1754677,700657483.3021204,718379223.2299247,736094411.4960673,753802715.5617917,771503800.8110063,789197330.5420809,806882965.9518876,824560366.1110554,842229187.9293426,859889086.1098671,877539713.0909483,895180718.9740753,912811751.4364443,930432455.6264591,948042474.0402582,965641446.3774068,983229009.3735416,1000804796.6077192,1018368438.281916,1035919560.9700416,1053457787.3335186,1070982735.8003256,1088494020.204067,1105991249.3794734,1123474026.7103403,1140941949.6257007,1158394609.0396423,1175831588.729845,1193252464.6494877,1210656804.1668942,1228044165.2266762,1245414095.4257941,1262766130.9973814,1280099795.6946633,1297414599.5666957,1314710037.617026,1331985588.3357282,1349240712.0944467,1366474849.393431,1383687418.9485598,1400877815.6055465,1418045408.0674322,1435189536.42056,1452309509.442857,1469404601.6772585,1486474050.2515604,1503517051.4246643,1520532756.8375907,1537520269.445885,1554478639.108263,1571406857.8043222,1588303854.4520233,1605168489.2931712,1621999547.812786,1638795734.1552305,1655555663.9971719,1672277856.8339384,1688960727.6324327,1705602577.7997065,1722201585.4120505,1738755794.6448133,1755263104.337918,1771721255.6265645,1788127818.5602643,1804480177.6267672,1820775516.0897796,1837010799.041433,1853182755.061165,1869287856.3630552,1885322297.3023655,1901281971.1002855,1917162444.6322024,1932958931.1103716,1948666260.4752133,1964278847.2916431,1979790655.9266796,1995195162.762374,2010485315.1735227,2025653486.9722934,2040691429.9915276,2055590221.444853,2070340206.6642728,2084930936.7743776,2099351100.8160768,2113588451.7814827,2127629725.964501,2141460554.9683077,2155065369.6406784,2168427295.1297493,2181528036.166517,2194347751.584034,2206864916.9771423,2219056174.288865,2230896166.9797764,2242357359.293559,2253409837.9743853,2264021094.6192446,2274155786.659309,2283775474.75867,2292838334.195625,2301298837.550791,2309107405.7683167,2316210024.382251,2322547821.411455,2328056603.1270814,2332666343.5909753,2336300623.5588737,2338876014.0489273,2340301399.60771,2340477236.081068,2339294737.5409355,2336634986.964131,2332367965.3481917,2326351494.2376814,2318430087.193564,2308433706.659033,2296176424.0732155,2281454983.1049824,2264047268.7049956,2243710688.531502,2220180478.473727,2193167950.8166666,2162358712.4740524,2127410892.151985,2087953429.8656604,2043584500.5682166,1993870166.4814024,1938343380.7926948,1876503499.4176033,1807816498.0820525,1731716139.27075,1647606387.1572936,1554865426.8517063,1452851703.5885112,1340912451.1018322,1218395214.6949582,1084662874.0024257,939112601.9103905,781199010.2325071,610461352.8329241,426553964.96459377,229277934.0604549,18610052.36055672,-205278000.5376614,-442022114.3734919,-691108963.0991173,-951989513.144713,-1224306118.6499221,-1508291441.7611232,-1805403970.069901,-2119230803.9375863,-2456509336.3730836,-2827446808.799378,-3242213726.9524255,-3693873884.1393256,-4110170661.9553823,-4200167208.169712,0.0
7375.0,-1552967396.8599784,-1537340616.8398094,-1521700044.9413981,-1506045751.9031637,-1490377809.3904228,-1474696290.0093021,-1459001267.3209014,-1443292815.8557289,-1427571011.128368,-1411835929.6524234,-1396087648.955726,-1380326247.595797,-1364551805.1756024,-1348764402.3595574,-1332964120.8898234,-1317151043.6028812,-1301325254.4463706,-1285486838.4962447,-1269635881.9741783,-1253772472.2652922,-1237896697.9361641,-1222008648.7531204,-1206108415.7008376,-1190196091.0012534,-1174271768.132751,-1158335541.849679,-1142387508.2021556,-1126427764.5561903,-1110456409.6141114,-1094473543.4353032,-1078479267.4572694,-1062473684.5169784,-1046456898.8725607,-1030429016.2253052,-1014390143.7419591,-998340390.077362,-982279865.397407,-966208681.4022788,-950126951.3500597,-934034790.0806121,-917932314.0398006,-901819641.304023,-885696891.6050569,-869564186.3552117,-853421648.6728011,-837269403.407954,-821107577.1686461,-804936298.347159,-788755697.1467285,-772565905.6085718,-756367057.6391778,-740159289.0378902,-723942737.5247841,-707717542.7688277,-691483846.4163411,-675241792.1196839,-658991525.5662613,-642733194.5077617,-626466948.78967,-610192940.3810225,-593911323.4043974,-577622254.1661555,-561325891.1869082,-545022395.2321827,-528711929.3433258,-512394658.86859405,-496070751.4944346,-479740377.2769516,-463403708.67354035,-447060920.57468474,-430712190.3358972,-414357697.8097961,-397997625.3783167,-381632157.9850119,-365261483.16747713,-348885791.089832,-332505274.5753049,-316120129.1388256,-299730553.01972544,-283336747.21440065,-266938915.5090111,-250537264.512204,-234132003.68776187,-217723345.3872635,-201311504.88265863,-184896700.39880455,-168479153.14588663,-152059087.3517774,-135636730.29423982,-119212312.33303581,-102786066.94185676,-86358230.74012238,-69929043.52456859,-53498748.30068782,-37067591.313921824,-20635822.080685824,-4203693.419122517,12228538.520358443,28660614.224773005,45092270.78854689,61523241.883710094,77953257.73038389,94382045.06753981,110809327.12396881,127234823.58956842,143658250.5868304,160079320.6426107,176497742.66007745,192913221.89091238,209325459.9076645,225734154.57626587,242139000.02868262,258539686.635629,274935900.97934663,291327325.8263231,307713640.09999645,324094518.85325325,340469633.2407371,356838650.4908425,373201233.87729263,389557042.6901812,405905732.2064018,422246953.6592743,438580354.20723283,454905576.901423,471222260.65201336,487530040.1930157,503828546.0453867,520117404.4781869,536396237.46748495,552664662.6527762,568922293.2905431,585168738.2046292,601403601.7330455,617626483.6708052,633836979.208314,650034678.8648468,666219168.416591,682390028.8186514,698546836.1204277,714689161.3736844,730816570.5325696,746928624.3448384,763024878.2333852,779104882.1672112,795168180.5208367,811214311.9210578,827242809.0799744,843253198.6129797,859245000.840461,875217729.5717052,891170891.8695788,907103987.7942064,923016510.1240132,938907944.0521035,954777766.8560253,970625447.5386925,986450446.4380813,1002252214.8032355,1018030194.3338256,1033783816.6803783,1049512502.9020393,1065215662.8785603,1080892694.6729157,1096542983.840699,1112165902.6822016,1127760809.432802,1143327047.3868656,1158863943.9502044,1174370809.6155915,1189846936.8556137,1205291598.9265878,1220704048.5769343,1236083516.6528647,1251429210.5937865,1266740312.8092082,1282015978.9284399,1297255335.9137168,1312457480.0266585,1327621474.6373756,1342746347.8646312,1357831090.0347657,1372874650.946087,1387875936.9245648,1402833807.6555915,1417747072.7754867,1432614488.205183,1447434752.207344,1462206501.1466877,1476928304.9318066,1491598662.1152327,1506215994.6266627,1520778642.112425,1535284855.8522098,1549732792.221911,1564120505.6689365,1578445941.1638947,1592706926.0895886,1606901161.5253158,1621026212.8810415,1635079499.8324609,1649058285.5039616,1662959664.842259,1676780552.1186993,1690517667.4931855,1704167522.5670211,1717726404.845886,1731190361.0274105,1744555179.0205338,1757816368.5957675,1770969140.5565972,1784008384.3127432,1796928643.7251678,1809724091.0811844,1822388499.045139,1834915210.4159744,1847297105.5075047,1859526566.9500244,1871595441.6931598,1883494999.968948,1895215890.9513736,1906748094.8233476,1918080870.9342492,1929202701.7006845,1940101231.8692405,1950763202.722915,1961174380.772041,1971319480.4253817,1981182080.0877306,1990744531.0757778,1999987858.6845214,2008891654.6708775,2017433960.349728,2025591139.41931,2033337739.5476978,2040646341.6595206,2047487395.7616017,2053829042.0379393,2059636915.8279655,2064873934.9775803,2069500067.920303,2073472080.7066426,2076743261.0547104,2079263117.3455074,2080977050.3351092,2081825995.2060866,2081746031.436798,2080667957.835786,2078516829.9774764,2075211457.1954906,2070663856.2546887,2064778658.8502474,2057452470.194032,2048573176.1733382,2038019196.9404235,2025658685.3571134,2011348669.532273,1994934139.81835,1976247082.159656,1955105461.7094712,1931312163.2769837,1904653898.5722935,1874900094.558089,1841801782.6870456,1805090515.627839,1764477346.5070317,1719651915.9809487,1670281704.8624258,1616011524.7935965,1556463336.7331433,1491236506.819629,1419908631.2193396,1342037085.1645582,1257161475.128286,1164807194.4651043,1064490297.7150567,955723910.4686203,838026369.8849351,710931229.8669314,573999140.7977965,426831391.3098548,269084526.6162028,100484857.93470986,-79159261.06173345,-269950952.8912636,-471909857.5812021,-684997629.3006524,-909177464.7713192,-1144527756.3120134,-1391438606.1781356,-1650930133.9951053,-1925140004.2320237,-2218023167.669601,-2536253926.023174,-2890105318.345051,-3293328988.8113937,-3758545227.7592735,-4276371886.3324995,-4731428227.967922,-4309384522.174879,0.0
7372.5,-1345403886.1367888,-1330570831.6643925,-1315727513.7934837,-1300874018.96727,-1286010434.704623,-1271136849.6161146,-1256253353.4203284,-1241360036.9604797,-1226456992.2212658,-1211544312.3460624,-1196622091.6543612,-1181690425.6595318,-1166749411.0868654,-1151799145.891911,-1136839729.2791522,-1121871261.720935,-1106893844.9767537,-1091907582.1128178,-1076912577.5219433,-1061908936.9437852,-1046896767.4853584,-1031876177.6418939,-1016847277.3180317,-1001810177.8493426,-986764992.0241705,-971711834.1058241,-956650819.8550974,-941582066.5531416,-926505693.024664,-911421819.6614904,-896330568.4464626,-881232062.9776943,-866126428.4931537,-851013791.8956538,-835894281.778137,-820768028.4493515,-805635163.9598849,-790495822.1285353,-775350138.5690737,-760198250.7173487,-745040297.858758,-729876421.1560831,-714706763.6777003,-699531470.4261371,-684350688.3669984,-669164566.4582961,-653973255.6800597,-638776909.0644212,-623575681.7259682,-608369730.8925213,-593159215.9362526,-577944298.4051746,-562725142.0549871,-547501912.8812857,-532274779.15214014,-517043911.4410033,-501809482.66002846,-486571668.0936785,-471330645.4327404,-456086594.8086598,-440839698.82823765,-425590142.6086695,-410338113.8129349,-395083802.6855139,-379827402.0884653,-364569107.5378029,-349309117.2402511,-334047632.1303111,-318784855.90761614,-303520995.0746955,-288256258.9749719,-272990859.83113503,-257725012.7838056,-242458935.93052217,-227192850.36503595,-211926980.2169057,-196661552.69142348,-181396798.10979572,-166132949.9497007,-150870244.88607588,-135608922.83224538,-120349226.98134431,-105091403.8480437,-89835703.31056362,-74582378.65302846,-59331686.60807407,-44083887.39983249,-28839244.787177324,-13598026.10733509,1639497.6801986992,16873051.949396297,32102358.36307466,47327134.82791617,62547095.449110165,77761950.48460269,92971406.2989058,108175165.31651969,123372925.97484815,138564382.6766432,153749225.74193177,168927141.35938013,184097811.53707668,199260914.0526665,214416122.4028024,229563105.75186732,244701528.87989908,259831052.1296543,274951331.3527396,290062017.8547461,305162758.33929527,320253194.85087013,335332964.7164242,350401700.4855341,365459029.86908066,380504575.676263,395537955.74984384,410558782.89944816,425566664.8327476,440561204.08438265,455541997.94237304,470508638.3718561,485460711.9358923,500397799.71310496,515319477.2118752,530225314.280813,545114875.0152018,559987717.6590594,574843394.502471,589681451.7738087,604501429.5264064,619302861.5192457,634085275.0911983,648848191.0282459,663591123.4231968,678313579.5272403,693015059.5927342,707695056.7065172,722353056.6130501,736988537.526544,751600969.9312637,766189816.3691108,780754531.2134863,795294560.4284476,809809341.3119729,824298302.2222657,838760862.2856927,853196431.085156,867604408.327292,881984183.4870926,896335135.4282254,910656631.9972849,924948029.5901372,939208672.6883068,953437893.3632904,967635010.7464919,981799330.4623305,995930144.0219648,1010026728.1747606,1024088344.2146368,1038114237.2380672,1052103635.3503814,1066055748.8167617,1079969769.1541138,1093844868.1597145,1107680196.872268,1121474884.4607363,1135228037.0359762,1148938736.3798923,1162606038.5864873,1176228972.608785,1189806538.705224,1203337706.7786942,1216821414.6009035,1230256565.9143507,1243642028.4035573,1256976631.5267591,1270259164.1985834,1283488372.3136864,1296662956.1005497,1309781567.2940085,1322842806.1142282,1335845218.0390623,1348787290.3558283,1361667448.477504,1374484052.0074718,1387235390.5356886,1399919679.1480083,1412535053.6291957,1425079565.3386624,1437551175.7365866,1449947750.5364168,1462267053.458098,1474506739.554456,1486664348.0811987,1498737294.8788736,1510722864.2326787,1522618200.1736317,1534420297.1817617,1546125990.2490873,1557731944.256873,1569234642.6182644,1580630375.133502,1591915225.0008907,1603085054.9222002,1614135492.2363043,1625061913.0095682,1635859425.005742,1646522849.4518542,1657046701.5096638,1667425169.3548684,1677652091.757994,1687720934.0520842,1697624762.3624644,1707356215.963329,1716907477.6142082,1726270241.7166634,1735435680.1177213,1744394405.3713179,1753136431.252464,1761651130.3006618,1769927188.149326,1777952554.3762681,1785714389.5866795,1793199008.4142818,1800391818.0981765,1807277252.2623484,1813838699.4914324,1820058426.2603054,1825917493.7358007,1831395667.926416,1836471322.610279,1841121334.4221942,1845320969.4279761,1849043760.4577472,1852261374.4099398,1854943468.6744041,1857057535.75644,1858568735.114429,1859439711.1524181,1859630396.2367198,1859097797.5334587,1857795766.3937254,1855674748.9471588,1852681516.505874,1848758874.3330398,1843845347.2986383,1837874840.9352136,1830776276.4266975,1822473198.1231213,1812883352.285354,1801918235.9416554,1789482614.9999275,1775474011.128307,1759782157.4188232,1742288423.5165625,1722865211.7688456,1701375327.0708337,1677671324.509895,1651594840.7030778,1622975916.9522028,1591632325.0896246,1557368910.2436786,1519976968.8099558,1479233684.7684743,1434901653.2254958,1386728526.7511744,1334446827.7596312,1277773978.796913,1216412612.0113058,1150051228.9482887,1078365291.5361447,1001018833.7001293,917666688.8618727,827957429.1862726,731537104.1406856,628053843.2956762,517163343.4255699,398535181.51073784,271859767.02639705,136855546.0269866,-6724236.237626135,-159086363.2798264,-320395883.8861328,-490780544.18054485,-670345590.3980772,-859205083.672239,-1057538615.0845394,-1265686073.2896712,-1484298116.2147355,-1714566273.604896,-1958563587.5902162,-2219732005.1736445,-2503548689.4731827,-2818366102.741258,-3176274314.1482553,-3593330504.9766374,-4086752472.912086,-4659398280.417274,-5216435529.032166,-5006673310.61014,0.0
7370.0,-1155754733.468799,-1141708047.6938353,-1127654428.1557736,-1113593975.931937,-1099526793.3154163,-1085452983.8330483,-1071372652.263682,-1057285904.6567613,-1043192848.351187,-1029093591.9945213,-1014988245.562466,-1000876920.378694,-986759729.1349808,-972636785.9116508,-958508206.1983893,-944374106.9153397,-930234606.4345505,-916089824.6017869,-901939882.7586436,-887784903.7650311,-873625012.0219957,-859460333.4949068,-845290995.7369809,-831117127.9131695,-816938860.8244317,-802756326.9323534,-788569660.384117,-774378997.0378901,-760184474.4885551,-745986232.0938201,-731784411.0007434,-717579154.1725924,-703370606.4161315,-689158914.4092995,-674944226.7292602,-660726693.880858,-646506468.3254908,-632283704.5103663,-618058558.8981823,-603831189.9971919,-589601758.3917054,-575370426.7730072,-561137359.9706618,-546902724.9842777,-532666691.01565605,-518429429.5014116,-504191114.14597034,-489951920.9550485,-475712028.26951855,-461471616.79974157,-447230869.6603409,-432989972.4053894,-418749113.06408036,-404508482.1767964,-390268272.8316899,-376028680.70164186,-361789904.08176386,-347552143.9272691,-333315603.8918755,-319080490.36663145,-304847012.5192345,-290615382.3338066,-276385814.6511586,-262158527.20951748,-247933740.68575805,-233711678.73711228,-219492568.04336715,-205276638.34957856,-191064122.50926954,-176855256.52815995,-162650279.60840786,-148449434.19335794,-134252966.01283965,-120061124.12902223,-105874160.98277947,-91692332.44064933,-77515897.84235716,-63345120.04889929,-49180265.49126522,-35021604.219732225,-20869409.953796595,-6723960.132761955,7414464.033031464,21545577.51030141,35669091.39019112,49784712.834943466,63892145.02380058,77991087.09815155,92081234.10585774,106162276.94473723,120233902.30520174,134295792.61195484,148347625.9647545,162389076.0781869,176419812.22038502,190439499.15065554,204447797.05597335,218444361.48625407,232428843.28834966,246400888.53872383,260360138.47467637,274306229.4241028,288238792.73365307,302157454.6952056,316061836.4705774,329951554.014335,343826217.9946171,357685433.71178997,371528801.014899,385355914.21566045,399166361.99992144,412959727.33637047,426735587.3823825,440493513.38671607,454233070.5889483,467953818.1153849,481655308.87121725,495337089.42866373,508998699.91088045,522639673.87127376,536259538.1679743,549857812.8331301,563434010.9366615,576987638.4440813,590518194.0680445,604025169.1131518,617508047.3135571,630966304.6629354,644399409.2362304,657806821.0027004,671187991.6296277,684542364.276088,697869373.3761088,711168444.4105036,724438993.6666542,737680427.9853717,750892144.4940604,764073530.3252292,777223962.3193733,790342806.7112026,803429418.7981585,816483142.5899717,829503310.4381034,842489242.6436756,855440247.0425503,868355618.5660027,881234638.7754738,894076575.3696263,906880681.662006,919646196.0273293,932372341.3144119,945058324.2235901,957703334.6463197,970306544.964567,982867109.3073866,995384162.7619628,1007856820.5362093,1020284177.0698276,1032665305.090563,1044999254.6121666,1057285051.8703786,1069521698.1929877,1081708168.7998328,1093843411.528268,1105926345.4794602,1117955859.5804608,1129930811.0567954,1141850023.809904,1153712286.6935098,1165516351.6824677,1177260931.9274547,1188944699.688226,1200566284.13789,1212124269.0300617,1223617190.2202973,1235043533.0326457,1246401729.4616072,1257690155.1991074,1268907126.4755101,1280050896.7029307,1291119652.908383,1302111511.9434688,1313024516.456519,1323856630.6120527,1334605735.5415695,1345269624.5085592,1355845997.769461,1366332457.111159,1376726500.044252,1387025513.6299255,1397226767.916782,1407327408.9623733,1417324451.4123762,1427214770.6085675,1436995094.194703,1446661993.1871638,1456211872.4750352,1465640960.711627,1474945299.5567732,1484120732.226274,1493162891.3017306,1502067185.7504277,1510828787.101387,1519442614.719509,1527903320.1154377,1536205270.224063,1544342529.5793946,1552308841.3080204,1560097606.8573132,1567701864.368074,1575114265.5940986,1582327051.2636077,1589332024.7690458,1596120524.062735,1602683391.6261277,1609010942.3696918,1615092929.3090389,1620918506.8503895,1626476191.5050383,1631753819.837872,1636738503.4393003,1641416580.6929455,1645773565.0932398,1649794089.8473263,1653461848.4747112,1656759531.0954833,1659668756.0738819,1662169996.658436,1664242502.2327456,1665864213.7624614,1667011672.9940464,1667659924.9297276,1667782413.0709412,1667350866.8895993,1666335180.9535124,1664703285.09943,1662421005.01544,1659451912.5647678,1655757165.1565835,1651295333.44778,1646022216.644862,1639890644.6693623,1632850266.4567988,1624847323.6815124,1615824409.2424836,1605720209.9138744,1594469232.6650367,1582001514.2962785,1568242314.2281735,1553111790.5350804,1536524659.6412864,1518389840.5167027,1498610084.7366679,1477081594.4288774,1453693630.9439318,1428328118.0824635,1400859244.921942,1371153074.7435362,1339067168.2991567,1304450231.716663,1267141801.750289,1226971983.8712683,1183761261.8747315,1137320401.2480285,1087450472.4623318,1033943024.5227975,976580443.3735037,915136533.8200535,849377367.061345,779062438.038886,703946176.623497,623779852.727359,538313905.7081994,447300710.0479706,350497758.2502897,247671192.71973008,138599543.57700336,23077418.79645741,-99081266.8894608,-228041165.3739492,-363945431.0915354,-506919122.3948002,-657078079.0900753,-814546113.4574738,-979484465.9967616,-1152138963.3473835,-1332912276.1762714,-1522471225.04916,-1721902344.2782993,-1932933001.7883067,-2158240368.573772,-2401876403.3403816,-2669843293.9616117,-2970858352.47743,-3317342378.1128016,-3726616629.2936087,-4221931601.543273,-4829597455.113262,-5540530177.205417,-6137340744.934453,0.0
7367.5,-982963995.1341655,-969693672.1042016,-956419549.579917,-943141742.2325149,-929860366.0798671,-916575538.506232,-903287378.282264,-889996005.5853816,-876701542.0204179,-863404110.6406401,-850103835.9690763,-836800844.0201861,-823495262.3218746,-810187219.93785,-796876847.4903412,-783564277.1831478,-770249642.8250629,-756933079.8536558,-743614725.3594204,-730294718.1102989,-716973198.5765624,-703650308.956097,-690326193.2000475,-677000997.0388627,-663674868.0087388,-650347955.4784325,-637020410.6765065,-623692386.7189592,-610364038.6372627,-597035523.4068336,-583706999.9758983,-570378629.2947873,-557050574.3456707,-543723000.1727138,-530396073.91266,-517069964.82586575,-503744844.3277892,-490420886.0209059,-477098265.727099,-463777161.5205026,-450457753.7608068,-437140225.1270426,-423824760.651825,-410511547.7560974,-397200776.28433824,-383892638.5402968,-370587329.3231723,-357285045.96434504,-343985988.36458963,-330690359.0318082,-317398363.11929923,-304110208.4645236,-290826105.62845,-277546267.9353863,-264270911.51342463,-251000255.33538383,-237734521.26035827,-224473934.07582664,-211218721.5403407,-197969114.42679697,-184725346.56634682,-171487654.8928663,-158256279.48809257,-145031463.62736988,-131813453.82604891,-118602499.88654287,-105398854.9460554,-92202775.5250088,-79014521.57613163,-65834356.53432065,-52662547.36719194,-39499364.62639861,-26345082.499729067,-13199978.86397478,-64335.33864046633,13061562.659553647,26177425.861254647,39282961.0882252,52377871.1961399,65461855.016462855,78534607.29733595,91595818.64346641,104645175.4549686,117682359.86511326,130707049.67697012,143718918.29886767,156717634.67865688,169702863.23669043,182674263.7975067,195631491.5201208,208574196.82691136,221502025.3309814,234414617.76197368,247311609.8902454,260192632.44932133,273057311.05655897,285905266.13191116,298736112.81474185,311549460.87851536,324344914.64333445,337122072.8861691,349880528.7486532,362619869.64234585,375339677.1512847,388039526.9317244,400718988.6088765,413377625.67049384,426014995.357118,438630648.54881525,451224129.64819807,463794976.4594934,476342720.06348354,488866884.6880337,501366987.57396597,513842538.8360253,526293041.31863,538717990.4460967,551116874.067051,563489172.2926266,575834357.3281343,588151893.297778,600441236.0620338,612701833.0272276,624933122.9468771,637134535.7142501,649305492.1457067,661445403.7541745,673553672.5122247,685629690.6041374,697672840.16622,709682493.014781,721658010.3609239,733598742.5114504,745504028.5549576,757373196.0323298,769205560.5906303,781000425.6194072,792757081.8684064,804474807.0455229,816152865.3938298,827790507.246468,839386968.5580364,850941470.4110923,862453218.4963017,873921402.5646504,885345195.8500661,896723754.4606874,908056216.7369514,919341702.5744772,930579312.7097346,941768127.9662313,952907208.4589396,963995592.7544634,975032296.9843667,986016313.9088724,996946611.9280415,1007822134.0373435,1018641796.7243102,1029404488.8028864,1040109070.1817524,1050754370.5627985,1061339188.0656182,1071862287.7737317,1082322400.1979218,1092718219.6518385,1103048402.5347495,1113311565.51601,1123506283.615467,1133631088.1737564,1143684464.7060049,1153664850.6321583,1163570632.87666,1173400145.3298721,1183151666.1630938,1192823414.988633,1202413549.8557565,1211920164.0729573,1221341282.846259,1230674859.7226903,1239918772.8275242,1249070820.8829548,1258128718.9953663,1267090094.1973977,1275952480.730208,1284713315.0504813,1293369930.5456896,1301919551.9400613,1310359289.3727663,1318686132.1284084,1326896941.9988701,1334988446.254047,1342957230.197651,1350799729.2826803,1358512220.7594376,1366090814.82733,1373531445.2595673,1380829859.4680192,1387981607.9731338,1394982033.2415333,1401826257.851308,1408509171.9422915,1415025419.905674,1421369386.2641203,1427535180.6901574,1433516622.1068912,1439307221.8112392,1444900165.555544,1450288294.5188982,1455464085.094623,1460419627.4150047,1465146602.5287805,1469636258.1407456,1473879382.8163195,1477866278.5469077,1481586731.564375,1485029981.284948,1488184687.2542562,1491038893.9560654,1493579993.3375947,1495794684.893859,1497668933.1426387,1499187922.3100815,1500336008.0347774,1501096665.8855014,1501452436.474537,1501384866.9348238,1500874448.515153,1499900550.0333462,1498441346.913097,1496473745.5158937,1493973302.4659777,1490914138.6531937,1487268847.5873382,1483008397.7676709,1478102028.724374,1472517140.3849754,1466219175.4196591,1459171494.2260609,1451335242.2281408,1442669209.1869955,1433129680.2562041,1422670278.5631618,1411241799.164158,1398792034.3082287,1385265590.057754,1370603694.457393,1354743997.6233902,1337620364.349403,1319162660.1011403,1299296531.6089675,1277943183.675959,1255019154.3098752,1230436090.8739083,1204100530.6461105,1175913689.99552,1145771267.337621,1113563266.1365447,1079173845.486547,1042481207.2373673,1003357530.2259388,961668963.9282248,917275695.7199667,870032107.8791702,819787042.3855672,766384193.3321056,709662648.1498183,649457599.553695,585601249.7073295,517923925.9683591,446255422.8739274,370426576.6110881,290271064.5494585,205627401.43922287,116341072.88841721,22266702.193980783,-76729916.05648366,-180770168.80734307,-289961734.91238374,-404398982.6330029,-524165394.0064331,-649339031.2841003,-780002417.2147937,-916258656.6692512,-1058256201.6802642,-1206225376.129359,-1360530651.8122447,-1521743731.1662455,-1690743792.3628545,-1868852916.334522,-2058017105.230271,-2261047439.0515604,-2481944595.2606587,-2726350786.3711853,-3002227537.4615927,-3321008433.522205,-3699906952.645199,-4167230722.4025693,-4775098659.233524,-5630663815.412753,-7112129235.244099,0.0
7365.0,-826010921.2901253,-813504633.0198852,-800997488.2316681,-788489614.176332,-775981139.5726211,-763472194.628431,-750962911.0623977,-738453422.1258291,-725943862.6249682,-713434368.9436347,-700925079.0661764,-688416132.600811,-675907670.8033141,-663399836.6010708,-650892774.6175163,-638386631.1969287,-625881554.4296072,-613377694.1774579,-600875202.0999326,-588374231.6803948,-575874938.2528704,-563377479.0292017,-550882013.1266217,-538388701.5957288,-525897707.4489065,-513409195.68914187,-500923333.3392914,-488440289.4717914,-475960235.2387797,-463483343.9027128,-451009790.86740047,-438539753.7095057,-426073412.21053624,-413610948.3892764,-401152546.5347328,-388698393.2395225,-376248677.43380785,-363803590.41967726,-351363325.906071,-338928080.04421055,-326498051.46353626,-314073441.308192,-301654453.27404124,-289241293.64622235,-276834171.33726054,-264433297.9257596,-252038887.69562513,-239651157.67591992,-227270327.681265,-214896620.35286656,-202530261.2001533,-190171478.64302266,-177820504.05473706,-165477571.8054474,-153142919.3064008,-140816787.05478573,-128499418.67929749,-116191060.98637193,-103891964.00715196,-91602381.04517803,-79322568.72481431,-67052787.04046497,-54793299.40653144,-42544372.70821375,-30306277.353097975,-18079287.32359083,-5863680.230230182,6340262.634112969,18532256.239162266,30712011.761168905,42879236.52593186,55033633.95078681,67174903.48559357,79302740.55265895,91416836.48557073,103516878.46690027,115602549.4647555,127673528.16811141,139729488.9208972,151770101.65480456,163795031.820736,175803940.3188786,187796483.42731768,199772312.72916713,211731075.03812426,223672412.32240593,235595961.62699804,247501354.99412873,259388219.38192084,271256176.5811123,283104843.12977815,294933830.22597206,306742743.63816106,318531183.61339146,330298744.7830566,342045016.0661462,353769580.5698971,365472015.4876789,377151891.9939866,388808775.1364317,400442223.7245374,412051790.2152165,423637020.5947427,435197454.25703853,446732623.8781255,458242055.2864662,469725267.32908714,481181771.73315865,492611072.9628768,504012668.0713599,515386046.5472958,526730690.1560781,538046072.775135,549331660.2231302,560586910.0827024,571811271.5164297,583004185.0756137,594165082.5015112,605293386.5186086,616388510.6195024,627449858.8409251,638476825.5304272,649468795.1032314,660425141.7886857,671345229.3657644,682228410.8870206,693074028.390343,703881412.5978425,714649882.6011928,725378745.5326201,736067296.2208253,746714816.8309355,757320576.4876597,767883830.880693,778403821.851398,788879776.9597366,799310909.0303433,809696415.6766236,820035478.8016504,830327264.0745378,840570920.3810339,850765579.2468177,860910354.23206,871004340.2956419,881046613.1273661,891036228.4463915,900972221.2640619,910853605.1091497,920679371.213445,930448487.6555507,940159898.4605534,949812522.6531675,959405253.2618017,968936956.2708727,978406469.5185094,987812601.5366627,997154130.3305266,1006429802.0938358,1015638329.8566568,1024778392.061936,1033848631.0668595,1042847651.5650232,1051774018.92499,1060626257.4407359,1069402848.4891365,1078102228.5894125,1086722787.3592162,1095262865.3616512,1103720751.8373325,1112094682.3151248,1120382836.094975,1128583333.5958204,1136694233.5611503,1144713530.1144562,1152639149.6562896,1160468947.5942354,1168200704.8966157,1175832124.4601912,1183360827.2815828,1190784348.421599,1198100132.7509491,1205305530.4652545,1212397792.3564982,1219374064.82733,1226231384.6339097,1232966673.342012,1239576731.4803731,1246058232.3741431,1252407715.6404548,1258621580.3269234,1264696077.6727903,1270627303.471216,1276411190.009873,1282043497.565665,1287519805.4278393,1292835502.4222531,1297985776.9078054,1302965606.2142982,1307769745.489044,1312392715.9174871,1316828792.280946,1321071989.8122547,1325116050.3075619,1328954427.4500134,1332580271.2980583,1335986411.8883383,1339165341.8997474,1342109198.3220255,1344809743.0685375,1347258342.4692369,1349445945.575629,1351363061.205494,1352999733.6505218,1354345516.9654012,1355389447.7519755,1356120016.3469527,1356525136.3163466,1356592112.154301,1356307605.0783195,1355657596.8071573,1354627351.2017775,1353201373.643992,1351363368.0216553,1349096191.1837423,1346381804.7234628,1343201223.942798,1339534463.847891,1335360482.021557,1330657118.2174373,1325401030.5198936,1319567627.9156685,1313130999.1275127,1306063837.5674431,1298337362.2786398,1289921234.7509985,1280783471.517213,1270890352.4649758,1260206324.8380735,1248693902.946224,1236313563.6625867,1223023637.8609614,1208780198.0345135,1193536942.4472263,1177245076.30144,1159853190.5637739,1141307139.2813504,1121549916.4454732,1100521533.7257109,1078158900.709314,1054395709.6448832,1029162327.1111869,1002385695.5179553,973989247.9007586,943892840.1013577,912012705.1306348,878261435.2935195,842547998.5096374,804777796.1789249,764852770.8984728,722671573.3027143,678129798.223807,631120301.1789877,581533606.7806852,529258420.88525987,474182257.94246435,416192193.8025078,355175751.8080657,291021925.85059714,223622337.55601084,152872515.04299837,78673266.6897419,932103.6828779876,-80435361.90604237,-165504153.27921543,-254338957.61599422,-346993669.2507571,-443511751.441517,-543927825.4601798,-648271026.78888,-756570829.4367371,-868866233.5288788,-985219438.9221795,-1105735385.3505678,-1230588818.1409514,-1360060820.5594876,-1494587014.8329816,-1634819852.435732,-1781707609.821703,-1936593048.6545224,-2101335803.1528497,-2278466234.2705073,-2471389735.2032714,-2684692895.2220283,-2924694570.8578186,-3200646605.808533,-3527757107.9351716,-3935565046.1404724,-4493284563.449491,-5400644542.099763,-7381555223.881648,0.0
7362.5,-683911431.4277661,-672154828.8859028,-660400126.018134,-648647461.6629645,-636896976.237983,-625148811.762478,-613403111.8804098,-601660021.8837532,-589919688.736168,-578182261.0970768,-566447889.3460674,-554716725.6077104,-542988923.7767284,-531264639.5435674,-519544030.4203539,-507827255.7672539,-496114476.81920946,-484405856.7131247,-472701560.5154327,-461001755.2500927,-449306609.9270125,-437616295.57090604,-425930985.2505752,-414250854.1086574,-402576079.3918021,-390906840.48132527,-379243318.92430305,-367585698.4651649,-355934165.07774055,-344288906.9978103,-332650114.756137,-321017981.2120085,-309392701.58727014,-297774473.50091106,-286163497.00413,-274559974.61597,-262964111.35949045,-251376114.79846406,-239796195.07467836,-228224564.94577754,-216661439.8237008,-205107037.8136991,-193561579.75397992,-182025289.25593513,-170498392.74502164,-158981119.5022725,-147473701.70644388,-135976374.47685724,-124489375.91688977,-113012947.15817037,-101547332.40549389,-90092778.98243372,-78649537.37771173,-67217861.29231425,-55798007.68739565,-44390236.83295204,-32994812.357322484,-21612001.297527686,-10242074.15042524,1114695.0752015412,12458028.805718228,23787645.84875775,35103261.33838014,46404586.67930123,57691329.49007356,68963193.54526657,80219878.71656649,91461080.91278473,102686492.01874575,113895799.83299968,125088688.00432678,136264835.96701837,147423918.87485242,158565607.53375423,169689568.33306623,180795463.17541713,191882949.4050877,202951679.73488265,214001302.17136273,225031459.9384955,236041791.39954475,247031929.97719902,258001504.0718745,268950136.97806036,279877446.79869896,290783046.35745615,301666543.1088634,312527539.0461544,323365630.6067849,334180408.57547283,344971457.984698,355738358.01249945,366480681.8775062,377197996.73102415,387889863.5460992,398555837.0033535,409195465.37353146,419808290.3965081,430393847.1566778,440951663.95450956,451481262.17407686,461982156.1464213,472453853.0085059,482895852.5575367,493307647.1005119,503688721.2986327,514038552.006462,524356608.1054606,534642350.3317167,544895231.097506,555114694.306428,565300175.161763,575451099.9677534,585566885.9233994,595646940.9084407,605690663.2611122,615697441.5472543,625666654.3203417,635597669.8719864,645489845.972409,655342529.6003696,665155056.6620538,674926751.6983002,684656927.5796201,694344885.1883411,703989913.0872642,713591287.1741006,723148270.3209834,732660111.9982884,742126047.8819262,751545299.4433308,760917073.5211489,770240561.8737998,779514940.7118422,788739370.2091521,797912993.991805,807034938.603515,816104312.9464576,825120207.6961551,834081694.6891445,842987826.2819961,851837634.6802365,860630131.2355982,869364305.7100157,878039125.5046116,886653534.8519152,895206453.9694185,903696778.1724658,912123376.9444368,920485092.9619887,928780741.0731013,937009107.2254711,945168947.3427373,953258986.1458755,961277915.916945,969224395.2022336,977097047.4517491,984894459.5917431,992615180.5269145,1000257719.5686562,1007820544.7855755,1015302081.2723719,1022700709.33283,1030014762.5726166,1037242525.8972405,1044382233.4103374,1051432066.2072415,1058390150.0584067,1065254552.977173,1072023282.6658759,1078694283.834127,1085265435.3827305,1091734547.446362,1098099358.2877827,1104357531.0359726,1110506650.2602065,1116544218.3716497,1122467651.8436,1128274277.2410653,1133961327.0498888,1139525935.2950127,1144965132.9371116,1150275843.0360308,1155454875.669027,1160498922.5910716,1165404551.6238222,1170168200.7591386,1174786171.9622836,1179254624.6590862,1183569568.8905587,1187726858.1175191,1191722181.656815,1195551056.729794,1199208820.1025095,1202690619.2961407,1205991403.3448038,1209105913.07683,1212028670.8940876,1214753970.0227275,1217275863.2071233,1219588150.8173337,1221684368.338776,1223557773.2110958,1225201330.9814956,1226607700.7358985,1227769219.7694397,1228677887.4557707,1229325348.2725968,1229702873.9387627,1229801344.6160214,1229611229.126362,1229122564.1336424,1228324932.2358444,1227207438.9122264,1225758688.2673187,1223966757.5116775,1221819170.1173575,1219302867.584223,1216404179.751766,1213108793.589892,1209401720.4013555,1205267261.3684385,1200688971.376818,1195649621.0510826,1190131156.9387047,1184114659.7829597,1177580300.8305943,1170507296.1271636,1162873858.7623425,1154657149.0395293,1145833222.55939,1136376976.2259092,1126262092.2070537,1115460979.9107125,1103944716.0714903,1091682983.0857456,1078644005.782597,1064794486.8784088,1050099541.4333379,1034522630.7123281,1018025495.951462,1000568092.6458675,982108526.1097869,962602989.2152392,942005703.3957646,920268864.2086973,897342592.9860637,873174896.3732843,847711635.8589714,820896509.7402401,792671050.3475099,762974639.770835,731744547.7848577,698915996.1573863,664422254.0395985,628194769.6616532,590163344.076715,550256353.1811779,508401024.6495556,464523776.7039572,418550625.7151058,370407669.404057,320021651.74696326,267320614.4045359,212234637.37578115,154696668.3203038,94643435.23441578,32016430.43763663,-33237055.449633777,-101162883.38681352,-171799050.13766706,-245174779.06966317,-321309817.7673509,-400214078.2460214,-481887799.97437453,-566322470.4857421,-653502804.0682118,-743410156.2206141,-836027839.3616929,-931348900.6746335,-1029387019.4802526,-1130191267.3025067,-1233865529.0518692,-1340593377.9184268,-1450669086.0401125,-1564535182.990062,-1682826492.980032,-1806419889.0304127,-1936488281.9707882,-2074557324.3697498,-2222566059.88382,-2382944031.3996234,-2558752599.901461,-2754039691.4930067,-2974846237.0532007,-3232156509.5810466,-3550856119.2325497,-3999391439.3320084,-4801777063.258691,-6716579384.697268,0.0
7360.0,-555719129.8704326,-544696118.6492432,-533677581.31692433,-522663667.32680416,-511654527.8121762,-500650315.61013085,-489651185.28571624,-478657293.1565294,-467668797.317619,-456685857.6668223,-445708635.93044895,-434737295.6893919,-423772002.4056099,-412812923.4490301,-401860228.1248656,-390914087.70133,-379974675.4377955,-369042166.6133814,-358116738.5559609,-347198570.6716396,-336287844.4746499,-325384743.61775076,-314489453.9230422,-303602163.41329235,-292723062.3437246,-281852343.2343076,-270990200.9025311,-260136832.49669737,-249292437.52971262,-238457217.91342846,-227631377.99349403,-216815124.58475512,-206008667.0072127,-195212217.1225418,-184425989.37118393,-173650200.81001586,-162885071.1506295,-152130822.79820898,-141387680.89102924,-130655873.34058352,-119935630.8723613,-109227187.06728798,-98530778.40383069,-87846644.30078271,-77175027.16077182,-66516172.41447745,-55870328.5655621,-45237747.23640469,-34618683.214533806,-24013394.499914333,-13422142.353002906,-2845191.3436329514,7717190.599221677,18264732.13686526,28797158.469353065,39314191.28307969,49815548.69741383,60300945.21036568,70770091.64327216,81222695.08442655,91658458.83169428,102077082.33401215,112478261.1317843,122861686.79613087,133227046.86692998,143574024.7896549,153902299.85093272,164211547.1128022,174501437.34562105,184771636.95957753,195021807.93475556,205251607.74972254,215460689.30854365,225648700.86622554,235815285.95247698,245960083.29377848,256082726.7336344,266182845.15100878,276260062.37681746,286313997.108446,296344262.82218015,306350467.6835002,316332214.45512134,326289100.40272546,336220717.19825995,346126650.82072103,356006481.454311,365859783.38387287,375686124.88745797,385485068.1259532,395256169.02959263,404998977.1812515,414713035.6963719,424397881.0993861,434053043.1964666,443678044.9444332,453272402.3156916,462835624.1589858,472367212.05577636,481866660.1720716,491333455.1054896,500767075.7273404,510166993.0194931,519532669.90579414,528863561.07779217,538159112.8144892,547418762.7958629,556641939.9098375,565828064.0524412,574976545.9207906,584086786.7985903,593158178.333778,602190102.3079696,611181930.39728,620133023.9241337,629042733.5996535,637910399.2561313,646735349.5691578,655516901.7688832,664254361.3399076,672947021.7092481,681594163.921819,690195056.3028238,698748954.1064166,707255099.1499996,715712719.4334469,724121028.742537,732479226.2358209,740786496.0141771,749042006.6721275,757244910.8301368,765394344.6469193,773489427.310806,781529260.5091565,789512927.8747735,797439494.4082057,805308005.8747627,813117488.1750613,820866946.6877838,828555365.5833434,836181707.1070564,843744910.8303412,851243892.8684152,858677545.062882,866044734.1275271,873344300.7555428,880575058.68636,887735793.7301099,894825262.7477492,901842192.5846466,908785278.955477,915653185.2780712,922444541.4537493,929157942.5916337,935791947.6742634,942345078.1616483,948815816.5309392,955202604.7485266,961503842.6714556,967717886.3747423,973843046.4010558,979877585.9291319,985819718.8570085,991667607.7960705,997419361.9716511,1003073035.0257705,1008626622.7173958,1014078060.5152874,1019425221.0784718,1024665911.618878,1029797871.1406757,1034818767.5504009,1039726194.6318092,1044517668.8790127,1049190626.1812305,1053742418.3521093,1058170309.4962852,1062471472.2054716,1066642983.576015,1070681821.0394936,1074584857.9974778,1078348859.2512536,1081970476.2167394,1085446241.9145246,1088772565.7243164,1091945727.892727,1094961873.7827063,1097817007.8524337,1100506987.3509045,1103027515.716811,1105374135.6667771,1107542221.9582894,1109526973.8120139,1111323406.9775372,1112926345.4257915,1114330412.6507018,1115530022.5618718,1116519369.949231,1117292420.4999092,1117842900.3466167,1118164285.1261294,1118249788.5255225,1118092350.2930288,1117684623.6895032,1117018962.3557146,1116087406.5698605,1114881668.8689234,1113393119.0068681,1111612768.22196,1109531252.7850678,1107138816.8003047,1104425294.22924,1101380090.1097813,1097992160.9410768,1094249994.2062554,1090141587.0056996,1085654423.774811,1080775453.0619588,1075491063.3448331,1069787057.866386,1063648628.4756298,1057060328.4634835,1050006044.3900203,1042468966.9070418,1034431560.5890117,1025875532.79645,1016781801.6091199,1007130462.882077,996900756.4964052,986071031.8984593,974618713.04756,962520262.922453,949751147.7725481,936285801.3413833,922097589.3379887,907158774.48761,891440482.5575866,874912669.8283515,857544092.5644023,839302279.1373286,820153505.5636036,800062775.3454039,778993804.6447542,756909013.9808627,733769527.8192645,709535183.6202242,684164552.133514,657614970.9675575,629842593.7224295,600802457.2568017,570448569.9556332,538734024.1732659,505611136.33787733,471031618.5068691,434946785.44310594,397307801.5169009,358065971.89945,317173082.5604447,274581793.464803,230246089.01374257,184121789.10781503,136167123.11453155,86343367.3621198,34615544.38142021,-19046821.234029546,-74668900.04467647,-132269723.84565975,-191861344.3909855,-253448018.86493942,-317025469.35033834,-382580280.0430681,-450089516.364843,-519520674.9437139,-590832103.0520252,-663974060.6324952,-738890637.1249344,-815522777.6985753,-893812716.5845705,-973710154.2011492,-1055180541.5530778,-1138215836.8850632,-1222848055.491006,-1309165813.5790088,-1397333827.5345716,-1487614911.4007785,-1580393343.9667218,-1676197476.679267,-1775718089.1455617,-1879817390.1094415,-1989522275.2753563,-2105996228.2902157,-2230491820.989844,-2364312577.198854,-2508892038.3877273,-2666321732.9938345,-2841321124.1400423,-3047862266.2270403,-3332454843.0378613,-3861575369.9172163,-5192656146.26815,0.0
7357.5,-440525918.4648169,-430218910.16099817,-419918772.9790547,-409625666.0310311,-399339750.1993677,-389061188.1617532,-378790144.4163531,-368526785.307453,-358271279.0514459,-348023795.76326513,-337784507.4831833,-327553588.2040435,-317331213.89890814,-307117562.5491154,-296912814.1727917,-286717150.85376805,-276530756.77098346,-266353818.22830993,-256186523.68485194,-246029063.78570986,-235881631.3932239,-225744421.61871484,-215617631.8546897,-205501461.80757093,-195396113.5309523,-185301791.45935035,-175218702.44249213,-165147055.78015906,-155087063.25757492,-145038939.18135816,-135002900.4160378,-124979166.42117861,-114967959.28908738,-104969503.78312439,-94984027.37666616,-85011760.29265557,-75052935.54386179,-65107788.97375271,-55176559.29807523,-45259488.147119254,-35356820.108698264,-25468802.771846056,-15595686.771270618,-5737725.832555279,4104823.181847498,13931700.22583367,23742642.02203404,33537382.013371132,43315650.31375161,53077173.65786809,62821675.35010043,72548875.21247801,82258489.53168532,91950231.00509277,101623808.685743,111278927.92634569,120915290.32214713,130532593.65272054,140130531.8226325,149708794.80089992,159267068.55928195,168805035.00928032,178322371.93789083,187818752.94201228,197293847.36147484,206747320.210682,216178832.1087569,225588039.20819482,234974593.12194437,244338140.84888142,253678324.697591,262994782.20843026,272287146.0737871,281555044.05647904,290798098.9062165,300015928.2740897,309208144.62494266,318374355.1476355,327514161.66303337,336627160.52970684,345712942.54720384,354771092.856819,363801190.83977544,372802810.01268345,381775517.92020494,390718876.02476674,399632439.5932585,408515757.58054864,417368372.5097025,426189820.3487669,434979630.38398945,443737325.0892985,452462419.9919157,461154423.533916,469812836.9295794,478437154.0183378,487026861.11315125,495581436.8441012,504100351.99699026,512583069.3467655,521029043.48547965,529437720.64462703,537808538.5115417,546140926.0396428,554434303.2522347,562688081.0395739,570901660.9489361,579074434.967324,587205785.2965392,595295084.1202419,603341693.3626525,611344964.4385428,619304237.9940857,627218843.6381758,635088099.6638166,642911312.7590827,650687777.7072186,658416777.0753646,666097580.8914274,673729446.3085276,681311617.2564795,688843324.0797137,696323783.1610382,703752196.530585,711127751.4592675,718449620.0360833,725716958.7284776,732928907.9250458,740084591.459761,747183116.1168771,754223571.1156493,761205027.5739717,768126537.9499308,774987135.460339,781785833.4751592,788521624.8867605,795193481.4528482,801800353.1119082,808341167.2699009,814814828.0569193,821220215.5524707,827556184.9779521,833821565.8548584,840015161.1271948,846135746.2464572,852182068.2175326,858152844.6037788,864046762.4894099,869862477.3973417,875598612.1604818,881253755.7443726,886826462.0190727,892315248.4779651,897718594.9011881,903034941.9611986,908262689.7679179,913400196.3508043,918445776.0750386,923397697.9889532,928254184.0996519,933013407.5736706,937673490.8593998,942232503.7278295,946688461.2280535,951039321.5537869,955282983.817046,959417285.7249335,963440001.1552969,967348837.6269212,971141433.6596336,974815356.0195915,978368096.8447891,981797070.6456276,985099611.1751671,988272968.1634839,991314303.9102981,994220689.7298474,996989102.2416904,999616419.5008866,1002099416.9607943,1004434763.2613547,1006619015.8355649,1008648616.3264971,1010519885.8069375,1012229019.7934321,1013772083.0462564,1015145004.1464325,1016343569.840691,1017363419.1449099,1018200037.1962587,1018848748.8439459,1019304711.9681699,1019562910.5165296,1019618147.246874,1019465036.1652396,1019097994.6472759,1018511235.2312695,1017698757.0706303,1016654337.0335683,1015371520.4373615,1013843611.4047246,1012063662.8294955,1010024465.9390314,1007718539.4407293,1005138118.2403085,1002275141.7197909,999121241.5636463,995667729.1220846,991905582.3014828,987825431.9728436,983417547.8906193,978671824.1159168,973577763.9400455,968124464.3069482,962300599.7359146,956094405.7496365,949493661.816772,942485673.8232301,935057256.0922242,927194712.980059,918883820.0825695,910109805.096666,900857328.3921629,891110463.3618495,880852676.6323621,870066808.2352412,858735051.8571227,846838935.3103052,834359301.390621,821276289.3188899,807569316.9958712,793217064.3387773,778197458.0110586,762487657.9064888,746064045.8045775,728902216.6775057,710976973.1999391,692262324.0930094,672731487.0231794,652356896.8764486,631110220.3390855,608962377.8384701,585883574.0321553,561843338.1801244,536810575.8945363,510753633.93221766,483640379.8770048,455438298.74935865,426114608.7767413,395636398.7552992,363970789.6249823,331085123.0576204,296947180.00850886,261525432.29101098,224789330.27976066,186709629.80426216,147258761.12696353,106411242.56429562,64144140.75146067,20437578.70348218,-24724708.397386298,-71354771.45666797,-119459803.83291823,-169041462.92683816,-220095168.07338357,-272609390.89940274,-326564960.73409104,-381934415.6678027,-438681439.6974325,-496760438.3125389,-556116319.0594568,-616684560.16521,-678391669.1208601,-741156153.8162596,-804890150.4850856,-869501873.6773866,-934899070.8470547,-1000993673.2490717,-1067707828.3584347,-1134981465.7536123,-1202781471.6005511,-1271112401.9389126,-1340028416.533704,-1409645713.4339004,-1480154122.0890977,-1551825582.8293989,-1625015900.2524025,-1700154310.1771464,-1777713012.1283095,-1858146078.685922,-1941784835.4907873,-2028677135.9689882,-2118366563.366232,-2209638101.501753,-2300343744.728903,-2387671899.454618,-2470073250.702875,-2555382841.1312547,-2691354128.8999877,-3083725982.918978,0.0
7355.0,-337462260.13510346,-327852400.6676383,-318251637.6690979,-308660138.9690267,-299078074.24723154,-289505615.0595219,-279942934.86383283,-270390209.0467742,-260847614.95054805,-251315331.90032512,-241793541.2320066,-232282426.32041755,-222782172.6079643,-213292967.63369432,-203815001.06284115,-194348464.7168075,-184893552.60362458,-175450460.94888902,-166019388.22717524,-156600535.19395542,-147194104.91800696,-137800302.81435668,-128419336.67772007,-119051416.71648194,-109696755.58725491,-100355568.42993277,-91028072.90335941,-81714489.2215604,-72415040.19055164,-63129951.24577576,-53859450.490137726,-44603768.732661664,-35363139.52782485,-26137799.21550466,-16927986.96164626,-7733944.799564987,1444082.3279950619,10605846.526118249,19751096.904220603,28879579.531795748,37991037.3933926,47085210.342799015,56161835.05639709,65220644.98570891,74261370.3090565,83283737.88236468,92287471.18904802,101272290.28896841,110237911.7664512,119184048.67731555,128110410.4948912,137016703.05500627,145902628.49989662,154767885.2210478,163612167.8008655,172435166.95321777,181236569.46274507,190016058.1229668,198773311.67309052,207508004.73351043,216219807.73995155,224908386.8762179,233573404.00547564,242214516.60006708,250831377.66976482,259423635.68843007,267990934.51903433,276532913.33695155,285049206.5515199,293539443.7257335,302003249.4940834,310440243.47841644,318850040.2017604,327232249.00007874,335586473.93180835,343912313.68517226,352209361.48311293,360477204.9858428,368715426.1908343,376923601.330213,385101300.7654321,393248088.87912834,401363523.96405244,409447158.10894537,417498537.0812789,425517200.2066897,433502680.2450079,441454503.2627503,449372188.5019001,457255248.24487334,465103187.6754733,472915504.73572266,480691689.9783376,488431226.4147334,496133589.3583576,503798246.2631122,511424656.5567541,519012271.4689908,526560533.85407573,534068878.0076908,541536729.4778448,548963504.8695931,556348611.6432569,563691447.9059027,570991402.1958148,578247853.2596245,585460169.8218304,592627710.3463576,599749822.789823,606825844.3461871,613855101.1823789,620836908.1645557,627770568.5745658,634655373.8162265,641490603.1109622,648275523.1823648,655009387.9291995,661691438.0863534,668320900.8732483,674896989.62914,681418903.434764,687885826.719764,694296928.8552699,700651363.7310064,706948269.3162738,713186767.2041066,719365962.1379112,725484941.5198104,731542774.8999552,737538513.445959,743471189.3916204,749339815.4640887,755143384.2884996,760880867.7692003,766551216.446487,772153358.8279172,777686200.6930437,783148624.3704998,788539487.9862598,793857624.6818516,799101841.8012737,804270920.0453249,809363612.591931,814378644.1811157,819314710.163096,824170475.5079795,828944573.7754979,833635606.0430694,838242139.7905238,842762707.739676,847195806.6468682,851539896.0466143,855793396.9442663,859954690.4556885,864022116.3917402,867993971.7853253,871868509.3587233,875643935.9287138,879318410.7470812,882890043.7738062,886356893.8803412,889716966.9801128,892968214.0833828,896108529.2734886,899135747.6013172,902047642.8948412,904841925.480359,907516239.8120167,910068162.0060453,912495197.2760267,914794777.2653959,916964257.273253,919000913.3694031,920901939.3944858,922664443.8408344,924285446.609654,925761875.639913,927090563.4042635,928268243.2671359,929291545.7000453,930156994.3489932,930861001.9487723,931399866.0788156,931769764.7551092,931966751.8526548,931986752.3527664,931825557.4094933,931478819.2293015,930942045.7581699,930210595.1701667,929279670.1515371,928144311.974439,926799394.3543916,925239617.0856483,923459499.4488441,921453373.385349,919215376.4331336,916739444.4191114,914019303.9033988,911048464.3713479,907820210.1698123,904327592.1847782,900563419.2583112,896520249.3437946,892190380.3995463,887565841.0222968,882638380.8236319,877399460.5543218,871840241.9836708,865951577.5435668,859723999.7497063,853147710.4160382,846212569.6820983,838908084.877594,831223399.2534963,823147280.6149138,814668109.897605,805773869.7376488,796452133.0925316,786690051.981791,776474346.4266378,765791293.6808189,754626717.8594619,742965980.0891547,730793969.32111,718095093.9702653,704853274.5669922,691051937.6347024,676674011.0368032,661701921.0701107,646117591.6197336,629902445.7326418,613037410.0144167,595502922.3061582,577278943.1568639,558344971.671207,538680066.383856,518262871.8897662,497071652.0455797,475084330.6506065,452278540.616773,428631682.74557805,404120995.34584045,378723636.0481645,352416777.2994847,325177717.15168524,296984007.0896369,267813598.7721811,237645011.6797887,206457523.7680228,174231387.30796644,140948072.14226413,106590538.58407706,71143542.11811154,34593971.90549345,-3068775.180454418,-41852383.686605886,-81761171.19923666,-122795602.63203642,-164951768.53246135,-208220830.29881608,-252588437.2014473,-298034122.6556403,-344530690.4071872,-392043605.280116,-440530408.02037686,-489940179.6679112,-540213087.9059377,-591280056.0389396,-643062604.6432393,-695472926.4084052,-748414265.9585261,-801781687.948137,-855463327.4898834,-909342225.3922104,-963298854.2605591,-1017214436.4236418,-1070975135.1722218,-1124477158.5202136,-1177632737.3520105,-1230376809.71616,-1282674034.8689783,-1334525438.5852478,-1385973504.7638748,-1437103807.0610507,-1488040220.856089,-1538929236.9720955,-1589906732.9873412,-1641037499.3558092,-1692213522.031015,-1742990957.0678096,-1792336832.3614368,-1838241866.388682,-1877125716.8408551,-1902881545.5979328,-1905158946.2591052,-1865626302.5579965,-1747587254.6496437,-1461155313.9139862,-797608602.9071021,0.0
7352.5,-245697143.16303432,-236764519.39461103,-227843050.68348324,-218932912.64902785,-210034282.83016428,-201147340.71182746,-192272267.75184703,-183409247.40825534,-174558465.16700011,-165720108.5700939,-156894367.2442053,-148081432.92968014,-139281499.51002693,-130494763.04185891,-121721421.7853258,-112961676.23497978,-104215729.15117873,-95483785.59196265,-86766052.94544175,-78062740.96270835,-69374061.79126891,-60700230.00903204,-52041462.65882394,-43397979.28349261,-34770001.96157135,-26157755.34353353,-17561466.68864858,-8981365.902453601,-417685.5748486817,8129338.981169768,16659469.690096088,25172465.673874766,33668083.211120196,42146075.69566818,50606193.594398394,59048184.40430837,67471792.60883713,75876759.63341936,84262823.80023,92629720.28212166,100977181.05571905,109304934.8536608,117612707.11595324,125900219.94041635,134167192.03220668,142413338.65236616,150638371.56542268,158841998.9859181,167023925.52397478,175183852.12972617,183321476.03667182,191436490.70390177,199528585.75714737,207597446.92862725,215642755.99565375,223664190.71797013,231661424.77375352,239634127.6942678,247581964.7971251,255504597.11807925,263401681.34133643,271272869.7283213,279117810.0448561,286936145.48668253,294727514.60328305,302491551.2199633,310227884.35808617,317936138.1534414,325615931.77267635,333266879.3277025,340888589.7880089,348480666.8908553,356042709.04918015,363574309.25724024,371075054.99381953,378544528.122989,385982304.7922513,393387955.32805735,400761044.1285267,408101129.55331606,415407763.81050974,422680492.84041166,429918856.1961514,437122386.9209643,444290611.4220039,451423049.3406004,458519213.41877866,465578609.36193955,472600735.69750845,479585083.6294358,486531136.8883717,493438371.5773444,500306256.01277137,507134250.56062067,513921807.4675384,520668370.68671614,527373375.69834864,534036249.32439274,540656409.5374789,547233265.2636737,553766216.1789058,560254652.4987628,566697954.7614332,573095493.6034633,579446629.5281196,585750712.6659827,592007082.527519,598215067.7472817,604373985.8194059,610483142.824069,616541833.1445235,622549339.1743461,628504931.0145096,634407866.1598536,640257389.1745435,646052731.3560684,651793110.3873249,657477729.9762901,663105779.4828163,668676433.5320035,674188851.6136186,679642177.6670201,685035539.6509861,690368049.0978521,695638800.6513224,700846871.587333,705991321.3172555,711071190.8727489,716085502.3715532,721033258.4634424,725913441.7555463,730725014.2162693,735466916.5569066,740138067.5901169,744737363.5643228,749263677.4731002,753715858.3385949,758092730.4679179,762393092.6814976,766615717.5122793,770759350.3746619,774822708.701984,778804481.0513622,782703326.174616,786517872.054003,790246714.9013696,793888418.1194218,797441511.2235581,800904488.7228978,804275808.9588736,807553892.8998681,810737122.8902112,813823841.3518753,816812349.4370975,819700905.6301541,822487724.2963928,825170974.176644,827748776.8249913,830219204.9879237,832580280.9227179,834829974.6529291,836966202.158768,838986823.500088,840889640.8696324,842672396.5741645,844332770.9409897,845868380.147397,847276773.9703705,848555433.4540148,849701768.4919264,850713115.3218294,851586733.9296167,852319805.3599957,852909428.9308408,853352619.3482903,853646303.7196717,853787318.4612468,853772406.0977441,853598211.9507096,853261280.712623,852758052.9037573,852084861.2088807,851237926.6907501,850213354.8776157,849007131.7218962,847615119.4273134,846033052.1419821,844256531.5149865,842281022.1143048,840101846.7040447,837714181.3793676,835113050.557692,832293321.8252333,829249700.6383499,825976724.8797083,822468759.2698604,818719989.6355911,814724417.0371023,810475851.7571262,805967907.1560186,801193993.3981972,796147311.05656,790820844.6031702,785207355.7962242,779299376.9753612,773089204.279683,766568890.8054024,759730239.723033,752564797.3773159,745063846.3968661,737218398.8446898,729019189.4456187,720456668.9319347,711520997.5546534,702202038.8146386,692489353.475452,682372193.9283972,671839498.9898474,660879889.2218312,649481662.8788732,637632792.5977025,625320922.9615988,612533369.0879939,599257116.4069426,585478821.8190154,571184816.4445887,556361110.2025732,540993398.4853762,525067071.22892267,508567224.7117866,491478676.456524,473785983.64904696,455473465.53897023,436525230.3352389,416925207.1674782,396657183.74434674,375704850.4060298,354051851.33879596,331681843.7951224,308578566.24320513,284725916.45393896,260108040.62116396,234709434.70096868,208515059.24642763,181510469.10336035,153681959.41768676,125016729.48189907,95503066.01246308,65130547.4954686,33890271.25692229,1775104.897184819,-31220036.335546643,-65097884.78470074,-99858486.99642402,-135498840.76878113,-172012502.13986593,-209389162.40646666,-247614196.04764074,-286668181.44268155,-326526397.56707275,-367158301.47473156,-408526993.3866637,-450588678.6645984,-493292138.9125265,-536578227.9744112,-580379412.7248217,-624619383.3001776,-669212762.7703779,-714064952.1184217,-759072152.5953382,-804121613.7180259,-849092160.8314697,-893855060.4062415,-938275282.7849118,-982213218.9959071,-1025526897.7042661,-1068074726.3085953,-1109718740.8289213,-1150328284.339036,-1189783931.6534228,-1227981322.36238,-1264834331.8849614,-1300276667.9154992,-1334260479.9136722,-1366749842.4740596,-1397705914.695925,-1427059023.2346241,-1454660597.3300252,-1480204328.6575963,-1503100247.7276516,-1522275764.0979402,-1535859910.602651,-1540670416.0107055,-1531338058.1101425,-1498678028.8810332,-1426247251.1629508,-1281757091.0798512,-991465614.2720985,-354639461.21430963,1199224752.225184,0.0
7350.0,-164437792.0386948,-156161618.15699625,-147898496.26901752,-139648608.8689549,-131412140.42924213,-123189277.42763308,-114980208.37468196,-106785123.84168564,-98604216.48902385,-90437681.09498681,-82285714.58500178,-74148516.06136602,-66026286.833423585,-57919230.44822748,-49827552.721702956,-41751461.770285204,-33691168.043084435,-25646884.354575068,-17618825.9177936,-9607210.378102079,-1612257.847490862,6365809.060547031,14326765.195564255,22270382.834113345,30196431.643105544,38104678.642538115,45994888.16759823,53866821.83010643,61720238.47933039,69554894.16206966,77370542.08208403,85166932.55880071,92943812.9852816,100700927.78545633,108438018.37056783,116154823.09487018,123851077.21046233,131526512.82135534,139180858.83664364,146813840.9228233,154425181.45521593,162014599.4684636,169581810.60608703,177126527.06906408,184648457.5634126,192147307.24674168,199622777.67375898,207074566.74066615,214502368.62846148,221905873.7450712,229284768.66629785,236638736.07555425,243967454.70232755,251270599.2593551,258547840.3784474,265798844.54495144,273023274.0307724,280220786.82594216,287391036.5686549,294533672.4737657,301648339.2596578,308734677.07342994,315792321.41440064,322820903.05580354,329820047.9646494,336789377.21970797,343728506.9275049,350637048.1362993,357514606.7479745,364360783.42773104,371175173.51156014,377957366.91139054,384706948.01781076,391423495.6003305,398106582.7050514,404755776.5496675,411370638.4157163,417950723.53796035,424495580.9908092,431004753.5716669,437477777.68111193,443914183.19976187,450313493.3617354,456675224.62457275,462998886.53548604,469283981.59378594,475530005.10940176,481736445.0572676,487902781.9274868,494028488.5711021,500113030.041279,506155863.4297764,512156437.698487,518114193.50589615,524028563.0282463,529898969.7752064,535724828.3998748,541505544.502841,547240514.4301467,552929125.0648695,558570753.6121063,564164767.3771098,569710523.5363115,575207368.9009644,580654639.6731203,586051661.1936681,591397747.682113,596692201.9677957,601934315.2122042,607123366.6221024,612258623.1530331,617339339.2029206,622364756.2953411,627334102.7521014,632246593.3546971,637101428.9942622,641897796.3095347,646634867.3124323,651311799.0007404,655927732.9574429,660481794.9361739,664973094.4323227,669400724.2391884,673763759.9886761,678061259.6759405,682292263.1673899,686455791.6914151,690550847.3112304,694576412.3791605,698531448.971669,702414898.304456,706225680.126889,709962692.094982,713624809.1222007,717210882.7072421,720719740.2379893,724150184.270771,727500991.7840552,730770913.405658,733958672.6125365,737062964.9021924,740082456.9346893,743015785.6442833,745861557.3195667,748618346.6510874,751284695.7452735,753859113.1035837,756340072.5656322,758726012.2151381,761015333.2474108,763206398.7971259,765297532.7250874,767287018.362602,769173097.2121608,770953967.6029644,772627783.2999058,774192652.0645379,775646634.1665343,776987740.8441436,778213932.7120843,779323118.1153189,780313151.4271262,781181831.2898562,781926898.7967639,782546035.6132424,783036862.0358537,783396934.9874748,783623745.9468855,783714718.8111911,783667207.6893661,783478494.6253495,783145787.2490184,782666216.3535368,782036833.3974465,781254607.9301076,780316424.9389745,779219082.1174358,777959287.0519015,776533654.3270133,774938702.5479643,773170851.2790185,771226417.8975683,769101614.363186,766792543.9014137,764295197.6022723,761605450.9337473,758719060.1708922,755631658.7415198,752338753.4899569,748835720.8607172,745117803.0046457,741180103.8105888,737017584.8663945,732625061.3538759,727997197.8831872,723128504.2731075,718013331.2848537,712645866.3182399,707020129.0805026,701129967.2395706,694969052.0754114,688530874.145005,681808738.9787035,674795762.8281968,667484868.4890333,659868781.223701,651940024.8147264,643690917.7809526,635113569.7945368,626199878.3407791,616941525.6682295,607329976.0823898,597356473.6427069,587012040.3299392,576287474.7588346,565173351.5201046,553660021.2454792,541737611.5005856,529396028.6225707,516624960.632764,503413881.369526,489752056.0028712,475628548.11046517,461032228.5145574,445951786.1013854,430375740.8685304,414292459.47228265,397690173.5758553,380557001.3309114,362880972.3592407,344650056.6388203,325852197.73891914,306475350.89263284,286507526.44216245,265936839.24235088,244751564.6614772,222940201.87469575,200491545.20479995,177394764.32643282,153639494.21310496,129215935.77021676,104114968.16077784,78328273.89188889,51848477.787319764,24669301.02201686,-3214268.5651279986,-31805788.637658805,-61107155.75754185,-91118378.77967884,-121837331.06561984,-153259480.4310158,-185377595.8884933,-218181430.46089172,-251657379.63438228,-285788115.41451573,-320552196.4610887,-355923655.43257135,-391871565.49347305,-428359588.9559146,-465345512.26931393,-502780773.0690459,-540609986.7742687,-578770482.3105782,-617191858.9393175,-655795578.9019623,-694494613.6103631,-733193164.3706979,-771786482.005414,-810160813.0402538,-848193503.0490599,-885753289.8395634,-922700819.7463982,-958889418.4062947,-994166141.6545981,-1028373120.6817063,-1061349195.6533128,-1092931799.9389467,-1122959007.8195956,-1151271585.0365834,-1177714774.0762677,-1202139391.0699096,-1224401589.3478599,-1244360328.0390577,-1261871130.711341,-1276774063.4154344,-1288872896.301971,-1297900952.9171984,-1303466859.0408342,-1304969631.8662002,-1301465994.6630688,-1291460675.723716,-1272566432.2111335,-1240929242.8330157,-1190194875.3061824,-1109487265.2334037,-978988818.8006767,-758838410.8405017,-356689541.829294,478613641.39125985,2511342921.751203,0.0
7347.5,-92929166.61471054,-85287951.77649052,-77661529.26506314,-70050087.54655343,-62453817.11348493,-54872910.51233211,-47307562.37147793,-39757969.429646075,-32224330.564739548,-24706846.823172987,-17205721.449648492,-9721159.917409256,-2253369.9589868337,5197438.402561396,12631052.821907625,20047258.599198274,27445838.647255763,34826573.4582601,42189241.06986195,49533617.03074285,56859474.36558909,64166583.53949061,71454712.42172198,78723626.24891502,85973087.58759311,93202856.29606372,100412689.48564711,107602341.4812226,114771563.7810938,121920105.01611792,129047710.9081234,136154124.22757894,143239084.7504746,150302329.2144531,157343591.27408165,164362601.45535097,171359087.10927004,178332772.36462873,185283378.079841,192210621.79386294,199114217.67618346,205993876.47581744,212849305.46930814,219680208.4077097,226486285.4624939,233267233.17037,240022744.3769992,246752508.17953068,253456209.8679753,260133530.86533698,266784148.66648668,273407736.7757548,280003964.64316154,286572497.5992919,293112996.7887255,299625119.1020378,306108517.1062487,312562838.97373277,318987728.4095399,325382824.57702124,331747762.0217687,338082170.59377843,344385675.3677935,350657896.5617611,356898449.45333356,363106944.29438496,369282986.2234293,375426175.1758959,381536105.79219854,387612367.32350487,393654543.53513694,399662212.60752964,405634947.03464365,411572313.51977575,417473872.8686466,423339179.8796965,429167783.23147684,434959225.3670466,440713042.3752599,446428763.86885715,452105912.8592083,457744005.6276455,463342551.59321576,468901053.1767497,474419005.6611296,479895897.0475868,485331207.90792775,490724411.2325108,496074972.27384746,501382348.3856535,506645988.85721207,511865334.7428406,517039818.68634397,522168864.74022025,527251888.179462,532288295.3097484,537277483.2698455,542218839.8279792,547111743.1719768,551955561.6929753,556749653.7624227,561493367.5021777,566186040.5474255,570826999.8021746,575415561.1870619,579951029.3791837,584432697.5436863,588859847.0567989,593231747.2200364,597547654.9652132,601806814.5499811,606008457.2435498,610151801.0022128,614236050.1343533,618260394.9545373,622224011.4263303,626126060.7934107,629965689.198609,633742027.2904038,637454189.8164976,641101275.2039589,644682365.125519,648196524.0515102,651642798.7869747,655020217.9934189,658327791.6947016,661564510.7665046,664729346.4088508,667821249.6010728,670839150.5386612,673781958.0513726,676648559.002007,679437817.6651725,682148575.0854143,684779648.4140157,687329830.2237931,689797887.8011705,692182562.4148008,694482568.5600028,696696593.1782397,698823294.8508676,700861302.9663553,702809216.8601649,704665604.9264497,706429003.7007512,708097916.9127843,709670814.5084984,711146131.6404476,712522267.6256325,713797584.8698454,714970407.757601,716039021.5067334,717001670.9866617,717856559.4994209,718601847.5224485,719235651.4121745,719756042.0674732,720161043.5519464,720448631.6741453,720616732.5247369,720663220.969665,720585919.0984094,720382594.6264074,720050959.2507808,719588666.9584895,718993312.2861145,718262428.530521,717393485.909631,716383889.672724,715230978.1596102,713932020.8082278,712484216.1102201,710884689.5142134,709130491.2765921,707218594.2597396,705145891.6778404,702909194.7905432,700505230.5449334,697930639.1665354,695181971.7002747,692255687.5025941,689148151.6862904,685855632.5198787,682374298.7837574,678700217.0858377,674829349.1397542,670757549.0093411,666480560.3235859,661994013.4669862,657293422.7508802,652374183.5721747,647231569.5667317,641860729.7657156,636256685.7642016,630414328.9126207,624328417.5429013,617993574.2426724,611404283.192489,604554887.5828736,597439587.1299167,590052435.7104658,582387339.1402681,574438053.1212002,566198181.3866736,557661174.0775855,548820326.3848253,539668777.4983691,530199509.9073792,520405349.1006882,510278963.7223439,499812866.2428719,488999414.2135005,477830812.17768776,466299114.32234246,454396227.95974696,442113917.94087696,429443812.11127365,416377407.93219626,402906080.40250224,389021091.430526,374713600.8204391,359974679.05418503,344795322.06815255,329166468.24350464,313079017.85053635,296523855.21065664,279491873.8649007,261974005.06500998,243961249.93253016,225444715.6628219,206415656.18461108,186865517.7215832,166785989.74058384,146169061.81108755,125007086.94260067,103292852.0102575,81019655.92373091,58181396.2401371,34772664.96719993,10788854.34769997,-13773726.541102707,-38917723.50013815,-64644596.326425,-90954464.40293677,-117845937.81107756,-145315933.01387256,-173359472.17307287,-201969465.200931,-231136473.7128482,-260848456.14742082,-291090493.4630002,-321844495.0138854,-353088884.46463245,-384798265.9291845,-416943070.9350425,-449489187.3252132,-482397571.8363546,-515623848.84504974,-549117898.6691583,-582823439.8599339,-616677611.1313274,-650610559.9477526,-684545046.323365,-718396072.05238,-752070547.348345,-785467008.6479312,-818475403.0175941,-850976956.0189352,-882844140.7932042,-913940766.1669991,-944122200.2725816,-973235742.8488635,-1001121153.1364542,-1027611329.8825231,-1052533123.7988296,-1075708238.6999502,-1096954142.6045735,-1116084860.4677088,-1132911450.764802,-1147241871.838603,-1158879810.936985,-1167621865.0532813,-1173252206.644576,-1175533504.997768,-1174192348.128501,-1168896619.0033598,-1159221035.0198874,-1144594997.89962,-1124223300.2704651,-1096963615.4764698,-1061131928.1669177,-1014181264.5287681,-952144346.3977704,-868607633.285898,-752684304.9104974,-584641530.3288755,-325351091.99830073,112761237.21792638,958322581.5743822,2939441434.6057115,0.0
